mean,RMS,ptp,std,max,min
26.596,26.596,0.123,0.038,26.631,26.508
26.595,26.595,0.123,0.038,26.631,26.508
26.602,26.602,0.123,0.033,26.631,26.508
26.599,26.599,0.123,0.032,26.631,26.508
26.598,26.598,0.123,0.032,26.631,26.508
26.598,26.598,0.123,0.032,26.631,26.508
26.595,26.595,0.11,0.03,26.618,26.508
26.594,26.594,0.11,0.029,26.618,26.508
26.596,26.596,0.112,0.03,26.62,26.508
26.605,26.605,0.027,0.009,26.62,26.593
26.603,26.603,0.042,0.012,26.62,26.578
26.602,26.602,0.042,0.012,26.62,26.578
26.601,26.601,0.042,0.012,26.62,26.578
26.6,26.6,0.042,0.012,26.62,26.578
26.603,26.603,0.054,0.016,26.632,26.578
26.601,26.602,0.054,0.015,26.632,26.578
26.592,26.592,0.124,0.032,26.632,26.508
26.594,26.594,0.124,0.033,26.632,26.508
26.594,26.594,0.124,0.033,26.632,26.508
26.595,26.595,0.124,0.033,26.632,26.508
26.6,26.6,0.124,0.034,26.632,26.508
26.6,26.601,0.124,0.033,26.632,26.508
26.603,26.603,0.124,0.034,26.632,26.508
26.607,26.607,0.124,0.034,26.632,26.508
26.605,26.605,0.121,0.034,26.629,26.508
26.607,26.608,0.121,0.034,26.629,26.508
26.609,26.609,0.105,0.03,26.629,26.524
26.606,26.606,0.101,0.029,26.625,26.524
26.605,26.605,0.101,0.029,26.625,26.524
26.602,26.602,0.101,0.03,26.625,26.524
26.601,26.601,0.101,0.029,26.625,26.524
26.601,26.601,0.101,0.029,26.625,26.524
26.598,26.598,0.101,0.029,26.625,26.524
26.596,26.596,0.101,0.028,26.625,26.524
26.596,26.596,0.101,0.027,26.625,26.524
26.594,26.595,0.092,0.026,26.616,26.524
26.605,26.605,0.049,0.013,26.625,26.576
26.605,26.605,0.049,0.013,26.625,26.576
26.606,26.606,0.049,0.013,26.625,26.576
26.61,26.61,0.038,0.01,26.625,26.587
26.608,26.608,0.038,0.011,26.625,26.587
26.61,26.61,0.038,0.011,26.625,26.587
26.611,26.611,0.032,0.009,26.625,26.593
26.611,26.611,0.032,0.009,26.625,26.593
26.613,26.613,0.041,0.011,26.634,26.593
26.611,26.611,0.041,0.013,26.634,26.593
26.61,26.61,0.041,0.012,26.634,26.593
26.602,26.602,0.109,0.028,26.634,26.525
26.594,26.594,0.109,0.036,26.634,26.525
26.587,26.587,0.109,0.038,26.634,26.525
26.589,26.589,0.109,0.038,26.634,26.525
26.586,26.586,0.109,0.037,26.634,26.525
26.585,26.585,0.109,0.037,26.634,26.525
27.669,27.86,10.926,3.261,37.451,26.525
28.784,29.121,11.263,4.418,37.788,26.525
30.121,30.611,13.436,5.454,39.961,26.525
30.12,30.61,13.436,5.454,39.961,26.525
30.13,30.618,13.434,5.448,39.961,26.527
30.137,30.625,13.415,5.444,39.961,26.546
30.134,30.622,13.441,5.445,39.961,26.52
30.126,30.616,13.441,5.45,39.961,26.52
30.117,30.607,13.464,5.457,39.961,26.497
30.116,30.607,13.464,5.457,39.961,26.497
29.033,29.451,13.464,4.945,39.961,26.497
27.917,28.204,13.464,4.015,39.961,26.497
26.582,26.582,0.132,0.044,26.629,26.497
26.583,26.583,0.132,0.046,26.629,26.497
26.582,26.582,0.132,0.045,26.629,26.497
26.581,26.581,0.132,0.044,26.629,26.497
26.589,26.59,0.132,0.04,26.629,26.497
26.597,26.597,0.132,0.036,26.629,26.497
26.609,26.609,0.04,0.012,26.629,26.589
26.611,26.611,0.04,0.011,26.629,26.589
26.611,26.611,0.04,0.011,26.629,26.589
26.608,26.608,0.036,0.009,26.625,26.589
26.61,26.61,0.036,0.01,26.625,26.589
26.609,26.609,0.036,0.009,26.625,26.589
26.61,26.61,0.036,0.009,26.625,26.589
26.61,26.61,0.036,0.009,26.625,26.589
26.611,26.611,0.036,0.009,26.625,26.589
26.611,26.611,0.036,0.009,26.625,26.589
26.602,26.602,0.104,0.029,26.625,26.521
26.601,26.601,0.104,0.028,26.625,26.521
26.592,26.592,0.104,0.035,26.625,26.521
26.591,26.591,0.104,0.035,26.625,26.521
26.59,26.59,0.1,0.034,26.621,26.521
26.588,26.588,0.1,0.034,26.621,26.521
26.587,26.587,0.1,0.033,26.621,26.521
26.589,26.589,0.1,0.034,26.621,26.521
26.588,26.588,0.092,0.033,26.613,26.521
26.586,26.586,0.092,0.032,26.613,26.521
26.596,26.596,0.096,0.025,26.623,26.527
26.598,26.598,0.096,0.026,26.623,26.527
26.607,26.607,0.034,0.011,26.623,26.589
26.609,26.609,0.03,0.01,26.623,26.593
26.609,26.609,0.03,0.01,26.623,26.593
26.611,26.611,0.034,0.011,26.627,26.593
26.612,26.612,0.034,0.01,26.627,26.593
26.611,26.611,0.034,0.01,26.627,26.593
26.612,26.612,0.034,0.01,26.627,26.593
26.614,26.614,0.029,0.008,26.627,26.598
26.612,26.612,0.029,0.008,26.627,26.598
26.611,26.611,0.029,0.008,26.627,26.598
26.61,26.611,0.029,0.008,26.627,26.598
26.611,26.611,0.029,0.008,26.627,26.598
26.612,26.612,0.029,0.008,26.627,26.598
26.612,26.612,0.034,0.009,26.632,26.598
26.607,26.607,0.082,0.021,26.632,26.55
26.61,26.61,0.082,0.022,26.632,26.55
26.609,26.609,0.082,0.022,26.632,26.55
26.608,26.608,0.082,0.022,26.632,26.55
26.611,26.611,0.082,0.022,26.632,26.55
26.61,26.61,0.082,0.022,26.632,26.55
26.609,26.609,0.082,0.022,26.632,26.55
26.607,26.608,0.082,0.023,26.632,26.55
26.61,26.61,0.092,0.025,26.642,26.55
27.694,27.885,10.921,3.259,37.471,26.55
28.818,29.152,11.193,4.406,37.787,26.594
30.151,30.637,13.368,5.439,39.962,26.594
30.151,30.638,13.368,5.438,39.962,26.594
30.152,30.639,13.368,5.438,39.962,26.594
30.152,30.638,13.368,5.438,39.962,26.594
30.151,30.638,13.368,5.438,39.962,26.594
30.152,30.639,13.368,5.437,39.962,26.594
30.155,30.641,13.355,5.436,39.962,26.607
30.15,30.637,13.37,5.439,39.962,26.592
29.063,29.478,13.37,4.929,39.962,26.592
27.947,28.232,13.37,4.005,39.962,26.592
26.609,26.609,0.039,0.012,26.623,26.584
26.607,26.607,0.039,0.012,26.623,26.584
26.607,26.608,0.039,0.012,26.623,26.584
26.609,26.609,0.051,0.015,26.635,26.584
26.609,26.609,0.051,0.015,26.635,26.584
26.597,26.597,0.146,0.039,26.635,26.489
26.596,26.596,0.146,0.038,26.635,26.489
26.597,26.597,0.146,0.038,26.635,26.489
26.59,26.59,0.146,0.042,26.635,26.489
26.589,26.589,0.146,0.042,26.635,26.489
26.592,26.592,0.146,0.042,26.635,26.489
26.593,26.593,0.146,0.042,26.635,26.489
26.592,26.592,0.146,0.042,26.635,26.489
26.589,26.589,0.126,0.04,26.615,26.489
26.578,26.578,0.126,0.048,26.615,26.489
26.58,26.58,0.122,0.044,26.615,26.493
26.576,26.576,0.122,0.043,26.615,26.493
26.578,26.578,0.134,0.045,26.627,26.493
26.585,26.585,0.134,0.044,26.627,26.493
26.584,26.584,0.134,0.043,26.627,26.493
26.574,26.574,0.134,0.047,26.627,26.493
26.575,26.575,0.134,0.048,26.627,26.493
26.575,26.575,0.134,0.048,26.627,26.493
26.574,26.574,0.134,0.048,26.627,26.493
26.584,26.585,0.119,0.04,26.627,26.508
26.594,26.594,0.119,0.032,26.627,26.508
26.598,26.598,0.119,0.031,26.627,26.508
26.593,26.593,0.111,0.03,26.619,26.508
26.591,26.591,0.111,0.03,26.619,26.508
26.592,26.593,0.111,0.03,26.619,26.508
26.601,26.601,0.038,0.011,26.619,26.581
26.599,26.599,0.032,0.01,26.613,26.581
26.6,26.6,0.035,0.01,26.616,26.581
26.603,26.603,0.041,0.012,26.622,26.581
26.604,26.604,0.041,0.013,26.622,26.581
26.596,26.596,0.102,0.028,26.622,26.52
26.596,26.596,0.102,0.028,26.622,26.52
26.599,26.599,0.102,0.028,26.622,26.52
26.604,26.604,0.118,0.03,26.638,26.52
26.604,26.604,0.118,0.03,26.638,26.52
26.595,26.595,0.129,0.042,26.638,26.509
26.586,26.586,0.134,0.05,26.638,26.504
26.585,26.585,0.134,0.049,26.638,26.504
26.583,26.583,0.134,0.048,26.638,26.504
26.573,26.573,0.134,0.05,26.638,26.504
26.583,26.583,0.134,0.049,26.638,26.504
26.585,26.585,0.134,0.05,26.638,26.504
26.587,26.587,0.134,0.052,26.638,26.504
26.585,26.585,0.128,0.05,26.632,26.504
26.585,26.585,0.128,0.05,26.632,26.504
26.596,26.596,0.128,0.044,26.632,26.504
27.693,27.885,10.963,3.262,37.48,26.517
28.809,29.145,11.254,4.409,37.771,26.517
30.146,30.633,13.446,5.441,39.963,26.517
30.156,30.642,13.35,5.434,39.963,26.613
30.156,30.642,13.35,5.434,39.963,26.613
30.157,30.642,13.35,5.433,39.963,26.613
30.157,30.643,13.35,5.433,39.963,26.613
30.157,30.642,13.356,5.433,39.963,26.607
30.156,30.642,13.356,5.434,39.963,26.607
30.144,30.631,13.467,5.442,39.963,26.496
29.059,29.474,13.467,4.928,39.963,26.496
27.944,28.23,13.467,4.006,39.963,26.496
26.61,26.61,0.142,0.039,26.638,26.496
26.61,26.61,0.142,0.039,26.638,26.496
26.612,26.612,0.144,0.04,26.64,26.496
26.61,26.61,0.144,0.039,26.64,26.496
26.607,26.607,0.144,0.038,26.64,26.496
26.606,26.606,0.144,0.039,26.64,26.496
26.605,26.605,0.144,0.039,26.64,26.496
26.617,26.617,0.045,0.013,26.64,26.595
26.614,26.614,0.045,0.013,26.64,26.595
26.614,26.614,0.045,0.013,26.64,26.595
26.612,26.612,0.045,0.012,26.64,26.595
26.611,26.611,0.045,0.012,26.64,26.595
26.609,26.609,0.025,0.007,26.62,26.595
26.61,26.611,0.029,0.009,26.624,26.595
26.609,26.609,0.029,0.01,26.624,26.595
26.609,26.609,0.029,0.009,26.624,26.595
26.609,26.609,0.031,0.01,26.624,26.593
26.598,26.598,0.118,0.032,26.624,26.506
26.6,26.6,0.118,0.033,26.624,26.506
26.599,26.599,0.118,0.033,26.624,26.506
26.601,26.601,0.12,0.034,26.626,26.506
26.601,26.601,0.12,0.034,26.626,26.506
26.591,26.591,0.12,0.042,26.626,26.506
26.591,26.591,0.12,0.042,26.626,26.506
26.592,26.592,0.12,0.042,26.626,26.506
26.592,26.592,0.12,0.042,26.626,26.506
26.594,26.594,0.12,0.043,26.626,26.506
26.592,26.592,0.139,0.047,26.626,26.487
26.589,26.589,0.139,0.046,26.626,26.487
26.591,26.591,0.141,0.047,26.628,26.487
26.588,26.588,0.141,0.046,26.628,26.487
26.587,26.587,0.141,0.045,26.628,26.487
26.59,26.59,0.141,0.041,26.628,26.487
26.589,26.589,0.141,0.04,26.628,26.487
26.59,26.59,0.141,0.04,26.628,26.487
26.592,26.592,0.141,0.041,26.628,26.487
26.593,26.593,0.141,0.042,26.628,26.487
26.606,26.606,0.084,0.024,26.628,26.544
26.602,26.602,0.084,0.028,26.628,26.544
26.599,26.599,0.082,0.027,26.626,26.544
26.603,26.603,0.088,0.029,26.632,26.544
26.604,26.604,0.088,0.029,26.632,26.544
26.612,26.612,0.079,0.022,26.632,26.553
26.603,26.603,0.116,0.036,26.632,26.516
26.601,26.601,0.116,0.036,26.632,26.516
26.6,26.6,0.116,0.036,26.632,26.516
26.599,26.599,0.116,0.035,26.632,26.516
26.598,26.598,0.116,0.035,26.632,26.516
26.605,26.605,0.116,0.032,26.632,26.516
26.607,26.607,0.116,0.032,26.632,26.516
26.595,26.595,0.121,0.042,26.63,26.509
27.678,27.869,10.942,3.258,37.451,26.509
28.796,29.132,11.296,4.417,37.805,26.509
30.129,30.614,13.345,5.426,39.854,26.509
30.13,30.615,13.345,5.425,39.854,26.509
30.132,30.616,13.345,5.424,39.854,26.509
30.133,30.617,13.345,5.423,39.854,26.509
30.134,30.618,13.345,5.423,39.854,26.509
30.132,30.617,13.345,5.424,39.854,26.509
30.133,30.617,13.345,5.423,39.854,26.509
30.145,30.628,13.246,5.416,39.854,26.608
29.053,29.465,13.321,4.91,39.854,26.533
27.935,28.216,13.321,3.973,39.854,26.533
26.612,26.612,0.097,0.027,26.63,26.533
26.613,26.613,0.097,0.027,26.63,26.533
26.614,26.614,0.1,0.028,26.633,26.533
26.614,26.615,0.1,0.028,26.633,26.533
26.614,26.614,0.1,0.028,26.633,26.533
26.615,26.615,0.1,0.028,26.633,26.533
26.615,26.615,0.1,0.028,26.633,26.533
26.613,26.613,0.1,0.028,26.633,26.533
26.621,26.622,0.027,0.008,26.633,26.606
26.622,26.622,0.027,0.008,26.633,26.606
26.611,26.611,0.109,0.03,26.633,26.524
26.612,26.612,0.109,0.03,26.633,26.524
26.611,26.611,0.107,0.03,26.631,26.524
26.612,26.612,0.113,0.03,26.637,26.524
26.612,26.612,0.113,0.03,26.637,26.524
26.611,26.611,0.113,0.03,26.637,26.524
26.612,26.612,0.113,0.03,26.637,26.524
26.611,26.611,0.113,0.031,26.637,26.524
26.601,26.601,0.113,0.04,26.637,26.524
26.601,26.601,0.113,0.04,26.637,26.524
26.61,26.61,0.112,0.03,26.637,26.525
26.61,26.61,0.112,0.03,26.637,26.525
26.61,26.61,0.112,0.03,26.637,26.525
26.608,26.608,0.104,0.029,26.629,26.525
26.598,26.598,0.114,0.04,26.629,26.515
26.599,26.599,0.114,0.041,26.629,26.515
26.597,26.597,0.114,0.04,26.629,26.515
26.6,26.6,0.114,0.041,26.629,26.515
26.611,26.611,0.126,0.034,26.641,26.515
26.613,26.613,0.126,0.034,26.641,26.515
26.611,26.611,0.126,0.034,26.641,26.515
26.611,26.611,0.126,0.034,26.641,26.515
26.612,26.612,0.126,0.035,26.641,26.515
26.612,26.612,0.126,0.035,26.641,26.515
26.62,26.62,0.051,0.016,26.641,26.59
26.61,26.61,0.115,0.032,26.641,26.526
26.609,26.609,0.115,0.032,26.641,26.526
