mean,RMS,ptp,std,max,min
26.596,26.596,0.123,0.038,26.631,26.508
26.595,26.595,0.123,0.038,26.631,26.508
26.602,26.602,0.123,0.033,26.631,26.508
26.599,26.599,0.123,0.032,26.631,26.508
26.598,26.598,0.123,0.032,26.631,26.508
26.598,26.598,0.123,0.032,26.631,26.508
26.595,26.595,0.11,0.03,26.618,26.508
26.594,26.594,0.11,0.029,26.618,26.508
26.596,26.596,0.112,0.03,26.62,26.508
26.605,26.605,0.027,0.009,26.62,26.593
26.603,26.603,0.042,0.012,26.62,26.578
26.602,26.602,0.042,0.012,26.62,26.578
26.601,26.601,0.042,0.012,26.62,26.578
26.6,26.6,0.042,0.012,26.62,26.578
26.603,26.603,0.054,0.016,26.632,26.578
26.601,26.602,0.054,0.015,26.632,26.578
26.592,26.592,0.124,0.032,26.632,26.508
26.594,26.594,0.124,0.033,26.632,26.508
26.594,26.594,0.124,0.033,26.632,26.508
26.595,26.595,0.124,0.033,26.632,26.508
26.6,26.6,0.124,0.034,26.632,26.508
26.6,26.601,0.124,0.033,26.632,26.508
26.603,26.603,0.124,0.034,26.632,26.508
26.607,26.607,0.124,0.034,26.632,26.508
26.605,26.605,0.121,0.034,26.629,26.508
26.607,26.608,0.121,0.034,26.629,26.508
26.609,26.609,0.105,0.03,26.629,26.524
26.606,26.606,0.101,0.029,26.625,26.524
26.605,26.605,0.101,0.029,26.625,26.524
26.602,26.602,0.101,0.03,26.625,26.524
26.601,26.601,0.101,0.029,26.625,26.524
26.601,26.601,0.101,0.029,26.625,26.524
26.598,26.598,0.101,0.029,26.625,26.524
26.596,26.596,0.101,0.028,26.625,26.524
26.596,26.596,0.101,0.027,26.625,26.524
26.594,26.595,0.092,0.026,26.616,26.524
26.605,26.605,0.049,0.013,26.625,26.576
26.605,26.605,0.049,0.013,26.625,26.576
26.606,26.606,0.049,0.013,26.625,26.576
26.61,26.61,0.038,0.01,26.625,26.587
26.608,26.608,0.038,0.011,26.625,26.587
26.61,26.61,0.038,0.011,26.625,26.587
26.611,26.611,0.032,0.009,26.625,26.593
26.611,26.611,0.032,0.009,26.625,26.593
26.613,26.613,0.041,0.011,26.634,26.593
26.611,26.611,0.041,0.013,26.634,26.593
26.61,26.61,0.041,0.012,26.634,26.593
26.602,26.602,0.109,0.028,26.634,26.525
26.594,26.594,0.109,0.036,26.634,26.525
26.587,26.587,0.109,0.038,26.634,26.525
26.589,26.589,0.109,0.038,26.634,26.525
26.586,26.586,0.109,0.037,26.634,26.525
26.585,26.585,0.109,0.037,26.634,26.525
26.583,26.583,0.109,0.036,26.634,26.525
26.581,26.581,0.089,0.033,26.614,26.525
26.576,26.576,0.089,0.034,26.614,26.525
26.916,26.936,3.489,1.033,30.014,26.525
26.988,27.007,3.487,1.028,30.014,26.527
27.217,27.241,3.468,1.148,30.014,26.546
27.341,27.365,3.466,1.136,30.014,26.548
27.333,27.357,3.481,1.142,30.014,26.533
27.324,27.348,3.517,1.148,30.014,26.497
27.323,27.347,3.517,1.148,30.014,26.497
27.325,27.349,3.517,1.147,30.014,26.497
27.327,27.351,3.517,1.146,30.014,26.497
27.333,27.357,3.517,1.142,30.014,26.497
26.994,27.004,2.321,0.722,28.818,26.497
26.93,26.94,2.321,0.725,28.818,26.497
26.708,26.71,1.293,0.363,27.79,26.497
26.589,26.59,0.132,0.04,26.629,26.497
26.597,26.597,0.132,0.036,26.629,26.497
26.609,26.609,0.04,0.012,26.629,26.589
26.611,26.611,0.04,0.011,26.629,26.589
26.611,26.611,0.04,0.011,26.629,26.589
26.608,26.608,0.036,0.009,26.625,26.589
26.61,26.61,0.036,0.01,26.625,26.589
26.609,26.609,0.036,0.009,26.625,26.589
26.61,26.61,0.036,0.009,26.625,26.589
26.61,26.61,0.036,0.009,26.625,26.589
26.611,26.611,0.036,0.009,26.625,26.589
26.611,26.611,0.036,0.009,26.625,26.589
26.602,26.602,0.104,0.029,26.625,26.521
26.601,26.601,0.104,0.028,26.625,26.521
26.592,26.592,0.104,0.035,26.625,26.521
26.591,26.591,0.104,0.035,26.625,26.521
26.59,26.59,0.1,0.034,26.621,26.521
26.588,26.588,0.1,0.034,26.621,26.521
26.587,26.587,0.1,0.033,26.621,26.521
26.589,26.589,0.1,0.034,26.621,26.521
26.588,26.588,0.092,0.033,26.613,26.521
26.586,26.586,0.092,0.032,26.613,26.521
26.596,26.596,0.096,0.025,26.623,26.527
26.598,26.598,0.096,0.026,26.623,26.527
26.607,26.607,0.034,0.011,26.623,26.589
26.609,26.609,0.03,0.01,26.623,26.593
26.609,26.609,0.03,0.01,26.623,26.593
26.611,26.611,0.034,0.011,26.627,26.593
26.612,26.612,0.034,0.01,26.627,26.593
26.611,26.611,0.034,0.01,26.627,26.593
26.612,26.612,0.034,0.01,26.627,26.593
26.614,26.614,0.029,0.008,26.627,26.598
26.612,26.612,0.029,0.008,26.627,26.598
26.611,26.611,0.029,0.008,26.627,26.598
26.61,26.611,0.029,0.008,26.627,26.598
26.611,26.611,0.029,0.008,26.627,26.598
26.612,26.612,0.029,0.008,26.627,26.598
26.612,26.612,0.034,0.009,26.632,26.598
26.607,26.607,0.082,0.021,26.632,26.55
26.61,26.61,0.082,0.022,26.632,26.55
26.609,26.609,0.082,0.022,26.632,26.55
26.608,26.608,0.082,0.022,26.632,26.55
26.611,26.611,0.082,0.022,26.632,26.55
26.61,26.61,0.082,0.022,26.632,26.55
26.609,26.609,0.082,0.022,26.632,26.55
26.607,26.608,0.082,0.023,26.632,26.55
26.61,26.61,0.092,0.025,26.642,26.55
26.608,26.608,0.092,0.024,26.642,26.55
26.614,26.614,0.048,0.014,26.642,26.594
26.613,26.613,0.048,0.013,26.642,26.594
26.613,26.613,0.048,0.013,26.642,26.594
26.607,26.607,0.1,0.025,26.642,26.542
26.947,26.967,3.483,1.026,30.025,26.542
27.009,27.029,3.483,1.023,30.025,26.542
27.232,27.256,3.483,1.145,30.025,26.542
27.362,27.386,3.483,1.139,30.025,26.542
27.357,27.381,3.483,1.142,30.025,26.542
27.356,27.38,3.483,1.143,30.025,26.542
27.357,27.381,3.483,1.142,30.025,26.542
27.354,27.378,3.483,1.144,30.025,26.542
27.352,27.376,3.483,1.146,30.025,26.542
27.359,27.383,3.441,1.141,30.025,26.584
27.02,27.03,2.248,0.727,28.832,26.584
26.958,26.968,2.248,0.733,28.832,26.584
26.724,26.727,1.402,0.391,27.891,26.489
26.596,26.596,0.146,0.038,26.635,26.489
26.597,26.597,0.146,0.038,26.635,26.489
26.59,26.59,0.146,0.042,26.635,26.489
26.589,26.589,0.146,0.042,26.635,26.489
26.592,26.592,0.146,0.042,26.635,26.489
26.593,26.593,0.146,0.042,26.635,26.489
26.592,26.592,0.146,0.042,26.635,26.489
26.589,26.589,0.126,0.04,26.615,26.489
26.578,26.578,0.126,0.048,26.615,26.489
26.58,26.58,0.122,0.044,26.615,26.493
26.576,26.576,0.122,0.043,26.615,26.493
26.578,26.578,0.134,0.045,26.627,26.493
26.585,26.585,0.134,0.044,26.627,26.493
26.584,26.584,0.134,0.043,26.627,26.493
26.574,26.574,0.134,0.047,26.627,26.493
26.575,26.575,0.134,0.048,26.627,26.493
26.575,26.575,0.134,0.048,26.627,26.493
26.574,26.574,0.134,0.048,26.627,26.493
26.584,26.585,0.119,0.04,26.627,26.508
26.594,26.594,0.119,0.032,26.627,26.508
26.598,26.598,0.119,0.031,26.627,26.508
26.593,26.593,0.111,0.03,26.619,26.508
26.591,26.591,0.111,0.03,26.619,26.508
26.592,26.593,0.111,0.03,26.619,26.508
26.601,26.601,0.038,0.011,26.619,26.581
26.599,26.599,0.032,0.01,26.613,26.581
26.6,26.6,0.035,0.01,26.616,26.581
26.603,26.603,0.041,0.012,26.622,26.581
26.604,26.604,0.041,0.013,26.622,26.581
26.596,26.596,0.102,0.028,26.622,26.52
26.596,26.596,0.102,0.028,26.622,26.52
26.599,26.599,0.102,0.028,26.622,26.52
26.604,26.604,0.118,0.03,26.638,26.52
26.604,26.604,0.118,0.03,26.638,26.52
26.595,26.595,0.129,0.042,26.638,26.509
26.586,26.586,0.134,0.05,26.638,26.504
26.585,26.585,0.134,0.049,26.638,26.504
26.583,26.583,0.134,0.048,26.638,26.504
26.573,26.573,0.134,0.05,26.638,26.504
26.583,26.583,0.134,0.049,26.638,26.504
26.585,26.585,0.134,0.05,26.638,26.504
26.587,26.587,0.134,0.052,26.638,26.504
26.585,26.585,0.128,0.05,26.632,26.504
26.585,26.585,0.128,0.05,26.632,26.504
26.596,26.596,0.128,0.044,26.632,26.504
26.607,26.607,0.115,0.031,26.632,26.517
26.606,26.606,0.115,0.032,26.632,26.517
26.608,26.608,0.115,0.032,26.632,26.517
26.618,26.618,0.041,0.011,26.632,26.591
26.618,26.618,0.041,0.011,26.632,26.591
26.619,26.619,0.043,0.011,26.634,26.591
26.612,26.612,0.065,0.018,26.634,26.569
26.953,26.972,3.445,1.021,30.014,26.569
27.014,27.033,3.445,1.017,30.014,26.569
27.224,27.247,3.445,1.124,30.014,26.569
27.352,27.375,3.445,1.121,30.014,26.569
27.354,27.377,3.445,1.119,30.014,26.569
27.355,27.378,3.445,1.119,30.014,26.569
27.355,27.378,3.445,1.119,30.014,26.569
27.357,27.38,3.445,1.117,30.014,26.569
27.355,27.378,3.445,1.119,30.014,26.569
27.359,27.382,3.403,1.116,30.014,26.611
27.017,27.026,2.119,0.694,28.714,26.595
26.954,26.963,2.119,0.7,28.714,26.595
26.743,26.746,1.304,0.385,27.899,26.595
26.614,26.614,0.045,0.013,26.64,26.595
26.614,26.614,0.045,0.013,26.64,26.595
26.612,26.612,0.045,0.012,26.64,26.595
26.611,26.611,0.045,0.012,26.64,26.595
26.609,26.609,0.025,0.007,26.62,26.595
26.61,26.611,0.029,0.009,26.624,26.595
26.609,26.609,0.029,0.01,26.624,26.595
26.609,26.609,0.029,0.009,26.624,26.595
26.609,26.609,0.031,0.01,26.624,26.593
26.598,26.598,0.118,0.032,26.624,26.506
26.6,26.6,0.118,0.033,26.624,26.506
26.599,26.599,0.118,0.033,26.624,26.506
26.601,26.601,0.12,0.034,26.626,26.506
26.601,26.601,0.12,0.034,26.626,26.506
26.591,26.591,0.12,0.042,26.626,26.506
26.591,26.591,0.12,0.042,26.626,26.506
26.592,26.592,0.12,0.042,26.626,26.506
26.592,26.592,0.12,0.042,26.626,26.506
26.594,26.594,0.12,0.043,26.626,26.506
26.592,26.592,0.139,0.047,26.626,26.487
26.589,26.589,0.139,0.046,26.626,26.487
26.591,26.591,0.141,0.047,26.628,26.487
26.588,26.588,0.141,0.046,26.628,26.487
26.587,26.587,0.141,0.045,26.628,26.487
26.59,26.59,0.141,0.041,26.628,26.487
26.589,26.589,0.141,0.04,26.628,26.487
26.59,26.59,0.141,0.04,26.628,26.487
26.592,26.592,0.141,0.041,26.628,26.487
26.593,26.593,0.141,0.042,26.628,26.487
26.606,26.606,0.084,0.024,26.628,26.544
26.602,26.602,0.084,0.028,26.628,26.544
26.599,26.599,0.082,0.027,26.626,26.544
26.603,26.603,0.088,0.029,26.632,26.544
26.604,26.604,0.088,0.029,26.632,26.544
26.612,26.612,0.079,0.022,26.632,26.553
26.603,26.603,0.116,0.036,26.632,26.516
26.601,26.601,0.116,0.036,26.632,26.516
26.6,26.6,0.116,0.036,26.632,26.516
26.599,26.599,0.116,0.035,26.632,26.516
26.598,26.598,0.116,0.035,26.632,26.516
26.605,26.605,0.116,0.032,26.632,26.516
26.607,26.607,0.116,0.032,26.632,26.516
26.595,26.595,0.121,0.042,26.63,26.509
26.592,26.592,0.121,0.041,26.63,26.509
26.592,26.592,0.116,0.041,26.625,26.509
26.591,26.591,0.116,0.042,26.625,26.509
26.592,26.592,0.116,0.042,26.625,26.509
26.594,26.594,0.118,0.043,26.627,26.509
26.595,26.595,0.118,0.044,26.627,26.509
26.596,26.596,0.118,0.044,26.627,26.509
26.594,26.594,0.118,0.044,26.627,26.509
26.588,26.588,0.118,0.044,26.627,26.509
26.941,26.96,3.523,1.031,30.033,26.51
26.997,27.016,3.523,1.026,30.033,26.51
27.218,27.242,3.523,1.153,30.033,26.51
27.357,27.381,3.477,1.143,30.033,26.556
27.358,27.382,3.477,1.142,30.033,26.556
27.359,27.383,3.477,1.142,30.033,26.556
27.359,27.383,3.477,1.141,30.033,26.556
27.359,27.382,3.477,1.142,30.033,26.556
27.36,27.384,3.477,1.141,30.033,26.556
27.366,27.39,3.422,1.137,30.033,26.611
27.024,27.033,2.231,0.722,28.837,26.606
26.97,26.98,2.231,0.73,28.837,26.606
26.749,26.752,1.294,0.384,27.9,26.606
26.611,26.611,0.109,0.03,26.633,26.524
26.612,26.612,0.109,0.03,26.633,26.524
26.611,26.611,0.107,0.03,26.631,26.524
26.612,26.612,0.113,0.03,26.637,26.524
26.612,26.612,0.113,0.03,26.637,26.524
26.611,26.611,0.113,0.03,26.637,26.524
26.612,26.612,0.113,0.03,26.637,26.524
26.611,26.611,0.113,0.031,26.637,26.524
26.601,26.601,0.113,0.04,26.637,26.524
26.601,26.601,0.113,0.04,26.637,26.524
26.61,26.61,0.112,0.03,26.637,26.525
26.61,26.61,0.112,0.03,26.637,26.525
26.61,26.61,0.112,0.03,26.637,26.525
26.608,26.608,0.104,0.029,26.629,26.525
26.598,26.598,0.114,0.04,26.629,26.515
26.599,26.599,0.114,0.041,26.629,26.515
26.597,26.597,0.114,0.04,26.629,26.515
26.6,26.6,0.114,0.041,26.629,26.515
26.611,26.611,0.126,0.034,26.641,26.515
26.613,26.613,0.126,0.034,26.641,26.515
26.611,26.611,0.126,0.034,26.641,26.515
26.611,26.611,0.126,0.034,26.641,26.515
26.612,26.612,0.126,0.035,26.641,26.515
26.612,26.612,0.126,0.035,26.641,26.515
26.62,26.62,0.051,0.016,26.641,26.59
26.61,26.61,0.115,0.032,26.641,26.526
26.609,26.609,0.115,0.032,26.641,26.526
