mean,RMS,ptp,std,max,min
26.596,26.596,0.123,0.038,26.631,26.508
26.595,26.595,0.123,0.038,26.631,26.508
26.602,26.602,0.123,0.033,26.631,26.508
26.599,26.599,0.123,0.032,26.631,26.508
26.598,26.598,0.123,0.032,26.631,26.508
26.598,26.598,0.123,0.032,26.631,26.508
26.595,26.595,0.11,0.03,26.618,26.508
26.594,26.594,0.11,0.029,26.618,26.508
26.596,26.596,0.112,0.03,26.62,26.508
26.605,26.605,0.027,0.009,26.62,26.593
26.603,26.603,0.042,0.012,26.62,26.578
26.602,26.602,0.042,0.012,26.62,26.578
26.601,26.601,0.042,0.012,26.62,26.578
26.6,26.6,0.042,0.012,26.62,26.578
26.603,26.603,0.054,0.016,26.632,26.578
26.814,26.822,2.154,0.639,28.732,26.578
27.118,27.138,3.059,1.053,29.637,26.578
27.561,27.605,4.457,1.556,31.035,26.578
27.847,27.894,4.457,1.619,31.035,26.578
28.183,28.233,4.457,1.671,31.035,26.578
28.188,28.237,4.446,1.667,31.035,26.589
28.188,28.238,4.446,1.666,31.035,26.589
28.191,28.24,4.446,1.664,31.035,26.589
28.194,28.243,4.434,1.66,31.035,26.601
28.193,28.242,4.434,1.662,31.035,26.601
27.982,28.035,4.434,1.713,31.035,26.601
27.671,27.721,4.511,1.666,31.035,26.524
27.228,27.256,3.427,1.25,29.951,26.524
26.94,26.958,3.427,1.004,29.951,26.524
26.602,26.602,0.101,0.03,26.625,26.524
26.601,26.601,0.101,0.029,26.625,26.524
26.601,26.601,0.101,0.029,26.625,26.524
26.598,26.598,0.101,0.029,26.625,26.524
26.596,26.596,0.101,0.028,26.625,26.524
26.596,26.596,0.101,0.027,26.625,26.524
26.594,26.595,0.092,0.026,26.616,26.524
26.605,26.605,0.049,0.013,26.625,26.576
26.605,26.605,0.049,0.013,26.625,26.576
26.606,26.606,0.049,0.013,26.625,26.576
26.61,26.61,0.038,0.01,26.625,26.587
26.821,26.829,2.136,0.634,28.723,26.587
27.136,27.157,3.163,1.075,29.75,26.587
27.578,27.622,4.4,1.559,31.007,26.607
27.865,27.912,4.4,1.617,31.007,26.607
28.201,28.25,4.4,1.672,31.007,26.607
28.199,28.249,4.414,1.673,31.007,26.593
28.198,28.248,4.414,1.674,31.007,26.593
28.19,28.24,4.482,1.682,31.007,26.525
28.182,28.232,4.482,1.69,31.007,26.525
28.175,28.226,4.482,1.697,31.007,26.525
27.963,28.018,4.482,1.746,31.007,26.525
27.648,27.699,4.482,1.679,31.007,26.525
27.206,27.236,3.453,1.267,29.978,26.525
26.918,26.937,3.453,1.021,29.978,26.525
26.581,26.581,0.089,0.033,26.614,26.525
26.583,26.583,0.092,0.034,26.617,26.525
26.582,26.582,0.092,0.034,26.617,26.525
26.592,26.592,0.091,0.029,26.618,26.527
26.599,26.599,0.072,0.02,26.618,26.546
26.596,26.596,0.098,0.027,26.618,26.52
26.588,26.588,0.098,0.032,26.618,26.52
26.579,26.579,0.121,0.042,26.618,26.497
26.578,26.578,0.121,0.042,26.618,26.497
26.58,26.58,0.121,0.043,26.618,26.497
26.582,26.582,0.132,0.045,26.629,26.497
26.794,26.802,2.241,0.649,28.738,26.497
27.109,27.131,3.257,1.093,29.754,26.497
27.548,27.593,4.511,1.58,31.008,26.497
27.834,27.882,4.511,1.64,31.008,26.497
28.177,28.228,4.511,1.688,31.008,26.497
28.185,28.235,4.511,1.681,31.008,26.497
28.196,28.246,4.418,1.67,31.008,26.59
28.199,28.248,4.399,1.667,31.008,26.609
28.199,28.248,4.399,1.667,31.008,26.609
28.196,28.246,4.405,1.67,31.008,26.603
27.985,28.038,4.405,1.721,31.008,26.603
27.671,27.72,4.405,1.654,31.008,26.603
27.231,27.259,3.35,1.242,29.953,26.603
26.944,26.963,3.364,1.003,29.953,26.589
26.611,26.611,0.036,0.009,26.625,26.589
26.611,26.611,0.036,0.009,26.625,26.589
26.602,26.602,0.104,0.029,26.625,26.521
26.601,26.601,0.104,0.028,26.625,26.521
26.592,26.592,0.104,0.035,26.625,26.521
26.591,26.591,0.104,0.035,26.625,26.521
26.59,26.59,0.1,0.034,26.621,26.521
26.588,26.588,0.1,0.034,26.621,26.521
26.587,26.587,0.1,0.033,26.621,26.521
26.589,26.589,0.1,0.034,26.621,26.521
26.588,26.588,0.092,0.033,26.613,26.521
26.799,26.807,2.202,0.642,28.723,26.521
27.122,27.144,3.225,1.083,29.752,26.527
27.564,27.609,4.496,1.572,31.023,26.527
27.86,27.908,4.434,1.627,31.023,26.589
28.197,28.247,4.43,1.676,31.023,26.593
28.197,28.246,4.43,1.676,31.023,26.593
28.199,28.249,4.43,1.674,31.023,26.593
28.199,28.249,4.425,1.674,31.023,26.598
28.199,28.249,4.425,1.674,31.023,26.598
28.2,28.249,4.425,1.673,31.023,26.598
27.989,28.042,4.425,1.727,31.023,26.598
27.674,27.723,4.425,1.662,31.023,26.598
27.233,27.261,3.355,1.249,29.953,26.598
26.945,26.964,3.355,1.003,29.953,26.598
26.611,26.611,0.029,0.008,26.627,26.598
26.612,26.612,0.029,0.008,26.627,26.598
26.612,26.612,0.034,0.009,26.632,26.598
26.607,26.607,0.082,0.021,26.632,26.55
26.61,26.61,0.082,0.022,26.632,26.55
26.609,26.609,0.082,0.022,26.632,26.55
26.608,26.608,0.082,0.022,26.632,26.55
26.611,26.611,0.082,0.022,26.632,26.55
26.61,26.61,0.082,0.022,26.632,26.55
26.609,26.609,0.082,0.022,26.632,26.55
26.607,26.608,0.082,0.023,26.632,26.55
26.823,26.831,2.222,0.65,28.772,26.55
27.134,27.156,3.193,1.084,29.743,26.55
27.58,27.625,4.419,1.564,31.013,26.594
27.866,27.913,4.419,1.624,31.013,26.594
28.201,28.251,4.419,1.676,31.013,26.594
28.202,28.252,4.419,1.675,31.013,26.594
28.201,28.251,4.419,1.675,31.013,26.594
28.201,28.251,4.419,1.676,31.013,26.594
28.202,28.252,4.419,1.675,31.013,26.594
28.205,28.254,4.406,1.672,31.013,26.607
27.987,28.04,4.421,1.725,31.013,26.592
27.673,27.723,4.421,1.662,31.013,26.592
27.234,27.263,3.371,1.25,29.963,26.592
26.944,26.962,3.379,1.007,29.963,26.584
26.607,26.607,0.039,0.012,26.623,26.584
26.607,26.608,0.039,0.012,26.623,26.584
26.609,26.609,0.051,0.015,26.635,26.584
26.609,26.609,0.051,0.015,26.635,26.584
26.597,26.597,0.146,0.039,26.635,26.489
26.596,26.596,0.146,0.038,26.635,26.489
26.597,26.597,0.146,0.038,26.635,26.489
26.59,26.59,0.146,0.042,26.635,26.489
26.589,26.589,0.146,0.042,26.635,26.489
26.592,26.592,0.146,0.042,26.635,26.489
26.593,26.593,0.146,0.042,26.635,26.489
26.805,26.813,2.249,0.646,28.738,26.489
27.115,27.137,3.245,1.084,29.734,26.489
27.544,27.588,4.41,1.548,30.899,26.489
27.834,27.879,4.362,1.594,30.899,26.537
28.164,28.212,4.362,1.647,30.899,26.537
28.166,28.214,4.362,1.645,30.899,26.537
28.173,28.221,4.293,1.638,30.899,26.606
28.172,28.219,4.298,1.639,30.899,26.601
28.162,28.21,4.391,1.649,30.899,26.508
28.163,28.211,4.391,1.648,30.899,26.508
27.95,28.001,4.391,1.697,30.899,26.508
27.636,27.683,4.391,1.627,30.899,26.508
27.206,27.233,3.402,1.227,29.91,26.508
26.928,26.946,3.402,0.995,29.91,26.508
26.598,26.598,0.119,0.031,26.627,26.508
26.593,26.593,0.111,0.03,26.619,26.508
26.591,26.591,0.111,0.03,26.619,26.508
26.592,26.593,0.111,0.03,26.619,26.508
26.601,26.601,0.038,0.011,26.619,26.581
26.599,26.599,0.032,0.01,26.613,26.581
26.6,26.6,0.035,0.01,26.616,26.581
26.603,26.603,0.041,0.012,26.622,26.581
26.604,26.604,0.041,0.013,26.622,26.581
26.596,26.596,0.102,0.028,26.622,26.52
26.596,26.596,0.102,0.028,26.622,26.52
26.812,26.82,2.22,0.643,28.74,26.52
27.13,27.151,3.247,1.087,29.767,26.52
27.57,27.615,4.499,1.572,31.019,26.52
27.849,27.896,4.499,1.621,31.019,26.52
28.174,28.223,4.499,1.663,31.019,26.52
28.173,28.222,4.499,1.664,31.019,26.52
28.171,28.22,4.499,1.666,31.019,26.52
28.161,28.21,4.502,1.675,31.019,26.517
28.171,28.22,4.502,1.665,31.019,26.517
28.173,28.222,4.502,1.664,31.019,26.517
27.962,28.014,4.502,1.711,31.019,26.517
27.647,27.695,4.502,1.639,31.019,26.517
27.206,27.233,3.331,1.208,29.848,26.517
26.93,26.947,3.331,0.973,29.848,26.517
26.607,26.607,0.115,0.031,26.632,26.517
26.606,26.606,0.115,0.032,26.632,26.517
26.608,26.608,0.115,0.032,26.632,26.517
26.618,26.618,0.041,0.011,26.632,26.591
26.618,26.618,0.041,0.011,26.632,26.591
26.619,26.619,0.043,0.011,26.634,26.591
26.619,26.619,0.047,0.012,26.638,26.591
26.619,26.619,0.047,0.013,26.638,26.591
26.618,26.618,0.047,0.013,26.638,26.591
26.606,26.606,0.142,0.039,26.638,26.496
26.607,26.607,0.142,0.039,26.638,26.496
26.822,26.83,2.252,0.643,28.748,26.496
27.136,27.158,3.26,1.082,29.756,26.496
27.577,27.621,4.533,1.57,31.029,26.496
27.865,27.913,4.533,1.633,31.029,26.496
28.198,28.248,4.533,1.685,31.029,26.496
28.195,28.246,4.533,1.687,31.029,26.496
28.194,28.245,4.533,1.689,31.029,26.496
28.193,28.243,4.533,1.69,31.029,26.496
28.204,28.254,4.434,1.678,31.029,26.595
28.202,28.252,4.434,1.681,31.029,26.595
27.988,28.042,4.434,1.733,31.029,26.595
27.674,27.724,4.434,1.667,31.029,26.595
27.233,27.261,3.36,1.254,29.955,26.595
26.944,26.962,3.36,1.004,29.955,26.595
26.61,26.611,0.029,0.009,26.624,26.595
26.609,26.609,0.029,0.01,26.624,26.595
26.609,26.609,0.029,0.009,26.624,26.595
26.609,26.609,0.031,0.01,26.624,26.593
26.598,26.598,0.118,0.032,26.624,26.506
26.6,26.6,0.118,0.033,26.624,26.506
26.599,26.599,0.118,0.033,26.624,26.506
26.601,26.601,0.12,0.034,26.626,26.506
26.601,26.601,0.12,0.034,26.626,26.506
26.591,26.591,0.12,0.042,26.626,26.506
26.591,26.591,0.12,0.042,26.626,26.506
26.805,26.813,2.233,0.646,28.739,26.506
27.118,27.139,3.223,1.082,29.729,26.506
27.56,27.605,4.513,1.571,31.019,26.506
27.845,27.892,4.506,1.612,31.019,26.513
28.177,28.226,4.506,1.666,31.019,26.513
28.179,28.228,4.506,1.664,31.019,26.513
28.176,28.225,4.506,1.667,31.019,26.513
28.175,28.224,4.506,1.668,31.019,26.513
28.178,28.227,4.475,1.665,31.019,26.544
28.177,28.226,4.475,1.666,31.019,26.544
27.964,28.017,4.475,1.715,31.019,26.544
27.654,27.703,4.475,1.648,31.019,26.544
27.214,27.242,3.391,1.223,29.935,26.544
26.941,26.959,3.391,0.998,29.935,26.544
26.602,26.602,0.084,0.028,26.628,26.544
26.599,26.599,0.082,0.027,26.626,26.544
26.603,26.603,0.088,0.029,26.632,26.544
26.604,26.604,0.088,0.029,26.632,26.544
26.612,26.612,0.079,0.022,26.632,26.553
26.603,26.603,0.116,0.036,26.632,26.516
26.601,26.601,0.116,0.036,26.632,26.516
26.6,26.6,0.116,0.036,26.632,26.516
26.599,26.599,0.116,0.035,26.632,26.516
26.598,26.598,0.116,0.035,26.632,26.516
26.605,26.605,0.116,0.032,26.632,26.516
26.82,26.828,2.231,0.643,28.747,26.516
27.121,27.141,3.122,1.055,29.638,26.516
27.559,27.602,4.484,1.55,31.0,26.516
27.845,27.892,4.484,1.615,31.0,26.516
28.179,28.227,4.4,1.65,31.0,26.6
28.18,28.228,4.393,1.649,31.0,26.607
28.182,28.23,4.391,1.647,31.0,26.609
28.183,28.231,4.391,1.647,31.0,26.609
28.183,28.231,4.391,1.646,31.0,26.609
28.182,28.23,4.392,1.647,31.0,26.608
27.97,28.021,4.392,1.697,31.0,26.608
27.669,27.717,4.392,1.64,31.0,26.608
27.222,27.25,3.321,1.229,29.854,26.533
26.935,26.952,3.321,0.974,29.854,26.533
26.612,26.612,0.097,0.027,26.63,26.533
26.613,26.613,0.097,0.027,26.63,26.533
26.614,26.614,0.1,0.028,26.633,26.533
26.614,26.615,0.1,0.028,26.633,26.533
26.614,26.614,0.1,0.028,26.633,26.533
26.615,26.615,0.1,0.028,26.633,26.533
26.615,26.615,0.1,0.028,26.633,26.533
26.613,26.613,0.1,0.028,26.633,26.533
26.621,26.622,0.027,0.008,26.633,26.606
26.622,26.622,0.027,0.008,26.633,26.606
26.611,26.611,0.109,0.03,26.633,26.524
26.825,26.833,2.235,0.645,28.759,26.524
27.137,27.159,3.229,1.083,29.753,26.524
27.578,27.623,4.519,1.574,31.043,26.524
27.865,27.913,4.519,1.632,31.043,26.524
28.199,28.249,4.519,1.684,31.043,26.524
28.2,28.25,4.519,1.684,31.043,26.524
28.198,28.249,4.519,1.685,31.043,26.524
28.189,28.24,4.519,1.694,31.043,26.524
28.189,28.239,4.519,1.694,31.043,26.524
28.198,28.248,4.518,1.685,31.043,26.525
27.985,28.039,4.518,1.735,31.043,26.525
27.672,27.723,4.518,1.669,31.043,26.525
27.229,27.258,3.437,1.251,29.962,26.525
26.933,26.951,3.447,1.011,29.962,26.515
26.599,26.599,0.114,0.041,26.629,26.515
26.597,26.597,0.114,0.04,26.629,26.515
26.6,26.6,0.114,0.041,26.629,26.515
26.611,26.611,0.126,0.034,26.641,26.515
26.613,26.613,0.126,0.034,26.641,26.515
26.611,26.611,0.126,0.034,26.641,26.515
26.611,26.611,0.126,0.034,26.641,26.515
26.612,26.612,0.126,0.035,26.641,26.515
26.612,26.612,0.126,0.035,26.641,26.515
26.62,26.62,0.051,0.016,26.641,26.59
26.61,26.61,0.115,0.032,26.641,26.526
26.822,26.83,2.203,0.636,28.729,26.526
