mean,RMS,ptp,std,max,min
23.411,23.411,0.026,0.008,23.421,23.395
23.408,23.408,0.039,0.012,23.421,23.382
23.407,23.407,0.038,0.012,23.42,23.382
23.409,23.409,0.05,0.014,23.432,23.382
23.412,23.412,0.055,0.016,23.437,23.382
23.411,23.411,0.055,0.016,23.437,23.382
23.409,23.409,0.055,0.017,23.437,23.382
23.412,23.412,0.055,0.017,23.437,23.382
23.412,23.412,0.055,0.017,23.437,23.382
23.414,23.414,0.055,0.017,23.437,23.382
23.416,23.416,0.055,0.018,23.437,23.382
23.418,23.418,0.042,0.015,23.437,23.395
23.419,23.419,0.042,0.015,23.437,23.395
23.417,23.417,0.042,0.014,23.437,23.395
23.412,23.412,0.047,0.015,23.433,23.386
23.414,23.414,0.047,0.014,23.433,23.386
23.416,23.416,0.047,0.013,23.433,23.386
23.416,23.416,0.047,0.013,23.433,23.386
23.418,23.418,0.059,0.015,23.445,23.386
23.418,23.418,0.059,0.015,23.445,23.386
23.416,23.416,0.059,0.014,23.445,23.386
23.419,23.419,0.059,0.014,23.445,23.386
23.419,23.419,0.059,0.014,23.445,23.386
23.42,23.42,0.059,0.014,23.445,23.386
23.422,23.422,0.043,0.011,23.445,23.402
23.422,23.422,0.043,0.011,23.445,23.402
23.422,23.422,0.043,0.011,23.445,23.402
23.421,23.421,0.043,0.011,23.445,23.402
23.417,23.417,0.027,0.008,23.429,23.402
23.418,23.418,0.027,0.009,23.429,23.402
23.417,23.417,0.027,0.009,23.429,23.402
23.418,23.418,0.029,0.009,23.431,23.402
23.414,23.415,0.039,0.012,23.431,23.392
23.414,23.414,0.039,0.011,23.431,23.392
23.414,23.414,0.039,0.011,23.431,23.392
23.414,23.414,0.039,0.011,23.431,23.392
23.416,23.416,0.039,0.012,23.431,23.392
23.416,23.416,0.039,0.012,23.431,23.392
23.42,23.42,0.055,0.014,23.447,23.392
23.419,23.419,0.055,0.014,23.447,23.392
23.42,23.42,0.055,0.014,23.447,23.392
23.407,23.407,0.145,0.038,23.447,23.302
23.413,23.413,0.148,0.039,23.45,23.302
23.411,23.411,0.148,0.039,23.45,23.302
23.412,23.412,0.148,0.039,23.45,23.302
23.411,23.411,0.148,0.039,23.45,23.302
23.401,23.401,0.148,0.047,23.45,23.302
23.4,23.4,0.148,0.047,23.45,23.302
23.396,23.396,0.148,0.044,23.45,23.302
23.395,23.395,0.148,0.044,23.45,23.302
23.394,23.394,0.148,0.044,23.45,23.302
23.407,23.407,0.129,0.032,23.45,23.321
23.404,23.404,0.11,0.029,23.431,23.321
23.407,23.407,0.11,0.03,23.431,23.321
23.407,23.407,0.11,0.03,23.431,23.321
23.408,23.408,0.11,0.03,23.431,23.321
23.417,23.417,0.026,0.008,23.431,23.405
23.418,23.418,0.026,0.008,23.431,23.405
23.419,23.419,0.02,0.007,23.431,23.411
23.419,23.419,0.02,0.007,23.431,23.411
23.42,23.42,0.017,0.006,23.431,23.414
23.418,23.418,0.021,0.005,23.431,23.41
23.418,23.419,0.021,0.006,23.431,23.41
23.418,23.418,0.014,0.004,23.424,23.41
23.417,23.417,0.014,0.004,23.424,23.41
23.416,23.416,0.015,0.005,23.424,23.409
23.417,23.417,0.015,0.005,23.424,23.409
23.417,23.417,0.015,0.005,23.424,23.409
23.417,23.417,0.015,0.005,23.424,23.409
23.418,23.418,0.015,0.005,23.424,23.409
23.418,23.418,0.015,0.005,23.424,23.409
23.419,23.419,0.015,0.005,23.424,23.409
23.418,23.418,0.016,0.006,23.424,23.408
23.416,23.416,0.016,0.006,23.424,23.408
23.417,23.417,0.016,0.006,23.424,23.408
23.416,23.416,0.021,0.007,23.424,23.403
23.416,23.416,0.024,0.007,23.427,23.403
23.408,23.408,0.088,0.024,23.427,23.339
23.408,23.408,0.088,0.024,23.427,23.339
23.41,23.41,0.096,0.025,23.435,23.339
23.41,23.41,0.096,0.025,23.435,23.339
23.409,23.409,0.096,0.025,23.435,23.339
23.412,23.412,0.098,0.026,23.437,23.339
23.412,23.412,0.098,0.026,23.437,23.339
23.413,23.413,0.098,0.026,23.437,23.339
23.414,23.414,0.098,0.026,23.437,23.339
23.412,23.412,0.098,0.026,23.437,23.339
23.421,23.421,0.029,0.009,23.437,23.408
23.42,23.42,0.029,0.009,23.437,23.408
23.419,23.419,0.029,0.007,23.437,23.408
23.418,23.418,0.032,0.009,23.437,23.405
23.418,23.418,0.032,0.008,23.437,23.405
23.414,23.415,0.021,0.007,23.422,23.401
23.417,23.417,0.03,0.009,23.431,23.401
23.416,23.416,0.03,0.009,23.431,23.401
23.416,23.417,0.03,0.009,23.431,23.401
23.419,23.419,0.03,0.009,23.431,23.401
23.417,23.417,0.03,0.01,23.431,23.401
23.417,23.417,0.03,0.01,23.431,23.401
23.417,23.417,0.03,0.011,23.431,23.401
23.418,23.419,0.03,0.01,23.431,23.401
23.421,23.421,0.046,0.013,23.447,23.401
23.425,23.425,0.046,0.012,23.447,23.401
23.426,23.426,0.046,0.013,23.447,23.401
23.428,23.428,0.046,0.013,23.447,23.401
23.427,23.427,0.046,0.013,23.447,23.401
23.427,23.427,0.046,0.013,23.447,23.401
23.43,23.43,0.031,0.01,23.447,23.416
23.432,23.432,0.031,0.01,23.447,23.416
23.433,23.433,0.031,0.009,23.447,23.416
23.436,23.436,0.031,0.008,23.447,23.416
23.435,23.435,0.029,0.008,23.445,23.416
23.436,23.436,0.03,0.009,23.446,23.416
23.436,23.436,0.03,0.009,23.446,23.416
23.438,23.438,0.037,0.01,23.453,23.416
23.44,23.44,0.024,0.007,23.453,23.429
23.44,23.44,0.021,0.006,23.453,23.432
23.658,23.667,2.179,0.651,25.611,23.432
24.033,24.065,3.76,1.236,27.192,23.432
24.377,24.421,3.758,1.475,27.192,23.434
24.836,24.9,4.602,1.794,28.036,23.434
25.188,25.254,4.602,1.831,28.036,23.434
25.492,25.553,4.602,1.768,28.036,23.434
25.729,25.781,4.602,1.63,28.036,23.434
25.726,25.778,4.616,1.635,28.036,23.42
25.724,25.776,4.619,1.638,28.036,23.417
25.724,25.776,4.619,1.638,28.036,23.417
25.506,25.568,4.619,1.778,28.036,23.417
25.129,25.192,4.619,1.779,28.036,23.417
24.783,24.845,4.628,1.744,28.036,23.408
24.323,24.363,3.557,1.398,26.965,23.408
23.969,23.995,3.076,1.1,26.484,23.408
23.655,23.666,2.477,0.721,25.815,23.338
23.417,23.417,0.104,0.028,23.442,23.338
23.418,23.418,0.104,0.028,23.442,23.338
23.418,23.418,0.104,0.028,23.442,23.338
23.417,23.417,0.104,0.028,23.442,23.338
23.416,23.416,0.104,0.027,23.442,23.338
23.418,23.418,0.107,0.029,23.445,23.338
23.42,23.42,0.107,0.029,23.445,23.338
23.42,23.42,0.107,0.029,23.445,23.338
23.421,23.421,0.107,0.029,23.445,23.338
23.43,23.43,0.027,0.009,23.445,23.418
23.431,23.431,0.032,0.01,23.45,23.418
23.432,23.432,0.032,0.01,23.45,23.418
23.434,23.434,0.032,0.01,23.45,23.418
23.436,23.436,0.028,0.008,23.45,23.422
23.437,23.437,0.022,0.007,23.45,23.428
23.434,23.434,0.036,0.009,23.45,23.414
23.435,23.435,0.036,0.009,23.45,23.414
23.435,23.435,0.036,0.009,23.45,23.414
23.435,23.435,0.036,0.009,23.45,23.414
23.433,23.433,0.037,0.012,23.45,23.413
23.431,23.431,0.03,0.01,23.443,23.413
23.432,23.432,0.033,0.011,23.446,23.413
23.432,23.432,0.033,0.011,23.446,23.413
23.433,23.433,0.033,0.011,23.446,23.413
23.43,23.431,0.033,0.012,23.446,23.413
23.433,23.433,0.033,0.011,23.446,23.413
23.432,23.433,0.033,0.011,23.446,23.413
23.434,23.434,0.033,0.011,23.446,23.413
23.433,23.433,0.033,0.01,23.446,23.413
23.435,23.435,0.029,0.008,23.446,23.417
23.436,23.436,0.029,0.008,23.446,23.417
23.436,23.436,0.029,0.008,23.446,23.417
23.436,23.436,0.029,0.008,23.446,23.417
23.435,23.435,0.029,0.008,23.446,23.417
23.438,23.438,0.015,0.005,23.446,23.431
23.438,23.438,0.015,0.005,23.446,23.431
23.437,23.437,0.018,0.006,23.446,23.428
23.436,23.436,0.018,0.006,23.446,23.428
23.437,23.437,0.018,0.005,23.446,23.428
23.438,23.438,0.019,0.006,23.447,23.428
23.439,23.439,0.019,0.006,23.447,23.428
23.439,23.439,0.02,0.006,23.448,23.428
23.438,23.438,0.02,0.007,23.448,23.428
23.438,23.438,0.02,0.007,23.448,23.428
23.438,23.438,0.02,0.008,23.448,23.428
23.439,23.439,0.02,0.008,23.448,23.428
23.442,23.442,0.027,0.008,23.456,23.429
23.443,23.443,0.027,0.009,23.456,23.429
23.444,23.444,0.027,0.008,23.456,23.429
23.444,23.444,0.027,0.008,23.456,23.429
23.445,23.445,0.027,0.009,23.456,23.429
23.443,23.443,0.028,0.01,23.456,23.428
23.444,23.444,0.028,0.009,23.456,23.428
23.444,23.444,0.028,0.009,23.456,23.428
23.442,23.442,0.028,0.01,23.456,23.428
23.442,23.442,0.028,0.01,23.456,23.428
23.438,23.438,0.034,0.011,23.453,23.419
23.436,23.436,0.034,0.01,23.453,23.419
23.436,23.436,0.034,0.01,23.453,23.419
23.435,23.436,0.034,0.01,23.453,23.419
23.433,23.433,0.032,0.008,23.451,23.419
23.435,23.435,0.032,0.008,23.451,23.419
23.435,23.435,0.032,0.008,23.451,23.419
23.437,23.437,0.032,0.009,23.451,23.419
23.439,23.439,0.034,0.01,23.453,23.419
23.438,23.438,0.034,0.011,23.453,23.419
23.441,23.441,0.023,0.009,23.453,23.43
23.44,23.441,0.026,0.009,23.453,23.427
23.439,23.439,0.026,0.009,23.453,23.427
23.441,23.441,0.026,0.01,23.453,23.427
23.443,23.443,0.028,0.01,23.455,23.427
23.443,23.443,0.028,0.01,23.455,23.427
23.445,23.445,0.028,0.01,23.455,23.427
23.446,23.446,0.033,0.011,23.46,23.427
23.447,23.447,0.033,0.011,23.46,23.427
23.449,23.449,0.033,0.01,23.46,23.427
23.449,23.449,0.033,0.01,23.46,23.427
23.452,23.453,0.023,0.007,23.46,23.437
23.452,23.452,0.03,0.009,23.46,23.43
23.452,23.452,0.03,0.009,23.46,23.43
23.451,23.451,0.03,0.008,23.46,23.43
23.452,23.452,0.03,0.008,23.46,23.43
23.452,23.453,0.03,0.009,23.46,23.43
23.453,23.453,0.031,0.009,23.461,23.43
23.452,23.452,0.031,0.009,23.461,23.43
23.452,23.452,0.033,0.009,23.463,23.43
23.453,23.453,0.033,0.009,23.463,23.43
23.451,23.451,0.033,0.01,23.463,23.43
23.453,23.453,0.023,0.007,23.463,23.44
23.452,23.452,0.023,0.008,23.463,23.44
23.451,23.451,0.023,0.009,23.463,23.44
23.45,23.45,0.023,0.009,23.463,23.44
23.448,23.448,0.023,0.008,23.463,23.44
23.446,23.446,0.023,0.007,23.463,23.44
23.446,23.446,0.023,0.007,23.463,23.44
23.444,23.444,0.016,0.004,23.456,23.44
23.443,23.443,0.006,0.002,23.446,23.44
23.443,23.443,0.007,0.002,23.446,23.439
23.443,23.443,0.007,0.002,23.446,23.439
23.442,23.442,0.007,0.002,23.446,23.439
23.445,23.445,0.025,0.007,23.464,23.439
23.445,23.445,0.025,0.007,23.464,23.439
23.446,23.446,0.025,0.007,23.464,23.439
23.449,23.449,0.042,0.013,23.481,23.439
23.452,23.452,0.042,0.014,23.481,23.439
23.452,23.452,0.042,0.013,23.481,23.439
23.454,23.454,0.042,0.014,23.481,23.439
23.456,23.456,0.042,0.013,23.481,23.439
23.457,23.457,0.042,0.012,23.481,23.439
23.461,23.461,0.036,0.012,23.481,23.445
23.461,23.461,0.036,0.012,23.481,23.445
23.68,23.689,2.193,0.653,25.638,23.445
24.057,24.089,3.774,1.237,27.219,23.445
24.396,24.441,3.774,1.475,27.219,23.445
24.855,24.92,4.615,1.794,28.06,23.445
25.212,25.279,4.608,1.833,28.06,23.452
25.518,25.579,4.608,1.77,28.06,23.452
25.757,25.809,4.601,1.631,28.06,23.459
25.758,25.81,4.595,1.63,28.06,23.465
25.758,25.81,4.595,1.63,28.06,23.465
25.755,25.807,4.621,1.634,28.06,23.439
25.537,25.599,4.621,1.775,28.06,23.439
25.162,25.224,4.621,1.776,28.06,23.439
24.822,24.883,4.621,1.742,28.06,23.439
24.352,24.393,3.654,1.406,27.014,23.36
23.995,24.021,3.163,1.106,26.523,23.36
23.69,23.701,2.489,0.72,25.849,23.36
23.449,23.449,0.115,0.032,23.475,23.36
23.448,23.448,0.115,0.032,23.475,23.36
23.449,23.449,0.121,0.033,23.481,23.36
23.452,23.452,0.121,0.033,23.481,23.36
23.453,23.453,0.121,0.033,23.481,23.36
23.454,23.454,0.121,0.034,23.481,23.36
23.452,23.452,0.121,0.033,23.481,23.36
23.463,23.463,0.04,0.012,23.481,23.441
23.457,23.457,0.096,0.026,23.481,23.385
23.453,23.453,0.096,0.026,23.481,23.385
23.455,23.455,0.096,0.026,23.481,23.385
23.459,23.459,0.107,0.028,23.492,23.385
23.455,23.455,0.107,0.028,23.492,23.385
23.455,23.455,0.107,0.027,23.492,23.385
23.455,23.455,0.107,0.027,23.492,23.385
23.456,23.456,0.107,0.028,23.492,23.385
23.457,23.457,0.107,0.028,23.492,23.385
23.457,23.457,0.107,0.029,23.492,23.385
23.466,23.466,0.057,0.016,23.492,23.435
23.47,23.47,0.045,0.012,23.492,23.447
23.47,23.471,0.045,0.012,23.492,23.447
23.47,23.47,0.04,0.011,23.487,23.447
23.473,23.473,0.026,0.008,23.487,23.461
23.472,23.472,0.032,0.01,23.487,23.455
23.469,23.469,0.052,0.015,23.487,23.435
23.468,23.468,0.052,0.014,23.487,23.435
23.467,23.467,0.052,0.014,23.487,23.435
23.468,23.468,0.052,0.015,23.487,23.435
23.467,23.467,0.052,0.015,23.487,23.435
23.466,23.466,0.052,0.014,23.487,23.435
23.466,23.466,0.052,0.014,23.487,23.435
