mean,RMS,ptp,std,max,min
23.732,23.732,0.026,0.007,23.745,23.719
23.733,23.733,0.026,0.008,23.745,23.719
23.732,23.732,0.025,0.007,23.744,23.719
23.735,23.735,0.02,0.006,23.744,23.724
23.734,23.734,0.02,0.006,23.744,23.724
23.734,23.734,0.02,0.006,23.744,23.724
23.737,23.737,0.03,0.008,23.754,23.724
23.739,23.739,0.03,0.009,23.754,23.724
23.74,23.74,0.03,0.01,23.754,23.724
23.74,23.74,0.032,0.011,23.754,23.722
23.741,23.741,0.032,0.01,23.754,23.722
23.741,23.741,0.032,0.01,23.754,23.722
23.741,23.741,0.032,0.009,23.754,23.722
23.742,23.742,0.032,0.01,23.754,23.722
23.742,23.742,0.032,0.009,23.754,23.722
23.741,23.741,0.032,0.011,23.754,23.722
23.731,23.731,0.104,0.029,23.752,23.648
23.73,23.73,0.104,0.029,23.752,23.648
23.728,23.728,0.099,0.028,23.747,23.648
23.729,23.729,0.099,0.028,23.747,23.648
23.728,23.728,0.099,0.028,23.747,23.648
23.727,23.727,0.099,0.027,23.747,23.648
23.729,23.729,0.104,0.028,23.752,23.648
23.727,23.727,0.104,0.028,23.752,23.648
23.729,23.729,0.104,0.029,23.752,23.648
23.732,23.732,0.107,0.03,23.755,23.648
23.74,23.74,0.032,0.01,23.755,23.723
23.736,23.736,0.056,0.016,23.755,23.699
23.736,23.736,0.056,0.016,23.755,23.699
23.736,23.736,0.056,0.016,23.755,23.699
23.728,23.728,0.107,0.031,23.755,23.648
23.728,23.728,0.107,0.031,23.755,23.648
23.725,23.725,0.107,0.03,23.755,23.648
23.724,23.724,0.107,0.029,23.755,23.648
23.722,23.722,0.107,0.028,23.755,23.648
23.718,23.719,0.089,0.026,23.737,23.648
23.718,23.718,0.089,0.026,23.737,23.648
23.721,23.721,0.089,0.025,23.737,23.648
23.719,23.719,0.089,0.025,23.737,23.648
23.71,23.71,0.092,0.032,23.737,23.645
23.719,23.719,0.095,0.026,23.74,23.645
23.718,23.718,0.095,0.025,23.74,23.645
23.717,23.717,0.095,0.025,23.74,23.645
23.717,23.717,0.095,0.025,23.74,23.645
23.716,23.716,0.095,0.024,23.74,23.645
23.716,23.716,0.095,0.024,23.74,23.645
23.717,23.717,0.095,0.025,23.74,23.645
23.707,23.707,0.107,0.035,23.74,23.633
23.707,23.707,0.107,0.035,23.74,23.633
23.716,23.716,0.107,0.029,23.74,23.633
23.715,23.715,0.106,0.028,23.739,23.633
23.707,23.707,0.106,0.037,23.739,23.633
23.709,23.709,0.113,0.039,23.746,23.633
24.208,24.255,5.075,1.5,28.708,23.633
24.455,24.507,5.075,1.6,28.708,23.633
24.787,24.849,5.075,1.75,28.708,23.633
24.786,24.848,5.075,1.75,28.708,23.633
24.795,24.856,5.072,1.745,28.708,23.636
24.796,24.857,5.072,1.744,28.708,23.636
24.794,24.855,5.072,1.745,28.708,23.636
24.793,24.854,5.072,1.746,28.708,23.636
24.802,24.863,4.99,1.74,28.708,23.718
24.801,24.862,4.99,1.741,28.708,23.718
24.303,24.331,3.319,1.171,27.037,23.718
24.057,24.077,3.319,0.993,27.037,23.718
23.726,23.726,0.018,0.005,23.736,23.718
23.724,23.724,0.024,0.007,23.736,23.712
23.725,23.725,0.024,0.007,23.736,23.712
23.728,23.728,0.042,0.011,23.754,23.712
23.729,23.729,0.042,0.011,23.754,23.712
23.731,23.731,0.042,0.01,23.754,23.712
23.732,23.732,0.042,0.011,23.754,23.712
23.733,23.733,0.042,0.011,23.754,23.712
23.735,23.735,0.042,0.012,23.754,23.712
23.736,23.736,0.042,0.011,23.754,23.712
23.737,23.737,0.042,0.011,23.754,23.712
23.74,23.74,0.026,0.007,23.754,23.728
23.74,23.74,0.026,0.007,23.754,23.728
23.74,23.74,0.021,0.006,23.749,23.728
23.738,23.738,0.035,0.009,23.749,23.714
23.736,23.736,0.035,0.012,23.749,23.714
23.736,23.737,0.035,0.012,23.749,23.714
23.727,23.727,0.101,0.029,23.749,23.648
23.724,23.724,0.101,0.028,23.749,23.648
23.724,23.724,0.101,0.028,23.749,23.648
23.723,23.723,0.101,0.028,23.749,23.648
23.724,23.724,0.101,0.028,23.749,23.648
23.725,23.725,0.101,0.028,23.749,23.648
23.723,23.723,0.101,0.027,23.749,23.648
23.725,23.725,0.101,0.028,23.749,23.648
23.728,23.728,0.101,0.028,23.749,23.648
23.728,23.728,0.099,0.028,23.747,23.648
23.735,23.735,0.029,0.009,23.747,23.718
23.737,23.737,0.025,0.007,23.747,23.722
23.737,23.737,0.025,0.007,23.747,23.722
23.737,23.737,0.025,0.008,23.747,23.722
23.736,23.736,0.025,0.007,23.747,23.722
23.728,23.728,0.089,0.024,23.747,23.658
23.728,23.728,0.089,0.024,23.747,23.658
23.729,23.729,0.093,0.025,23.751,23.658
23.729,23.729,0.093,0.025,23.751,23.658
23.728,23.728,0.093,0.025,23.751,23.658
23.73,23.731,0.093,0.025,23.751,23.658
23.732,23.732,0.094,0.026,23.752,23.658
23.729,23.729,0.094,0.027,23.752,23.658
23.733,23.733,0.109,0.03,23.767,23.658
23.734,23.734,0.109,0.03,23.767,23.658
23.742,23.742,0.063,0.017,23.767,23.704
23.743,23.743,0.063,0.016,23.767,23.704
23.733,23.733,0.119,0.032,23.767,23.648
23.732,23.732,0.119,0.032,23.767,23.648
23.732,23.733,0.119,0.032,23.767,23.648
23.734,23.734,0.119,0.033,23.767,23.648
23.734,23.734,0.119,0.033,23.767,23.648
23.73,23.73,0.119,0.038,23.767,23.648
23.725,23.725,0.108,0.036,23.756,23.648
24.223,24.27,5.085,1.504,28.733,23.648
24.47,24.523,5.085,1.604,28.733,23.648
24.8,24.861,5.085,1.751,28.733,23.648
24.812,24.873,5.07,1.743,28.733,23.663
24.81,24.872,5.07,1.744,28.733,23.663
24.809,24.87,5.07,1.745,28.733,23.663
24.808,24.87,5.07,1.745,28.733,23.663
24.798,24.86,5.082,1.752,28.733,23.651
24.801,24.862,5.082,1.75,28.733,23.651
24.804,24.866,5.082,1.748,28.733,23.651
24.299,24.328,3.379,1.176,27.03,23.651
24.052,24.073,3.379,0.993,27.03,23.651
23.724,23.724,0.119,0.035,23.77,23.651
23.711,23.711,0.111,0.039,23.756,23.645
23.712,23.712,0.111,0.039,23.756,23.645
23.714,23.714,0.111,0.04,23.756,23.645
23.714,23.714,0.111,0.04,23.756,23.645
23.724,23.724,0.111,0.035,23.756,23.645
23.728,23.728,0.111,0.034,23.756,23.645
23.726,23.726,0.105,0.032,23.75,23.645
23.732,23.732,0.105,0.029,23.75,23.645
23.731,23.731,0.105,0.029,23.75,23.645
23.731,23.731,0.105,0.029,23.75,23.645
23.741,23.741,0.02,0.006,23.75,23.73
23.74,23.741,0.02,0.006,23.75,23.73
23.74,23.741,0.02,0.006,23.75,23.73
23.741,23.741,0.02,0.006,23.75,23.73
23.738,23.739,0.018,0.006,23.747,23.729
23.741,23.741,0.037,0.01,23.766,23.729
23.744,23.744,0.037,0.01,23.766,23.729
23.742,23.743,0.037,0.011,23.766,23.729
23.735,23.735,0.101,0.026,23.766,23.665
23.728,23.728,0.101,0.031,23.766,23.665
23.73,23.73,0.101,0.032,23.766,23.665
23.731,23.731,0.101,0.032,23.766,23.665
23.731,23.731,0.101,0.032,23.766,23.665
23.728,23.728,0.101,0.032,23.766,23.665
23.729,23.729,0.101,0.032,23.766,23.665
23.719,23.719,0.097,0.036,23.757,23.66
23.708,23.709,0.104,0.039,23.757,23.653
23.708,23.708,0.104,0.039,23.757,23.653
23.716,23.716,0.104,0.036,23.757,23.653
23.721,23.721,0.104,0.034,23.757,23.653
23.719,23.719,0.092,0.032,23.745,23.653
23.717,23.718,0.092,0.032,23.745,23.653
23.718,23.718,0.095,0.032,23.748,23.653
23.719,23.72,0.095,0.032,23.748,23.653
23.72,23.72,0.097,0.033,23.75,23.653
23.719,23.719,0.101,0.035,23.75,23.649
23.727,23.727,0.101,0.027,23.75,23.649
23.729,23.729,0.103,0.028,23.752,23.649
23.722,23.722,0.103,0.034,23.752,23.649
23.715,23.715,0.103,0.038,23.752,23.649
23.707,23.707,0.103,0.041,23.752,23.649
23.708,23.708,0.103,0.042,23.752,23.649
23.709,23.709,0.108,0.043,23.757,23.649
23.71,23.71,0.108,0.043,23.757,23.649
23.701,23.701,0.108,0.044,23.757,23.649
23.701,23.701,0.104,0.043,23.757,23.653
23.693,23.693,0.108,0.045,23.757,23.649
23.691,23.692,0.108,0.043,23.757,23.649
23.699,23.7,0.108,0.044,23.757,23.649
23.71,23.71,0.12,0.047,23.769,23.649
24.217,24.263,5.074,1.503,28.723,23.649
24.467,24.52,5.074,1.608,28.723,23.649
24.796,24.858,5.074,1.758,28.723,23.649
24.792,24.854,5.074,1.76,28.723,23.649
24.792,24.854,5.074,1.76,28.723,23.649
24.79,24.853,5.082,1.761,28.723,23.641
24.799,24.861,5.082,1.756,28.723,23.641
24.79,24.852,5.082,1.761,28.723,23.641
24.78,24.843,5.082,1.767,28.723,23.641
24.777,24.84,5.082,1.769,28.723,23.641
24.269,24.298,3.405,1.202,27.044,23.639
24.017,24.039,3.405,1.01,27.044,23.639
23.688,23.688,0.115,0.045,23.754,23.639
23.694,23.694,0.116,0.05,23.755,23.639
23.704,23.705,0.116,0.05,23.755,23.639
23.716,23.716,0.116,0.047,23.755,23.639
23.717,23.717,0.116,0.048,23.755,23.639
23.725,23.725,0.116,0.042,23.755,23.639
23.737,23.737,0.125,0.034,23.764,23.639
23.736,23.736,0.125,0.034,23.764,23.639
23.745,23.745,0.039,0.012,23.764,23.725
23.746,23.746,0.039,0.012,23.764,23.725
23.746,23.746,0.039,0.011,23.764,23.725
23.745,23.745,0.039,0.011,23.764,23.725
23.744,23.744,0.039,0.011,23.764,23.725
23.744,23.744,0.039,0.01,23.764,23.725
23.745,23.745,0.039,0.011,23.764,23.725
23.746,23.746,0.039,0.01,23.764,23.725
23.743,23.743,0.031,0.009,23.756,23.725
23.746,23.746,0.022,0.007,23.756,23.734
23.746,23.746,0.022,0.006,23.756,23.734
23.746,23.746,0.022,0.006,23.756,23.734
23.747,23.747,0.026,0.008,23.76,23.734
23.746,23.746,0.026,0.008,23.76,23.734
23.746,23.746,0.026,0.008,23.76,23.734
23.746,23.746,0.026,0.008,23.76,23.734
23.744,23.744,0.026,0.008,23.76,23.734
23.735,23.735,0.101,0.027,23.76,23.659
23.728,23.728,0.101,0.035,23.76,23.659
23.726,23.726,0.101,0.034,23.76,23.659
23.717,23.717,0.113,0.041,23.76,23.647
23.715,23.715,0.113,0.04,23.76,23.647
23.712,23.712,0.099,0.037,23.746,23.647
23.713,23.713,0.099,0.038,23.746,23.647
23.714,23.714,0.108,0.039,23.755,23.647
23.713,23.713,0.108,0.038,23.755,23.647
23.706,23.706,0.108,0.04,23.755,23.647
23.714,23.714,0.108,0.038,23.755,23.647
23.723,23.723,0.108,0.036,23.755,23.647
23.728,23.728,0.132,0.039,23.779,23.647
23.739,23.739,0.117,0.029,23.779,23.662
23.739,23.739,0.117,0.029,23.779,23.662
23.73,23.73,0.137,0.041,23.779,23.642
23.732,23.732,0.137,0.043,23.779,23.642
23.729,23.729,0.137,0.042,23.779,23.642
23.733,23.733,0.137,0.044,23.779,23.642
23.732,23.732,0.137,0.046,23.779,23.642
23.731,23.731,0.137,0.046,23.779,23.642
23.723,23.723,0.137,0.048,23.779,23.642
23.72,23.72,0.131,0.045,23.773,23.642
23.71,23.71,0.131,0.047,23.773,23.642
23.706,23.706,0.131,0.047,23.773,23.642
23.718,23.718,0.122,0.043,23.773,23.651
24.205,24.25,4.984,1.477,28.635,23.651
24.454,24.505,4.984,1.582,28.635,23.651
24.773,24.833,4.984,1.727,28.635,23.651
24.785,24.845,4.977,1.72,28.635,23.658
24.787,24.846,4.977,1.719,28.635,23.658
24.796,24.855,4.977,1.714,28.635,23.658
24.787,24.847,4.978,1.719,28.635,23.657
24.796,24.856,4.978,1.713,28.635,23.657
24.802,24.861,4.978,1.71,28.635,23.657
24.803,24.862,4.978,1.709,28.635,23.657
24.313,24.34,3.306,1.152,26.963,23.657
24.054,24.074,3.325,0.97,26.963,23.638
23.732,23.732,0.131,0.044,23.769,23.638
23.722,23.722,0.131,0.047,23.769,23.638
23.711,23.712,0.131,0.05,23.769,23.638
23.7,23.7,0.131,0.05,23.769,23.638
23.7,23.7,0.131,0.05,23.769,23.638
23.699,23.699,0.131,0.049,23.769,23.638
23.689,23.689,0.131,0.047,23.769,23.638
23.677,23.677,0.103,0.04,23.741,23.638
23.67,23.67,0.103,0.036,23.741,23.638
23.681,23.681,0.105,0.042,23.752,23.647
23.682,23.682,0.105,0.043,23.752,23.647
23.681,23.681,0.105,0.043,23.752,23.647
23.693,23.693,0.127,0.05,23.774,23.647
23.702,23.703,0.124,0.049,23.774,23.65
23.703,23.703,0.124,0.049,23.774,23.65
23.694,23.694,0.124,0.049,23.774,23.65
23.695,23.695,0.122,0.049,23.774,23.652
23.698,23.698,0.121,0.047,23.774,23.653
23.707,23.707,0.121,0.046,23.774,23.653
23.706,23.706,0.121,0.045,23.774,23.653
23.706,23.706,0.121,0.046,23.774,23.653
23.716,23.716,0.121,0.044,23.774,23.653
23.705,23.706,0.102,0.042,23.755,23.653
23.698,23.698,0.102,0.042,23.755,23.653
23.707,23.707,0.102,0.043,23.755,23.653
23.708,23.708,0.097,0.041,23.755,23.658
23.718,23.718,0.093,0.04,23.757,23.664
23.716,23.716,0.093,0.042,23.757,23.664
23.718,23.718,0.095,0.043,23.759,23.664
23.719,23.719,0.095,0.044,23.759,23.664
23.708,23.708,0.113,0.047,23.759,23.646
23.707,23.707,0.113,0.046,23.759,23.646
23.706,23.706,0.113,0.046,23.759,23.646
23.715,23.715,0.113,0.046,23.759,23.646
23.704,23.704,0.114,0.048,23.759,23.645
23.713,23.713,0.114,0.049,23.759,23.645
23.713,23.713,0.114,0.048,23.759,23.645
23.72,23.721,0.114,0.047,23.759,23.645
23.718,23.718,0.111,0.045,23.756,23.645
23.709,23.709,0.111,0.047,23.756,23.645
23.71,23.71,0.111,0.046,23.756,23.645
23.711,23.711,0.111,0.047,23.756,23.645
23.72,23.72,0.111,0.044,23.756,23.645
23.718,23.719,0.111,0.044,23.756,23.645
23.72,23.72,0.102,0.042,23.756,23.654
23.717,23.717,0.1,0.041,23.754,23.654
23.71,23.71,0.093,0.04,23.747,23.654
23.711,23.711,0.093,0.04,23.747,23.654
23.711,23.711,0.093,0.04,23.747,23.654
23.712,23.712,0.093,0.039,23.747,23.654
23.721,23.721,0.096,0.035,23.751,23.655
24.221,24.267,5.084,1.506,28.739,23.655
24.467,24.519,5.084,1.607,28.739,23.655
24.789,24.85,5.084,1.746,28.739,23.655
24.799,24.86,5.071,1.739,28.739,23.668
24.8,24.861,5.071,1.739,28.739,23.668
24.807,24.867,5.071,1.734,28.739,23.668
24.798,24.859,5.081,1.74,28.739,23.658
24.798,24.859,5.081,1.74,28.739,23.658
24.807,24.868,5.081,1.734,28.739,23.658
24.797,24.858,5.094,1.741,28.739,23.645
24.289,24.317,3.318,1.161,26.963,23.645
24.036,24.056,3.318,0.977,26.963,23.645
23.707,23.707,0.118,0.046,23.763,23.645
23.706,23.706,0.114,0.045,23.759,23.645
23.706,23.706,0.114,0.045,23.759,23.645
23.698,23.698,0.114,0.044,23.759,23.645
23.709,23.709,0.123,0.046,23.768,23.645
23.708,23.708,0.123,0.046,23.768,23.645
23.708,23.708,0.123,0.045,23.768,23.645
23.718,23.718,0.107,0.041,23.768,23.661
23.724,23.724,0.101,0.036,23.768,23.667
23.723,23.723,0.102,0.038,23.768,23.666
23.732,23.732,0.102,0.034,23.768,23.666
23.725,23.725,0.102,0.036,23.768,23.666
23.719,23.719,0.102,0.038,23.768,23.666
23.728,23.728,0.102,0.035,23.768,23.666
23.727,23.727,0.094,0.034,23.76,23.666
23.72,23.72,0.097,0.039,23.76,23.663
23.722,23.722,0.112,0.041,23.775,23.663
23.724,23.724,0.112,0.043,23.775,23.663
23.726,23.726,0.112,0.044,23.775,23.663
23.726,23.726,0.117,0.045,23.775,23.658
23.726,23.726,0.117,0.045,23.775,23.658
23.732,23.732,0.117,0.043,23.775,23.658
23.731,23.731,0.117,0.044,23.775,23.658
23.723,23.723,0.117,0.046,23.775,23.658
23.714,23.715,0.117,0.047,23.775,23.658
23.716,23.716,0.117,0.045,23.775,23.658
23.714,23.714,0.111,0.043,23.769,23.658
23.702,23.702,0.103,0.042,23.758,23.655
23.695,23.695,0.103,0.039,23.758,23.655
23.707,23.707,0.123,0.044,23.778,23.655
23.706,23.706,0.123,0.042,23.778,23.655
23.708,23.708,0.123,0.045,23.778,23.655
23.716,23.716,0.123,0.046,23.778,23.655
23.712,23.713,0.141,0.05,23.778,23.637
23.72,23.72,0.141,0.049,23.778,23.637
23.717,23.717,0.141,0.052,23.778,23.637
23.706,23.706,0.141,0.054,23.778,23.637
23.715,23.715,0.141,0.052,23.778,23.637
23.722,23.722,0.141,0.052,23.778,23.637
23.71,23.71,0.135,0.052,23.772,23.637
23.705,23.705,0.135,0.051,23.772,23.637
23.696,23.696,0.12,0.046,23.757,23.637
23.697,23.697,0.13,0.047,23.767,23.637
23.701,23.701,0.119,0.044,23.767,23.648
23.704,23.704,0.123,0.047,23.771,23.648
23.716,23.716,0.129,0.048,23.777,23.648
23.725,23.725,0.122,0.043,23.777,23.655
23.72,23.72,0.122,0.043,23.777,23.655
23.711,23.711,0.122,0.045,23.777,23.655
23.716,23.716,0.111,0.041,23.777,23.666
23.712,23.712,0.121,0.045,23.777,23.656
24.22,24.268,5.108,1.515,28.764,23.656
24.466,24.52,5.108,1.618,28.764,23.656
24.805,24.868,5.108,1.765,28.764,23.656
24.796,24.859,5.108,1.771,28.764,23.656
24.783,24.847,5.111,1.778,28.764,23.653
24.786,24.85,5.111,1.777,28.764,23.653
24.785,24.848,5.111,1.777,28.764,23.653
24.795,24.858,5.111,1.771,28.764,23.653
24.793,24.856,5.111,1.773,28.764,23.653
24.804,24.867,5.111,1.765,28.764,23.653
24.305,24.333,3.413,1.186,27.066,23.653
24.057,24.078,3.413,1.004,27.066,23.653
23.725,23.725,0.121,0.045,23.774,23.653
23.734,23.734,0.121,0.044,23.774,23.653
23.735,23.735,0.106,0.042,23.774,23.668
23.733,23.733,0.106,0.04,23.774,23.668
23.743,23.743,0.106,0.037,23.774,23.668
23.736,23.736,0.106,0.038,23.774,23.668
23.746,23.746,0.106,0.034,23.774,23.668
23.743,23.743,0.104,0.032,23.772,23.668
23.742,23.742,0.104,0.032,23.772,23.668
23.741,23.741,0.104,0.032,23.772,23.668
23.744,23.744,0.104,0.033,23.772,23.668
23.742,23.742,0.104,0.032,23.772,23.668
23.74,23.741,0.119,0.035,23.772,23.653
23.744,23.744,0.132,0.038,23.785,23.653
23.744,23.744,0.132,0.037,23.785,23.653
23.748,23.748,0.132,0.034,23.785,23.653
23.738,23.738,0.132,0.04,23.785,23.653
23.74,23.74,0.132,0.041,23.785,23.653
23.732,23.732,0.132,0.046,23.785,23.653
23.724,23.724,0.132,0.049,23.785,23.653
23.725,23.725,0.132,0.051,23.785,23.653
23.724,23.724,0.132,0.05,23.785,23.653
23.736,23.737,0.118,0.046,23.785,23.667
23.735,23.735,0.116,0.045,23.783,23.667
23.73,23.731,0.116,0.044,23.783,23.667
23.732,23.732,0.116,0.044,23.783,23.667
23.733,23.733,0.116,0.044,23.783,23.667
23.729,23.729,0.116,0.042,23.783,23.667
23.731,23.732,0.114,0.039,23.783,23.669
23.733,23.733,0.108,0.038,23.783,23.675
23.731,23.731,0.1,0.036,23.775,23.675
23.733,23.733,0.1,0.037,23.775,23.675
23.733,23.733,0.097,0.037,23.772,23.675
23.734,23.734,0.101,0.038,23.776,23.675
23.737,23.737,0.101,0.038,23.776,23.675
23.738,23.738,0.101,0.039,23.776,23.675
23.746,23.746,0.096,0.033,23.776,23.68
23.747,23.747,0.096,0.033,23.776,23.68
23.747,23.747,0.096,0.033,23.776,23.68
23.758,23.758,0.099,0.026,23.786,23.687
23.757,23.757,0.099,0.026,23.786,23.687
23.75,23.75,0.099,0.033,23.786,23.687
23.75,23.75,0.099,0.033,23.786,23.687
23.748,23.748,0.099,0.032,23.786,23.687
23.74,23.74,0.115,0.039,23.786,23.671
23.728,23.729,0.123,0.044,23.786,23.663
23.728,23.728,0.123,0.043,23.786,23.663
23.729,23.729,0.123,0.044,23.786,23.663
23.73,23.73,0.123,0.043,23.786,23.663
23.726,23.726,0.105,0.039,23.768,23.663
23.716,23.717,0.105,0.041,23.768,23.663
24.222,24.269,5.079,1.507,28.742,23.663
24.462,24.515,5.079,1.604,28.742,23.663
24.791,24.854,5.079,1.757,28.742,23.663
24.795,24.857,5.079,1.754,28.742,23.663
24.806,24.867,5.076,1.748,28.742,23.666
24.798,24.859,5.076,1.753,28.742,23.666
24.798,24.86,5.076,1.752,28.742,23.666
24.806,24.867,5.076,1.748,28.742,23.666
24.808,24.869,5.076,1.746,28.742,23.666
24.817,24.878,5.076,1.741,28.742,23.666
24.321,24.349,3.386,1.162,27.052,23.666
24.072,24.093,3.386,0.994,27.052,23.666
23.744,23.745,0.119,0.041,23.785,23.666
23.751,23.751,0.119,0.04,23.785,23.666
23.741,23.741,0.119,0.046,23.785,23.666
23.741,23.741,0.12,0.046,23.785,23.665
23.732,23.733,0.12,0.048,23.785,23.665
23.73,23.73,0.12,0.047,23.785,23.665
23.72,23.72,0.125,0.049,23.785,23.66
23.722,23.722,0.125,0.051,23.785,23.66
23.71,23.71,0.117,0.049,23.777,23.66
23.717,23.717,0.117,0.049,23.777,23.66
23.707,23.707,0.117,0.047,23.777,23.66
23.705,23.705,0.117,0.045,23.777,23.66
23.707,23.707,0.117,0.044,23.777,23.66
23.717,23.717,0.117,0.045,23.777,23.66
23.714,23.714,0.124,0.049,23.777,23.653
23.714,23.714,0.124,0.049,23.777,23.653
23.715,23.715,0.124,0.048,23.777,23.653
23.715,23.715,0.12,0.047,23.773,23.653
23.725,23.725,0.12,0.047,23.773,23.653
23.726,23.727,0.12,0.048,23.773,23.653
23.726,23.726,0.12,0.049,23.773,23.653
23.725,23.725,0.12,0.048,23.773,23.653
23.734,23.734,0.12,0.047,23.773,23.653
23.734,23.734,0.12,0.047,23.773,23.653
23.744,23.744,0.105,0.038,23.773,23.668
23.734,23.734,0.118,0.047,23.773,23.655
23.733,23.733,0.118,0.048,23.773,23.655
23.73,23.73,0.116,0.046,23.771,23.655
23.727,23.727,0.114,0.044,23.769,23.655
23.727,23.727,0.114,0.044,23.769,23.655
23.737,23.737,0.118,0.042,23.773,23.655
23.738,23.738,0.118,0.042,23.773,23.655
23.737,23.737,0.118,0.041,23.773,23.655
23.735,23.735,0.118,0.04,23.773,23.655
23.736,23.736,0.118,0.041,23.773,23.655
23.747,23.747,0.114,0.031,23.773,23.659
23.758,23.758,0.035,0.011,23.773,23.738
23.76,23.76,0.03,0.009,23.773,23.743
23.754,23.754,0.088,0.024,23.773,23.685
23.754,23.754,0.088,0.024,23.773,23.685
23.752,23.752,0.087,0.023,23.772,23.685
23.753,23.753,0.087,0.024,23.772,23.685
23.753,23.753,0.087,0.024,23.772,23.685
23.753,23.753,0.087,0.024,23.772,23.685
23.752,23.752,0.087,0.023,23.772,23.685
23.753,23.753,0.092,0.024,23.777,23.685
23.753,23.753,0.092,0.024,23.777,23.685
23.744,23.744,0.108,0.035,23.777,23.669
23.754,23.754,0.113,0.03,23.782,23.669
23.755,23.755,0.113,0.03,23.782,23.669
23.747,23.747,0.113,0.038,23.782,23.669
24.245,24.291,5.082,1.502,28.751,23.669
24.484,24.536,5.082,1.593,28.751,23.669
24.808,24.868,5.082,1.733,28.751,23.669
24.801,24.861,5.082,1.738,28.751,23.669
24.794,24.855,5.082,1.742,28.751,23.669
24.795,24.856,5.082,1.741,28.751,23.669
24.807,24.867,5.074,1.734,28.751,23.677
24.808,24.868,5.074,1.733,28.751,23.677
24.804,24.865,5.074,1.735,28.751,23.677
24.805,24.866,5.068,1.735,28.751,23.683
24.297,24.324,3.322,1.15,26.987,23.665
24.049,24.069,3.322,0.98,26.987,23.665
23.727,23.727,0.127,0.048,23.792,23.665
23.726,23.726,0.127,0.048,23.792,23.665
23.727,23.727,0.127,0.048,23.792,23.665
23.716,23.716,0.127,0.046,23.792,23.665
23.714,23.715,0.127,0.045,23.792,23.665
23.713,23.713,0.112,0.042,23.777,23.665
23.707,23.707,0.112,0.043,23.777,23.665
23.713,23.713,0.112,0.045,23.777,23.665
23.715,23.715,0.108,0.043,23.777,23.669
23.724,23.724,0.108,0.041,23.777,23.669
23.724,23.724,0.108,0.042,23.777,23.669
23.723,23.723,0.115,0.043,23.777,23.662
23.727,23.727,0.115,0.044,23.777,23.662
23.726,23.726,0.115,0.045,23.777,23.662
23.727,23.727,0.121,0.047,23.783,23.662
23.716,23.716,0.121,0.046,23.783,23.662
23.716,23.716,0.121,0.047,23.783,23.662
23.707,23.707,0.123,0.048,23.783,23.66
23.716,23.716,0.123,0.052,23.783,23.66
23.718,23.718,0.123,0.054,23.783,23.66
23.717,23.717,0.123,0.054,23.783,23.66
23.728,23.728,0.123,0.052,23.783,23.66
23.73,23.73,0.123,0.053,23.783,23.66
23.731,23.731,0.123,0.052,23.783,23.66
23.727,23.727,0.121,0.05,23.781,23.66
23.737,23.737,0.121,0.047,23.781,23.66
23.747,23.747,0.121,0.042,23.781,23.66
23.757,23.757,0.108,0.03,23.781,23.673
23.747,23.747,0.106,0.037,23.779,23.673
23.735,23.735,0.111,0.043,23.773,23.662
23.734,23.734,0.111,0.042,23.773,23.662
23.727,23.727,0.111,0.042,23.773,23.662
23.726,23.726,0.111,0.041,23.773,23.662
23.735,23.735,0.111,0.039,23.773,23.662
23.73,23.73,0.111,0.04,23.773,23.662
23.73,23.73,0.111,0.04,23.773,23.662
23.72,23.72,0.106,0.041,23.768,23.662
23.722,23.722,0.12,0.044,23.782,23.662
23.722,23.722,0.12,0.044,23.782,23.662
23.722,23.723,0.116,0.043,23.782,23.666
23.716,23.716,0.116,0.044,23.782,23.666
23.722,23.722,0.116,0.045,23.782,23.666
23.714,23.714,0.116,0.045,23.782,23.666
23.707,23.707,0.116,0.042,23.782,23.666
23.714,23.714,0.116,0.048,23.782,23.666
23.706,23.706,0.116,0.044,23.782,23.666
23.718,23.719,0.121,0.048,23.787,23.666
23.708,23.708,0.121,0.044,23.787,23.666
23.708,23.708,0.121,0.045,23.787,23.666
23.709,23.709,0.113,0.044,23.787,23.674
23.718,23.718,0.113,0.046,23.787,23.674
24.217,24.264,5.071,1.51,28.745,23.674
24.475,24.528,5.071,1.613,28.745,23.674
24.804,24.866,5.071,1.749,28.745,23.674
24.802,24.864,5.071,1.751,28.745,23.674
24.81,24.872,5.071,1.746,28.745,23.674
24.809,24.871,5.071,1.746,28.745,23.674
24.809,24.871,5.071,1.746,28.745,23.674
24.818,24.879,5.069,1.741,28.745,23.676
24.818,24.879,5.069,1.741,28.745,23.676
24.809,24.87,5.07,1.747,28.745,23.675
24.312,24.339,3.307,1.167,26.982,23.675
24.052,24.072,3.313,0.977,26.982,23.669
23.732,23.732,0.11,0.047,23.779,23.669
23.736,23.736,0.129,0.05,23.798,23.669
23.726,23.726,0.129,0.052,23.798,23.669
23.715,23.715,0.134,0.052,23.798,23.664
23.726,23.726,0.134,0.055,23.798,23.664
23.719,23.719,0.134,0.055,23.798,23.664
23.718,23.718,0.134,0.055,23.798,23.664
23.728,23.729,0.134,0.056,23.798,23.664
23.73,23.73,0.134,0.057,23.798,23.664
23.731,23.731,0.134,0.056,23.798,23.664
23.732,23.732,0.134,0.057,23.798,23.664
23.73,23.73,0.128,0.055,23.792,23.664
23.73,23.73,0.128,0.055,23.792,23.664
23.73,23.73,0.129,0.055,23.792,23.663
23.717,23.717,0.125,0.054,23.788,23.663
23.715,23.715,0.126,0.056,23.788,23.662
23.723,23.723,0.126,0.055,23.788,23.662
23.713,23.713,0.126,0.053,23.788,23.662
23.702,23.702,0.123,0.048,23.785,23.662
23.711,23.711,0.123,0.052,23.785,23.662
23.709,23.709,0.117,0.049,23.779,23.662
23.699,23.699,0.111,0.044,23.773,23.662
