mean,RMS,ptp,std,max,min
-0.04,0.589,5.011,0.588,2.463,-2.548
-0.044,0.583,5.011,0.581,2.463,-2.548
-0.043,0.588,5.011,0.586,2.463,-2.548
-0.039,0.589,5.011,0.587,2.463,-2.548
-0.04,0.588,5.011,0.587,2.463,-2.548
-0.038,0.594,5.011,0.592,2.463,-2.548
-0.037,0.593,5.011,0.592,2.463,-2.548
-0.043,0.597,5.011,0.595,2.463,-2.548
-0.044,0.597,5.011,0.596,2.463,-2.548
-0.041,0.597,5.011,0.596,2.463,-2.548
-0.044,0.6,5.011,0.599,2.463,-2.548
-0.042,0.601,5.011,0.599,2.463,-2.548
-0.042,0.605,5.011,0.604,2.463,-2.548
-0.036,0.608,5.011,0.607,2.463,-2.548
-0.036,0.608,5.011,0.607,2.463,-2.548
-0.038,0.612,5.011,0.611,2.463,-2.548
-0.034,0.613,5.011,0.612,2.463,-2.548
-0.039,0.618,5.011,0.617,2.463,-2.548
-0.039,0.627,5.011,0.626,2.463,-2.548
-0.041,0.63,5.011,0.629,2.463,-2.548
-0.039,0.632,5.011,0.631,2.463,-2.548
-0.039,0.635,5.011,0.633,2.463,-2.548
-0.037,0.637,5.011,0.636,2.463,-2.548
-0.038,0.637,5.011,0.636,2.463,-2.548
-0.03,0.629,4.745,0.628,2.463,-2.282
-0.031,0.633,4.745,0.632,2.463,-2.282
-0.035,0.64,4.745,0.639,2.463,-2.282
-0.036,0.644,4.745,0.643,2.463,-2.282
-0.035,0.649,4.745,0.648,2.463,-2.282
-0.03,0.651,4.745,0.65,2.463,-2.282
-0.034,0.651,4.745,0.65,2.463,-2.282
-0.032,0.652,4.745,0.651,2.463,-2.282
-0.033,0.654,4.745,0.653,2.463,-2.282
-0.035,0.655,4.745,0.654,2.463,-2.282
-0.035,0.655,4.745,0.654,2.463,-2.282
-0.034,0.658,4.745,0.657,2.463,-2.282
-0.035,0.66,4.745,0.659,2.463,-2.282
-0.035,0.665,4.745,0.664,2.463,-2.282
-0.036,0.668,4.745,0.667,2.463,-2.282
-0.037,0.667,4.745,0.666,2.463,-2.282
-0.031,0.668,4.745,0.667,2.463,-2.282
-0.035,0.678,4.945,0.677,2.463,-2.482
-0.038,0.679,4.945,0.678,2.463,-2.482
-0.039,0.678,4.945,0.677,2.463,-2.482
-0.042,0.68,4.945,0.679,2.463,-2.482
-0.043,0.682,4.945,0.68,2.463,-2.482
-0.048,0.688,4.945,0.686,2.463,-2.482
-0.045,0.69,4.945,0.688,2.463,-2.482
-0.049,0.694,4.945,0.693,2.463,-2.482
-0.054,0.703,4.945,0.701,2.463,-2.482
-0.059,0.697,4.945,0.694,2.463,-2.482
-0.063,0.7,4.945,0.697,2.463,-2.482
-0.067,0.701,4.945,0.698,2.463,-2.482
-0.072,0.702,4.945,0.698,2.463,-2.482
-0.069,0.703,4.945,0.7,2.463,-2.482
-0.067,0.704,4.945,0.701,2.463,-2.482
-0.07,0.705,4.945,0.702,2.463,-2.482
-0.066,0.705,4.945,0.702,2.463,-2.482
-0.064,0.707,4.945,0.704,2.463,-2.482
-0.061,0.708,4.945,0.705,2.463,-2.482
-0.062,0.705,4.945,0.703,2.463,-2.482
-0.065,0.707,4.945,0.704,2.463,-2.482
-0.068,0.706,4.945,0.703,2.463,-2.482
-0.07,0.714,4.945,0.711,2.463,-2.482
-0.068,0.714,4.945,0.71,2.463,-2.482
-0.077,0.715,4.945,0.711,2.463,-2.482
-0.076,0.714,4.945,0.71,2.463,-2.482
-0.076,0.716,4.945,0.712,2.463,-2.482
-0.078,0.719,4.945,0.715,2.463,-2.482
-0.081,0.722,4.945,0.717,2.463,-2.482
-0.08,0.721,4.945,0.717,2.463,-2.482
-0.083,0.719,4.945,0.714,2.463,-2.482
-0.084,0.721,4.945,0.716,2.463,-2.482
-0.078,0.727,4.989,0.723,2.508,-2.482
-0.077,0.725,4.989,0.721,2.508,-2.482
-0.079,0.727,4.989,0.723,2.508,-2.482
-0.08,0.729,4.989,0.724,2.508,-2.482
-0.083,0.732,4.989,0.727,2.508,-2.482
-0.082,0.733,4.989,0.728,2.508,-2.482
-0.079,0.734,4.989,0.73,2.508,-2.482
-0.075,0.736,4.989,0.732,2.508,-2.482
-0.076,0.74,4.989,0.736,2.508,-2.482
-0.077,0.746,4.989,0.742,2.508,-2.482
-0.079,0.75,4.989,0.746,2.508,-2.482
-0.083,0.755,4.989,0.75,2.508,-2.482
-0.083,0.759,4.989,0.754,2.508,-2.482
-0.084,0.765,4.989,0.761,2.508,-2.482
-0.084,0.768,4.989,0.763,2.508,-2.482
-0.08,0.77,4.989,0.766,2.508,-2.482
-0.076,0.773,4.989,0.769,2.508,-2.482
-0.074,0.783,4.989,0.78,2.508,-2.482
-0.072,0.786,4.989,0.783,2.508,-2.482
-0.074,0.793,4.989,0.789,2.508,-2.482
-0.07,0.797,4.989,0.793,2.508,-2.482
-0.072,0.801,4.989,0.798,2.508,-2.482
-0.07,0.804,4.989,0.801,2.508,-2.482
-0.071,0.809,4.989,0.806,2.508,-2.482
-0.076,0.816,4.989,0.812,2.508,-2.482
-0.078,0.82,4.989,0.816,2.508,-2.482
-0.078,0.823,4.989,0.819,2.508,-2.482
-0.084,0.827,4.989,0.822,2.508,-2.482
-0.087,0.831,4.989,0.827,2.508,-2.482
-0.084,0.834,4.989,0.829,2.508,-2.482
-0.085,0.835,4.989,0.831,2.508,-2.482
-0.083,0.84,4.989,0.836,2.508,-2.482
-0.077,0.845,4.989,0.841,2.508,-2.482
-0.075,0.848,4.989,0.845,2.508,-2.482
-0.07,0.849,4.989,0.846,2.508,-2.482
-0.071,0.851,4.989,0.848,2.508,-2.482
-0.073,0.852,4.989,0.849,2.508,-2.482
-0.075,0.852,4.989,0.849,2.508,-2.482
-0.073,0.852,4.989,0.849,2.508,-2.482
-0.07,0.854,4.989,0.852,2.508,-2.482
-0.069,0.858,4.989,0.855,2.508,-2.482
-0.067,0.856,4.989,0.854,2.508,-2.482
-0.059,0.856,4.989,0.854,2.508,-2.482
-0.055,0.856,4.989,0.855,2.508,-2.482
-0.053,0.857,4.989,0.855,2.508,-2.482
-0.051,0.857,4.989,0.856,2.508,-2.482
-0.052,0.856,4.989,0.854,2.508,-2.482
-0.051,0.853,4.989,0.851,2.508,-2.482
-0.051,0.851,4.989,0.85,2.508,-2.482
-0.052,0.849,4.989,0.848,2.508,-2.482
-0.05,0.85,4.989,0.849,2.508,-2.482
-0.047,0.848,4.989,0.847,2.508,-2.482
-0.048,0.848,4.989,0.846,2.508,-2.482
-0.048,0.848,4.989,0.846,2.508,-2.482
-0.044,0.846,4.989,0.845,2.508,-2.482
-0.043,0.847,4.989,0.846,2.508,-2.482
-0.046,0.847,4.989,0.846,2.508,-2.482
-0.044,0.846,4.989,0.845,2.508,-2.482
-0.045,0.845,4.989,0.844,2.508,-2.482
-0.045,0.843,4.989,0.842,2.508,-2.482
-0.048,0.84,4.989,0.838,2.508,-2.482
-0.046,0.842,4.989,0.84,2.508,-2.482
-0.042,0.839,4.989,0.838,2.508,-2.482
-0.043,0.84,4.989,0.839,2.508,-2.482
-0.037,0.837,4.989,0.836,2.508,-2.482
-0.038,0.836,4.989,0.836,2.508,-2.482
-0.036,0.837,4.989,0.837,2.508,-2.482
-0.035,0.834,4.989,0.834,2.508,-2.482
-0.035,0.835,4.989,0.835,2.508,-2.482
-0.035,0.834,4.989,0.833,2.508,-2.482
-0.039,0.836,4.989,0.835,2.508,-2.482
-0.036,0.833,4.989,0.832,2.508,-2.482
-0.04,0.833,4.989,0.832,2.508,-2.482
-0.037,0.829,4.989,0.828,2.508,-2.482
-0.034,0.826,4.989,0.825,2.508,-2.482
-0.039,0.827,4.989,0.826,2.508,-2.482
-0.042,0.827,4.989,0.826,2.508,-2.482
-0.043,0.83,4.989,0.829,2.508,-2.482
-0.04,0.831,4.989,0.83,2.508,-2.482
-0.038,0.831,4.989,0.83,2.508,-2.482
-0.033,0.828,4.989,0.827,2.508,-2.482
-0.034,0.828,4.989,0.828,2.508,-2.482
-0.038,0.827,4.989,0.827,2.508,-2.482
-0.038,0.831,4.989,0.83,2.508,-2.482
-0.036,0.827,4.989,0.827,2.508,-2.482
-0.035,0.826,4.989,0.825,2.508,-2.482
-0.032,0.828,4.989,0.827,2.508,-2.482
-0.035,0.829,4.989,0.828,2.508,-2.482
-0.032,0.823,4.834,0.822,2.508,-2.326
-0.027,0.822,4.834,0.822,2.508,-2.326
-0.026,0.823,4.834,0.823,2.508,-2.326
-0.023,0.821,4.834,0.821,2.508,-2.326
-0.02,0.821,4.834,0.821,2.508,-2.326
-0.021,0.82,4.834,0.82,2.508,-2.326
-0.019,0.822,4.834,0.822,2.508,-2.326
-0.015,0.818,4.834,0.818,2.508,-2.326
-0.01,0.811,4.834,0.811,2.508,-2.326
-0.012,0.814,4.834,0.814,2.508,-2.326
-0.01,0.814,4.834,0.814,2.508,-2.326
-0.014,0.819,4.834,0.818,2.508,-2.326
-0.01,0.817,4.834,0.817,2.508,-2.326
-0.018,0.819,4.834,0.819,2.508,-2.326
-0.022,0.822,4.834,0.822,2.508,-2.326
-0.021,0.819,4.834,0.819,2.508,-2.326
-0.022,0.822,4.834,0.821,2.508,-2.326
-0.022,0.822,4.834,0.822,2.508,-2.326
-0.028,0.824,4.834,0.824,2.508,-2.326
-0.034,0.828,4.834,0.827,2.508,-2.326
-0.032,0.828,4.834,0.827,2.508,-2.326
-0.031,0.826,4.834,0.825,2.508,-2.326
-0.034,0.822,4.612,0.821,2.508,-2.105
-0.035,0.825,4.612,0.824,2.508,-2.105
-0.033,0.822,4.612,0.822,2.508,-2.105
-0.034,0.824,4.612,0.823,2.508,-2.105
-0.031,0.826,4.612,0.825,2.508,-2.105
-0.028,0.825,4.612,0.825,2.508,-2.105
-0.024,0.824,4.612,0.824,2.508,-2.105
-0.023,0.823,4.612,0.822,2.508,-2.105
-0.023,0.823,4.612,0.823,2.508,-2.105
-0.022,0.827,4.612,0.827,2.508,-2.105
-0.027,0.823,4.191,0.823,2.086,-2.105
-0.028,0.826,4.191,0.826,2.086,-2.105
-0.026,0.827,4.191,0.827,2.086,-2.105
-0.024,0.828,4.191,0.828,2.086,-2.105
-0.027,0.831,4.191,0.831,2.086,-2.105
-0.031,0.839,4.191,0.839,2.086,-2.105
-0.026,0.846,4.191,0.846,2.086,-2.105
-0.028,0.847,4.191,0.846,2.086,-2.105
-0.02,0.849,4.191,0.848,2.086,-2.105
-0.024,0.849,4.191,0.849,2.086,-2.105
-0.022,0.847,4.191,0.847,2.086,-2.105
-0.022,0.846,4.191,0.845,2.086,-2.105
-0.022,0.847,4.191,0.846,2.086,-2.105
-0.016,0.845,4.191,0.845,2.086,-2.105
-0.016,0.846,4.191,0.845,2.086,-2.105
-0.014,0.844,4.191,0.844,2.086,-2.105
-0.019,0.847,4.191,0.847,2.086,-2.105
-0.028,0.843,4.058,0.842,1.953,-2.105
-0.028,0.843,4.058,0.842,1.953,-2.105
-0.034,0.843,4.058,0.842,1.953,-2.105
-0.044,0.848,4.058,0.846,1.953,-2.105
-0.046,0.849,4.058,0.848,1.953,-2.105
-0.048,0.848,4.058,0.846,1.953,-2.105
-0.047,0.847,4.058,0.846,1.953,-2.105
-0.043,0.843,4.058,0.842,1.953,-2.105
-0.036,0.843,4.058,0.842,1.953,-2.105
-0.036,0.843,4.058,0.842,1.953,-2.105
-0.033,0.843,4.058,0.842,1.953,-2.105
-0.028,0.842,4.058,0.842,1.953,-2.105
-0.03,0.843,4.058,0.842,1.953,-2.105
-0.032,0.845,4.058,0.844,1.953,-2.105
-0.033,0.846,4.058,0.845,1.953,-2.105
-0.04,0.844,4.058,0.843,1.953,-2.105
-0.041,0.842,4.058,0.841,1.953,-2.105
-0.044,0.845,4.058,0.844,1.953,-2.105
-0.044,0.843,4.058,0.842,1.953,-2.105
-0.044,0.844,4.058,0.843,1.953,-2.105
-0.041,0.844,4.058,0.843,1.953,-2.105
-0.046,0.849,4.058,0.848,1.953,-2.105
-0.05,0.852,4.058,0.85,1.953,-2.105
-0.051,0.85,4.058,0.848,1.953,-2.105
-0.049,0.85,4.058,0.849,1.953,-2.105
-0.052,0.85,4.058,0.848,1.953,-2.105
-0.057,0.85,4.058,0.848,1.953,-2.105
-0.057,0.848,4.058,0.846,1.953,-2.105
-0.058,0.846,4.036,0.844,1.953,-2.082
-0.055,0.848,4.036,0.846,1.953,-2.082
-0.054,0.848,4.036,0.847,1.953,-2.082
-0.051,0.847,4.036,0.846,1.953,-2.082
-0.048,0.846,4.036,0.844,1.953,-2.082
-0.051,0.846,4.036,0.845,1.953,-2.082
-0.049,0.846,4.036,0.845,1.953,-2.082
-0.047,0.845,4.036,0.844,1.953,-2.082
-0.044,0.846,4.036,0.845,1.953,-2.082
-0.045,0.847,4.036,0.846,1.953,-2.082
-0.045,0.847,4.036,0.846,1.953,-2.082
-0.047,0.848,4.036,0.847,1.953,-2.082
-0.046,0.847,4.036,0.846,1.953,-2.082
-0.045,0.848,4.036,0.846,1.953,-2.082
-0.044,0.847,4.036,0.845,1.953,-2.082
-0.038,0.847,4.036,0.846,1.953,-2.082
-0.036,0.844,4.036,0.844,1.953,-2.082
-0.038,0.845,4.036,0.844,1.953,-2.082
-0.041,0.843,4.036,0.842,1.953,-2.082
-0.041,0.843,4.036,0.842,1.953,-2.082
-0.039,0.838,4.036,0.837,1.953,-2.082
-0.042,0.839,4.213,0.838,1.953,-2.26
-0.044,0.842,4.213,0.841,1.953,-2.26
-0.042,0.838,4.213,0.837,1.953,-2.26
-0.04,0.837,4.213,0.836,1.953,-2.26
-0.034,0.834,4.213,0.833,1.953,-2.26
-0.033,0.834,4.213,0.833,1.953,-2.26
-0.029,0.832,4.213,0.831,1.953,-2.26
-0.025,0.832,4.213,0.832,1.953,-2.26
-0.025,0.831,4.213,0.831,1.953,-2.26
-0.02,0.828,4.213,0.828,1.953,-2.26
-0.02,0.827,4.213,0.826,1.953,-2.26
-0.018,0.823,4.213,0.823,1.953,-2.26
-0.02,0.822,4.213,0.822,1.953,-2.26
-0.017,0.819,4.213,0.819,1.953,-2.26
-0.015,0.819,4.213,0.819,1.953,-2.26
-0.013,0.817,4.213,0.817,1.953,-2.26
-0.011,0.817,4.213,0.817,1.953,-2.26
-0.01,0.812,4.213,0.812,1.953,-2.26
-0.011,0.812,4.213,0.811,1.953,-2.26
-0.011,0.811,4.213,0.811,1.953,-2.26
-0.013,0.809,4.213,0.808,1.953,-2.26
-0.013,0.806,4.213,0.806,1.953,-2.26
-0.01,0.807,4.568,0.806,2.308,-2.26
-0.009,0.806,4.568,0.806,2.308,-2.26
-0.007,0.809,4.79,0.809,2.53,-2.26
-0.008,0.816,5.41,0.816,3.151,-2.26
-0.011,0.822,5.41,0.822,3.151,-2.26
-0.003,0.819,5.41,0.819,3.151,-2.26
-0.012,0.824,5.41,0.824,3.151,-2.26
-0.008,0.833,5.41,0.833,3.151,-2.26
-0.006,0.834,5.41,0.834,3.151,-2.26
-0.004,0.836,5.41,0.836,3.151,-2.26
0.002,0.835,5.41,0.835,3.151,-2.26
0.012,0.836,5.41,0.836,3.151,-2.26
0.018,0.846,5.41,0.846,3.151,-2.26
0.024,0.849,5.41,0.848,3.151,-2.26
0.032,0.854,5.41,0.853,3.151,-2.26
0.031,0.856,5.41,0.855,3.151,-2.26
0.036,0.857,5.41,0.857,3.151,-2.26
0.031,0.859,5.41,0.858,3.151,-2.26
0.038,0.858,5.41,0.857,3.151,-2.26
0.044,0.856,5.41,0.855,3.151,-2.26
0.041,0.86,5.41,0.859,3.151,-2.26
0.048,0.862,5.41,0.86,3.151,-2.26
0.05,0.863,5.41,0.861,3.151,-2.26
0.057,0.864,5.41,0.862,3.151,-2.26
0.061,0.863,5.41,0.861,3.151,-2.26
0.06,0.865,5.41,0.863,3.151,-2.26
0.058,0.865,5.41,0.863,3.151,-2.26
0.059,0.866,5.41,0.864,3.151,-2.26
0.065,0.868,5.41,0.865,3.151,-2.26
0.064,0.872,5.41,0.87,3.151,-2.26
0.064,0.876,5.41,0.873,3.151,-2.26
0.064,0.873,5.41,0.871,3.151,-2.26
0.061,0.876,5.41,0.874,3.151,-2.26
0.06,0.872,5.41,0.87,3.151,-2.26
0.057,0.872,5.41,0.87,3.151,-2.26
0.059,0.873,5.41,0.871,3.151,-2.26
0.067,0.87,5.41,0.867,3.151,-2.26
0.075,0.863,5.41,0.86,3.151,-2.26
0.073,0.856,5.41,0.852,3.151,-2.26
0.076,0.855,5.41,0.852,3.151,-2.26
0.068,0.854,5.41,0.851,3.151,-2.26
0.078,0.85,5.41,0.846,3.151,-2.26
0.085,0.849,5.41,0.845,3.151,-2.26
0.092,0.85,5.41,0.845,3.151,-2.26
0.096,0.847,5.41,0.841,3.151,-2.26
0.093,0.846,5.41,0.841,3.151,-2.26
0.096,0.846,5.41,0.841,3.151,-2.26
0.095,0.846,5.41,0.841,3.151,-2.26
0.096,0.845,5.41,0.84,3.151,-2.26
0.102,0.843,5.41,0.837,3.151,-2.26
0.104,0.843,5.41,0.837,3.151,-2.26
0.112,0.841,5.41,0.833,3.151,-2.26
0.124,0.834,5.41,0.825,3.151,-2.26
0.129,0.832,5.433,0.822,3.151,-2.282
0.129,0.835,5.433,0.825,3.151,-2.282
0.129,0.831,5.433,0.821,3.151,-2.282
0.134,0.828,5.433,0.817,3.151,-2.282
0.138,0.828,5.433,0.816,3.151,-2.282
0.141,0.827,5.433,0.815,3.151,-2.282
0.143,0.828,5.433,0.815,3.151,-2.282
0.143,0.827,5.433,0.814,3.151,-2.282
0.146,0.825,5.433,0.813,3.151,-2.282
0.15,0.823,5.433,0.809,3.151,-2.282
0.147,0.822,5.433,0.809,3.151,-2.282
0.153,0.821,5.433,0.806,3.151,-2.282
0.151,0.821,5.433,0.807,3.151,-2.282
0.155,0.821,5.433,0.806,3.151,-2.282
0.152,0.824,5.433,0.81,3.151,-2.282
0.157,0.827,5.433,0.812,3.151,-2.282
0.154,0.829,5.433,0.814,3.151,-2.282
0.159,0.827,5.433,0.812,3.151,-2.282
0.159,0.827,5.433,0.811,3.151,-2.282
0.166,0.83,5.433,0.813,3.151,-2.282
0.169,0.831,5.433,0.813,3.151,-2.282
0.166,0.834,5.433,0.817,3.151,-2.282
0.171,0.836,5.433,0.818,3.151,-2.282
0.174,0.838,5.433,0.82,3.151,-2.282
0.175,0.839,5.433,0.821,3.151,-2.282
0.17,0.843,5.433,0.826,3.151,-2.282
0.171,0.847,5.433,0.83,3.151,-2.282
0.172,0.851,5.433,0.833,3.151,-2.282
0.171,0.854,5.433,0.837,3.151,-2.282
0.165,0.858,5.433,0.842,3.151,-2.282
0.163,0.862,5.433,0.847,3.151,-2.282
0.166,0.867,5.433,0.851,3.151,-2.282
0.166,0.866,5.433,0.85,3.151,-2.282
0.169,0.867,5.433,0.85,3.151,-2.282
0.17,0.869,5.433,0.852,3.151,-2.282
0.17,0.872,5.433,0.856,3.151,-2.282
0.172,0.875,5.433,0.858,3.151,-2.282
0.167,0.88,5.433,0.864,3.151,-2.282
0.159,0.886,5.433,0.872,3.151,-2.282
0.153,0.889,5.433,0.876,3.151,-2.282
0.148,0.894,5.433,0.882,3.151,-2.282
0.146,0.899,5.433,0.887,3.151,-2.282
0.149,0.901,5.433,0.889,3.151,-2.282
0.149,0.903,5.433,0.89,3.151,-2.282
0.15,0.905,5.433,0.892,3.151,-2.282
0.143,0.911,5.455,0.899,3.151,-2.304
0.148,0.914,5.455,0.902,3.151,-2.304
0.147,0.919,5.455,0.907,3.151,-2.304
0.145,0.923,5.455,0.912,3.151,-2.304
0.146,0.924,5.455,0.912,3.151,-2.304
0.145,0.926,5.455,0.915,3.151,-2.304
0.142,0.93,5.455,0.92,3.151,-2.304
0.137,0.932,5.455,0.922,3.151,-2.304
0.135,0.935,5.455,0.925,3.151,-2.304
0.135,0.936,5.455,0.926,3.151,-2.304
0.133,0.942,5.477,0.933,3.151,-2.326
0.132,0.947,5.477,0.938,3.151,-2.326
0.131,0.95,5.477,0.941,3.151,-2.326
0.127,0.955,5.477,0.946,3.151,-2.326
0.124,0.96,5.477,0.952,3.151,-2.326
0.121,0.966,5.477,0.958,3.151,-2.326
0.116,0.97,5.477,0.963,3.151,-2.326
0.122,0.976,5.477,0.968,3.151,-2.326
0.116,0.98,5.477,0.973,3.151,-2.326
0.11,0.986,5.477,0.98,3.151,-2.326
0.097,0.996,5.477,0.991,3.151,-2.326
0.095,1.004,5.477,1.0,3.151,-2.326
0.093,1.007,5.477,1.002,3.151,-2.326
0.088,1.013,5.699,1.009,3.151,-2.548
0.086,1.013,5.699,1.009,3.151,-2.548
0.076,1.015,5.3,1.013,2.752,-2.548
0.074,1.015,5.3,1.012,2.752,-2.548
0.064,1.017,5.3,1.015,2.752,-2.548
0.072,1.014,5.3,1.012,2.752,-2.548
0.066,1.013,5.144,1.011,2.596,-2.548
0.062,1.012,5.144,1.011,2.596,-2.548
0.056,1.015,5.987,1.014,2.596,-3.391
0.048,1.015,5.987,1.014,2.596,-3.391
0.041,1.012,5.987,1.011,2.596,-3.391
0.026,1.008,5.987,1.008,2.596,-3.391
0.022,1.007,5.987,1.007,2.596,-3.391
0.013,1.004,5.987,1.003,2.596,-3.391
0.014,1.004,5.987,1.004,2.596,-3.391
0.004,1.006,5.987,1.006,2.596,-3.391
0.006,1.004,5.987,1.004,2.596,-3.391
0.001,1.003,5.987,1.003,2.596,-3.391
-0.003,1.005,5.987,1.005,2.596,-3.391
-0.005,1.003,5.987,1.003,2.596,-3.391
-0.016,1.005,5.987,1.005,2.596,-3.391
-0.017,1.005,5.987,1.005,2.596,-3.391
-0.025,1.002,5.987,1.001,2.596,-3.391
-0.034,1.004,5.987,1.004,2.596,-3.391
-0.035,1.004,5.987,1.003,2.596,-3.391
-0.038,1.003,5.987,1.003,2.596,-3.391
-0.038,1.003,5.987,1.002,2.596,-3.391
-0.053,1.007,5.987,1.005,2.596,-3.391
-0.059,1.007,5.987,1.006,2.596,-3.391
-0.058,1.003,5.987,1.002,2.596,-3.391
-0.061,1.005,5.987,1.003,2.596,-3.391
-0.06,1.005,5.987,1.004,2.596,-3.391
-0.063,1.008,5.987,1.006,2.596,-3.391
-0.067,1.009,5.987,1.007,2.596,-3.391
-0.074,1.01,5.987,1.007,2.596,-3.391
-0.078,1.01,5.987,1.007,2.596,-3.391
-0.09,1.012,5.987,1.008,2.596,-3.391
-0.096,1.015,5.987,1.01,2.596,-3.391
-0.104,1.017,5.987,1.012,2.596,-3.391
-0.107,1.019,5.987,1.014,2.596,-3.391
-0.118,1.022,5.987,1.015,2.596,-3.391
-0.124,1.022,5.987,1.015,2.596,-3.391
-0.128,1.022,5.987,1.014,2.596,-3.391
-0.134,1.023,5.987,1.014,2.596,-3.391
-0.143,1.025,5.987,1.015,2.596,-3.391
-0.146,1.025,5.987,1.014,2.596,-3.391
-0.151,1.028,5.987,1.016,2.596,-3.391
-0.15,1.027,5.987,1.016,2.596,-3.391
-0.152,1.027,5.987,1.016,2.596,-3.391
-0.154,1.027,5.987,1.015,2.596,-3.391
-0.159,1.026,5.987,1.014,2.596,-3.391
-0.168,1.029,5.987,1.015,2.596,-3.391
-0.168,1.029,5.987,1.015,2.596,-3.391
-0.167,1.028,5.987,1.014,2.596,-3.391
-0.178,1.032,5.987,1.016,2.596,-3.391
-0.183,1.038,5.987,1.021,2.596,-3.391
-0.194,1.037,5.987,1.018,2.596,-3.391
-0.198,1.039,5.987,1.02,2.596,-3.391
-0.201,1.04,5.987,1.02,2.596,-3.391
-0.198,1.043,5.987,1.024,2.596,-3.391
-0.203,1.044,5.987,1.024,2.596,-3.391
-0.213,1.047,5.987,1.025,2.596,-3.391
-0.213,1.048,5.987,1.026,2.596,-3.391
-0.22,1.05,5.987,1.027,2.596,-3.391
-0.221,1.052,5.987,1.029,2.596,-3.391
-0.228,1.05,5.987,1.025,2.596,-3.391
-0.225,1.05,5.987,1.026,2.596,-3.391
-0.229,1.05,5.987,1.024,2.596,-3.391
-0.232,1.05,5.987,1.024,2.596,-3.391
-0.24,1.052,5.987,1.024,2.596,-3.391
-0.242,1.051,5.987,1.023,2.596,-3.391
-0.251,1.052,5.987,1.021,2.596,-3.391
-0.255,1.053,5.987,1.022,2.596,-3.391
-0.256,1.056,5.987,1.024,2.596,-3.391
-0.259,1.058,5.987,1.026,2.596,-3.391
-0.261,1.061,5.987,1.028,2.596,-3.391
-0.263,1.062,5.987,1.029,2.596,-3.391
-0.263,1.062,5.987,1.029,2.596,-3.391
-0.271,1.063,5.987,1.028,2.596,-3.391
-0.277,1.066,5.987,1.029,2.596,-3.391
-0.277,1.067,5.987,1.03,2.596,-3.391
-0.272,1.066,5.987,1.031,2.596,-3.391
-0.274,1.068,5.987,1.032,2.596,-3.391
-0.285,1.069,5.987,1.03,2.596,-3.391
-0.296,1.074,5.987,1.032,2.596,-3.391
-0.302,1.074,5.987,1.031,2.596,-3.391
-0.303,1.075,5.987,1.031,2.596,-3.391
-0.301,1.074,5.987,1.031,2.596,-3.391
-0.306,1.079,5.987,1.034,2.596,-3.391
-0.311,1.079,5.987,1.033,2.596,-3.391
-0.303,1.078,5.987,1.034,2.596,-3.391
-0.312,1.083,5.987,1.037,2.596,-3.391
-0.312,1.085,5.987,1.039,2.596,-3.391
-0.315,1.086,5.987,1.039,2.596,-3.391
-0.316,1.087,5.987,1.04,2.596,-3.391
-0.317,1.089,5.987,1.042,2.596,-3.391
-0.321,1.092,5.987,1.044,2.596,-3.391
-0.319,1.09,5.987,1.043,2.596,-3.391
-0.326,1.091,5.987,1.041,2.596,-3.391
-0.332,1.091,5.987,1.04,2.596,-3.391
-0.332,1.091,5.987,1.039,2.596,-3.391
-0.344,1.097,5.987,1.042,2.596,-3.391
-0.351,1.102,5.987,1.044,2.596,-3.391
-0.353,1.104,5.987,1.046,2.596,-3.391
-0.356,1.105,5.987,1.047,2.596,-3.391
-0.359,1.109,5.987,1.049,2.596,-3.391
-0.367,1.113,5.987,1.05,2.596,-3.391
-0.372,1.112,5.987,1.048,2.596,-3.391
-0.373,1.114,5.987,1.049,2.596,-3.391
-0.372,1.114,5.987,1.05,2.596,-3.391
-0.374,1.117,5.987,1.053,2.596,-3.391
-0.38,1.118,5.987,1.051,2.596,-3.391
-0.383,1.117,5.987,1.05,2.596,-3.391
-0.379,1.119,5.987,1.053,2.596,-3.391
-0.391,1.119,5.987,1.049,2.596,-3.391
-0.387,1.118,5.987,1.049,2.596,-3.391
-0.381,1.119,5.987,1.053,2.596,-3.391
-0.372,1.117,5.987,1.053,2.596,-3.391
-0.373,1.116,5.987,1.052,2.596,-3.391
-0.38,1.119,5.987,1.052,2.596,-3.391
-0.379,1.117,5.987,1.05,2.596,-3.391
-0.376,1.119,5.987,1.054,2.596,-3.391
-0.368,1.116,5.987,1.054,2.596,-3.391
-0.366,1.116,5.987,1.054,2.596,-3.391
-0.358,1.116,5.987,1.057,2.596,-3.391
-0.36,1.116,5.987,1.057,2.596,-3.391
-0.361,1.116,5.566,1.056,2.175,-3.391
-0.356,1.119,5.566,1.061,2.175,-3.391
-0.351,1.119,4.745,1.062,2.175,-2.57
-0.347,1.121,4.745,1.066,2.175,-2.57
-0.345,1.122,4.745,1.068,2.175,-2.57
-0.333,1.12,4.745,1.069,2.175,-2.57
-0.326,1.121,4.745,1.073,2.175,-2.57
-0.318,1.122,4.745,1.076,2.175,-2.57
-0.32,1.123,4.745,1.077,2.175,-2.57
-0.309,1.124,4.745,1.08,2.175,-2.57
-0.298,1.128,4.745,1.087,2.175,-2.57
-0.297,1.129,4.745,1.089,2.175,-2.57
-0.289,1.129,4.745,1.092,2.175,-2.57
-0.282,1.127,4.745,1.091,2.175,-2.57
-0.273,1.125,4.745,1.092,2.175,-2.57
-0.271,1.127,4.745,1.094,2.175,-2.57
-0.267,1.129,4.745,1.097,2.175,-2.57
-0.258,1.126,4.745,1.097,2.175,-2.57
-0.254,1.128,4.745,1.099,2.175,-2.57
-0.245,1.125,4.745,1.098,2.175,-2.57
-0.243,1.125,4.745,1.099,2.175,-2.57
-0.234,1.118,4.745,1.093,2.175,-2.57
-0.227,1.114,4.745,1.091,2.175,-2.57
-0.221,1.116,5.366,1.094,2.796,-2.57
-0.211,1.117,5.366,1.097,2.796,-2.57
-0.206,1.113,5.366,1.094,2.796,-2.57
-0.194,1.118,5.366,1.101,2.796,-2.57
-0.179,1.12,5.455,1.106,2.885,-2.57
-0.173,1.117,5.455,1.104,2.885,-2.57
-0.168,1.116,5.455,1.104,2.885,-2.57
-0.156,1.117,5.898,1.106,3.328,-2.57
-0.147,1.118,5.898,1.108,3.328,-2.57
-0.141,1.118,5.898,1.109,3.328,-2.57
-0.133,1.116,5.898,1.108,3.328,-2.57
-0.122,1.114,5.898,1.108,3.328,-2.57
-0.116,1.115,5.898,1.109,3.328,-2.57
-0.11,1.115,5.898,1.11,3.328,-2.57
-0.103,1.114,5.898,1.109,3.328,-2.57
-0.093,1.11,5.898,1.106,3.328,-2.57
-0.089,1.11,5.898,1.106,3.328,-2.57
-0.076,1.115,5.898,1.113,3.328,-2.57
-0.074,1.115,5.898,1.113,3.328,-2.57
-0.066,1.117,5.92,1.115,3.35,-2.57
-0.063,1.119,5.92,1.117,3.35,-2.57
-0.05,1.127,5.92,1.126,3.35,-2.57
-0.041,1.13,5.92,1.129,3.35,-2.57
-0.039,1.131,5.92,1.13,3.35,-2.57
-0.04,1.129,5.92,1.128,3.35,-2.57
-0.026,1.13,5.92,1.13,3.35,-2.57
-0.02,1.125,5.92,1.125,3.35,-2.57
-0.013,1.125,5.92,1.125,3.35,-2.57
-0.009,1.124,5.92,1.124,3.35,-2.57
-0.002,1.123,5.92,1.123,3.35,-2.57
0.001,1.122,5.92,1.122,3.35,-2.57
0.009,1.121,5.92,1.121,3.35,-2.57
0.024,1.12,5.92,1.12,3.35,-2.57
0.037,1.12,5.92,1.12,3.35,-2.57
0.051,1.12,5.92,1.119,3.35,-2.57
0.059,1.119,5.92,1.117,3.35,-2.57
0.07,1.121,5.92,1.119,3.35,-2.57
0.071,1.121,5.92,1.119,3.35,-2.57
0.078,1.119,5.92,1.116,3.35,-2.57
0.088,1.118,5.92,1.114,3.35,-2.57
0.1,1.116,5.92,1.112,3.35,-2.57
0.106,1.116,5.92,1.111,3.35,-2.57
0.116,1.114,5.92,1.108,3.35,-2.57
0.122,1.112,5.92,1.106,3.35,-2.57
0.127,1.111,5.92,1.103,3.35,-2.57
0.129,1.109,5.92,1.102,3.35,-2.57
0.134,1.108,5.92,1.1,3.35,-2.57
0.141,1.106,5.92,1.097,3.35,-2.57
0.152,1.105,5.92,1.094,3.35,-2.57
0.165,1.103,5.92,1.09,3.35,-2.57
0.175,1.101,5.92,1.087,3.35,-2.57
0.186,1.101,5.92,1.085,3.35,-2.57
0.194,1.101,5.92,1.084,3.35,-2.57
0.205,1.101,5.92,1.081,3.35,-2.57
0.217,1.097,5.92,1.075,3.35,-2.57
0.228,1.097,5.92,1.073,3.35,-2.57
0.237,1.095,5.92,1.069,3.35,-2.57
0.243,1.094,5.92,1.067,3.35,-2.57
0.251,1.093,5.92,1.064,3.35,-2.57
0.26,1.09,5.92,1.058,3.35,-2.57
0.273,1.089,5.92,1.054,3.35,-2.57
0.277,1.089,5.92,1.053,3.35,-2.57
0.294,1.084,5.92,1.043,3.35,-2.57
0.301,1.081,5.92,1.038,3.35,-2.57
0.314,1.08,5.92,1.034,3.35,-2.57
0.318,1.081,5.92,1.034,3.35,-2.57
0.323,1.08,5.92,1.03,3.35,-2.57
0.334,1.079,5.92,1.026,3.35,-2.57
0.352,1.077,5.92,1.018,3.35,-2.57
0.362,1.077,5.92,1.014,3.35,-2.57
0.372,1.077,5.92,1.011,3.35,-2.57
0.38,1.078,5.92,1.008,3.35,-2.57
0.386,1.074,5.92,1.002,3.35,-2.57
0.404,1.074,5.92,0.995,3.35,-2.57
0.416,1.072,5.92,0.988,3.35,-2.57
0.427,1.071,5.92,0.982,3.35,-2.57
0.439,1.068,5.92,0.974,3.35,-2.57
0.451,1.066,5.92,0.966,3.35,-2.57
0.469,1.067,5.92,0.958,3.35,-2.57
0.473,1.063,5.92,0.952,3.35,-2.57
0.479,1.064,5.92,0.95,3.35,-2.57
0.494,1.062,5.92,0.941,3.35,-2.57
0.509,1.065,5.92,0.935,3.35,-2.57
0.523,1.064,5.92,0.927,3.35,-2.57
0.528,1.062,5.92,0.922,3.35,-2.57
0.543,1.065,5.92,0.916,3.35,-2.57
0.552,1.067,5.92,0.912,3.35,-2.57
0.558,1.064,5.92,0.906,3.35,-2.57
0.57,1.065,5.92,0.899,3.35,-2.57
0.582,1.065,5.92,0.892,3.35,-2.57
0.598,1.065,5.92,0.881,3.35,-2.57
0.61,1.067,5.92,0.876,3.35,-2.57
0.616,1.07,5.92,0.875,3.35,-2.57
0.625,1.07,5.588,0.869,3.35,-2.238
0.633,1.072,5.588,0.865,3.35,-2.238
0.637,1.072,5.588,0.863,3.35,-2.238
0.647,1.075,5.588,0.858,3.35,-2.238
0.652,1.072,5.588,0.852,3.35,-2.238
0.66,1.075,5.588,0.849,3.35,-2.238
0.669,1.075,5.588,0.842,3.35,-2.238
0.672,1.076,5.588,0.84,3.35,-2.238
0.671,1.076,5.588,0.841,3.35,-2.238
0.676,1.079,5.588,0.841,3.35,-2.238
0.681,1.081,5.588,0.839,3.35,-2.238
0.685,1.081,5.588,0.836,3.35,-2.238
0.691,1.082,5.588,0.833,3.35,-2.238
0.696,1.084,5.588,0.83,3.35,-2.238
0.692,1.084,5.588,0.835,3.35,-2.238
0.697,1.086,5.588,0.832,3.35,-2.238
0.696,1.087,5.588,0.834,3.35,-2.238
0.708,1.095,5.588,0.835,3.35,-2.238
0.709,1.096,5.588,0.836,3.35,-2.238
0.718,1.1,5.588,0.833,3.35,-2.238
0.718,1.102,5.588,0.836,3.35,-2.238
0.723,1.105,5.588,0.837,3.35,-2.238
0.727,1.106,5.566,0.833,3.35,-2.215
0.732,1.112,5.566,0.838,3.35,-2.215
0.737,1.117,5.566,0.84,3.35,-2.215
0.741,1.121,5.566,0.842,3.35,-2.215
0.747,1.129,5.566,0.846,3.35,-2.215
0.752,1.133,5.566,0.847,3.35,-2.215
0.755,1.134,5.566,0.846,3.35,-2.215
0.762,1.139,5.566,0.847,3.35,-2.215
0.762,1.138,5.566,0.845,3.35,-2.215
0.765,1.137,5.566,0.841,3.35,-2.215
0.772,1.142,5.566,0.842,3.35,-2.215
0.776,1.147,5.566,0.844,3.35,-2.215
0.78,1.146,5.566,0.841,3.35,-2.215
0.783,1.148,5.566,0.839,3.35,-2.215
0.793,1.151,5.566,0.835,3.35,-2.215
0.801,1.156,5.566,0.834,3.35,-2.215
0.804,1.158,5.566,0.834,3.35,-2.215
0.809,1.16,5.566,0.832,3.35,-2.215
0.812,1.163,5.566,0.833,3.35,-2.215
0.817,1.167,5.566,0.833,3.35,-2.215
0.821,1.169,5.566,0.832,3.35,-2.215
0.827,1.172,5.566,0.83,3.35,-2.215
0.824,1.166,5.566,0.824,3.35,-2.215
0.832,1.168,5.566,0.82,3.35,-2.215
0.833,1.166,4.856,0.816,2.641,-2.215
0.836,1.164,4.856,0.811,2.641,-2.215
0.836,1.158,4.79,0.801,2.574,-2.215
0.839,1.152,4.745,0.79,2.53,-2.215
0.847,1.155,4.745,0.785,2.53,-2.215
0.856,1.16,5.255,0.783,3.04,-2.215
0.862,1.164,5.455,0.782,3.239,-2.215
0.87,1.169,5.455,0.781,3.239,-2.215
0.878,1.176,5.455,0.782,3.239,-2.215
0.885,1.179,5.455,0.778,3.239,-2.215
0.891,1.182,5.455,0.776,3.239,-2.215
0.892,1.182,5.455,0.776,3.239,-2.215
0.899,1.188,5.455,0.776,3.239,-2.215
0.898,1.187,5.455,0.776,3.239,-2.215
0.9,1.191,5.455,0.78,3.239,-2.215
0.901,1.193,5.455,0.782,3.239,-2.215
0.903,1.197,5.455,0.785,3.239,-2.215
0.904,1.197,5.455,0.785,3.239,-2.215
0.91,1.199,5.455,0.781,3.239,-2.215
0.917,1.204,5.455,0.78,3.239,-2.215
0.919,1.205,5.455,0.78,3.239,-2.215
0.922,1.207,5.455,0.778,3.239,-2.215
0.928,1.21,5.455,0.776,3.239,-2.215
0.931,1.213,5.455,0.777,3.239,-2.215
0.934,1.214,5.455,0.775,3.239,-2.215
0.938,1.213,5.1,0.768,3.239,-1.861
0.946,1.215,4.945,0.763,3.239,-1.705
0.944,1.217,4.945,0.769,3.239,-1.705
0.947,1.22,4.945,0.769,3.239,-1.705
0.948,1.221,4.945,0.769,3.239,-1.705
0.947,1.221,4.945,0.772,3.239,-1.705
0.949,1.221,4.945,0.769,3.239,-1.705
0.949,1.222,4.945,0.77,3.239,-1.705
0.948,1.219,4.945,0.767,3.239,-1.705
0.948,1.218,4.945,0.765,3.239,-1.705
0.952,1.218,4.945,0.759,3.239,-1.705
0.955,1.216,4.767,0.754,3.239,-1.528
0.956,1.217,4.767,0.753,3.239,-1.528
0.957,1.218,4.767,0.753,3.239,-1.528
0.959,1.221,4.767,0.755,3.239,-1.528
0.963,1.222,4.767,0.752,3.239,-1.528
0.967,1.222,4.767,0.747,3.239,-1.528
0.971,1.223,4.767,0.744,3.239,-1.528
0.976,1.226,4.767,0.742,3.239,-1.528
0.978,1.225,4.767,0.738,3.239,-1.528
0.981,1.227,4.767,0.736,3.239,-1.528
0.984,1.227,4.657,0.733,3.239,-1.417
0.989,1.229,4.657,0.73,3.239,-1.417
0.99,1.23,4.657,0.73,3.239,-1.417
0.988,1.228,4.657,0.729,3.239,-1.417
0.991,1.226,4.657,0.722,3.239,-1.417
0.993,1.224,4.657,0.717,3.239,-1.417
0.993,1.223,4.657,0.714,3.239,-1.417
1.004,1.224,4.657,0.7,3.239,-1.417
1.001,1.221,4.657,0.699,3.239,-1.417
1.002,1.22,4.657,0.695,3.239,-1.417
1.005,1.222,4.657,0.696,3.239,-1.417
1.008,1.223,4.657,0.692,3.239,-1.417
1.011,1.222,4.657,0.688,3.239,-1.417
1.008,1.22,4.657,0.687,3.239,-1.417
1.014,1.22,4.657,0.679,3.239,-1.417
1.012,1.219,4.657,0.679,3.239,-1.417
1.01,1.216,4.657,0.678,3.239,-1.417
1.007,1.211,4.657,0.674,3.239,-1.417
1.003,1.21,4.657,0.677,3.239,-1.417
1.005,1.208,4.657,0.669,3.239,-1.417
1.003,1.204,4.657,0.665,3.239,-1.417
1.002,1.201,4.657,0.663,3.239,-1.417
1.002,1.2,4.657,0.66,3.239,-1.417
0.994,1.196,4.878,0.666,3.239,-1.639
0.991,1.193,4.878,0.664,3.239,-1.639
0.989,1.19,4.878,0.661,3.239,-1.639
0.987,1.187,4.878,0.659,3.239,-1.639
0.984,1.185,4.878,0.661,3.239,-1.639
0.982,1.182,4.878,0.658,3.239,-1.639
0.977,1.179,4.878,0.66,3.239,-1.639
0.979,1.178,4.878,0.656,3.239,-1.639
0.972,1.175,4.878,0.66,3.239,-1.639
0.974,1.174,4.878,0.656,3.239,-1.639
0.97,1.17,4.878,0.654,3.239,-1.639
0.965,1.166,4.878,0.655,3.239,-1.639
0.968,1.163,4.878,0.646,3.239,-1.639
0.974,1.16,4.878,0.631,3.239,-1.639
0.963,1.159,4.989,0.644,3.239,-1.75
0.958,1.155,4.989,0.646,3.239,-1.75
0.951,1.153,4.989,0.652,3.239,-1.75
0.947,1.149,4.989,0.65,3.239,-1.75
0.94,1.143,4.989,0.651,3.239,-1.75
0.937,1.139,4.989,0.648,3.239,-1.75
0.933,1.136,4.989,0.649,3.239,-1.75
0.934,1.134,4.989,0.642,3.239,-1.75
0.926,1.126,4.989,0.64,3.239,-1.75
0.927,1.123,4.989,0.634,3.239,-1.75
0.922,1.117,4.989,0.631,3.239,-1.75
0.92,1.116,4.989,0.631,3.239,-1.75
0.912,1.111,4.989,0.634,3.239,-1.75
0.908,1.107,4.989,0.633,3.239,-1.75
0.903,1.101,4.989,0.629,3.239,-1.75
0.897,1.095,4.989,0.628,3.239,-1.75
0.894,1.093,4.989,0.628,3.239,-1.75
0.891,1.087,4.989,0.623,3.239,-1.75
0.882,1.082,4.989,0.626,3.239,-1.75
0.88,1.078,4.989,0.624,3.239,-1.75
0.879,1.076,4.989,0.62,3.239,-1.75
0.877,1.072,4.989,0.617,3.239,-1.75
0.87,1.067,4.989,0.618,3.239,-1.75
0.866,1.064,4.989,0.619,3.239,-1.75
0.862,1.062,4.989,0.62,3.239,-1.75
0.854,1.06,4.989,0.628,3.239,-1.75
0.845,1.055,4.989,0.632,3.239,-1.75
0.834,1.049,4.989,0.636,3.239,-1.75
0.827,1.043,4.989,0.635,3.239,-1.75
0.822,1.042,4.989,0.639,3.239,-1.75
0.815,1.038,4.989,0.643,3.239,-1.75
0.808,1.035,4.989,0.647,3.239,-1.75
0.805,1.033,4.989,0.648,3.239,-1.75
0.801,1.032,4.989,0.651,3.239,-1.75
0.796,1.03,4.989,0.653,3.239,-1.75
0.789,1.029,4.989,0.66,3.239,-1.75
0.785,1.027,4.989,0.662,3.239,-1.75
0.781,1.025,4.989,0.664,3.239,-1.75
0.769,1.025,4.989,0.678,3.239,-1.75
0.765,1.023,4.989,0.68,3.239,-1.75
0.765,1.026,4.989,0.684,3.239,-1.75
0.753,1.023,4.989,0.693,3.239,-1.75
0.746,1.021,4.989,0.697,3.239,-1.75
0.733,1.015,4.989,0.702,3.239,-1.75
0.728,1.012,4.989,0.702,3.239,-1.75
0.719,1.004,4.989,0.701,3.239,-1.75
0.706,1.001,4.989,0.711,3.239,-1.75
0.702,0.997,4.989,0.709,3.239,-1.75
0.692,1.001,4.989,0.724,3.239,-1.75
0.681,0.999,4.989,0.731,3.239,-1.75
0.674,1.004,4.989,0.744,3.239,-1.75
0.662,0.998,4.989,0.747,3.239,-1.75
0.653,0.995,4.989,0.751,3.239,-1.75
0.647,0.994,4.501,0.754,2.752,-1.75
0.64,0.993,4.501,0.759,2.752,-1.75
0.631,0.991,4.501,0.764,2.752,-1.75
0.62,0.986,4.501,0.766,2.752,-1.75
0.616,0.985,4.501,0.769,2.752,-1.75
0.608,0.985,4.501,0.775,2.752,-1.75
0.597,0.982,4.501,0.779,2.752,-1.75
0.591,0.981,4.169,0.783,2.419,-1.75
0.582,0.981,4.169,0.79,2.419,-1.75
0.575,0.984,4.169,0.799,2.419,-1.75
0.558,0.983,4.435,0.809,2.419,-2.016
0.549,0.981,4.435,0.813,2.419,-2.016
0.534,0.979,4.435,0.82,2.419,-2.016
0.523,0.978,4.435,0.827,2.419,-2.016
0.514,0.978,4.435,0.832,2.419,-2.016
0.501,0.977,4.435,0.839,2.419,-2.016
0.489,0.977,4.435,0.846,2.419,-2.016
0.482,0.98,4.435,0.853,2.419,-2.016
0.471,0.98,4.435,0.86,2.419,-2.016
0.463,0.981,4.435,0.864,2.419,-2.016
0.452,0.981,4.435,0.87,2.419,-2.016
0.44,0.984,4.435,0.88,2.419,-2.016
0.429,0.984,4.435,0.886,2.419,-2.016
0.416,0.984,4.147,0.891,2.131,-2.016
0.407,0.983,4.147,0.895,2.131,-2.016
0.401,0.985,4.147,0.899,2.131,-2.016
0.383,0.985,4.147,0.908,2.131,-2.016
0.37,0.985,4.169,0.913,2.131,-2.038
0.359,0.984,4.169,0.917,2.131,-2.038
0.347,0.98,4.169,0.917,2.131,-2.038
0.335,0.981,4.368,0.922,2.131,-2.238
0.324,0.98,4.368,0.925,2.131,-2.238
0.311,0.979,4.368,0.928,2.131,-2.238
0.303,0.979,4.368,0.931,2.131,-2.238
0.291,0.982,4.368,0.937,2.131,-2.238
0.285,0.983,4.368,0.94,2.131,-2.238
0.284,0.982,4.368,0.94,2.131,-2.238
0.274,0.982,4.368,0.943,2.131,-2.238
0.265,0.982,4.368,0.946,2.131,-2.238
0.253,0.984,4.368,0.95,2.131,-2.238
0.244,0.982,4.368,0.952,2.131,-2.238
0.228,0.982,4.368,0.956,2.131,-2.238
0.22,0.983,4.368,0.958,2.131,-2.238
0.208,0.984,4.368,0.962,2.131,-2.238
0.202,0.985,4.368,0.964,2.131,-2.238
0.198,0.985,4.368,0.965,2.131,-2.238
0.181,0.986,4.368,0.969,2.131,-2.238
0.174,0.988,4.368,0.972,2.131,-2.238
0.162,0.99,4.368,0.977,2.131,-2.238
0.153,0.991,4.368,0.979,2.131,-2.238
0.142,0.99,4.368,0.98,2.131,-2.238
0.135,0.99,4.368,0.981,2.131,-2.238
0.129,0.989,4.368,0.981,2.131,-2.238
0.121,0.989,4.368,0.982,2.131,-2.238
0.118,0.99,4.967,0.983,2.729,-2.238
0.112,0.987,4.967,0.981,2.729,-2.238
0.102,0.987,4.967,0.982,2.729,-2.238
0.097,0.984,4.967,0.979,2.729,-2.238
0.092,0.983,4.967,0.978,2.729,-2.238
0.088,0.981,4.967,0.977,2.729,-2.238
0.082,0.978,4.967,0.974,2.729,-2.238
0.075,0.978,4.967,0.975,2.729,-2.238
0.067,0.976,4.967,0.974,2.729,-2.238
0.056,0.977,4.967,0.975,2.729,-2.238
0.049,0.977,4.967,0.976,2.729,-2.238
0.047,0.977,4.967,0.976,2.729,-2.238
0.041,0.977,4.967,0.976,2.729,-2.238
0.042,0.976,4.967,0.975,2.729,-2.238
0.037,0.977,4.967,0.976,2.729,-2.238
0.037,0.976,4.967,0.975,2.729,-2.238
0.034,0.977,4.967,0.977,2.729,-2.238
0.027,0.978,4.967,0.977,2.729,-2.238
0.022,0.977,4.967,0.977,2.729,-2.238
0.019,0.977,4.967,0.976,2.729,-2.238
0.011,0.976,4.967,0.976,2.729,-2.238
0.007,0.978,4.967,0.978,2.729,-2.238
-0.003,0.979,4.967,0.979,2.729,-2.238
-0.009,0.98,4.967,0.98,2.729,-2.238
-0.014,0.98,4.967,0.98,2.729,-2.238
-0.013,0.981,4.967,0.981,2.729,-2.238
-0.016,0.983,4.967,0.983,2.729,-2.238
-0.026,0.987,4.967,0.986,2.729,-2.238
-0.026,0.988,4.967,0.988,2.729,-2.238
-0.031,0.988,4.967,0.988,2.729,-2.238
-0.035,0.987,4.967,0.986,2.729,-2.238
-0.044,0.991,4.967,0.99,2.729,-2.238
-0.055,0.992,4.967,0.99,2.729,-2.238
-0.069,0.995,4.967,0.992,2.729,-2.238
-0.081,0.995,4.967,0.991,2.729,-2.238
-0.086,0.996,4.967,0.993,2.729,-2.238
-0.092,0.995,4.967,0.991,2.729,-2.238
-0.1,0.997,4.967,0.992,2.729,-2.238
-0.1,0.997,4.967,0.992,2.729,-2.238
-0.108,1.001,4.967,0.995,2.729,-2.238
-0.113,1.003,4.967,0.997,2.729,-2.238
-0.124,1.005,4.967,0.997,2.729,-2.238
-0.13,1.006,4.967,0.998,2.729,-2.238
-0.136,1.008,4.967,0.999,2.729,-2.238
-0.143,1.008,5.078,0.998,2.729,-2.348
-0.153,1.009,5.078,0.997,2.729,-2.348
-0.154,1.008,5.078,0.997,2.729,-2.348
-0.159,1.01,5.078,0.998,2.729,-2.348
-0.165,1.013,5.078,1.0,2.729,-2.348
-0.172,1.014,5.078,0.999,2.729,-2.348
-0.177,1.014,5.078,0.999,2.729,-2.348
-0.176,1.015,5.078,0.999,2.729,-2.348
-0.187,1.018,5.078,1.001,2.729,-2.348
-0.198,1.017,5.078,0.997,2.729,-2.348
-0.197,1.015,5.078,0.996,2.729,-2.348
-0.207,1.014,5.078,0.993,2.729,-2.348
-0.21,1.017,5.078,0.995,2.729,-2.348
-0.216,1.017,5.078,0.994,2.729,-2.348
-0.219,1.017,5.078,0.993,2.729,-2.348
-0.219,1.015,5.078,0.991,2.729,-2.348
-0.227,1.015,5.078,0.989,2.729,-2.348
-0.229,1.009,5.078,0.983,2.729,-2.348
-0.232,1.005,5.078,0.978,2.729,-2.348
-0.239,1.003,5.078,0.975,2.729,-2.348
-0.24,1.002,5.078,0.973,2.729,-2.348
-0.239,1.001,5.078,0.971,2.729,-2.348
-0.248,0.998,5.078,0.967,2.729,-2.348
-0.259,1.001,5.078,0.967,2.729,-2.348
-0.267,1.003,5.078,0.967,2.729,-2.348
-0.273,1.009,5.277,0.971,2.729,-2.548
-0.277,1.012,5.277,0.973,2.729,-2.548
-0.282,1.013,5.277,0.973,2.729,-2.548
-0.282,1.012,5.277,0.972,2.729,-2.548
-0.294,1.014,5.277,0.971,2.729,-2.548
-0.299,1.019,5.277,0.974,2.729,-2.548
-0.295,1.015,5.277,0.971,2.729,-2.548
-0.293,1.015,5.322,0.971,2.729,-2.592
-0.296,1.017,5.322,0.973,2.729,-2.592
-0.298,1.022,5.322,0.978,2.729,-2.592
-0.3,1.024,5.322,0.98,2.729,-2.592
-0.303,1.027,5.322,0.981,2.729,-2.592
-0.307,1.03,5.322,0.983,2.729,-2.592
-0.306,1.029,5.322,0.982,2.729,-2.592
-0.305,1.027,5.322,0.981,2.729,-2.592
-0.306,1.031,5.322,0.984,2.729,-2.592
-0.308,1.03,5.322,0.983,2.729,-2.592
-0.308,1.032,5.322,0.985,2.729,-2.592
-0.307,1.032,5.543,0.985,2.729,-2.814
-0.309,1.034,5.543,0.986,2.729,-2.814
-0.309,1.035,5.543,0.988,2.729,-2.814
-0.309,1.034,5.543,0.987,2.729,-2.814
-0.314,1.034,5.543,0.985,2.729,-2.814
-0.306,1.032,5.543,0.986,2.729,-2.814
-0.305,1.032,5.543,0.986,2.729,-2.814
-0.31,1.039,5.543,0.991,2.729,-2.814
-0.313,1.043,5.543,0.995,2.729,-2.814
-0.309,1.044,5.543,0.997,2.729,-2.814
-0.313,1.044,5.543,0.997,2.729,-2.814
-0.316,1.047,5.543,0.998,2.729,-2.814
-0.32,1.048,5.543,0.998,2.729,-2.814
-0.32,1.049,5.543,0.999,2.729,-2.814
-0.329,1.056,5.543,1.004,2.729,-2.814
-0.337,1.06,5.543,1.005,2.729,-2.814
-0.34,1.062,5.543,1.007,2.729,-2.814
-0.347,1.067,5.543,1.009,2.729,-2.814
-0.342,1.067,5.543,1.011,2.729,-2.814
-0.352,1.072,5.543,1.013,2.729,-2.814
-0.346,1.069,5.543,1.012,2.729,-2.814
-0.348,1.071,5.543,1.012,2.729,-2.814
-0.355,1.076,5.543,1.015,2.729,-2.814
-0.359,1.076,5.543,1.014,2.729,-2.814
-0.362,1.079,5.543,1.017,2.729,-2.814
-0.357,1.08,5.543,1.019,2.729,-2.814
-0.356,1.083,5.543,1.022,2.729,-2.814
-0.356,1.084,5.543,1.024,2.729,-2.814
-0.353,1.085,5.543,1.026,2.729,-2.814
-0.351,1.087,5.543,1.029,2.729,-2.814
-0.357,1.092,5.543,1.032,2.729,-2.814
-0.365,1.097,5.543,1.035,2.729,-2.814
-0.36,1.101,5.543,1.041,2.729,-2.814
-0.37,1.107,4.568,1.043,1.754,-2.814
-0.379,1.113,4.568,1.046,1.754,-2.814
-0.375,1.113,4.568,1.048,1.754,-2.814
-0.378,1.115,4.568,1.049,1.754,-2.814
-0.376,1.116,4.568,1.051,1.754,-2.814
-0.377,1.119,4.568,1.054,1.754,-2.814
-0.386,1.127,4.568,1.059,1.754,-2.814
-0.39,1.135,4.568,1.066,1.754,-2.814
-0.386,1.136,4.568,1.068,1.754,-2.814
-0.383,1.137,4.568,1.07,1.754,-2.814
-0.381,1.137,4.568,1.071,1.754,-2.814
-0.387,1.141,4.568,1.073,1.754,-2.814
-0.388,1.144,4.568,1.077,1.754,-2.814
-0.386,1.145,4.568,1.078,1.754,-2.814
-0.383,1.144,4.568,1.078,1.754,-2.814
-0.39,1.151,4.568,1.083,1.754,-2.814
-0.393,1.153,4.568,1.084,1.754,-2.814
-0.389,1.153,4.568,1.085,1.754,-2.814
-0.388,1.153,4.568,1.086,1.754,-2.814
-0.389,1.156,4.568,1.089,1.754,-2.814
-0.387,1.156,4.568,1.089,1.754,-2.814
-0.395,1.159,4.568,1.089,1.754,-2.814
-0.397,1.163,4.568,1.093,1.754,-2.814
-0.405,1.168,4.568,1.095,1.754,-2.814
-0.403,1.168,4.568,1.096,1.754,-2.814
-0.401,1.168,4.568,1.097,1.754,-2.814
-0.405,1.173,4.568,1.1,1.754,-2.814
-0.404,1.172,4.568,1.1,1.754,-2.814
-0.413,1.18,4.568,1.105,1.754,-2.814
-0.414,1.181,4.568,1.106,1.754,-2.814
-0.417,1.183,4.568,1.107,1.754,-2.814
-0.41,1.183,4.568,1.11,1.754,-2.814
-0.405,1.186,4.568,1.114,1.754,-2.814
-0.406,1.187,4.568,1.116,1.754,-2.814
-0.41,1.192,4.568,1.119,1.754,-2.814
-0.411,1.192,4.568,1.119,1.754,-2.814
-0.411,1.195,4.568,1.122,1.754,-2.814
-0.407,1.194,4.568,1.123,1.754,-2.814
-0.41,1.196,4.568,1.123,1.754,-2.814
-0.402,1.193,4.568,1.124,1.754,-2.814
-0.402,1.195,4.568,1.126,1.754,-2.814
-0.398,1.196,4.568,1.127,1.754,-2.814
-0.394,1.194,4.568,1.127,1.754,-2.814
-0.393,1.194,4.568,1.127,1.754,-2.814
-0.396,1.197,4.568,1.129,1.754,-2.814
-0.392,1.196,4.568,1.13,1.754,-2.814
-0.396,1.198,4.568,1.131,1.754,-2.814
-0.401,1.2,4.568,1.131,1.754,-2.814
-0.4,1.2,4.568,1.131,1.754,-2.814
-0.404,1.202,4.568,1.132,1.754,-2.814
-0.403,1.204,4.568,1.135,1.754,-2.814
-0.398,1.203,4.568,1.135,1.754,-2.814
-0.393,1.202,4.568,1.136,1.754,-2.814
-0.393,1.203,4.568,1.136,1.754,-2.814
-0.39,1.204,4.568,1.138,1.754,-2.814
-0.388,1.204,4.568,1.14,1.754,-2.814
-0.391,1.204,4.568,1.139,1.754,-2.814
-0.393,1.205,4.568,1.139,1.754,-2.814
-0.395,1.207,4.568,1.14,1.754,-2.814
-0.396,1.209,4.568,1.142,1.754,-2.814
-0.399,1.213,4.568,1.145,1.754,-2.814
-0.402,1.215,4.568,1.146,1.754,-2.814
-0.396,1.214,4.568,1.148,1.754,-2.814
-0.395,1.215,4.568,1.149,1.754,-2.814
-0.394,1.215,4.568,1.149,1.754,-2.814
-0.395,1.213,4.568,1.147,1.754,-2.814
-0.4,1.219,4.723,1.151,1.754,-2.969
-0.388,1.215,4.723,1.152,1.754,-2.969
-0.374,1.213,4.723,1.154,1.754,-2.969
-0.368,1.207,4.723,1.15,1.754,-2.969
-0.374,1.207,4.723,1.147,1.754,-2.969
-0.373,1.205,4.723,1.146,1.754,-2.969
-0.373,1.206,4.723,1.146,1.754,-2.969
-0.368,1.204,4.723,1.147,1.754,-2.969
-0.365,1.202,4.723,1.145,1.754,-2.969
-0.376,1.206,4.723,1.146,1.754,-2.969
-0.376,1.205,4.723,1.145,1.754,-2.969
-0.371,1.203,4.723,1.144,1.754,-2.969
-0.36,1.198,4.723,1.142,1.754,-2.969
-0.359,1.196,4.723,1.141,1.754,-2.969
-0.357,1.196,4.723,1.141,1.754,-2.969
-0.35,1.192,4.723,1.14,1.754,-2.969
-0.345,1.189,4.723,1.138,1.754,-2.969
-0.348,1.191,4.723,1.139,1.754,-2.969
-0.348,1.187,4.723,1.135,1.754,-2.969
-0.353,1.191,4.723,1.137,1.754,-2.969
-0.355,1.191,4.723,1.137,1.754,-2.969
-0.352,1.19,4.723,1.137,1.754,-2.969
-0.348,1.188,4.723,1.136,1.754,-2.969
-0.341,1.182,4.723,1.132,1.754,-2.969
-0.341,1.183,4.723,1.133,1.754,-2.969
-0.34,1.18,4.723,1.13,1.754,-2.969
-0.338,1.177,4.723,1.127,1.754,-2.969
-0.335,1.173,4.723,1.124,1.754,-2.969
-0.333,1.17,4.723,1.121,1.754,-2.969
-0.334,1.168,4.723,1.119,1.754,-2.969
-0.338,1.169,4.723,1.119,1.754,-2.969
-0.341,1.168,4.723,1.118,1.754,-2.969
-0.334,1.163,4.723,1.114,1.754,-2.969
-0.33,1.16,4.723,1.112,1.754,-2.969
-0.327,1.157,4.723,1.11,1.754,-2.969
-0.32,1.15,4.723,1.105,1.754,-2.969
-0.314,1.145,4.723,1.1,1.754,-2.969
-0.315,1.143,4.723,1.098,1.754,-2.969
-0.304,1.136,4.723,1.095,1.754,-2.969
-0.304,1.133,4.723,1.091,1.754,-2.969
-0.293,1.125,4.723,1.086,1.754,-2.969
-0.301,1.128,4.723,1.088,1.754,-2.969
-0.301,1.127,4.723,1.086,1.754,-2.969
-0.291,1.118,4.723,1.08,1.754,-2.969
-0.292,1.119,4.723,1.08,1.754,-2.969
-0.291,1.113,4.723,1.075,1.754,-2.969
-0.296,1.115,4.723,1.075,1.754,-2.969
-0.294,1.111,4.723,1.072,1.754,-2.969
-0.285,1.106,4.723,1.068,1.754,-2.969
-0.287,1.104,4.723,1.066,1.754,-2.969
-0.291,1.104,4.723,1.065,1.754,-2.969
-0.285,1.097,4.723,1.059,1.754,-2.969
-0.279,1.091,4.723,1.055,1.754,-2.969
-0.276,1.085,4.479,1.05,1.51,-2.969
-0.275,1.078,4.479,1.042,1.51,-2.969
-0.272,1.072,4.479,1.037,1.51,-2.969
-0.273,1.068,4.479,1.033,1.51,-2.969
-0.27,1.065,4.479,1.03,1.51,-2.969
-0.272,1.065,4.479,1.03,1.51,-2.969
-0.271,1.061,4.479,1.026,1.51,-2.969
-0.265,1.055,4.479,1.021,1.51,-2.969
-0.257,1.044,4.479,1.012,1.51,-2.969
-0.259,1.044,4.479,1.012,1.51,-2.969
-0.259,1.04,4.479,1.007,1.51,-2.969
-0.256,1.038,4.479,1.006,1.51,-2.969
-0.254,1.032,4.479,1.001,1.51,-2.969
-0.253,1.027,4.479,0.995,1.51,-2.969
-0.254,1.024,4.479,0.992,1.51,-2.969
-0.259,1.023,4.479,0.99,1.51,-2.969
-0.253,1.015,4.479,0.983,1.51,-2.969
-0.246,1.01,4.479,0.979,1.51,-2.969
-0.249,1.009,4.479,0.978,1.51,-2.969
-0.25,1.008,4.479,0.977,1.51,-2.969
-0.249,1.003,4.479,0.972,1.51,-2.969
-0.25,1.001,4.479,0.97,1.51,-2.969
-0.245,0.995,4.479,0.964,1.51,-2.969
-0.237,0.988,4.479,0.959,1.51,-2.969
-0.231,0.979,4.479,0.951,1.51,-2.969
-0.232,0.977,4.479,0.95,1.51,-2.969
-0.236,0.976,4.479,0.947,1.51,-2.969
-0.231,0.968,4.523,0.94,1.554,-2.969
-0.232,0.967,4.523,0.939,1.554,-2.969
-0.223,0.957,4.523,0.93,1.554,-2.969
-0.221,0.953,4.523,0.927,1.554,-2.969
-0.222,0.949,4.523,0.922,1.554,-2.969
-0.228,0.948,4.523,0.92,1.554,-2.969
-0.229,0.94,4.523,0.912,1.554,-2.969
-0.226,0.935,4.523,0.907,1.554,-2.969
-0.218,0.927,4.523,0.901,1.554,-2.969
-0.217,0.923,4.523,0.897,1.554,-2.969
-0.217,0.921,4.523,0.895,1.554,-2.969
-0.22,0.919,4.523,0.892,1.554,-2.969
-0.222,0.918,4.523,0.891,1.554,-2.969
-0.231,0.922,4.523,0.892,1.554,-2.969
-0.229,0.917,4.523,0.888,1.554,-2.969
-0.227,0.913,4.523,0.884,1.554,-2.969
-0.228,0.911,4.523,0.882,1.554,-2.969
-0.23,0.91,4.523,0.881,1.554,-2.969
-0.227,0.908,4.523,0.879,1.554,-2.969
-0.234,0.91,4.523,0.88,1.554,-2.969
-0.236,0.909,4.523,0.878,1.554,-2.969
-0.232,0.904,4.523,0.873,1.554,-2.969
-0.23,0.902,4.523,0.872,1.554,-2.969
-0.229,0.901,4.523,0.871,1.554,-2.969
-0.229,0.897,4.523,0.867,1.554,-2.969
-0.233,0.898,4.523,0.867,1.554,-2.969
-0.233,0.896,4.523,0.865,1.554,-2.969
-0.234,0.897,4.523,0.866,1.554,-2.969
-0.242,0.902,4.523,0.869,1.554,-2.969
-0.237,0.899,4.523,0.868,1.554,-2.969
-0.235,0.899,4.523,0.868,1.554,-2.969
-0.238,0.905,4.523,0.873,1.554,-2.969
-0.24,0.905,4.523,0.873,1.554,-2.969
-0.238,0.903,4.523,0.871,1.554,-2.969
-0.235,0.9,4.523,0.869,1.554,-2.969
-0.229,0.901,4.634,0.871,1.665,-2.969
-0.234,0.901,4.634,0.87,1.665,-2.969
-0.228,0.897,4.634,0.868,1.665,-2.969
-0.229,0.897,4.634,0.868,1.665,-2.969
-0.235,0.904,4.634,0.872,1.665,-2.969
-0.23,0.898,4.324,0.869,1.665,-2.659
-0.233,0.901,4.324,0.87,1.665,-2.659
-0.241,0.901,4.324,0.868,1.665,-2.659
-0.241,0.902,4.324,0.869,1.665,-2.659
-0.242,0.903,4.324,0.869,1.665,-2.659
-0.249,0.906,4.324,0.872,1.665,-2.659
-0.252,0.909,4.324,0.873,1.665,-2.659
-0.254,0.907,4.324,0.871,1.665,-2.659
-0.258,0.908,4.324,0.87,1.665,-2.659
-0.261,0.912,4.324,0.874,1.665,-2.659
-0.254,0.91,4.324,0.873,1.665,-2.659
-0.259,0.912,4.324,0.874,1.665,-2.659
-0.267,0.913,4.324,0.873,1.665,-2.659
-0.265,0.913,4.324,0.874,1.665,-2.659
-0.268,0.916,4.324,0.876,1.665,-2.659
-0.273,0.919,4.324,0.877,1.665,-2.659
-0.274,0.922,4.324,0.881,1.665,-2.659
-0.277,0.925,4.324,0.883,1.665,-2.659
-0.269,0.925,4.634,0.885,1.975,-2.659
-0.268,0.924,4.634,0.884,1.975,-2.659
-0.262,0.921,4.634,0.883,1.975,-2.659
-0.265,0.923,4.634,0.884,1.975,-2.659
-0.266,0.923,4.634,0.884,1.975,-2.659
-0.268,0.927,4.634,0.887,1.975,-2.659
-0.271,0.93,4.634,0.89,1.975,-2.659
-0.272,0.932,4.634,0.891,1.975,-2.659
-0.277,0.939,4.634,0.897,1.975,-2.659
-0.28,0.94,4.634,0.898,1.975,-2.659
-0.278,0.939,4.634,0.897,1.975,-2.659
-0.279,0.943,4.634,0.901,1.975,-2.659
-0.281,0.945,4.634,0.903,1.975,-2.659
-0.276,0.948,4.634,0.907,1.975,-2.659
-0.276,0.952,4.634,0.912,1.975,-2.659
-0.278,0.955,4.634,0.913,1.975,-2.659
-0.281,0.959,4.634,0.916,1.975,-2.659
-0.28,0.961,4.634,0.92,1.975,-2.659
-0.283,0.965,4.634,0.923,1.975,-2.659
-0.277,0.964,4.634,0.923,1.975,-2.659
-0.286,0.97,4.634,0.927,1.975,-2.659
-0.292,0.973,4.634,0.928,1.975,-2.659
-0.294,0.976,4.634,0.93,1.975,-2.659
-0.291,0.975,4.634,0.93,1.975,-2.659
-0.288,0.977,4.634,0.934,1.975,-2.659
-0.293,0.982,4.634,0.937,1.975,-2.659
-0.297,0.985,4.634,0.939,1.975,-2.659
-0.309,0.997,4.634,0.948,1.975,-2.659
-0.305,0.998,4.634,0.951,1.975,-2.659
-0.313,1.002,4.634,0.952,1.975,-2.659
-0.313,1.005,4.634,0.954,1.975,-2.659
-0.317,1.009,4.634,0.957,1.975,-2.659
-0.315,1.008,4.634,0.957,1.975,-2.659
-0.318,1.013,4.634,0.961,1.975,-2.659
-0.318,1.014,4.634,0.963,1.975,-2.659
-0.32,1.018,4.634,0.966,1.975,-2.659
-0.324,1.023,4.634,0.97,1.975,-2.659
-0.322,1.023,4.634,0.971,1.975,-2.659
-0.326,1.03,4.634,0.977,1.975,-2.659
-0.333,1.035,4.634,0.98,1.975,-2.659
-0.336,1.038,4.634,0.982,1.975,-2.659
-0.338,1.04,4.634,0.984,1.975,-2.659
-0.337,1.04,4.634,0.984,1.975,-2.659
-0.336,1.043,4.634,0.987,1.975,-2.659
-0.335,1.045,4.634,0.989,1.975,-2.659
-0.338,1.05,4.634,0.994,1.975,-2.659
-0.342,1.053,4.634,0.996,1.975,-2.659
-0.341,1.056,4.634,1.0,1.975,-2.659
-0.347,1.062,4.634,1.004,1.975,-2.659
-0.346,1.063,4.634,1.006,1.975,-2.659
-0.345,1.065,4.634,1.008,1.975,-2.659
-0.342,1.067,4.634,1.011,1.975,-2.659
-0.353,1.074,4.634,1.015,1.975,-2.659
-0.35,1.076,4.634,1.018,1.975,-2.659
-0.35,1.08,4.634,1.022,1.975,-2.659
-0.351,1.086,4.634,1.027,1.975,-2.659
-0.358,1.09,4.634,1.03,1.975,-2.659
-0.365,1.096,4.634,1.034,1.975,-2.659
-0.369,1.1,4.634,1.036,1.975,-2.659
-0.367,1.103,4.634,1.041,1.975,-2.659
-0.361,1.104,4.634,1.044,1.975,-2.659
-0.356,1.107,4.634,1.048,1.975,-2.659
-0.359,1.109,4.634,1.049,1.975,-2.659
-0.363,1.114,4.634,1.054,1.975,-2.659
-0.362,1.115,4.634,1.055,1.975,-2.659
-0.36,1.119,4.634,1.06,1.975,-2.659
-0.357,1.121,4.634,1.063,1.975,-2.659
-0.358,1.122,4.568,1.063,1.975,-2.592
-0.359,1.125,4.568,1.066,1.975,-2.592
-0.352,1.124,4.568,1.068,1.975,-2.592
-0.361,1.131,4.568,1.072,1.975,-2.592
-0.363,1.133,4.568,1.074,1.975,-2.592
-0.366,1.134,4.568,1.073,1.975,-2.592
-0.356,1.137,4.568,1.08,1.975,-2.592
-0.361,1.143,4.568,1.085,1.975,-2.592
-0.356,1.143,4.568,1.086,1.975,-2.592
-0.354,1.142,4.568,1.085,1.975,-2.592
-0.357,1.143,4.568,1.086,1.975,-2.592
-0.35,1.146,4.923,1.091,2.33,-2.592
-0.346,1.143,4.923,1.089,2.33,-2.592
-0.34,1.141,4.923,1.09,2.33,-2.592
-0.331,1.137,4.923,1.087,2.33,-2.592
-0.328,1.136,4.923,1.087,2.33,-2.592
-0.325,1.135,4.923,1.087,2.33,-2.592
-0.324,1.133,4.923,1.086,2.33,-2.592
-0.32,1.13,4.923,1.084,2.33,-2.592
-0.319,1.129,4.923,1.083,2.33,-2.592
-0.316,1.127,4.923,1.082,2.33,-2.592
-0.317,1.125,4.923,1.079,2.33,-2.592
-0.312,1.119,4.923,1.075,2.33,-2.592
-0.308,1.114,4.923,1.07,2.33,-2.592
-0.311,1.112,4.923,1.068,2.33,-2.592
-0.306,1.106,4.923,1.062,2.33,-2.592
-0.302,1.098,4.923,1.055,2.33,-2.592
-0.298,1.093,4.923,1.051,2.33,-2.592
-0.297,1.09,4.923,1.049,2.33,-2.592
-0.295,1.086,4.923,1.045,2.33,-2.592
-0.296,1.081,4.923,1.04,2.33,-2.592
-0.296,1.078,4.923,1.037,2.33,-2.592
-0.298,1.075,4.923,1.033,2.33,-2.592
-0.293,1.074,4.923,1.034,2.33,-2.592
-0.288,1.068,4.923,1.029,2.33,-2.592
-0.284,1.064,4.923,1.025,2.33,-2.592
-0.285,1.059,4.923,1.02,2.33,-2.592
-0.284,1.057,4.923,1.019,2.33,-2.592
-0.283,1.057,4.923,1.019,2.33,-2.592
-0.278,1.052,4.923,1.015,2.33,-2.592
-0.27,1.045,4.878,1.01,2.33,-2.548
-0.265,1.041,4.878,1.007,2.33,-2.548
-0.258,1.038,4.878,1.006,2.33,-2.548
-0.25,1.032,4.878,1.002,2.33,-2.548
-0.241,1.024,4.878,0.996,2.33,-2.548
-0.24,1.026,4.878,0.998,2.33,-2.548
-0.229,1.026,5.189,1.0,2.641,-2.548
-0.227,1.024,5.189,0.998,2.641,-2.548
-0.224,1.021,5.189,0.996,2.641,-2.548
-0.214,1.016,5.189,0.993,2.641,-2.548
-0.208,1.014,5.189,0.992,2.641,-2.548
-0.212,1.011,5.189,0.989,2.641,-2.548
-0.205,1.005,5.189,0.984,2.641,-2.548
-0.211,1.002,5.189,0.98,2.641,-2.548
-0.205,0.997,5.189,0.975,2.641,-2.548
-0.209,0.995,5.189,0.973,2.641,-2.548
-0.206,0.988,5.189,0.966,2.641,-2.548
-0.208,0.985,5.189,0.963,2.641,-2.548
-0.212,0.982,5.189,0.959,2.641,-2.548
-0.205,0.977,5.189,0.955,2.641,-2.548
-0.205,0.973,5.189,0.951,2.641,-2.548
-0.195,0.969,5.189,0.949,2.641,-2.548
-0.195,0.966,5.189,0.946,2.641,-2.548
-0.191,0.964,5.189,0.945,2.641,-2.548
-0.185,0.96,5.189,0.942,2.641,-2.548
-0.182,0.951,5.189,0.933,2.641,-2.548
-0.182,0.948,5.189,0.93,2.641,-2.548
-0.181,0.946,5.189,0.929,2.641,-2.548
-0.181,0.944,5.189,0.927,2.641,-2.548
-0.176,0.94,5.189,0.924,2.641,-2.548
-0.177,0.939,5.189,0.922,2.641,-2.548
-0.175,0.943,5.189,0.927,2.641,-2.548
-0.175,0.949,5.189,0.932,2.641,-2.548
-0.169,0.942,5.189,0.927,2.641,-2.548
-0.157,0.945,5.189,0.932,2.641,-2.548
-0.157,0.946,5.189,0.932,2.641,-2.548
-0.15,0.945,5.189,0.933,2.641,-2.548
-0.15,0.94,5.189,0.928,2.641,-2.548
-0.141,0.942,5.189,0.931,2.641,-2.548
-0.136,0.937,5.189,0.928,2.641,-2.548
-0.125,0.926,5.189,0.918,2.641,-2.548
-0.116,0.919,5.189,0.911,2.641,-2.548
-0.11,0.912,5.189,0.905,2.641,-2.548
-0.115,0.914,5.189,0.907,2.641,-2.548
-0.111,0.91,5.189,0.903,2.641,-2.548
-0.106,0.908,5.189,0.901,2.641,-2.548
-0.102,0.902,5.189,0.896,2.641,-2.548
-0.096,0.9,5.189,0.895,2.641,-2.548
-0.092,0.895,5.189,0.89,2.641,-2.548
-0.087,0.891,5.189,0.886,2.641,-2.548
-0.085,0.889,5.189,0.885,2.641,-2.548
-0.077,0.882,5.189,0.879,2.641,-2.548
-0.069,0.878,5.189,0.875,2.641,-2.548
-0.063,0.873,5.189,0.871,2.641,-2.548
-0.058,0.869,5.189,0.867,2.641,-2.548
-0.053,0.865,5.189,0.863,2.641,-2.548
-0.054,0.865,5.189,0.864,2.641,-2.548
-0.053,0.862,5.189,0.861,2.641,-2.548
-0.046,0.857,5.189,0.856,2.641,-2.548
-0.042,0.854,5.189,0.853,2.641,-2.548
-0.04,0.854,5.189,0.853,2.641,-2.548
-0.031,0.847,5.189,0.846,2.641,-2.548
-0.038,0.85,5.189,0.849,2.641,-2.548
-0.036,0.848,5.189,0.848,2.641,-2.548
-0.041,0.85,5.189,0.849,2.641,-2.548
-0.03,0.843,5.189,0.842,2.641,-2.548
-0.028,0.841,5.189,0.84,2.641,-2.548
-0.025,0.837,5.189,0.837,2.641,-2.548
-0.02,0.83,5.189,0.83,2.641,-2.548
-0.014,0.827,5.189,0.827,2.641,-2.548
-0.005,0.82,5.189,0.82,2.641,-2.548
-0.003,0.815,5.189,0.815,2.641,-2.548
-0.005,0.815,5.189,0.815,2.641,-2.548
-0.006,0.814,5.189,0.814,2.641,-2.548
-0.005,0.81,5.189,0.81,2.641,-2.548
0.0,0.808,5.189,0.808,2.641,-2.548
0.009,0.799,5.122,0.799,2.641,-2.482
0.012,0.797,5.122,0.797,2.641,-2.482
0.014,0.793,5.122,0.793,2.641,-2.482
0.014,0.791,5.122,0.791,2.641,-2.482
0.024,0.786,5.122,0.785,2.641,-2.482
0.025,0.784,5.122,0.784,2.641,-2.482
0.023,0.783,5.122,0.783,2.641,-2.482
0.037,0.774,5.122,0.773,2.641,-2.482
0.042,0.771,5.122,0.77,2.641,-2.482
0.045,0.77,5.122,0.769,2.641,-2.482
0.041,0.765,5.122,0.764,2.641,-2.482
0.051,0.756,4.945,0.754,2.641,-2.304
0.055,0.749,4.945,0.747,2.641,-2.304
0.057,0.749,4.945,0.746,2.641,-2.304
0.063,0.748,4.945,0.745,2.641,-2.304
0.058,0.745,4.945,0.743,2.641,-2.304
0.061,0.746,4.945,0.743,2.641,-2.304
0.06,0.745,4.945,0.742,2.641,-2.304
0.056,0.752,5.255,0.75,2.641,-2.615
0.056,0.752,5.255,0.75,2.641,-2.615
0.058,0.754,5.255,0.752,2.641,-2.615
0.06,0.752,5.255,0.749,2.641,-2.615
0.061,0.753,5.255,0.751,2.641,-2.615
0.064,0.753,5.255,0.751,2.641,-2.615
0.065,0.755,5.255,0.753,2.641,-2.615
0.071,0.756,5.255,0.752,2.641,-2.615
0.07,0.76,5.255,0.757,2.641,-2.615
0.072,0.761,5.255,0.758,2.641,-2.615
0.076,0.759,5.255,0.756,2.641,-2.615
0.074,0.762,5.255,0.759,2.641,-2.615
0.075,0.764,5.255,0.76,2.641,-2.615
0.075,0.764,5.255,0.76,2.641,-2.615
0.07,0.769,5.255,0.765,2.641,-2.615
0.071,0.771,5.255,0.768,2.641,-2.615
0.073,0.772,5.255,0.769,2.641,-2.615
0.076,0.774,5.255,0.77,2.641,-2.615
0.078,0.775,5.255,0.771,2.641,-2.615
0.075,0.774,5.255,0.77,2.641,-2.615
0.079,0.774,5.255,0.77,2.641,-2.615
0.079,0.776,5.255,0.771,2.641,-2.615
0.082,0.778,5.255,0.774,2.641,-2.615
0.083,0.776,5.255,0.772,2.641,-2.615
0.079,0.78,5.255,0.776,2.641,-2.615
0.079,0.782,5.255,0.778,2.641,-2.615
0.083,0.783,5.255,0.779,2.641,-2.615
0.085,0.785,5.255,0.78,2.641,-2.615
0.083,0.782,5.255,0.778,2.641,-2.615
0.083,0.781,5.255,0.777,2.641,-2.615
0.074,0.79,5.255,0.786,2.641,-2.615
0.066,0.793,5.255,0.79,2.641,-2.615
0.062,0.787,5.189,0.785,2.574,-2.615
0.066,0.787,5.189,0.784,2.574,-2.615
0.061,0.787,5.189,0.784,2.574,-2.615
0.059,0.787,5.189,0.785,2.574,-2.615
0.057,0.784,5.189,0.782,2.574,-2.615
0.06,0.782,5.189,0.78,2.574,-2.615
0.06,0.782,5.189,0.78,2.574,-2.615
0.06,0.786,5.189,0.784,2.574,-2.615
0.056,0.787,5.189,0.785,2.574,-2.615
0.061,0.787,5.189,0.784,2.574,-2.615
0.063,0.789,5.189,0.786,2.574,-2.615
0.064,0.792,5.189,0.789,2.574,-2.615
0.069,0.796,5.189,0.793,2.574,-2.615
0.065,0.796,5.189,0.793,2.574,-2.615
0.067,0.796,5.189,0.794,2.574,-2.615
0.064,0.794,5.189,0.791,2.574,-2.615
0.064,0.799,5.189,0.797,2.574,-2.615
0.061,0.8,5.189,0.798,2.574,-2.615
0.062,0.797,5.189,0.795,2.574,-2.615
0.066,0.801,5.189,0.798,2.574,-2.615
0.066,0.795,5.189,0.792,2.574,-2.615
0.063,0.794,5.144,0.791,2.53,-2.615
0.068,0.792,5.144,0.789,2.53,-2.615
0.065,0.792,5.144,0.79,2.53,-2.615
0.061,0.794,5.144,0.791,2.53,-2.615
0.055,0.791,5.144,0.79,2.53,-2.615
0.054,0.784,5.144,0.782,2.53,-2.615
0.05,0.784,5.144,0.783,2.53,-2.615
0.043,0.78,5.033,0.779,2.419,-2.615
0.043,0.776,5.033,0.775,2.419,-2.615
0.034,0.777,4.634,0.776,2.02,-2.615
0.033,0.783,4.634,0.782,2.02,-2.615
0.028,0.778,4.634,0.778,2.02,-2.615
0.03,0.78,4.634,0.78,2.02,-2.615
0.03,0.78,4.634,0.779,2.02,-2.615
0.016,0.792,4.679,0.792,2.02,-2.659
0.005,0.804,4.679,0.804,2.02,-2.659
0.011,0.803,4.679,0.803,2.02,-2.659
0.011,0.807,4.878,0.807,2.219,-2.659
0.006,0.81,4.878,0.81,2.219,-2.659
0.01,0.816,5.233,0.816,2.574,-2.659
0.002,0.818,5.233,0.818,2.574,-2.659
-0.01,0.829,5.233,0.829,2.574,-2.659
-0.012,0.829,5.233,0.829,2.574,-2.659
-0.019,0.836,5.233,0.836,2.574,-2.659
-0.03,0.841,5.233,0.84,2.574,-2.659
-0.035,0.84,5.233,0.839,2.574,-2.659
-0.041,0.844,5.233,0.843,2.574,-2.659
-0.047,0.846,5.233,0.844,2.574,-2.659
-0.056,0.853,5.233,0.851,2.574,-2.659
-0.06,0.854,5.233,0.852,2.574,-2.659
-0.069,0.86,5.233,0.857,2.574,-2.659
-0.078,0.864,5.233,0.861,2.574,-2.659
-0.088,0.869,5.233,0.865,2.574,-2.659
-0.095,0.87,5.233,0.865,2.574,-2.659
-0.104,0.873,5.233,0.867,2.574,-2.659
-0.105,0.876,5.233,0.87,2.574,-2.659
-0.108,0.879,5.233,0.872,2.574,-2.659
-0.11,0.878,5.233,0.871,2.574,-2.659
-0.115,0.879,5.233,0.871,2.574,-2.659
-0.123,0.879,5.233,0.87,2.574,-2.659
-0.129,0.882,5.233,0.873,2.574,-2.659
-0.136,0.886,5.233,0.875,2.574,-2.659
-0.14,0.887,5.233,0.876,2.574,-2.659
-0.142,0.886,5.233,0.874,2.574,-2.659
-0.146,0.891,5.233,0.879,2.574,-2.659
-0.146,0.889,5.233,0.877,2.574,-2.659
-0.152,0.89,5.233,0.877,2.574,-2.659
-0.16,0.892,5.233,0.878,2.574,-2.659
-0.164,0.895,5.233,0.879,2.574,-2.659
-0.169,0.899,5.233,0.883,2.574,-2.659
-0.178,0.902,5.233,0.885,2.574,-2.659
-0.186,0.907,5.233,0.888,2.574,-2.659
-0.194,0.914,5.233,0.893,2.574,-2.659
-0.205,0.919,5.233,0.896,2.574,-2.659
-0.208,0.921,5.233,0.898,2.574,-2.659
-0.214,0.924,5.233,0.899,2.574,-2.659
-0.225,0.926,5.233,0.899,2.574,-2.659
-0.228,0.927,5.233,0.899,2.574,-2.659
-0.233,0.927,5.233,0.898,2.574,-2.659
-0.239,0.931,5.233,0.899,2.574,-2.659
-0.244,0.933,5.233,0.9,2.574,-2.659
-0.249,0.936,5.233,0.902,2.574,-2.659
-0.253,0.938,5.233,0.903,2.574,-2.659
-0.259,0.939,5.233,0.902,2.574,-2.659
-0.259,0.937,5.233,0.901,2.574,-2.659
-0.266,0.945,5.233,0.906,2.574,-2.659
-0.271,0.947,5.233,0.907,2.574,-2.659
-0.267,0.943,5.233,0.905,2.574,-2.659
-0.27,0.945,5.233,0.906,2.574,-2.659
-0.278,0.949,5.233,0.908,2.574,-2.659
-0.287,0.954,5.233,0.91,2.574,-2.659
-0.289,0.958,5.233,0.913,2.574,-2.659
-0.295,0.962,5.233,0.916,2.574,-2.659
-0.295,0.963,5.233,0.917,2.574,-2.659
-0.305,0.97,5.233,0.921,2.574,-2.659
-0.307,0.974,5.233,0.924,2.574,-2.659
-0.316,0.98,5.233,0.927,2.574,-2.659
-0.324,0.987,5.233,0.933,2.574,-2.659
-0.323,0.992,5.233,0.938,2.574,-2.659
-0.324,0.996,5.233,0.942,2.574,-2.659
-0.323,1.001,5.233,0.948,2.574,-2.659
-0.324,1.002,5.233,0.949,2.574,-2.659
-0.326,1.006,5.233,0.952,2.574,-2.659
-0.326,1.009,5.233,0.955,2.574,-2.659
-0.322,1.011,5.233,0.959,2.574,-2.659
-0.326,1.016,5.233,0.963,2.574,-2.659
-0.33,1.019,5.233,0.965,2.574,-2.659
-0.339,1.028,5.3,0.971,2.574,-2.725
-0.339,1.03,5.3,0.973,2.574,-2.725
-0.344,1.033,5.3,0.974,2.574,-2.725
-0.348,1.036,5.3,0.975,2.574,-2.725
-0.346,1.036,5.3,0.976,2.574,-2.725
-0.347,1.038,5.3,0.978,2.574,-2.725
-0.355,1.041,5.3,0.979,2.574,-2.725
-0.363,1.044,5.3,0.979,2.574,-2.725
-0.368,1.048,5.3,0.981,2.574,-2.725
-0.37,1.051,5.3,0.984,2.574,-2.725
-0.369,1.048,5.3,0.98,2.574,-2.725
-0.366,1.046,5.3,0.98,2.574,-2.725
-0.37,1.052,5.3,0.984,2.574,-2.725
-0.384,1.06,5.3,0.988,2.574,-2.725
-0.39,1.064,5.3,0.99,2.574,-2.725
-0.394,1.066,5.3,0.99,2.574,-2.725
-0.396,1.07,5.3,0.994,2.574,-2.725
-0.401,1.075,5.3,0.997,2.574,-2.725
-0.407,1.084,5.588,1.004,2.574,-3.014
-0.407,1.086,5.588,1.007,2.574,-3.014
-0.409,1.089,5.588,1.01,2.574,-3.014
-0.417,1.093,5.588,1.011,2.574,-3.014
-0.418,1.095,5.588,1.012,2.574,-3.014
-0.42,1.096,5.588,1.013,2.574,-3.014
-0.425,1.098,5.588,1.013,2.574,-3.014
-0.424,1.099,5.588,1.014,2.574,-3.014
-0.428,1.103,5.588,1.017,2.574,-3.014
-0.431,1.107,5.588,1.02,2.574,-3.014
-0.437,1.111,5.588,1.021,2.574,-3.014
-0.441,1.11,5.588,1.019,2.574,-3.014
-0.454,1.118,5.588,1.022,2.574,-3.014
-0.455,1.119,5.588,1.023,2.574,-3.014
-0.457,1.123,5.588,1.026,2.574,-3.014
-0.452,1.124,5.588,1.029,2.574,-3.014
-0.457,1.127,5.588,1.03,2.574,-3.014
-0.462,1.13,5.588,1.031,2.574,-3.014
-0.461,1.128,5.588,1.03,2.574,-3.014
-0.458,1.125,5.588,1.027,2.574,-3.014
-0.459,1.127,5.588,1.029,2.574,-3.014
-0.457,1.129,5.588,1.032,2.574,-3.014
-0.461,1.132,5.588,1.034,2.574,-3.014
-0.466,1.134,5.588,1.034,2.574,-3.014
-0.467,1.136,5.588,1.035,2.574,-3.014
-0.471,1.138,5.588,1.036,2.574,-3.014
-0.472,1.141,5.588,1.039,2.574,-3.014
-0.472,1.139,5.588,1.037,2.574,-3.014
-0.474,1.142,5.588,1.038,2.574,-3.014
-0.466,1.137,5.588,1.037,2.574,-3.014
-0.459,1.133,5.588,1.036,2.574,-3.014
-0.467,1.134,5.588,1.034,2.574,-3.014
-0.47,1.133,5.588,1.031,2.574,-3.014
-0.469,1.134,5.588,1.033,2.574,-3.014
-0.484,1.137,4.9,1.029,1.887,-3.014
-0.483,1.137,4.9,1.03,1.887,-3.014
-0.476,1.138,5.388,1.034,2.375,-3.014
-0.477,1.141,5.388,1.037,2.375,-3.014
-0.478,1.143,5.388,1.038,2.375,-3.014
-0.474,1.142,5.388,1.039,2.375,-3.014
-0.478,1.149,5.388,1.045,2.375,-3.014
-0.471,1.148,5.388,1.046,2.375,-3.014
-0.471,1.151,5.388,1.05,2.375,-3.014
-0.465,1.15,5.388,1.052,2.375,-3.014
-0.461,1.151,5.388,1.054,2.375,-3.014
-0.462,1.15,5.388,1.054,2.375,-3.014
-0.455,1.149,5.388,1.054,2.375,-3.014
-0.446,1.144,5.388,1.053,2.375,-3.014
-0.445,1.147,5.388,1.057,2.375,-3.014
-0.443,1.149,5.388,1.06,2.375,-3.014
-0.436,1.145,5.388,1.059,2.375,-3.014
-0.435,1.146,5.388,1.06,2.375,-3.014
-0.438,1.15,5.388,1.063,2.375,-3.014
-0.437,1.151,5.388,1.065,2.375,-3.014
-0.434,1.152,5.388,1.067,2.375,-3.014
-0.432,1.152,5.388,1.068,2.375,-3.014
-0.426,1.151,5.388,1.069,2.375,-3.014
-0.419,1.152,5.388,1.073,2.375,-3.014
-0.417,1.158,5.388,1.08,2.375,-3.014
-0.412,1.155,5.388,1.079,2.375,-3.014
-0.411,1.157,5.388,1.081,2.375,-3.014
-0.404,1.156,5.388,1.083,2.375,-3.014
-0.397,1.155,5.388,1.084,2.375,-3.014
-0.392,1.154,5.388,1.085,2.375,-3.014
-0.39,1.152,5.388,1.084,2.375,-3.014
-0.388,1.151,5.388,1.084,2.375,-3.014
-0.382,1.147,5.388,1.082,2.375,-3.014
-0.37,1.141,5.388,1.079,2.375,-3.014
-0.362,1.137,5.388,1.078,2.375,-3.014
-0.354,1.134,5.388,1.077,2.375,-3.014
-0.346,1.13,5.388,1.076,2.375,-3.014
-0.338,1.128,5.388,1.076,2.375,-3.014
-0.336,1.129,5.388,1.078,2.375,-3.014
-0.328,1.13,5.388,1.081,2.375,-3.014
-0.319,1.131,5.521,1.085,2.508,-3.014
-0.31,1.128,5.521,1.085,2.508,-3.014
-0.309,1.126,5.521,1.083,2.508,-3.014
-0.302,1.127,5.521,1.086,2.508,-3.014
-0.295,1.126,5.521,1.087,2.508,-3.014
-0.293,1.128,5.521,1.09,2.508,-3.014
-0.286,1.123,5.521,1.086,2.508,-3.014
-0.269,1.128,5.699,1.095,2.685,-3.014
-0.273,1.126,5.699,1.092,2.685,-3.014
-0.271,1.123,5.699,1.09,2.685,-3.014
-0.263,1.121,5.699,1.09,2.685,-3.014
-0.254,1.118,5.699,1.089,2.685,-3.014
-0.248,1.116,5.699,1.088,2.685,-3.014
-0.235,1.12,5.699,1.095,2.685,-3.014
-0.225,1.125,5.699,1.103,2.685,-3.014
-0.207,1.128,5.699,1.109,2.685,-3.014
-0.201,1.122,5.699,1.104,2.685,-3.014
-0.189,1.122,6.031,1.106,3.018,-3.014
-0.174,1.123,6.031,1.109,3.018,-3.014
-0.172,1.119,6.031,1.105,3.018,-3.014
-0.161,1.123,6.031,1.112,3.018,-3.014
-0.156,1.127,6.031,1.116,3.018,-3.014
-0.147,1.128,6.231,1.119,3.217,-3.014
-0.142,1.129,6.231,1.12,3.217,-3.014
-0.145,1.133,6.231,1.124,3.217,-3.014
-0.149,1.137,6.231,1.127,3.217,-3.014
-0.144,1.136,6.231,1.127,3.217,-3.014
-0.138,1.138,6.231,1.13,3.217,-3.014
-0.129,1.132,6.231,1.125,3.217,-3.014
-0.127,1.131,6.231,1.124,3.217,-3.014
-0.119,1.127,6.231,1.121,3.217,-3.014
-0.113,1.126,6.231,1.12,3.217,-3.014
-0.109,1.121,6.231,1.116,3.217,-3.014
-0.1,1.119,6.231,1.115,3.217,-3.014
-0.09,1.116,6.231,1.112,3.217,-3.014
-0.079,1.113,6.231,1.11,3.217,-3.014
-0.07,1.111,6.231,1.108,3.217,-3.014
-0.067,1.107,6.231,1.105,3.217,-3.014
-0.058,1.103,6.231,1.102,3.217,-3.014
-0.05,1.101,6.231,1.1,3.217,-3.014
-0.041,1.096,6.231,1.095,3.217,-3.014
-0.023,1.091,6.231,1.091,3.217,-3.014
-0.01,1.086,6.231,1.086,3.217,-3.014
0.003,1.086,6.231,1.086,3.217,-3.014
0.01,1.082,6.231,1.081,3.217,-3.014
0.021,1.079,6.231,1.078,3.217,-3.014
0.034,1.073,5.81,1.073,3.217,-2.592
0.042,1.069,5.81,1.068,3.217,-2.592
0.058,1.075,5.81,1.074,3.217,-2.592
0.071,1.075,5.81,1.072,3.217,-2.592
0.081,1.078,6.364,1.075,3.772,-2.592
0.092,1.076,6.364,1.072,3.772,-2.592
0.102,1.074,6.364,1.069,3.772,-2.592
0.11,1.074,6.364,1.069,3.772,-2.592
0.12,1.072,6.364,1.066,3.772,-2.592
0.126,1.068,6.364,1.061,3.772,-2.592
0.142,1.063,6.364,1.054,3.772,-2.592
0.155,1.062,6.364,1.051,3.772,-2.592
0.172,1.054,6.364,1.04,3.772,-2.592
0.181,1.052,6.364,1.036,3.772,-2.592
0.188,1.049,6.364,1.032,3.772,-2.592
0.191,1.048,6.364,1.03,3.772,-2.592
0.197,1.045,6.364,1.026,3.772,-2.592
0.21,1.04,6.364,1.019,3.772,-2.592
0.219,1.038,6.364,1.015,3.772,-2.592
0.229,1.039,6.364,1.014,3.772,-2.592
0.235,1.036,6.364,1.009,3.772,-2.592
0.243,1.036,6.364,1.007,3.772,-2.592
0.253,1.034,6.364,1.002,3.772,-2.592
0.265,1.031,6.364,0.996,3.772,-2.592
0.279,1.026,6.364,0.987,3.772,-2.592
0.294,1.022,6.364,0.979,3.772,-2.592
0.3,1.017,6.364,0.972,3.772,-2.592
0.306,1.016,6.364,0.969,3.772,-2.592
0.318,1.015,6.364,0.964,3.772,-2.592
0.325,1.011,6.364,0.957,3.772,-2.592
0.335,1.008,6.364,0.951,3.772,-2.592
0.345,1.008,6.364,0.947,3.772,-2.592
0.353,1.008,6.364,0.945,3.772,-2.592
0.365,1.006,6.364,0.938,3.772,-2.592
0.377,1.003,6.364,0.929,3.772,-2.592
0.388,1.002,6.364,0.923,3.772,-2.592
0.397,0.995,6.364,0.913,3.772,-2.592
0.406,0.993,6.364,0.906,3.772,-2.592
0.42,0.987,6.364,0.893,3.772,-2.592
0.43,0.986,6.364,0.887,3.772,-2.592
0.441,0.98,6.364,0.876,3.772,-2.592
0.444,0.981,6.364,0.875,3.772,-2.592
0.456,0.979,6.364,0.867,3.772,-2.592
0.462,0.977,6.364,0.861,3.772,-2.592
0.471,0.976,6.364,0.855,3.772,-2.592
0.486,0.974,6.364,0.844,3.772,-2.592
0.495,0.974,6.364,0.84,3.772,-2.592
0.502,0.977,6.364,0.838,3.772,-2.592
0.513,0.974,6.364,0.828,3.772,-2.592
0.525,0.972,6.364,0.818,3.772,-2.592
0.53,0.972,6.364,0.815,3.772,-2.592
0.542,0.971,6.364,0.806,3.772,-2.592
0.557,0.968,5.987,0.791,3.772,-2.215
0.568,0.966,5.987,0.782,3.772,-2.215
0.576,0.966,5.987,0.776,3.772,-2.215
0.583,0.965,5.987,0.769,3.772,-2.215
0.585,0.966,5.987,0.768,3.772,-2.215
0.591,0.967,5.987,0.765,3.772,-2.215
0.597,0.963,5.987,0.755,3.772,-2.215
0.603,0.964,5.987,0.752,3.772,-2.215
0.607,0.965,5.987,0.75,3.772,-2.215
0.614,0.969,5.987,0.749,3.772,-2.215
0.616,0.971,5.987,0.751,3.772,-2.215
0.622,0.973,5.987,0.748,3.772,-2.215
0.631,0.975,5.987,0.743,3.772,-2.215
0.636,0.975,5.987,0.74,3.772,-2.215
0.635,0.978,5.987,0.744,3.772,-2.215
0.636,0.98,5.987,0.745,3.772,-2.215
0.635,0.983,5.987,0.75,3.772,-2.215
0.636,0.985,5.987,0.752,3.772,-2.215
0.638,0.987,5.987,0.754,3.772,-2.215
0.643,0.992,5.987,0.756,3.772,-2.215
0.645,0.994,5.987,0.757,3.772,-2.215
0.647,0.996,5.987,0.757,3.772,-2.215
0.646,0.993,5.987,0.754,3.772,-2.215
0.649,0.994,5.987,0.753,3.772,-2.215
0.647,0.999,5.987,0.761,3.772,-2.215
0.647,0.999,5.987,0.761,3.772,-2.215
0.647,1.0,5.987,0.763,3.772,-2.215
0.646,1.002,5.987,0.766,3.772,-2.215
0.648,1.004,5.987,0.767,3.772,-2.215
0.636,1.0,5.987,0.772,3.772,-2.215
0.645,1.003,5.987,0.768,3.772,-2.215
0.649,1.007,5.987,0.77,3.772,-2.215
0.653,1.009,5.987,0.769,3.772,-2.215
0.659,1.01,5.987,0.766,3.772,-2.215
0.656,1.009,5.987,0.767,3.772,-2.215
0.653,1.003,5.987,0.761,3.772,-2.215
0.652,0.998,5.987,0.756,3.772,-2.215
0.646,0.991,5.987,0.751,3.772,-2.215
0.654,0.995,5.987,0.75,3.772,-2.215
0.652,0.994,5.987,0.75,3.772,-2.215
0.651,0.989,5.987,0.745,3.772,-2.215
0.651,0.992,5.987,0.748,3.772,-2.215
0.649,0.984,5.987,0.74,3.772,-2.215
0.65,0.977,5.987,0.73,3.772,-2.215
0.649,0.975,5.987,0.727,3.772,-2.215
0.652,0.971,5.987,0.72,3.772,-2.215
0.656,0.966,5.854,0.708,3.772,-2.082
0.662,0.96,5.854,0.696,3.772,-2.082
0.664,0.957,5.854,0.69,3.772,-2.082
0.665,0.954,5.854,0.683,3.772,-2.082
0.668,0.953,5.677,0.679,3.772,-1.905
0.668,0.954,5.677,0.681,3.772,-1.905
0.666,0.957,5.677,0.687,3.772,-1.905
0.661,0.959,5.677,0.695,3.772,-1.905
0.657,0.965,5.677,0.707,3.772,-1.905
0.654,0.967,5.677,0.712,3.772,-1.905
0.648,0.97,5.677,0.723,3.772,-1.905
0.647,0.972,5.677,0.726,3.772,-1.905
0.648,0.975,5.677,0.728,3.772,-1.905
0.655,0.979,5.677,0.727,3.772,-1.905
0.658,0.98,5.677,0.727,3.772,-1.905
0.655,0.981,5.677,0.73,3.772,-1.905
0.655,0.983,5.721,0.734,3.772,-1.949
0.653,0.981,5.721,0.732,3.772,-1.949
0.654,0.984,5.721,0.735,3.772,-1.949
0.649,0.983,5.721,0.738,3.772,-1.949
0.653,0.986,5.721,0.739,3.772,-1.949
0.648,0.99,5.721,0.748,3.772,-1.949
0.65,0.99,5.721,0.747,3.772,-1.949
0.65,0.994,5.721,0.752,3.772,-1.949
0.639,0.988,5.721,0.753,3.772,-1.949
0.634,0.988,5.721,0.757,3.772,-1.949
0.63,0.986,4.169,0.759,2.219,-1.949
0.627,0.986,4.169,0.762,2.219,-1.949
0.621,0.985,4.169,0.764,2.219,-1.949
0.62,0.985,4.169,0.766,2.219,-1.949
0.616,0.986,4.169,0.77,2.219,-1.949
0.614,0.989,4.169,0.776,2.219,-1.949
0.614,0.989,4.169,0.776,2.219,-1.949
0.61,0.989,4.169,0.779,2.219,-1.949
0.602,0.991,4.169,0.787,2.219,-1.949
0.595,0.994,4.169,0.796,2.219,-1.949
0.597,0.995,4.169,0.796,2.219,-1.949
0.598,0.997,4.169,0.798,2.219,-1.949
0.592,0.999,4.169,0.805,2.219,-1.949
0.583,1.003,4.169,0.816,2.219,-1.949
0.581,1.005,4.169,0.82,2.219,-1.949
0.571,1.005,4.169,0.826,2.219,-1.949
0.569,1.007,4.169,0.831,2.219,-1.949
0.56,1.007,4.169,0.837,2.219,-1.949
0.552,1.008,4.169,0.843,2.219,-1.949
0.551,1.008,4.169,0.844,2.219,-1.949
0.543,1.013,4.169,0.855,2.219,-1.949
0.534,1.012,4.169,0.86,2.219,-1.949
0.531,1.014,4.169,0.864,2.219,-1.949
0.525,1.016,4.169,0.869,2.219,-1.949
0.522,1.016,4.169,0.872,2.219,-1.949
0.521,1.018,4.169,0.874,2.219,-1.949
0.514,1.019,4.169,0.879,2.219,-1.949
0.512,1.018,4.169,0.88,2.219,-1.949
0.509,1.016,4.169,0.88,2.219,-1.949
0.5,1.017,4.169,0.886,2.219,-1.949
0.495,1.017,4.169,0.889,2.219,-1.949
0.49,1.016,4.169,0.89,2.219,-1.949
0.488,1.015,4.169,0.89,2.219,-1.949
0.481,1.018,4.235,0.898,2.219,-2.016
0.478,1.018,4.235,0.899,2.219,-2.016
0.468,1.02,4.235,0.906,2.219,-2.016
0.468,1.02,4.235,0.907,2.219,-2.016
0.466,1.019,4.235,0.906,2.219,-2.016
0.46,1.02,4.235,0.911,2.219,-2.016
0.453,1.019,4.235,0.913,2.219,-2.016
0.45,1.016,4.235,0.911,2.219,-2.016
0.44,1.015,4.235,0.914,2.219,-2.016
0.44,1.017,4.235,0.917,2.219,-2.016
0.425,1.019,4.235,0.927,2.219,-2.016
0.423,1.019,4.235,0.927,2.219,-2.016
0.418,1.019,4.235,0.929,2.219,-2.016
0.412,1.018,4.235,0.931,2.219,-2.016
0.403,1.018,4.257,0.935,2.219,-2.038
0.389,1.02,4.28,0.943,2.219,-2.06
0.379,1.02,4.28,0.947,2.219,-2.06
0.373,1.02,4.28,0.949,2.219,-2.06
0.363,1.023,4.413,0.956,2.219,-2.193
0.363,1.022,4.413,0.956,2.219,-2.193
0.36,1.02,4.413,0.955,2.219,-2.193
0.353,1.022,4.413,0.96,2.219,-2.193
0.347,1.022,4.413,0.961,2.219,-2.193
0.346,1.02,4.413,0.96,2.219,-2.193
0.336,1.019,4.413,0.962,2.219,-2.193
0.335,1.016,4.413,0.96,2.219,-2.193
0.329,1.016,4.413,0.962,2.219,-2.193
0.322,1.013,4.413,0.961,2.219,-2.193
0.321,1.012,4.413,0.959,2.219,-2.193
0.321,1.012,4.413,0.959,2.219,-2.193
0.313,1.016,4.413,0.966,2.219,-2.193
0.306,1.02,4.413,0.973,2.219,-2.193
0.3,1.02,4.413,0.975,2.219,-2.193
0.291,1.023,4.413,0.981,2.219,-2.193
0.281,1.022,4.501,0.983,2.219,-2.282
0.274,1.024,4.501,0.987,2.219,-2.282
0.268,1.022,4.501,0.987,2.219,-2.282
0.266,1.021,4.501,0.985,2.219,-2.282
0.258,1.021,4.102,0.988,1.82,-2.282
0.263,1.017,4.102,0.983,1.82,-2.282
0.254,1.017,4.102,0.984,1.82,-2.282
0.25,1.017,4.102,0.986,1.82,-2.282
0.244,1.019,4.102,0.989,1.82,-2.282
0.237,1.018,4.102,0.99,1.82,-2.282
0.237,1.018,4.102,0.989,1.82,-2.282
0.227,1.019,4.102,0.993,1.82,-2.282
0.221,1.021,4.102,0.997,1.82,-2.282
0.218,1.02,4.102,0.996,1.82,-2.282
0.207,1.021,4.102,1.0,1.82,-2.282
0.202,1.025,4.102,1.005,1.82,-2.282
0.194,1.027,4.102,1.008,1.82,-2.282
0.186,1.025,4.102,1.008,1.82,-2.282
0.176,1.025,4.102,1.01,1.82,-2.282
0.164,1.026,4.102,1.013,1.82,-2.282
0.164,1.022,4.102,1.009,1.82,-2.282
0.155,1.024,4.102,1.012,1.82,-2.282
0.148,1.024,4.102,1.013,1.82,-2.282
0.137,1.026,4.102,1.017,1.82,-2.282
0.13,1.03,4.102,1.022,1.82,-2.282
0.12,1.032,4.013,1.025,1.732,-2.282
0.115,1.031,4.013,1.025,1.732,-2.282
0.105,1.034,4.191,1.028,1.732,-2.459
0.093,1.038,4.191,1.034,1.732,-2.459
0.088,1.041,4.191,1.037,1.732,-2.459
0.086,1.04,4.191,1.037,1.732,-2.459
0.076,1.041,4.191,1.038,1.732,-2.459
0.076,1.04,4.191,1.037,1.732,-2.459
0.077,1.04,4.191,1.038,1.732,-2.459
0.069,1.044,4.191,1.042,1.732,-2.459
0.064,1.042,4.191,1.04,1.732,-2.459
0.055,1.045,4.191,1.044,1.732,-2.459
0.051,1.048,4.191,1.047,1.732,-2.459
0.04,1.05,4.191,1.049,1.732,-2.459
0.038,1.05,4.191,1.049,1.732,-2.459
0.025,1.052,4.191,1.051,1.732,-2.459
0.013,1.055,4.191,1.055,1.732,-2.459
0.004,1.061,4.191,1.061,1.732,-2.459
0.001,1.062,4.191,1.062,1.732,-2.459
-0.012,1.067,4.191,1.067,1.732,-2.459
-0.023,1.067,4.191,1.067,1.732,-2.459
-0.031,1.07,4.191,1.07,1.732,-2.459
-0.043,1.073,4.191,1.073,1.732,-2.459
-0.044,1.071,4.191,1.07,1.732,-2.459
-0.051,1.069,4.191,1.068,1.732,-2.459
-0.054,1.066,4.191,1.065,1.732,-2.459
-0.056,1.063,4.191,1.061,1.732,-2.459
-0.06,1.062,4.191,1.061,1.732,-2.459
-0.068,1.061,4.191,1.059,1.732,-2.459
-0.075,1.065,4.191,1.062,1.732,-2.459
-0.086,1.068,4.191,1.065,1.732,-2.459
-0.099,1.071,4.191,1.066,1.732,-2.459
-0.104,1.071,4.191,1.065,1.732,-2.459
-0.113,1.072,4.191,1.065,1.732,-2.459
-0.123,1.072,4.191,1.065,1.732,-2.459
-0.128,1.073,4.191,1.065,1.732,-2.459
-0.128,1.073,4.191,1.066,1.732,-2.459
-0.138,1.077,4.191,1.068,1.732,-2.459
-0.151,1.081,4.191,1.07,1.732,-2.459
-0.161,1.084,4.546,1.072,2.086,-2.459
-0.158,1.091,5.033,1.08,2.574,-2.459
-0.157,1.092,5.033,1.08,2.574,-2.459
-0.167,1.093,5.033,1.08,2.574,-2.459
-0.171,1.093,5.033,1.079,2.574,-2.459
-0.179,1.093,5.033,1.078,2.574,-2.459
-0.185,1.095,5.033,1.079,2.574,-2.459
-0.186,1.093,5.033,1.077,2.574,-2.459
-0.193,1.092,5.033,1.075,2.574,-2.459
-0.191,1.085,5.033,1.068,2.574,-2.459
-0.189,1.084,5.033,1.067,2.574,-2.459
-0.199,1.084,5.033,1.065,2.574,-2.459
-0.207,1.084,5.033,1.065,2.574,-2.459
-0.213,1.082,5.033,1.06,2.574,-2.459
-0.224,1.084,5.033,1.061,2.574,-2.459
-0.223,1.083,5.033,1.06,2.574,-2.459
-0.227,1.082,5.033,1.057,2.574,-2.459
-0.234,1.081,5.033,1.055,2.574,-2.459
-0.237,1.079,5.033,1.053,2.574,-2.459
-0.248,1.084,5.078,1.055,2.574,-2.504
-0.256,1.088,5.078,1.057,2.574,-2.504
-0.266,1.089,5.078,1.056,2.574,-2.504
-0.267,1.085,5.078,1.051,2.574,-2.504
-0.27,1.084,5.078,1.05,2.574,-2.504
-0.274,1.082,5.078,1.047,2.574,-2.504
-0.28,1.081,5.078,1.044,2.574,-2.504
-0.295,1.087,5.078,1.046,2.574,-2.504
-0.301,1.086,5.078,1.043,2.574,-2.504
-0.299,1.087,5.078,1.045,2.574,-2.504
-0.305,1.087,5.078,1.043,2.574,-2.504
-0.304,1.085,5.078,1.042,2.574,-2.504
-0.315,1.083,5.078,1.037,2.574,-2.504
-0.307,1.079,5.078,1.034,2.574,-2.504
-0.313,1.078,5.078,1.031,2.574,-2.504
-0.32,1.078,5.078,1.029,2.574,-2.504
-0.325,1.078,5.078,1.027,2.574,-2.504
-0.33,1.077,5.078,1.025,2.574,-2.504
-0.33,1.076,5.078,1.024,2.574,-2.504
-0.332,1.076,5.078,1.023,2.574,-2.504
-0.335,1.075,5.078,1.022,2.574,-2.504
-0.335,1.071,5.078,1.017,2.574,-2.504
-0.34,1.071,5.078,1.016,2.574,-2.504
-0.345,1.071,5.078,1.014,2.574,-2.504
-0.345,1.068,5.078,1.011,2.574,-2.504
-0.352,1.07,5.078,1.01,2.574,-2.504
-0.359,1.07,5.078,1.008,2.574,-2.504
-0.367,1.073,5.078,1.008,2.574,-2.504
-0.373,1.075,5.078,1.009,2.574,-2.504
-0.38,1.074,5.078,1.005,2.574,-2.504
-0.383,1.074,5.078,1.004,2.574,-2.504
-0.393,1.078,5.078,1.004,2.574,-2.504
-0.401,1.08,5.078,1.003,2.574,-2.504
-0.4,1.079,5.078,1.003,2.574,-2.504
-0.401,1.081,5.078,1.003,2.574,-2.504
-0.401,1.083,5.078,1.006,2.574,-2.504
-0.407,1.084,5.078,1.005,2.574,-2.504
-0.409,1.085,5.078,1.005,2.574,-2.504
-0.414,1.086,5.078,1.004,2.574,-2.504
-0.417,1.088,5.078,1.005,2.574,-2.504
-0.421,1.09,5.078,1.005,2.574,-2.504
-0.424,1.093,5.078,1.007,2.574,-2.504
-0.426,1.096,5.078,1.009,2.574,-2.504
-0.433,1.1,5.1,1.012,2.574,-2.526
-0.439,1.102,5.1,1.011,2.574,-2.526
-0.437,1.099,5.1,1.009,2.574,-2.526
-0.438,1.099,5.1,1.009,2.574,-2.526
-0.442,1.098,5.1,1.005,2.574,-2.526
-0.446,1.1,5.1,1.006,2.574,-2.526
-0.45,1.1,5.1,1.004,2.574,-2.526
-0.458,1.102,5.1,1.002,2.574,-2.526
-0.458,1.102,5.1,1.003,2.574,-2.526
-0.458,1.103,5.1,1.003,2.574,-2.526
-0.462,1.102,5.1,1.0,2.574,-2.526
-0.472,1.106,5.1,1.0,2.574,-2.526
-0.472,1.108,5.1,1.002,2.574,-2.526
-0.47,1.105,5.1,1.0,2.574,-2.526
-0.484,1.112,5.1,1.001,2.574,-2.526
-0.485,1.11,5.1,0.999,2.574,-2.526
-0.49,1.113,5.1,0.999,2.574,-2.526
-0.489,1.112,5.1,0.998,2.574,-2.526
-0.493,1.11,5.1,0.995,2.574,-2.526
-0.495,1.111,5.1,0.995,2.574,-2.526
-0.495,1.112,5.1,0.996,2.574,-2.526
-0.489,1.109,5.1,0.995,2.574,-2.526
-0.49,1.107,5.1,0.993,2.574,-2.526
-0.494,1.108,5.1,0.991,2.574,-2.526
-0.497,1.109,5.1,0.991,2.574,-2.526
-0.5,1.113,5.1,0.994,2.574,-2.526
-0.506,1.118,5.1,0.997,2.574,-2.526
-0.52,1.126,5.1,0.998,2.574,-2.526
-0.515,1.123,5.1,0.998,2.574,-2.526
-0.51,1.124,5.1,1.002,2.574,-2.526
-0.509,1.124,5.1,1.002,2.574,-2.526
-0.506,1.12,5.1,0.999,2.574,-2.526
-0.503,1.119,5.1,1.0,2.574,-2.526
-0.509,1.122,5.1,1.0,2.574,-2.526
-0.513,1.125,5.189,1.002,2.574,-2.615
-0.512,1.126,5.189,1.003,2.574,-2.615
-0.518,1.129,5.189,1.003,2.574,-2.615
-0.524,1.13,5.189,1.002,2.574,-2.615
-0.523,1.132,5.189,1.004,2.574,-2.615
-0.521,1.133,5.189,1.006,2.574,-2.615
-0.526,1.137,5.189,1.009,2.574,-2.615
