mean,RMS,ptp,std,max,min
0.128,0.324,0.729,0.297,0.467,-0.262
0.119,0.205,0.386,0.166,0.338,-0.048
0.308,0.421,0.858,0.287,0.788,-0.069
0.106,0.205,0.45,0.175,0.209,-0.241
0.312,0.569,1.329,0.476,0.81,-0.52
0.287,0.331,0.364,0.165,0.488,0.124
0.368,0.382,0.3,0.102,0.488,0.188
-0.099,0.73,1.865,0.723,0.381,-1.484
-0.76,1.114,1.973,0.815,0.338,-1.635
0.222,0.297,0.536,0.196,0.51,-0.027
-0.014,0.791,2.273,0.791,0.745,-1.527
0.355,0.554,1.179,0.426,0.938,-0.241
0.218,0.944,2.551,0.919,1.11,-1.442
0.175,0.983,2.251,0.967,1.046,-1.206
0.059,0.954,2.38,0.952,1.024,-1.356
-0.177,0.87,1.887,0.852,0.617,-1.27
0.029,0.745,1.908,0.744,0.81,-1.099
0.467,0.525,0.643,0.241,0.745,0.102
-0.743,1.168,2.123,0.901,0.445,-1.677
0.437,0.484,0.557,0.209,0.617,0.059
0.505,0.508,0.15,0.053,0.595,0.445
0.334,0.524,1.072,0.405,1.131,0.059
0.106,0.708,1.951,0.7,0.681,-1.27
-0.417,0.986,2.123,0.893,0.638,-1.484
-0.477,1.143,2.466,1.039,1.024,-1.442
0.608,0.622,0.322,0.13,0.831,0.51
-0.4,1.1,2.359,1.025,0.917,-1.442
0.479,0.489,0.257,0.095,0.595,0.338
-0.537,1.217,2.594,1.093,1.067,-1.527
-0.43,1.354,3.473,1.284,0.81,-2.664
-0.095,0.858,2.144,0.853,0.895,-1.249
0.449,0.711,1.501,0.551,1.11,-0.391
-0.082,0.647,1.608,0.642,0.574,-1.034
0.449,0.671,1.308,0.499,1.003,-0.305
-0.172,1.036,2.401,1.021,0.874,-1.527
0.188,0.665,1.737,0.638,0.66,-1.077
-0.931,1.166,2.015,0.702,0.124,-1.892
-0.524,0.944,2.037,0.786,0.681,-1.356
-0.507,1.125,2.594,1.005,0.745,-1.849
-0.181,0.785,2.015,0.764,0.488,-1.527
-0.087,0.707,1.908,0.702,0.638,-1.27
-0.061,0.865,1.887,0.862,0.788,-1.099
0.184,0.825,1.801,0.805,0.938,-0.863
-0.533,0.934,1.951,0.768,0.745,-1.206
0.441,1.095,2.766,1.003,1.239,-1.527
-0.202,0.893,2.337,0.87,1.131,-1.206
0.75,1.065,1.973,0.756,1.26,-0.713
0.647,0.937,1.887,0.678,1.367,-0.52
0.214,0.917,2.316,0.892,1.239,-1.077
0.381,0.994,2.637,0.919,1.26,-1.377
-0.876,1.081,1.715,0.634,0.381,-1.334
0.6,1.343,3.731,1.202,2.311,-1.42
0.424,0.655,1.351,0.5,0.81,-0.541
0.368,0.715,1.651,0.613,0.81,-0.841
-0.803,1.297,2.53,1.019,0.51,-2.021
-0.327,0.924,2.015,0.865,0.831,-1.184
-0.584,1.009,1.951,0.823,0.51,-1.442
-0.773,1.394,2.873,1.16,0.853,-2.021
0.372,0.997,2.83,0.925,1.603,-1.227
-0.494,0.975,1.887,0.84,0.595,-1.292
-0.348,0.878,2.058,0.806,0.874,-1.184
0.527,0.597,0.643,0.282,0.831,0.188
0.124,0.964,2.101,0.956,1.067,-1.034
0.304,0.777,1.994,0.715,0.917,-1.077
-0.978,1.328,2.38,0.898,0.81,-1.57
-0.048,0.638,1.544,0.636,0.745,-0.798
-0.588,0.964,2.058,0.764,0.895,-1.163
0.321,0.848,2.058,0.785,0.831,-1.227
-0.249,0.938,2.08,0.904,0.724,-1.356
0.214,1.135,2.573,1.115,1.303,-1.27
0.582,0.969,2.08,0.775,1.153,-0.927
0.244,0.947,2.166,0.916,1.667,-0.498
0.218,1.157,2.487,1.136,1.324,-1.163
-0.151,0.991,2.316,0.98,1.153,-1.163
0.106,0.802,1.758,0.795,0.788,-0.97
-0.292,1.132,2.53,1.093,1.067,-1.463
0.424,0.76,1.758,0.631,0.938,-0.82
0.166,0.886,1.887,0.871,0.981,-0.906
0.308,0.859,1.78,0.801,1.11,-0.67
0.715,1.032,1.973,0.744,1.217,-0.756
-0.502,1.176,2.873,1.063,1.389,-1.484
0.244,1.011,2.38,0.981,1.324,-1.056
0.158,0.898,1.951,0.884,1.003,-0.948
0.265,0.905,2.101,0.865,1.217,-0.884
0.895,1.17,1.994,0.754,1.389,-0.605
0.016,0.929,2.316,0.929,1.217,-1.099
0.93,0.937,0.343,0.119,1.046,0.702
-0.37,0.691,1.544,0.584,0.788,-0.756
0.162,0.75,1.522,0.732,0.767,-0.756
0.042,0.637,1.737,0.636,0.917,-0.82
0.531,0.952,2.08,0.79,1.067,-1.013
0.561,1.147,2.251,1.0,1.56,-0.691
1.144,1.17,0.557,0.245,1.431,0.874
0.488,1.114,2.166,1.002,1.389,-0.777
0.763,1.12,2.144,0.82,1.281,-0.863
-0.039,1.034,2.38,1.033,1.303,-1.077
0.54,0.714,1.265,0.468,0.874,-0.391
0.329,0.894,2.273,0.832,1.153,-1.12
0.668,1.157,2.573,0.945,1.367,-1.206
1.011,1.04,0.729,0.242,1.453,0.724
1.05,1.414,2.937,0.948,2.396,-0.541
-0.082,0.846,1.951,0.842,1.088,-0.863
1.118,1.147,0.729,0.255,1.496,0.767
-0.391,0.684,1.694,0.561,0.638,-1.056
0.72,1.076,2.294,0.8,1.453,-0.841
0.634,0.842,1.501,0.554,1.11,-0.391
1.05,1.076,0.622,0.234,1.453,0.831
1.273,1.29,0.579,0.209,1.56,0.981
0.278,0.949,2.015,0.907,1.453,-0.563
1.359,1.382,0.686,0.254,1.775,1.088
1.367,1.373,0.3,0.122,1.496,1.196
1.17,1.351,1.994,0.675,1.903,-0.091
1.088,1.505,2.83,1.039,1.989,-0.841
0.908,1.266,1.973,0.882,1.732,-0.241
0.655,1.308,2.594,1.132,1.753,-0.841
0.844,1.006,1.501,0.547,1.389,-0.112
0.445,1.013,2.294,0.91,1.539,-0.756
1.144,1.417,2.251,0.835,1.775,-0.477
0.651,1.013,2.23,0.776,1.389,-0.841
0.282,0.861,1.887,0.813,1.303,-0.584
0.437,1.056,2.251,0.962,1.775,-0.477
0.685,1.081,1.78,0.836,1.431,-0.348
0.973,1.078,1.201,0.464,1.26,0.059
0.672,1.123,2.037,0.899,1.517,-0.52
0.844,1.064,1.844,0.648,1.517,-0.327
0.818,1.187,1.887,0.86,1.624,-0.262
-0.005,0.76,2.015,0.76,1.474,-0.541
0.505,1.126,2.509,1.007,1.474,-1.034
-0.125,0.601,1.758,0.587,0.981,-0.777
0.604,0.904,1.608,0.673,1.281,-0.327
-0.142,0.338,0.665,0.307,0.231,-0.434
0.527,1.131,2.316,1.001,1.817,-0.498
1.208,1.4,1.865,0.708,1.667,-0.198
0.055,1.007,2.573,1.006,1.775,-0.798
0.857,1.111,1.737,0.708,1.624,-0.112
1.397,1.433,0.772,0.317,1.839,1.067
1.299,1.484,1.887,0.718,1.775,-0.112
1.522,1.55,0.665,0.293,1.839,1.174
1.234,1.408,1.801,0.678,1.732,-0.069
1.217,1.47,2.337,0.824,1.946,-0.391
1.311,1.571,2.251,0.865,1.839,-0.412
1.046,1.251,1.908,0.687,1.603,-0.305
1.749,1.8,1.158,0.424,2.375,1.217
0.96,1.457,2.487,1.096,1.925,-0.563
0.458,0.954,2.037,0.837,1.732,-0.305
-0.121,0.835,2.208,0.826,1.474,-0.734
0.78,1.172,2.101,0.876,1.517,-0.584
0.355,1.015,2.23,0.951,1.796,-0.434
1.063,1.321,2.166,0.786,1.989,-0.177
0.012,0.967,2.594,0.967,1.925,-0.67
0.415,0.891,1.822,0.789,1.496,-0.327
0.269,0.89,1.994,0.848,1.496,-0.498
0.818,1.066,1.694,0.683,1.41,-0.284
0.278,0.815,2.166,0.766,1.775,-0.391
0.998,1.242,2.037,0.738,1.624,-0.412
0.758,1.145,1.908,0.858,1.539,-0.37
0.981,1.354,2.166,0.933,1.817,-0.348
1.191,1.499,2.294,0.909,1.667,-0.627
1.058,1.401,2.294,0.918,1.989,-0.305
1.552,1.555,0.257,0.103,1.732,1.474
1.44,1.449,0.493,0.164,1.667,1.174
0.351,0.855,1.715,0.779,1.346,-0.37
0.814,1.068,1.822,0.692,1.324,-0.498
0.604,1.048,1.801,0.857,1.324,-0.477
0.793,1.17,2.015,0.861,1.603,-0.412
0.295,0.989,2.123,0.944,1.41,-0.713
0.484,0.905,1.93,0.765,1.453,-0.477
1.573,1.599,0.879,0.286,1.946,1.067
0.685,1.2,2.316,0.984,1.989,-0.327
1.028,1.404,2.123,0.955,1.817,-0.305
0.775,1.13,1.951,0.822,1.732,-0.219
0.462,1.047,2.702,0.939,2.289,-0.412
1.088,1.305,1.908,0.72,1.582,-0.327
1.427,1.47,0.986,0.351,1.796,0.81
0.604,1.14,2.273,0.967,1.882,-0.391
1.007,1.423,2.616,1.006,2.268,-0.348
0.595,0.934,1.544,0.72,1.474,-0.069
0.094,0.562,1.458,0.554,1.11,-0.348
1.359,1.672,2.83,0.975,2.311,-0.52
0.711,0.97,1.715,0.66,1.667,-0.048
0.99,1.283,1.973,0.816,1.817,-0.155
0.848,1.298,2.273,0.982,1.689,-0.584
0.372,1.12,2.53,1.057,1.86,-0.67
0.407,1.114,2.38,1.038,1.86,-0.52
0.672,1.102,2.08,0.873,1.517,-0.563
0.407,1.018,2.573,0.933,2.16,-0.412
-0.005,0.053,0.15,0.053,0.081,-0.069
1.59,1.591,0.15,0.063,1.667,1.517
0.252,0.808,2.144,0.767,1.753,-0.391
0.076,0.632,1.694,0.628,1.324,-0.37
0.724,1.186,2.144,0.939,1.903,-0.241
0.608,0.984,1.78,0.774,1.603,-0.177
0.694,1.132,2.316,0.894,2.096,-0.219
1.247,1.431,1.822,0.702,1.667,-0.155
0.763,1.202,2.101,0.929,1.624,-0.477
-0.168,0.252,0.536,0.188,0.038,-0.498
1.294,1.506,1.973,0.769,1.989,0.016
-0.219,0.284,0.536,0.18,0.124,-0.412
0.106,0.616,1.694,0.607,1.26,-0.434
0.132,0.82,2.187,0.809,1.732,-0.455
0.642,1.249,2.337,1.071,1.946,-0.391
1.136,1.56,2.809,1.07,2.053,-0.756
-0.245,0.262,0.214,0.093,-0.134,-0.348
0.132,0.697,1.908,0.684,1.474,-0.434
-0.494,0.599,0.879,0.338,-0.177,-1.056
0.274,0.903,1.865,0.861,1.389,-0.477
0.106,0.746,1.865,0.738,1.582,-0.284
0.261,0.67,1.822,0.617,1.389,-0.434
1.183,1.326,1.758,0.6,1.796,0.038
0.338,0.69,1.608,0.602,1.26,-0.348
0.381,1.052,2.208,0.981,1.56,-0.648
-0.031,0.763,2.101,0.762,1.474,-0.627
0.715,1.088,1.865,0.82,1.496,-0.37
0.338,0.87,1.865,0.802,1.303,-0.563
1.2,1.204,0.3,0.1,1.389,1.088
0.377,0.949,2.273,0.871,1.667,-0.605
0.372,0.781,1.672,0.686,1.431,-0.241
0.728,1.037,1.801,0.738,1.646,-0.155
1.766,1.82,1.265,0.441,2.568,1.303
0.449,1.049,2.359,0.948,1.796,-0.563
1.234,1.458,2.08,0.777,1.86,-0.219
0.381,0.868,1.93,0.779,1.41,-0.52
0.158,0.937,2.015,0.923,1.281,-0.734
0.299,0.816,1.908,0.759,1.26,-0.648
0.895,1.351,2.294,1.011,1.839,-0.455
0.608,1.012,1.951,0.808,1.667,-0.284
0.038,0.751,1.93,0.75,1.517,-0.412
0.012,0.588,1.565,0.588,1.174,-0.391
0.308,0.709,1.908,0.639,1.431,-0.477
0.377,0.993,2.208,0.919,1.624,-0.584
0.741,1.157,2.015,0.889,1.517,-0.498
-0.181,0.9,2.444,0.882,1.56,-0.884
0.102,0.879,2.487,0.873,1.796,-0.691
1.273,1.547,2.466,0.88,2.118,-0.348
-0.43,0.46,0.45,0.165,-0.305,-0.756
0.497,1.144,2.316,1.031,1.817,-0.498
-0.533,0.55,0.386,0.137,-0.391,-0.777
-0.207,0.872,2.316,0.848,1.453,-0.863
-0.267,0.352,0.622,0.23,0.081,-0.541
-0.232,1.019,2.659,0.992,1.71,-0.948
-0.099,0.62,1.865,0.612,1.003,-0.863
-0.43,0.562,0.879,0.362,0.102,-0.777
1.32,1.337,0.665,0.215,1.603,0.938
0.518,0.943,1.951,0.788,1.346,-0.605
-0.189,0.663,1.715,0.635,0.874,-0.841
0.008,0.591,1.587,0.591,0.917,-0.67
-0.28,0.338,0.45,0.19,-0.027,-0.477
0.359,0.853,2.015,0.774,1.56,-0.455
0.355,0.934,1.865,0.864,1.474,-0.391
-0.151,0.672,1.93,0.655,1.046,-0.884
-0.168,0.764,1.973,0.745,1.303,-0.67
-0.357,0.43,0.729,0.24,0.038,-0.691
0.257,0.986,2.873,0.952,2.032,-0.841
0.441,0.865,2.015,0.744,1.539,-0.477
0.883,1.444,2.616,1.143,2.311,-0.305
0.025,0.699,1.865,0.698,1.41,-0.455
0.75,1.258,2.766,1.01,2.439,-0.327
0.016,0.753,2.058,0.753,1.474,-0.584
-0.292,0.92,2.723,0.872,1.196,-1.527
-0.069,0.911,2.466,0.908,1.71,-0.756
-0.28,0.795,1.93,0.744,1.131,-0.798
-0.048,0.896,2.466,0.894,1.689,-0.777
0.763,1.247,2.294,0.986,1.689,-0.605
-0.091,1.087,3.238,1.083,1.796,-1.442
0.986,1.406,2.659,1.003,1.667,-0.991
-0.481,0.548,0.815,0.263,-0.112,-0.927
0.75,1.279,2.337,1.036,1.646,-0.691
-0.391,0.481,0.686,0.281,-0.134,-0.82
-0.082,1.073,2.959,1.07,2.032,-0.927
-0.061,0.786,2.144,0.784,1.453,-0.691
-0.352,0.841,1.93,0.764,1.174,-0.756
-0.571,0.614,0.536,0.226,-0.284,-0.82
-0.49,0.928,2.144,0.788,0.981,-1.163
-0.412,0.475,0.557,0.236,-0.134,-0.691
-0.061,0.666,1.908,0.663,1.217,-0.691
-0.391,0.742,1.758,0.631,0.853,-0.906
-0.361,0.38,0.343,0.119,-0.134,-0.477
0.467,0.808,1.694,0.66,1.453,-0.241
0.334,1.138,2.466,1.088,1.71,-0.756
0.158,0.877,2.187,0.863,1.882,-0.305
0.132,0.664,1.715,0.651,1.389,-0.327
-0.121,0.855,2.208,0.847,1.56,-0.648
-0.224,0.339,0.772,0.255,0.166,-0.605
0.617,0.943,1.715,0.713,1.582,-0.134
0.668,1.15,2.123,0.936,1.967,-0.155
-0.61,0.68,0.836,0.3,-0.241,-1.077
-0.048,0.726,1.951,0.725,1.367,-0.584
0.158,0.783,1.973,0.767,1.689,-0.284
0.968,1.413,2.466,1.029,1.967,-0.498
-0.567,0.585,0.407,0.145,-0.391,-0.798
0.891,1.305,2.08,0.954,1.796,-0.284
0.518,0.982,2.058,0.834,1.775,-0.284
0.192,0.876,2.359,0.855,1.86,-0.498
0.046,0.685,1.844,0.684,1.367,-0.477
0.184,0.809,2.208,0.788,1.689,-0.52
0.124,0.74,1.844,0.729,1.582,-0.262
0.492,0.863,1.737,0.709,1.517,-0.219
1.269,1.438,1.78,0.677,1.71,-0.069
0.355,0.762,1.908,0.674,1.624,-0.284
-0.065,0.176,0.429,0.164,0.038,-0.391
0.394,0.882,1.994,0.79,1.431,-0.563
-0.168,0.479,1.201,0.448,0.66,-0.541
-0.138,0.314,0.75,0.282,0.274,-0.477
-0.009,0.555,1.672,0.555,1.003,-0.67
0.6,1.317,2.723,1.172,2.118,-0.605
0.218,0.838,2.251,0.809,1.796,-0.455
1.14,1.477,2.144,0.939,2.16,0.016
0.244,0.629,1.565,0.58,1.389,-0.177
0.295,0.873,2.23,0.822,1.925,-0.305
-0.001,0.768,2.123,0.768,1.517,-0.605
-0.412,0.464,0.622,0.213,-0.091,-0.713
0.6,0.935,1.865,0.717,1.517,-0.348
0.265,1.129,2.723,1.097,1.796,-0.927
-0.267,0.311,0.429,0.16,-0.155,-0.584
0.355,0.815,1.951,0.734,1.796,-0.155
-0.095,0.827,2.166,0.821,1.517,-0.648
-0.061,0.604,1.758,0.601,1.003,-0.756
0.874,1.35,2.337,1.029,1.882,-0.455
1.088,1.369,1.973,0.831,1.753,-0.219
0.089,0.652,1.737,0.646,1.367,-0.37
-0.117,0.335,0.879,0.314,0.445,-0.434
1.594,1.598,0.257,0.106,1.732,1.474
0.805,1.153,1.844,0.825,1.56,-0.284
0.325,1.08,2.251,1.03,1.624,-0.627
0.184,0.706,1.801,0.681,1.539,-0.262
0.557,0.966,1.865,0.789,1.474,-0.391
0.188,0.56,1.479,0.528,1.196,-0.284
0.342,0.802,1.694,0.725,1.196,-0.498
0.269,0.842,2.166,0.798,1.839,-0.327
1.191,1.551,2.873,0.993,2.289,-0.584
0.368,0.749,1.608,0.652,1.389,-0.219
0.668,1.19,2.187,0.984,1.496,-0.691
1.067,1.21,1.501,0.57,1.453,-0.048
1.316,1.404,1.244,0.489,1.582,0.338
0.377,0.81,1.758,0.717,1.217,-0.541
-0.207,0.267,0.45,0.17,0.124,-0.327
1.466,1.644,2.058,0.744,2.053,-0.005
0.342,0.847,2.08,0.775,1.86,-0.219
0.454,0.75,1.437,0.597,1.389,-0.048
1.187,1.401,2.015,0.744,1.732,-0.284
-0.009,0.786,2.251,0.786,1.517,-0.734
0.064,0.667,2.015,0.664,1.281,-0.734
0.021,0.055,0.129,0.051,0.081,-0.048
-0.168,0.319,0.75,0.271,0.124,-0.627
0.771,1.064,1.737,0.733,1.603,-0.134
0.891,1.167,1.822,0.753,1.624,-0.198
0.81,1.205,2.166,0.893,1.946,-0.219
0.021,0.411,1.286,0.411,0.702,-0.584
0.475,1.022,2.423,0.905,2.075,-0.348
0.025,0.77,1.994,0.769,1.56,-0.434
1.208,1.378,1.715,0.662,1.646,-0.069
1.556,1.587,0.858,0.311,1.946,1.088
0.424,1.008,2.101,0.915,1.775,-0.327
0.9,1.261,2.187,0.883,1.646,-0.541
0.895,1.251,2.015,0.873,1.86,-0.155
0.355,0.822,2.037,0.741,1.753,-0.284
0.171,0.943,2.015,0.927,1.303,-0.713
-0.318,0.372,0.579,0.193,-0.027,-0.605
0.454,0.794,1.694,0.652,1.732,0.038
0.638,0.954,1.694,0.709,1.603,-0.091
1.62,1.641,0.643,0.26,2.032,1.389
0.531,1.02,2.187,0.871,1.71,-0.477
1.084,1.262,1.822,0.646,1.689,-0.134
1.127,1.43,2.058,0.881,2.118,0.059
0.029,0.234,0.622,0.232,0.295,-0.327
0.432,0.89,2.037,0.778,1.496,-0.541
-0.087,0.216,0.45,0.198,0.145,-0.305
0.968,1.354,2.444,0.946,1.753,-0.691
-0.125,0.258,0.665,0.226,0.124,-0.541
0.84,1.148,1.758,0.783,1.817,0.059
0.754,1.096,2.337,0.796,2.053,-0.284
0.951,1.311,2.551,0.903,1.925,-0.627
1.642,1.82,2.123,0.787,2.203,0.081
0.308,1.009,2.466,0.96,1.925,-0.541
0.81,1.094,1.951,0.735,1.817,-0.134
0.407,0.931,2.251,0.837,2.053,-0.198
0.304,0.801,1.951,0.741,1.775,-0.177
0.308,0.711,1.737,0.64,1.56,-0.177
0.677,1.116,2.144,0.888,1.732,-0.412
0.025,0.649,1.822,0.648,1.217,-0.605
-0.005,0.84,2.208,0.84,1.582,-0.627
0.831,1.313,2.359,1.016,1.925,-0.434
1.311,1.515,1.973,0.758,1.775,-0.198
0.488,0.754,1.565,0.575,1.624,0.059
0.642,0.871,1.286,0.588,1.346,0.059
-0.048,0.121,0.322,0.111,0.102,-0.219
0.612,1.187,2.337,1.017,2.118,-0.219
0.522,0.887,1.973,0.717,1.86,-0.112
0.389,0.617,1.437,0.478,1.281,-0.155
0.805,1.162,2.101,0.837,1.817,-0.284
0.437,0.884,1.694,0.769,1.367,-0.327
1.191,1.43,1.822,0.79,2.032,0.209
0.681,1.247,2.23,1.045,1.989,-0.241
1.178,1.364,1.951,0.687,1.86,-0.091
1.449,1.584,1.78,0.64,1.967,0.188
0.625,1.097,2.058,0.901,1.86,-0.198
0.299,0.867,2.08,0.813,1.925,-0.155
0.432,0.816,1.951,0.692,1.41,-0.541
1.17,1.303,1.715,0.574,1.817,0.102
1.273,1.302,0.815,0.275,1.582,0.767
0.685,1.092,1.887,0.85,1.453,-0.434
1.157,1.454,2.723,0.88,2.311,-0.412
0.222,1.044,2.616,1.02,1.796,-0.82
1.419,1.626,2.08,0.794,1.925,-0.155
0.317,0.682,1.63,0.604,1.517,-0.112
1.367,1.517,1.758,0.658,1.817,0.059
0.089,0.724,1.865,0.718,1.496,-0.37
0.72,1.007,1.78,0.705,1.796,0.016
0.745,0.971,1.63,0.623,1.753,0.124
0.119,0.606,1.78,0.594,1.239,-0.541
0.827,1.357,2.895,1.077,2.075,-0.82
0.501,1.12,2.359,1.002,1.903,-0.455
0.69,0.923,1.608,0.614,1.624,0.016
0.497,0.891,1.651,0.74,1.346,-0.305
0.166,0.582,1.544,0.557,1.153,-0.391
0.93,1.363,2.53,0.997,2.16,-0.37
0.385,0.687,1.479,0.568,1.517,0.038
0.913,1.297,2.101,0.922,1.753,-0.348
0.445,0.978,1.973,0.871,1.56,-0.412
-0.022,0.635,1.715,0.635,1.174,-0.541
0.081,0.541,1.458,0.535,1.088,-0.37
0.677,1.058,1.758,0.813,1.667,-0.091
0.291,0.837,2.123,0.785,1.839,-0.284
-0.434,0.456,0.386,0.141,-0.305,-0.691
0.381,0.958,2.208,0.88,1.582,-0.627
0.582,1.024,2.08,0.842,1.86,-0.219
0.467,0.912,1.865,0.783,1.582,-0.284
-0.4,0.494,0.815,0.29,-0.069,-0.884
0.741,1.129,2.015,0.852,2.01,-0.005
-0.361,0.362,0.086,0.029,-0.327,-0.412
0.321,0.729,1.758,0.655,1.41,-0.348
-0.082,0.298,0.879,0.286,0.424,-0.455
-0.219,0.311,0.665,0.221,0.038,-0.627
0.857,1.331,2.208,1.018,2.096,-0.112
0.385,0.831,1.908,0.737,1.839,-0.069
-0.245,0.326,0.579,0.214,-0.027,-0.605
-0.031,0.822,2.187,0.821,1.603,-0.584
0.317,0.616,1.265,0.529,0.96,-0.305
-0.181,0.217,0.322,0.119,-0.027,-0.348
-0.022,0.312,0.836,0.311,0.274,-0.563
0.411,0.843,2.015,0.736,1.71,-0.305
0.081,0.695,1.844,0.69,1.367,-0.477
0.124,0.745,1.93,0.735,1.582,-0.348
0.578,0.904,1.651,0.695,1.41,-0.241
-0.035,0.649,1.78,0.648,1.239,-0.541
-0.374,0.422,0.493,0.196,-0.155,-0.648
0.917,1.194,1.887,0.765,1.775,-0.112
0.064,0.615,1.715,0.612,1.26,-0.455
0.012,0.827,2.251,0.826,1.431,-0.82
1.269,1.424,1.715,0.647,1.71,-0.005
0.136,0.737,1.865,0.724,1.582,-0.284
-0.374,1.28,3.345,1.224,1.925,-1.42
-0.262,0.292,0.364,0.128,-0.112,-0.477
-0.108,0.78,2.058,0.773,1.41,-0.648
-0.357,0.402,0.515,0.185,-0.005,-0.52
0.016,0.709,2.123,0.709,1.281,-0.841
0.295,0.817,2.23,0.761,1.646,-0.584
-0.018,0.619,1.887,0.618,1.11,-0.777
0.291,0.826,1.994,0.773,1.56,-0.434
-0.708,0.719,0.386,0.123,-0.52,-0.906
-0.275,0.868,2.466,0.824,1.239,-1.227
-0.108,0.609,1.522,0.6,1.088,-0.434
0.068,1.15,2.594,1.148,1.496,-1.099
-0.447,0.502,0.6,0.229,-0.198,-0.798
0.025,0.597,1.608,0.597,1.196,-0.412
0.681,1.143,2.037,0.918,1.603,-0.434
0.064,0.796,1.93,0.793,1.003,-0.927
-0.494,0.502,0.214,0.092,-0.391,-0.605
-0.391,0.409,0.3,0.12,-0.284,-0.584
-0.314,0.414,0.708,0.271,0.081,-0.627
0.136,0.951,2.616,0.941,1.989,-0.627
-0.014,0.727,2.058,0.726,1.41,-0.648
-0.713,0.803,0.858,0.37,-0.262,-1.12
-0.387,0.892,2.058,0.804,1.217,-0.841
0.359,1.018,2.23,0.952,1.582,-0.648
0.068,0.579,1.501,0.575,0.81,-0.691
-0.554,0.594,0.579,0.214,-0.391,-0.97
-0.219,0.683,1.78,0.647,1.046,-0.734
-0.563,0.572,0.3,0.102,-0.455,-0.756
-0.533,0.552,0.45,0.147,-0.284,-0.734
0.702,1.338,2.423,1.139,1.667,-0.756
-0.181,0.901,2.444,0.883,1.474,-0.97
-0.412,0.544,0.879,0.354,-0.048,-0.927
0.166,0.968,2.659,0.954,1.689,-0.97
-0.374,0.64,1.437,0.52,0.638,-0.798
-0.541,0.575,0.579,0.195,-0.284,-0.863
-0.4,0.424,0.3,0.142,-0.284,-0.584
-0.031,0.862,2.058,0.861,1.324,-0.734
0.158,0.772,1.758,0.755,1.067,-0.691
-0.172,0.647,1.801,0.624,1.024,-0.777
-0.721,0.77,0.75,0.27,-0.198,-0.948
-0.575,0.621,0.708,0.233,-0.284,-0.991
-0.352,0.782,1.908,0.698,1.003,-0.906
-0.734,0.795,0.858,0.306,-0.477,-1.334
0.655,1.121,2.166,0.91,1.453,-0.713
-0.185,0.897,2.273,0.877,1.56,-0.713
-0.661,0.68,0.364,0.159,-0.477,-0.841
-0.447,0.491,0.579,0.204,-0.112,-0.691
-0.64,0.656,0.343,0.143,-0.498,-0.841
-0.121,0.938,2.208,0.93,1.046,-1.163
0.068,0.754,1.672,0.751,0.981,-0.691
0.098,0.887,1.951,0.881,1.239,-0.713
-0.764,0.827,0.772,0.317,-0.348,-1.12
0.029,0.924,2.187,0.923,1.217,-0.97
-0.245,0.718,1.78,0.675,1.088,-0.691
-0.271,0.912,2.487,0.871,1.324,-1.163
-0.095,1.014,2.466,1.009,1.303,-1.163
-0.764,0.805,0.622,0.253,-0.477,-1.099
-0.833,0.883,0.879,0.294,-0.327,-1.206
-0.241,0.856,1.994,0.822,0.81,-1.184
0.758,1.167,2.423,0.887,1.453,-0.97
-0.738,0.763,0.515,0.194,-0.477,-0.991
-0.284,0.877,2.08,0.83,0.917,-1.163
-0.644,0.749,1.072,0.383,-0.134,-1.206
-0.614,0.881,1.758,0.632,0.595,-1.163
-0.863,0.878,0.45,0.165,-0.627,-1.077
-0.207,0.787,2.208,0.759,1.26,-0.948
-0.614,1.058,2.294,0.861,1.088,-1.206
-0.099,0.91,2.144,0.905,0.981,-1.163
-0.185,0.832,1.93,0.811,0.81,-1.12
-0.438,0.739,1.63,0.596,0.724,-0.906
-0.61,0.643,0.557,0.205,-0.284,-0.841
-0.605,0.645,0.579,0.222,-0.262,-0.841
-0.014,0.883,2.23,0.883,1.003,-1.227
-1.124,1.153,0.686,0.254,-0.841,-1.527
-1.009,1.016,0.386,0.126,-0.798,-1.184
-0.927,0.946,0.515,0.187,-0.563,-1.077
0.016,0.956,2.058,0.956,0.895,-1.163
-0.876,0.918,0.815,0.275,-0.584,-1.399
-0.837,0.913,1.072,0.365,-0.219,-1.292
0.166,0.782,1.715,0.764,0.874,-0.841
-1.009,1.077,1.072,0.379,-0.434,-1.506
-0.365,1.007,2.166,0.938,0.938,-1.227
-0.151,0.767,1.801,0.752,0.938,-0.863
-0.382,1.038,2.144,0.965,0.788,-1.356
-0.442,1.02,2.23,0.919,0.96,-1.27
-1.06,1.072,0.364,0.162,-0.841,-1.206
-0.966,1.003,0.708,0.273,-0.498,-1.206
-0.318,0.759,1.887,0.69,1.003,-0.884
-0.558,0.945,2.294,0.763,0.874,-1.42
-0.348,0.968,2.037,0.903,0.745,-1.292
-0.773,1.078,2.015,0.752,0.724,-1.292
-0.996,1.187,1.715,0.646,0.274,-1.442
-0.352,1.078,2.38,1.019,0.874,-1.506
-0.404,0.776,1.501,0.663,0.424,-1.077
-0.464,1.054,2.251,0.946,0.66,-1.592
-0.344,1.134,2.401,1.08,1.046,-1.356
0.042,0.796,2.294,0.795,0.853,-1.442
-0.408,1.185,2.723,1.113,0.831,-1.892
0.115,0.761,2.101,0.752,0.767,-1.334
-0.978,1.264,2.316,0.8,0.552,-1.763
-0.528,0.935,2.187,0.771,0.895,-1.292
-0.966,1.168,1.822,0.657,0.252,-1.57
-1.356,1.391,0.836,0.31,-1.013,-1.849
-1.343,1.376,0.836,0.298,-0.927,-1.763
0.274,1.126,2.98,1.092,1.088,-1.892
-0.249,1.032,2.401,1.001,0.66,-1.742
0.342,0.63,1.458,0.529,0.853,-0.605
-0.777,1.184,2.359,0.893,0.81,-1.549
-1.283,1.303,0.557,0.229,-0.948,-1.506
-1.257,1.269,0.45,0.173,-1.056,-1.506
-1.163,1.183,0.515,0.219,-0.906,-1.42
-0.94,1.198,2.123,0.743,0.51,-1.613
-1.047,1.221,1.822,0.628,0.124,-1.699
-0.794,1.083,1.908,0.736,0.595,-1.313
-0.91,1.085,1.651,0.59,0.252,-1.399
-0.528,0.925,1.801,0.759,0.531,-1.27
-0.164,0.733,1.544,0.714,0.51,-1.034
-1.317,1.326,0.407,0.151,-1.141,-1.549
-0.786,1.026,1.887,0.66,0.488,-1.399
-0.468,1.037,2.316,0.925,1.067,-1.249
-1.219,1.257,0.729,0.309,-0.841,-1.57
-0.515,1.002,1.908,0.859,0.66,-1.249
0.085,0.855,2.251,0.851,0.681,-1.57
-0.129,0.545,1.415,0.53,0.381,-1.034
-0.893,1.4,2.809,1.078,0.681,-2.128
-0.777,0.998,1.437,0.626,0.038,-1.399
-1.454,1.465,0.472,0.176,-1.12,-1.592
-0.447,0.826,1.565,0.694,0.209,-1.356
-1.476,1.483,0.343,0.141,-1.313,-1.656
-1.24,1.421,2.058,0.694,0.081,-1.978
-1.09,1.211,1.201,0.528,-0.455,-1.656
-0.833,1.088,1.865,0.7,0.252,-1.613
-0.563,1.075,1.951,0.916,0.274,-1.677
-1.257,1.548,2.423,0.903,0.531,-1.892
-0.177,0.589,1.437,0.561,0.145,-1.292
-0.966,1.46,2.444,1.095,0.488,-1.956
-0.7,1.081,1.78,0.824,0.081,-1.699
-1.557,1.572,0.579,0.212,-1.377,-1.956
-0.897,1.262,2.208,0.888,0.402,-1.806
-1.073,1.338,2.144,0.8,0.488,-1.656
-1.09,1.449,2.144,0.955,0.059,-2.085
-1.069,1.391,1.994,0.891,0.038,-1.956
-0.811,1.155,2.123,0.823,-0.112,-2.235
-0.828,1.273,2.144,0.966,0.381,-1.763
-0.382,1.325,3.366,1.269,1.389,-1.978
-1.064,1.288,1.973,0.725,0.338,-1.635
-0.897,1.386,2.53,1.057,0.359,-2.171
-1.069,1.298,1.994,0.737,0.252,-1.742
-0.695,1.194,2.123,0.97,0.209,-1.913
-1.099,1.485,2.766,0.999,0.338,-2.428
-1.677,1.686,0.536,0.172,-1.377,-1.913
-0.936,1.097,1.308,0.573,-0.198,-1.506
-1.167,1.44,2.423,0.844,0.467,-1.956
-0.404,0.893,1.994,0.797,0.252,-1.742
-0.803,1.09,1.63,0.738,-0.069,-1.699
-1.317,1.552,2.487,0.821,0.209,-2.278
-1.322,1.607,2.23,0.913,0.059,-2.171
-0.43,0.872,1.93,0.759,0.338,-1.592
-1.004,1.215,1.908,0.684,0.338,-1.57
-0.653,1.242,2.873,1.057,0.81,-2.063
-0.172,0.464,1.308,0.431,0.617,-0.691
-1.596,1.82,2.573,0.875,0.016,-2.557
-0.876,1.144,1.822,0.737,0.231,-1.592
-0.301,0.857,2.251,0.802,0.381,-1.87
-1.009,1.386,2.573,0.951,0.767,-1.806
-0.768,1.155,2.144,0.863,0.424,-1.72
-1.141,1.334,1.672,0.691,-0.305,-1.978
-1.399,1.582,1.951,0.739,0.038,-1.913
-1.283,1.291,0.407,0.148,-1.141,-1.549
-1.283,1.357,1.158,0.443,-0.927,-2.085
-0.957,0.983,0.579,0.225,-0.734,-1.313
-1.077,1.149,1.115,0.401,-0.348,-1.463
-1.201,1.226,0.708,0.242,-0.756,-1.463
-0.867,0.963,1.008,0.419,-0.37,-1.377
-0.803,1.026,1.78,0.64,0.359,-1.42
-1.27,1.303,0.75,0.291,-0.948,-1.699
-1.257,1.329,1.158,0.429,-0.498,-1.656
-1.467,1.469,0.193,0.067,-1.399,-1.592
-1.459,1.478,0.665,0.239,-0.991,-1.656
-0.734,0.923,1.63,0.559,0.016,-1.613
-1.652,1.686,0.965,0.34,-1.034,-1.999
-1.519,1.525,0.364,0.141,-1.313,-1.677
-1.519,1.527,0.407,0.161,-1.334,-1.742
-1.257,1.407,1.715,0.631,-0.005,-1.72
-1.214,1.337,1.479,0.56,-0.177,-1.656
-1.163,1.263,1.458,0.493,-0.219,-1.677
-1.622,1.64,0.729,0.244,-1.292,-2.021
-1.446,1.456,0.536,0.174,-1.227,-1.763
-1.806,1.82,0.643,0.221,-1.57,-2.213
-1.099,1.22,1.158,0.532,-0.455,-1.613
-1.159,1.274,1.608,0.529,-0.219,-1.828
-1.515,1.535,0.643,0.247,-1.141,-1.785
-1.356,1.553,2.058,0.758,0.102,-1.956
-1.519,1.537,0.622,0.236,-1.099,-1.72
-1.545,1.559,0.557,0.213,-1.292,-1.849
-1.463,1.512,0.943,0.381,-1.056,-1.999
-1.622,1.63,0.429,0.162,-1.463,-1.892
-1.347,1.502,1.93,0.665,-0.069,-1.999
-1.656,1.69,0.922,0.338,-1.12,-2.042
-0.927,1.228,1.78,0.805,0.038,-1.742
-1.043,1.207,1.587,0.608,0.166,-1.42
-1.394,1.43,0.836,0.316,-1.141,-1.978
-1.304,1.614,2.594,0.951,0.531,-2.063
-1.236,1.316,1.394,0.453,-0.412,-1.806
-1.553,1.562,0.407,0.168,-1.356,-1.763
-1.184,1.366,1.844,0.681,0.124,-1.72
-0.888,1.202,2.144,0.809,0.317,-1.828
-1.424,1.43,0.322,0.131,-1.227,-1.549
-1.283,1.326,0.965,0.337,-0.648,-1.613
-1.184,1.186,0.193,0.062,-1.099,-1.292
-0.773,1.163,2.444,0.869,0.917,-1.527
-1.236,1.256,0.536,0.226,-0.927,-1.463
-1.51,1.523,0.557,0.198,-1.249,-1.806
-0.687,1.033,1.801,0.772,0.359,-1.442
-1.296,1.322,0.793,0.261,-0.884,-1.677
-1.583,1.673,1.651,0.542,-0.713,-2.364
-1.077,1.192,1.394,0.51,-0.134,-1.527
-0.468,0.748,1.458,0.583,0.016,-1.442
-1.231,1.264,0.815,0.286,-0.863,-1.677
-1.42,1.459,0.858,0.334,-0.841,-1.699
-1.176,1.233,1.008,0.371,-0.477,-1.484
-1.086,1.287,1.737,0.691,-0.284,-2.021
-1.334,1.523,1.973,0.734,0.124,-1.849
-1.313,1.401,1.244,0.487,-0.498,-1.742
-1.755,1.775,0.665,0.269,-1.377,-2.042
-0.846,1.02,1.329,0.571,-0.241,-1.57
-1.304,1.35,0.943,0.349,-0.67,-1.613
-0.833,1.115,1.715,0.741,0.059,-1.656
-0.803,0.981,1.63,0.564,0.059,-1.57
-0.58,0.81,1.694,0.565,0.059,-1.635
-0.455,0.759,1.544,0.608,0.188,-1.356
-1.141,1.38,1.694,0.776,-0.198,-1.892
-1.201,1.471,1.865,0.848,-0.177,-2.042
-0.554,0.606,0.643,0.245,-0.348,-0.991
-0.97,1.143,1.308,0.605,-0.434,-1.742
-0.64,0.957,1.587,0.712,0.081,-1.506
-0.052,0.216,0.622,0.209,0.338,-0.284
-0.687,0.982,1.951,0.702,0.145,-1.806
-1.18,1.263,1.179,0.451,-0.305,-1.484
-0.734,0.934,1.565,0.578,0.145,-1.42
-1.39,1.435,1.008,0.357,-0.734,-1.742
-0.219,0.688,1.908,0.652,0.488,-1.42
-0.665,0.854,1.351,0.535,0.102,-1.249
-0.528,0.832,1.372,0.643,0.038,-1.334
-1.03,1.197,1.587,0.609,0.145,-1.442
-0.764,1.12,2.144,0.819,0.638,-1.506
-0.803,0.878,1.051,0.357,-0.134,-1.184
-1.047,1.242,1.394,0.667,-0.219,-1.613
-0.52,0.693,1.329,0.459,-0.048,-1.377
-1.459,1.475,0.6,0.215,-1.141,-1.742
-0.515,0.743,1.372,0.535,0.188,-1.184
-0.67,0.967,1.715,0.698,0.102,-1.613
-1.532,1.548,0.6,0.224,-1.163,-1.763
-0.687,1.013,1.672,0.745,0.338,-1.334
-0.451,0.646,1.136,0.462,0.145,-0.991
-0.361,0.685,1.372,0.582,0.295,-1.077
-1.146,1.149,0.279,0.09,-0.991,-1.27
-0.837,0.978,1.479,0.507,0.016,-1.463
-0.515,0.926,1.672,0.769,0.424,-1.249
-0.833,1.055,1.844,0.648,0.402,-1.442
-0.558,1.008,2.015,0.84,0.574,-1.442
-0.305,0.739,1.672,0.674,0.467,-1.206
-0.79,1.079,1.822,0.735,0.081,-1.742
-0.704,1.086,1.908,0.827,0.381,-1.527
-0.52,0.789,1.458,0.594,0.059,-1.399
-0.734,1.078,1.737,0.79,0.317,-1.42
-0.794,0.884,0.986,0.389,-0.37,-1.356
-0.447,0.703,1.308,0.543,0.188,-1.12
-0.768,1.042,2.101,0.704,0.552,-1.549
-0.734,1.13,2.337,0.859,0.724,-1.613
-0.798,1.048,1.78,0.679,0.317,-1.463
-0.936,1.24,2.101,0.814,0.124,-1.978
-0.322,0.7,1.78,0.621,0.317,-1.463
-1.124,1.138,0.515,0.176,-0.906,-1.42
-0.824,1.348,2.38,1.067,0.402,-1.978
-0.151,0.743,1.93,0.727,0.338,-1.592
-0.357,0.903,1.844,0.83,0.445,-1.399
-0.974,1.121,1.394,0.554,-0.327,-1.72
-0.88,1.008,1.329,0.491,0.059,-1.27
-0.781,1.092,1.908,0.762,0.338,-1.57
-0.468,0.891,1.758,0.758,0.295,-1.463
-0.777,1.254,2.144,0.984,0.552,-1.592
-1.27,1.488,1.973,0.775,0.274,-1.699
-0.695,1.161,2.38,0.93,0.467,-1.913
-1.146,1.206,1.072,0.375,-0.52,-1.592
-0.082,0.784,2.015,0.779,0.831,-1.184
-0.078,1.065,2.444,1.062,0.853,-1.592
-0.189,1.102,2.637,1.086,0.981,-1.656
-1.347,1.377,0.643,0.282,-0.991,-1.635
-0.58,1.004,1.887,0.819,0.402,-1.484
-1.322,1.354,0.665,0.293,-1.013,-1.677
-0.674,0.923,1.544,0.631,0.102,-1.442
-0.67,1.267,2.809,1.076,0.938,-1.87
-1.021,1.268,2.058,0.751,0.467,-1.592
-1.107,1.291,1.801,0.664,0.209,-1.592
-0.37,0.938,1.908,0.862,0.381,-1.527
-0.798,1.3,2.637,1.025,0.574,-2.063
-0.087,0.695,1.758,0.689,0.295,-1.463
-1.3,1.522,2.23,0.791,0.252,-1.978
-0.674,1.353,2.53,1.173,0.424,-2.106
-0.644,1.277,2.316,1.102,0.702,-1.613
-0.121,1.058,2.444,1.052,1.067,-1.377
-1.489,1.491,0.214,0.083,-1.377,-1.592
-0.867,1.016,1.394,0.529,0.188,-1.206
-1.077,1.346,2.401,0.807,0.445,-1.956
-1.296,1.302,0.343,0.126,-1.184,-1.527
-0.593,0.938,2.08,0.727,0.788,-1.292
-0.665,1.194,2.444,0.991,0.617,-1.828
-0.074,0.838,2.015,0.835,0.638,-1.377
0.179,0.708,2.101,0.685,1.153,-0.948
-0.554,0.986,2.144,0.816,1.046,-1.099
0.471,0.632,1.222,0.422,1.239,0.016
-0.318,0.879,1.822,0.819,0.745,-1.077
0.231,0.639,1.565,0.596,0.617,-0.948
0.055,0.915,2.359,0.914,1.131,-1.227
-0.147,0.952,2.08,0.941,0.788,-1.292
-0.627,0.986,2.08,0.761,0.874,-1.206
-1.064,1.272,1.865,0.696,0.295,-1.57
0.312,0.96,2.38,0.908,0.895,-1.484
0.814,0.832,0.386,0.173,0.981,0.595
-0.318,1.035,2.144,0.985,0.895,-1.249
-0.601,1.193,2.702,1.031,1.431,-1.27
-0.773,1.106,1.994,0.792,0.81,-1.184
-0.382,0.907,1.801,0.823,0.66,-1.141
0.046,0.951,2.101,0.95,0.981,-1.12
-0.117,0.856,1.908,0.848,0.724,-1.184
-0.181,0.709,1.844,0.685,0.788,-1.056
0.574,0.668,0.922,0.342,0.874,-0.048
-0.057,1.057,2.359,1.056,0.938,-1.42
-0.057,0.949,2.144,0.947,0.745,-1.399
-0.271,0.877,2.037,0.835,0.895,-1.141
-0.725,1.134,2.294,0.871,1.003,-1.292
-0.417,0.989,2.38,0.897,1.303,-1.077
0.634,1.041,2.251,0.826,1.303,-0.948
-0.142,0.822,1.801,0.81,0.702,-1.099
0.158,0.718,2.08,0.7,0.96,-1.12
-1.12,1.13,0.407,0.152,-0.884,-1.292
0.004,0.844,1.865,0.844,0.767,-1.099
-0.498,1.152,2.337,1.039,0.81,-1.527
-0.901,1.236,2.23,0.845,0.767,-1.463
0.226,0.695,1.844,0.658,0.874,-0.97
-0.725,1.01,1.887,0.702,0.617,-1.27
-0.644,0.997,2.08,0.761,0.381,-1.699
-0.43,0.842,1.994,0.724,1.003,-0.991
-0.412,1.052,2.53,0.968,1.26,-1.27
-1.171,1.204,0.729,0.278,-0.713,-1.442
-0.408,1.036,2.187,0.952,0.788,-1.399
0.394,0.785,1.844,0.679,1.024,-0.82
-0.074,0.801,2.037,0.797,0.874,-1.163
-0.502,0.819,1.694,0.647,0.788,-0.906
-0.533,0.926,1.865,0.757,0.595,-1.27
-0.34,0.907,1.908,0.841,0.831,-1.077
-0.318,0.829,1.78,0.765,0.617,-1.163
-0.31,1.067,2.144,1.022,0.574,-1.57
-0.267,1.071,2.702,1.037,1.003,-1.699
0.094,0.718,1.801,0.712,0.917,-0.884
-0.219,1.031,2.38,1.007,1.088,-1.292
0.274,0.828,2.294,0.782,1.239,-1.056
0.359,1.066,2.23,1.003,1.367,-0.863
-0.464,0.909,2.058,0.782,1.046,-1.013
0.377,0.701,1.822,0.591,1.217,-0.605
-0.756,0.761,0.214,0.089,-0.67,-0.884
0.921,1.136,1.994,0.665,1.667,-0.327
-0.7,0.718,0.45,0.162,-0.477,-0.927
0.269,1.014,2.208,0.978,1.453,-0.756
0.188,0.797,1.822,0.774,1.067,-0.756
0.501,1.02,2.316,0.889,1.067,-1.249
0.359,0.738,1.458,0.644,1.046,-0.412
0.325,1.057,2.144,1.006,1.174,-0.97
0.334,0.828,1.737,0.757,1.024,-0.713
0.222,0.821,1.715,0.791,0.938,-0.777
0.72,0.997,1.973,0.691,1.346,-0.627
-0.129,0.994,2.23,0.985,1.239,-0.991
0.407,0.879,1.694,0.779,1.153,-0.541
0.226,0.897,2.08,0.868,1.196,-0.884
-0.108,0.708,1.801,0.7,0.981,-0.82
0.355,0.849,1.865,0.772,1.131,-0.734
0.012,0.981,2.509,0.981,1.496,-1.013
0.076,0.709,1.801,0.705,0.724,-1.077
-0.267,0.878,2.101,0.836,0.981,-1.12
0.115,1.003,2.251,0.996,1.324,-0.927
-0.331,0.703,1.737,0.62,0.853,-0.884
0.561,0.956,2.015,0.774,1.046,-0.97
0.484,0.98,2.08,0.852,1.496,-0.584
0.141,1.099,2.423,1.09,1.56,-0.863
-0.816,0.82,0.257,0.085,-0.67,-0.927
0.531,0.838,1.351,0.648,1.088,-0.262
0.059,0.869,2.101,0.867,1.153,-0.948
0.514,0.871,1.994,0.704,1.153,-0.841
-0.4,0.885,2.058,0.789,1.174,-0.884
0.231,0.878,1.887,0.847,1.431,-0.455
0.964,0.967,0.214,0.076,1.067,0.853
-0.554,0.623,0.793,0.286,-0.027,-0.82
0.805,1.218,2.466,0.914,1.496,-0.97
0.029,0.591,1.286,0.59,0.767,-0.52
0.016,0.895,2.273,0.895,1.088,-1.184
0.424,0.952,2.144,0.853,1.281,-0.863
-0.112,1.013,2.616,1.007,1.26,-1.356
0.698,0.936,1.651,0.624,1.11,-0.541
0.244,0.936,2.123,0.904,1.367,-0.756
0.917,1.194,2.08,0.765,1.496,-0.584
0.561,0.921,1.801,0.73,1.324,-0.477
0.698,1.153,2.294,0.917,1.517,-0.777
0.445,1.053,2.487,0.954,1.86,-0.627
0.625,0.986,1.651,0.762,1.346,-0.305
0.407,0.885,1.93,0.786,1.474,-0.455
0.505,0.907,1.844,0.754,1.174,-0.67
0.372,0.877,1.844,0.794,1.582,-0.262
-0.035,0.725,1.908,0.725,1.41,-0.498
1.007,1.281,2.123,0.791,1.56,-0.563
0.84,1.185,1.887,0.836,1.56,-0.327
-0.082,0.799,2.294,0.795,1.431,-0.863
0.617,1.081,2.101,0.888,1.603,-0.498
0.124,0.798,2.101,0.788,1.689,-0.412
0.544,1.115,2.166,0.973,1.775,-0.391
0.111,0.861,2.487,0.854,1.753,-0.734
0.467,1.029,2.187,0.917,1.732,-0.455
-0.099,0.96,2.337,0.954,1.303,-1.034
1.144,1.464,2.401,0.913,1.946,-0.455
1.689,1.703,0.6,0.22,2.032,1.431
0.124,0.736,2.208,0.726,1.453,-0.756
0.925,1.292,2.23,0.901,2.032,-0.198
0.278,0.881,2.058,0.836,1.26,-0.798
1.466,1.481,0.579,0.211,1.753,1.174
-0.348,0.445,0.686,0.277,0.059,-0.627
0.908,1.19,2.187,0.769,1.946,-0.241
0.415,0.952,2.037,0.857,1.603,-0.434
1.367,1.376,0.407,0.153,1.667,1.26
1.504,1.516,0.579,0.185,1.775,1.196
0.921,1.062,1.372,0.528,1.239,-0.134
1.376,1.569,2.058,0.755,2.01,-0.048
1.633,1.649,0.6,0.226,1.839,1.239
0.462,1.019,2.337,0.908,1.903,-0.434
0.994,1.374,2.08,0.948,1.882,-0.198
1.166,1.301,1.63,0.578,1.71,0.081
0.287,0.933,1.951,0.887,1.517,-0.434
1.208,1.225,0.472,0.202,1.496,1.024
-0.134,0.95,2.466,0.94,1.732,-0.734
1.024,1.256,1.973,0.728,1.56,-0.412
0.449,0.829,1.801,0.696,1.389,-0.412
-0.297,0.416,0.858,0.292,0.252,-0.605
1.775,1.778,0.322,0.115,1.967,1.646
0.732,1.384,2.702,1.174,1.903,-0.798
1.389,1.665,2.53,0.919,2.16,-0.37
0.801,1.044,1.78,0.67,1.474,-0.305
0.651,1.118,2.08,0.909,1.539,-0.541
0.059,0.795,2.123,0.793,1.624,-0.498
1.775,1.78,0.386,0.135,1.989,1.603
1.174,1.369,1.822,0.703,1.689,-0.134
0.544,1.181,2.423,1.048,1.86,-0.563
1.329,1.474,1.865,0.637,1.967,0.102
0.75,1.124,1.737,0.837,1.775,0.038
-0.052,0.232,0.536,0.226,0.252,-0.284
0.154,0.698,1.951,0.681,1.474,-0.477
0.891,1.235,1.844,0.856,1.667,-0.177
1.204,1.329,1.651,0.562,1.796,0.145
0.75,1.129,2.208,0.844,1.689,-0.52
0.737,1.124,1.78,0.849,1.775,-0.005
0.981,1.317,2.273,0.879,1.989,-0.284
0.424,0.87,2.251,0.759,1.839,-0.412
1.427,1.628,2.187,0.784,2.16,-0.027
0.291,0.879,2.166,0.829,1.925,-0.241
0.582,1.145,2.316,0.986,1.796,-0.52
0.518,1.234,2.573,1.12,1.989,-0.584
0.312,0.683,1.544,0.607,1.153,-0.391
0.818,1.179,1.908,0.848,1.646,-0.262
1.033,1.356,2.466,0.879,1.86,-0.605
1.033,1.316,1.822,0.816,1.903,0.081
0.591,1.129,2.144,0.962,1.839,-0.305
0.235,0.667,1.694,0.625,1.474,-0.219
0.66,1.133,2.144,0.921,1.646,-0.498
0.321,0.776,1.737,0.706,1.153,-0.584
0.226,1.105,2.959,1.081,2.332,-0.627
0.012,0.753,2.08,0.753,1.389,-0.691
1.389,1.63,2.359,0.853,2.118,-0.241
0.582,1.045,1.951,0.867,1.817,-0.134
0.415,0.957,2.251,0.862,2.118,-0.134
0.84,1.175,1.844,0.822,1.839,-0.005
0.814,1.188,2.187,0.865,1.946,-0.241
0.192,0.948,2.53,0.929,1.946,-0.584
0.591,1.012,1.973,0.822,1.603,-0.37
0.668,1.153,2.08,0.94,1.796,-0.284
0.818,1.368,2.423,1.097,1.86,-0.563
1.174,1.528,2.38,0.977,2.075,-0.305
0.72,1.068,2.08,0.789,1.903,-0.177
-0.207,0.272,0.536,0.177,0.081,-0.455
-0.211,0.242,0.343,0.119,-0.027,-0.37
1.046,1.406,2.058,0.941,1.817,-0.241
-0.065,0.192,0.45,0.18,0.145,-0.305
0.891,1.374,2.594,1.046,2.096,-0.498
-0.039,0.284,0.772,0.281,0.445,-0.327
0.818,1.095,1.78,0.727,1.925,0.145
-0.151,0.226,0.407,0.168,0.016,-0.391
0.381,0.901,2.058,0.816,1.324,-0.734
1.076,1.337,1.715,0.794,1.817,0.102
1.05,1.3,1.822,0.766,1.882,0.059
0.793,1.25,2.466,0.967,2.396,-0.069
0.196,0.818,2.359,0.794,1.71,-0.648
0.458,0.941,2.251,0.822,1.946,-0.305
-0.275,0.311,0.407,0.145,-0.005,-0.412
0.57,1.116,2.509,0.96,2.461,-0.048
1.161,1.232,1.115,0.411,1.582,0.467
0.565,1.009,2.401,0.836,2.182,-0.219
-0.052,0.388,0.986,0.385,0.359,-0.627
0.038,0.877,2.251,0.876,1.603,-0.648
0.865,1.357,2.487,1.046,1.989,-0.498
0.136,0.627,1.608,0.612,1.346,-0.262
0.711,1.237,2.23,1.012,2.075,-0.155
-0.082,0.14,0.343,0.113,0.081,-0.262
0.351,0.882,2.187,0.809,1.925,-0.262
0.372,0.811,1.93,0.721,1.796,-0.134
0.441,0.983,2.037,0.879,1.689,-0.348
-0.151,0.28,0.686,0.235,0.145,-0.541
1.114,1.559,2.937,1.091,2.439,-0.498
0.544,0.844,1.801,0.646,1.796,-0.005
0.441,0.784,1.78,0.648,1.689,-0.091
0.951,1.608,2.895,1.297,2.525,-0.37
0.732,1.176,2.208,0.92,1.86,-0.348
0.329,0.788,1.887,0.715,1.753,-0.134
0.102,0.277,0.75,0.258,0.552,-0.198
0.145,0.231,0.45,0.18,0.338,-0.112
0.021,0.143,0.322,0.141,0.188,-0.134
0.055,0.293,0.665,0.287,0.402,-0.262
-0.057,0.142,0.407,0.13,0.145,-0.262
0.128,0.15,0.193,0.078,0.252,0.059
0.638,1.084,2.38,0.876,2.375,-0.005
0.274,0.895,2.466,0.852,1.925,-0.541
0.132,0.356,1.008,0.33,0.595,-0.412
0.411,0.964,2.359,0.872,2.096,-0.262
0.527,1.256,3.066,1.141,2.761,-0.305
0.467,0.722,1.565,0.551,1.517,-0.048
0.51,1.041,2.594,0.908,2.246,-0.348
0.497,0.9,1.973,0.751,1.989,0.016
0.368,0.387,0.322,0.119,0.51,0.188
0.724,1.001,1.908,0.691,1.689,-0.219
0.389,0.859,2.058,0.765,1.903,-0.155
0.321,0.926,2.273,0.868,2.053,-0.219
0.051,0.333,0.943,0.329,0.531,-0.412
-0.292,0.401,0.708,0.274,0.102,-0.605
0.042,0.334,0.858,0.331,0.467,-0.391
0.154,0.834,2.38,0.82,1.646,-0.734
-0.095,0.237,0.557,0.217,0.252,-0.305
-0.039,0.746,2.251,0.745,1.11,-1.141
0.265,0.734,1.822,0.685,1.624,-0.198
-0.327,0.362,0.472,0.156,-0.134,-0.605
-0.027,0.174,0.45,0.172,0.274,-0.177
0.269,0.651,1.544,0.593,1.453,-0.091
0.072,0.947,2.659,0.945,1.903,-0.756
0.548,0.982,1.801,0.815,1.539,-0.262
0.347,0.859,2.015,0.786,1.903,-0.112
0.051,0.22,0.515,0.214,0.381,-0.134
0.462,0.818,1.994,0.675,1.753,-0.241
0.209,0.284,0.429,0.192,0.424,-0.005
-0.28,0.302,0.322,0.114,-0.069,-0.391
0.179,0.495,1.351,0.461,1.067,-0.284
-0.378,0.459,0.686,0.26,0.038,-0.648
0.115,0.833,1.844,0.825,1.088,-0.756
-0.022,0.913,2.444,0.913,1.732,-0.713
0.042,0.763,1.973,0.762,1.56,-0.412
0.574,1.022,2.187,0.846,1.946,-0.241
-0.099,0.238,0.557,0.216,0.166,-0.391
1.389,1.564,1.908,0.72,1.925,0.016
-0.271,0.307,0.407,0.145,-0.091,-0.498
0.269,0.832,2.273,0.787,1.71,-0.563
-0.292,0.328,0.429,0.148,-0.091,-0.52
-0.108,0.251,0.643,0.227,0.102,-0.541
0.192,0.911,2.38,0.891,1.946,-0.434
0.111,0.616,1.63,0.606,1.217,-0.412
0.235,1.106,3.045,1.081,2.311,-0.734
-0.237,0.355,0.665,0.265,0.166,-0.498
-0.202,0.307,0.665,0.231,0.166,-0.498
-0.249,0.323,0.622,0.205,-0.005,-0.627
-0.125,0.336,0.922,0.312,0.359,-0.563
-0.365,0.376,0.236,0.087,-0.198,-0.434
0.325,0.82,2.123,0.753,1.753,-0.37
0.171,0.758,1.908,0.739,1.646,-0.262
-0.129,0.319,0.879,0.292,0.402,-0.477
-0.001,0.784,2.101,0.784,1.539,-0.563
0.265,0.678,1.844,0.624,1.431,-0.412
0.587,0.942,2.058,0.737,2.032,-0.027
-0.048,0.223,0.665,0.217,0.274,-0.391
0.81,1.191,1.973,0.874,1.56,-0.412
-0.082,0.266,0.708,0.252,0.252,-0.455
0.355,1.017,2.23,0.953,1.474,-0.756
0.595,1.102,2.273,0.927,1.989,-0.284
0.329,0.853,2.101,0.787,1.839,-0.262
0.265,0.726,1.865,0.676,1.603,-0.262
0.99,1.394,2.166,0.981,1.86,-0.305
0.282,0.888,2.23,0.841,1.946,-0.284
0.548,0.967,2.037,0.797,2.139,0.102
0.707,1.145,2.23,0.901,1.817,-0.412
0.226,0.932,2.53,0.904,1.989,-0.541
-0.189,0.272,0.536,0.195,0.188,-0.348
-0.335,0.356,0.322,0.119,-0.241,-0.563
0.274,0.916,2.337,0.874,1.903,-0.434
0.025,0.826,2.187,0.826,1.603,-0.584
-0.039,0.651,1.78,0.649,1.217,-0.563
0.638,1.067,1.908,0.855,1.496,-0.412
-0.374,0.398,0.364,0.138,-0.134,-0.498
-0.074,0.686,1.78,0.682,1.281,-0.498
0.364,0.827,1.994,0.743,1.839,-0.155
0.947,1.358,2.316,0.974,1.903,-0.412
-0.37,0.435,0.622,0.229,-0.177,-0.798
0.205,0.792,2.316,0.765,1.624,-0.691
0.951,1.174,1.651,0.689,1.689,0.038
-0.117,0.45,1.136,0.435,0.724,-0.412
-0.168,0.285,0.665,0.231,0.166,-0.498
-0.001,0.447,1.244,0.447,0.853,-0.391
1.367,1.581,2.294,0.793,2.182,-0.112
-0.155,0.22,0.407,0.156,0.081,-0.327
-0.001,0.787,2.208,0.787,1.539,-0.67
0.218,0.729,1.801,0.695,1.603,-0.198
0.188,1.284,3.238,1.271,1.839,-1.399
0.381,0.942,1.865,0.862,1.431,-0.434
0.411,1.097,2.401,1.017,1.624,-0.777
-0.275,0.654,1.608,0.593,0.745,-0.863
0.638,0.996,1.758,0.765,1.56,-0.198
0.106,0.31,0.708,0.291,0.424,-0.284
0.531,1.23,2.466,1.11,1.517,-0.948
-0.104,0.194,0.493,0.164,0.124,-0.37
-0.202,0.237,0.343,0.123,0.038,-0.305
-0.254,0.339,0.6,0.224,-0.091,-0.691
0.261,0.709,1.78,0.659,1.56,-0.219
0.308,0.853,1.672,0.796,1.303,-0.37
0.166,0.876,2.401,0.86,1.86,-0.541
0.072,0.615,1.694,0.611,1.26,-0.434
-0.117,0.141,0.214,0.08,0.016,-0.198
0.042,0.89,2.594,0.889,1.753,-0.841
0.917,1.223,1.801,0.81,1.603,-0.198
-0.159,0.284,0.686,0.235,0.124,-0.563
0.441,0.883,1.801,0.765,1.474,-0.327
0.317,0.826,2.273,0.763,1.753,-0.52
-0.258,0.384,0.772,0.284,0.145,-0.627
-0.219,0.335,0.665,0.253,-0.005,-0.67
-0.134,0.382,1.115,0.357,0.467,-0.648
0.128,0.769,2.123,0.758,1.539,-0.584
0.214,0.917,2.208,0.892,1.26,-0.948
0.411,1.07,2.487,0.988,1.989,-0.498
-0.009,0.729,2.058,0.729,1.367,-0.691
0.377,0.778,1.887,0.681,1.71,-0.177
0.136,0.689,1.758,0.676,1.41,-0.348
0.651,1.058,1.994,0.834,1.732,-0.262
0.445,0.917,1.951,0.802,1.603,-0.348
0.094,0.777,2.123,0.771,1.582,-0.541
0.051,0.108,0.214,0.096,0.188,-0.027
0.196,0.691,1.737,0.662,1.517,-0.219
-0.164,0.215,0.386,0.139,-0.048,-0.434
0.557,0.93,1.801,0.745,1.539,-0.262
-0.189,0.898,2.401,0.878,1.389,-1.013
-0.035,0.222,0.557,0.219,0.231,-0.327
0.209,0.425,0.815,0.37,0.66,-0.155
-0.254,0.302,0.45,0.163,-0.091,-0.541
-0.378,0.532,1.136,0.375,0.295,-0.841
0.244,0.789,2.037,0.751,1.732,-0.305
-0.241,0.453,0.965,0.383,0.166,-0.798
0.059,0.981,2.68,0.979,1.903,-0.777
0.265,0.601,1.522,0.54,1.324,-0.198
-0.121,0.195,0.429,0.153,0.081,-0.348
0.724,0.941,1.458,0.602,1.41,-0.048
0.702,1.182,2.273,0.95,1.946,-0.327
0.364,0.907,1.844,0.831,1.474,-0.37
0.231,0.86,2.144,0.829,1.882,-0.262
0.038,0.238,0.665,0.234,0.467,-0.198
0.252,0.549,1.458,0.488,1.153,-0.305
-0.035,0.104,0.279,0.098,0.124,-0.155
-0.147,0.948,2.766,0.937,1.646,-1.12
0.334,0.845,2.123,0.777,1.753,-0.37
0.488,1.113,2.594,1.001,1.903,-0.691
1.097,1.321,1.973,0.735,1.667,-0.305
0.54,1.026,1.93,0.872,1.732,-0.198
0.115,0.247,0.557,0.219,0.552,-0.005
-0.001,0.406,1.265,0.406,0.574,-0.691
-0.164,0.237,0.407,0.171,0.038,-0.37
-0.198,0.235,0.343,0.127,0.016,-0.327
-0.327,0.478,0.815,0.349,0.081,-0.734
-0.057,0.26,0.6,0.254,0.188,-0.412
0.162,0.672,1.951,0.652,1.389,-0.563
-0.28,0.453,0.901,0.356,0.209,-0.691
-0.095,0.204,0.429,0.18,0.124,-0.305
0.214,0.73,1.801,0.698,1.603,-0.198
0.317,0.823,2.015,0.759,1.775,-0.241
0.484,1.032,2.444,0.911,2.289,-0.155
-0.52,0.664,1.115,0.413,-0.177,-1.292
-0.065,0.823,2.23,0.82,1.517,-0.713
0.728,1.226,2.401,0.986,1.667,-0.734
-0.254,0.378,0.708,0.28,0.059,-0.648
-0.142,0.377,0.836,0.349,0.317,-0.52
-0.322,0.353,0.322,0.144,-0.177,-0.498
0.402,0.983,2.53,0.897,2.096,-0.434
-0.28,0.311,0.3,0.137,-0.091,-0.391
0.389,1.065,2.702,0.991,2.353,-0.348
-0.121,0.497,1.372,0.482,0.595,-0.777
0.317,0.743,1.78,0.672,1.646,-0.134
-0.357,0.462,0.772,0.293,-0.134,-0.906
-0.069,0.209,0.515,0.197,0.209,-0.305
-0.087,0.241,0.515,0.225,0.102,-0.412
0.196,0.87,2.251,0.847,1.817,-0.434
0.261,0.633,1.715,0.577,1.303,-0.412
1.183,1.531,2.294,0.973,2.225,-0.069
0.973,1.271,1.951,0.818,1.946,-0.005
-0.061,0.16,0.45,0.148,0.145,-0.305
-0.412,0.477,0.579,0.24,-0.177,-0.756
0.617,1.202,2.359,1.031,1.989,-0.37
0.029,0.278,0.772,0.277,0.295,-0.477
0.239,0.791,2.208,0.754,1.689,-0.52
-0.009,0.605,1.565,0.605,1.196,-0.37
0.192,0.758,2.123,0.733,1.517,-0.605
-0.125,0.26,0.686,0.228,0.231,-0.455
-0.498,0.547,0.665,0.225,-0.198,-0.863
0.025,0.876,2.509,0.876,1.732,-0.777
0.059,0.623,1.801,0.62,1.239,-0.563
-0.627,0.977,2.187,0.749,0.166,-2.021
-0.271,0.374,0.729,0.258,0.081,-0.648
-0.327,0.381,0.493,0.197,-0.048,-0.541
-0.537,0.608,0.708,0.286,-0.219,-0.927
-0.438,0.489,0.686,0.218,-0.112,-0.798
0.166,0.861,2.38,0.845,1.796,-0.584
-0.4,0.489,0.772,0.282,-0.027,-0.798
-0.327,0.394,0.665,0.22,0.081,-0.584
0.775,1.163,2.058,0.866,1.539,-0.52
0.415,0.723,1.501,0.592,1.324,-0.177
-0.095,0.809,2.08,0.803,1.496,-0.584
-0.314,0.361,0.557,0.179,-0.005,-0.563
0.226,0.713,1.544,0.676,1.046,-0.498
-0.447,0.452,0.193,0.067,-0.37,-0.563
0.205,0.717,1.844,0.687,1.56,-0.284
-0.194,0.345,0.858,0.285,0.145,-0.713
0.66,1.276,2.594,1.093,1.967,-0.627
0.201,0.626,1.608,0.592,1.324,-0.284
-0.189,0.879,2.401,0.858,1.474,-0.927
0.531,1.034,2.166,0.888,1.839,-0.327
0.411,1.061,2.273,0.978,1.689,-0.584
-0.044,0.807,2.273,0.806,1.517,-0.756
0.038,0.798,2.123,0.797,1.582,-0.541
-0.378,0.425,0.557,0.195,-0.069,-0.627
0.334,0.772,2.144,0.696,1.496,-0.648
0.257,0.718,1.801,0.671,1.56,-0.241
-0.382,0.387,0.172,0.06,-0.284,-0.455
-0.202,1.054,3.173,1.035,1.517,-1.656
-0.464,0.478,0.3,0.116,-0.284,-0.584
-0.498,0.505,0.236,0.082,-0.348,-0.584
0.87,1.067,1.758,0.617,1.453,-0.305
-0.674,0.753,0.986,0.335,-0.219,-1.206
0.042,0.616,1.758,0.615,1.239,-0.52
-0.237,0.772,2.144,0.734,1.174,-0.97
0.913,1.223,2.166,0.815,1.474,-0.691
-0.322,0.739,1.737,0.665,1.003,-0.734
-0.824,0.844,0.472,0.181,-0.584,-1.056
-0.322,0.551,1.158,0.446,0.552,-0.605
0.938,1.725,3.731,1.448,2.997,-0.734
0.531,1.159,2.273,1.03,1.517,-0.756
-0.168,0.68,1.758,0.659,0.917,-0.841
-0.524,0.528,0.193,0.063,-0.412,-0.605
0.119,0.737,1.973,0.727,1.56,-0.412
-0.344,0.362,0.3,0.113,-0.241,-0.541
0.046,0.581,1.63,0.579,1.131,-0.498
0.141,0.495,1.286,0.474,0.767,-0.52
-0.078,0.82,2.144,0.817,1.539,-0.605
0.149,0.6,1.63,0.581,1.26,-0.37
-0.198,0.267,0.515,0.179,0.145,-0.37
0.994,1.442,2.423,1.045,2.096,-0.327
0.347,1.015,2.766,0.954,1.775,-0.991
-0.498,0.509,0.236,0.106,-0.391,-0.627
-0.601,0.716,1.115,0.389,-0.177,-1.292
-0.314,0.734,1.78,0.663,0.981,-0.798
-0.117,0.747,2.187,0.738,1.281,-0.906
-0.631,0.679,0.686,0.249,-0.219,-0.906
-0.241,0.779,1.908,0.741,1.239,-0.67
-0.768,0.779,0.343,0.13,-0.541,-0.884
-0.155,0.908,2.444,0.894,1.603,-0.841
-0.112,0.826,2.23,0.818,1.496,-0.734
0.055,0.942,2.316,0.94,1.41,-0.906
-0.155,0.764,2.037,0.748,1.303,-0.734
-0.305,0.873,2.273,0.818,1.239,-1.034
-0.575,0.595,0.343,0.151,-0.37,-0.713
-0.593,0.629,0.6,0.21,-0.391,-0.991
-0.43,0.47,0.579,0.19,-0.091,-0.67
-0.001,0.723,1.973,0.723,1.431,-0.541
0.642,1.173,2.38,0.982,1.474,-0.906
0.278,0.847,2.08,0.8,1.41,-0.67
-0.511,0.6,0.965,0.314,0.059,-0.906
-0.164,0.743,2.015,0.724,1.217,-0.798
0.025,0.732,1.994,0.732,1.474,-0.52
-0.181,0.821,2.123,0.8,1.41,-0.713
0.312,0.971,2.037,0.92,1.431,-0.605
-0.49,0.642,1.136,0.416,0.252,-0.884
0.724,1.455,2.937,1.262,1.796,-1.141
-0.318,0.75,1.908,0.68,0.981,-0.927
-0.876,0.89,0.364,0.161,-0.648,-1.013
-0.185,0.81,2.38,0.788,1.281,-1.099
-0.743,0.776,0.579,0.225,-0.541,-1.12
-0.507,0.856,1.822,0.69,0.853,-0.97
-0.528,0.591,0.75,0.266,-0.284,-1.034
-0.185,0.851,2.23,0.83,1.453,-0.777
-0.618,0.996,2.123,0.781,0.917,-1.206
-0.43,0.501,0.665,0.258,-0.112,-0.777
-0.211,0.309,0.6,0.226,0.145,-0.455
-0.485,0.582,0.836,0.321,-0.112,-0.948
0.128,0.909,2.23,0.9,1.324,-0.906
-0.202,0.926,2.316,0.904,1.603,-0.713
-0.022,0.742,2.015,0.742,1.389,-0.627
0.218,0.873,2.037,0.845,1.389,-0.648
0.111,1.07,2.359,1.064,1.517,-0.841
-0.738,0.785,0.793,0.267,-0.327,-1.12
-0.635,0.646,0.257,0.116,-0.52,-0.777
-0.55,0.553,0.172,0.062,-0.434,-0.605
-0.061,0.854,2.359,0.851,1.603,-0.756
-0.314,0.457,0.75,0.332,0.081,-0.67
0.072,0.69,1.565,0.686,0.853,-0.713
0.055,0.644,1.844,0.642,1.281,-0.563
0.372,0.934,2.123,0.856,1.539,-0.584
-0.31,0.697,1.565,0.624,0.938,-0.627
-0.001,0.965,2.637,0.965,1.882,-0.756
-0.648,0.684,0.6,0.217,-0.262,-0.863
-0.515,0.548,0.493,0.185,-0.305,-0.798
0.347,0.985,1.973,0.922,1.56,-0.412
0.042,0.696,1.758,0.694,1.131,-0.627
0.034,0.658,2.015,0.658,1.239,-0.777
0.098,0.759,2.144,0.753,1.56,-0.584
0.69,1.283,2.702,1.082,1.71,-0.991
-0.511,0.544,0.515,0.186,-0.348,-0.863
0.274,0.902,2.101,0.859,1.324,-0.777
-0.545,0.623,0.815,0.3,-0.048,-0.863
-0.417,0.526,0.75,0.321,-0.027,-0.777
-0.511,0.561,0.708,0.232,-0.155,-0.863
-0.275,0.961,2.573,0.921,1.539,-1.034
0.252,0.996,2.337,0.964,1.539,-0.798
0.364,0.752,1.951,0.658,1.303,-0.648
-0.387,0.46,0.75,0.25,-0.069,-0.82
0.287,0.79,2.058,0.736,1.324,-0.734
-0.541,0.646,0.943,0.352,-0.005,-0.948
-0.408,0.905,2.208,0.808,1.024,-1.184
-0.623,0.653,0.557,0.199,-0.241,-0.798
-0.237,0.744,1.822,0.705,0.853,-0.97
0.192,0.795,1.93,0.772,1.196,-0.734
-0.58,0.596,0.343,0.14,-0.455,-0.798
-0.125,0.743,2.037,0.732,1.303,-0.734
-0.541,0.566,0.45,0.167,-0.241,-0.691
0.149,0.784,2.123,0.769,1.667,-0.455
-0.391,0.398,0.236,0.076,-0.284,-0.52
0.368,1.175,3.023,1.116,1.775,-1.249
-0.198,0.334,0.665,0.269,0.209,-0.455
0.051,0.65,1.737,0.648,1.324,-0.412
-0.271,0.625,1.565,0.563,0.831,-0.734
-0.159,0.792,2.015,0.775,1.389,-0.627
0.141,1.065,2.251,1.055,1.496,-0.756
-0.027,0.933,2.53,0.933,1.796,-0.734
-0.249,0.905,2.251,0.87,1.474,-0.777
-0.846,0.872,0.579,0.212,-0.498,-1.077
0.235,0.899,1.951,0.868,0.981,-0.97
-0.207,0.735,1.865,0.705,1.196,-0.67
-0.202,0.576,1.522,0.539,0.853,-0.67
-0.211,0.734,2.101,0.703,1.046,-1.056
-0.387,0.947,2.53,0.865,1.26,-1.27
-0.057,0.613,1.565,0.611,0.917,-0.648
-0.331,0.855,2.294,0.789,1.174,-1.12
-0.112,0.761,1.994,0.753,1.324,-0.67
0.784,1.366,2.401,1.118,1.796,-0.605
-0.138,0.821,2.23,0.81,1.453,-0.777
0.702,1.324,2.659,1.122,2.032,-0.627
-0.391,0.481,0.815,0.281,-0.005,-0.82
-0.408,0.434,0.364,0.149,-0.219,-0.584
0.004,0.774,1.822,0.774,1.024,-0.798
-0.914,1.084,1.608,0.582,-0.434,-2.042
0.171,0.896,2.144,0.88,1.346,-0.798
-0.018,0.549,1.501,0.549,1.046,-0.455
-0.232,0.792,1.951,0.758,1.281,-0.67
-0.198,0.33,0.708,0.264,0.295,-0.412
-0.147,0.916,2.573,0.905,1.539,-1.034
-0.404,0.436,0.45,0.163,-0.134,-0.584
-0.271,0.942,2.359,0.902,1.517,-0.841
0.141,0.755,1.587,0.742,1.046,-0.541
-0.567,0.666,0.943,0.349,-0.262,-1.206
-0.275,0.948,2.316,0.908,1.539,-0.777
1.088,1.319,2.037,0.745,1.775,-0.262
0.038,0.859,2.359,0.858,1.667,-0.691
0.595,1.164,2.144,1.0,1.817,-0.327
0.492,0.873,1.865,0.721,1.324,-0.541
0.102,0.488,1.265,0.477,1.003,-0.262
0.574,1.357,2.659,1.23,2.075,-0.584
-0.125,0.671,1.78,0.66,1.131,-0.648
-0.189,0.465,1.093,0.425,0.66,-0.434
-0.773,0.808,0.643,0.236,-0.541,-1.184
-0.382,0.403,0.343,0.128,-0.134,-0.477
-0.477,0.507,0.515,0.173,-0.284,-0.798
-0.134,0.779,2.166,0.767,1.346,-0.82
0.016,0.596,1.565,0.596,1.196,-0.37
0.57,1.065,2.401,0.9,1.817,-0.584
0.681,1.158,2.251,0.936,1.817,-0.434
0.685,0.958,1.801,0.67,1.474,-0.327
-0.618,0.644,0.515,0.181,-0.455,-0.97
0.124,0.785,1.865,0.775,1.067,-0.798
0.467,0.941,2.101,0.817,1.56,-0.541
-0.472,0.575,0.986,0.328,0.059,-0.927
0.325,0.852,1.78,0.788,1.281,-0.498
0.342,0.983,2.423,0.922,1.453,-0.97
0.471,1.137,2.487,1.035,1.367,-1.12
0.287,1.025,2.187,0.984,1.496,-0.691
0.051,0.554,1.437,0.552,1.153,-0.284
-0.078,0.638,1.822,0.633,1.153,-0.67
-0.057,0.826,2.123,0.824,1.56,-0.563
0.364,1.089,2.294,1.026,1.646,-0.648
0.287,1.126,2.466,1.089,1.603,-0.863
0.231,1.044,2.423,1.018,1.646,-0.777
1.419,1.44,0.772,0.246,1.796,1.024
0.291,1.041,2.23,0.999,1.517,-0.713
-0.211,0.251,0.322,0.136,-0.048,-0.37
0.308,0.972,2.208,0.922,1.603,-0.605
-0.575,0.649,0.772,0.3,-0.112,-0.884
0.115,0.769,1.887,0.761,1.324,-0.563
1.097,1.32,1.973,0.733,1.624,-0.348
-0.327,0.44,0.901,0.295,0.188,-0.713
-0.074,0.698,1.865,0.694,1.26,-0.605
0.342,0.767,1.801,0.687,1.453,-0.348
0.925,1.255,1.951,0.847,1.86,-0.091
0.334,0.861,1.887,0.794,1.346,-0.541
-0.018,0.639,1.63,0.639,1.26,-0.37
0.046,0.866,2.38,0.864,1.71,-0.67
0.454,0.877,1.651,0.75,1.367,-0.284
-0.009,0.601,1.672,0.601,1.174,-0.498
-0.468,0.523,0.622,0.232,-0.091,-0.713
1.003,1.12,1.479,0.5,1.539,0.059
0.184,0.854,2.273,0.834,1.839,-0.434
1.08,1.314,2.101,0.749,1.903,-0.198
0.93,1.053,1.308,0.495,1.26,-0.048
0.046,0.699,1.844,0.697,1.431,-0.412
-0.245,0.416,0.858,0.336,0.252,-0.605
-0.301,0.342,0.364,0.162,-0.155,-0.52
-0.284,0.345,0.579,0.196,0.016,-0.563
-0.357,0.383,0.386,0.139,-0.241,-0.627
-0.46,0.464,0.172,0.064,-0.412,-0.584
0.381,0.869,2.123,0.781,1.796,-0.327
0.119,0.448,1.136,0.432,0.981,-0.155
0.642,1.026,1.887,0.8,1.646,-0.241
0.051,1.047,2.852,1.045,1.989,-0.863
0.411,1.141,2.616,1.064,1.925,-0.691
-0.245,0.257,0.193,0.078,-0.134,-0.327
-0.267,0.331,0.579,0.195,0.059,-0.52
0.347,0.716,1.887,0.626,1.517,-0.37
0.351,1.179,2.487,1.126,1.925,-0.563
0.518,0.969,2.08,0.819,1.496,-0.584
-0.31,0.446,0.858,0.322,0.295,-0.563
1.38,1.687,2.616,0.971,2.118,-0.498
0.235,0.815,2.037,0.781,1.775,-0.262
0.257,0.667,1.694,0.616,1.474,-0.219
0.226,0.906,2.423,0.877,1.925,-0.498
-0.031,0.409,1.136,0.408,0.595,-0.541
0.921,1.25,1.801,0.845,1.646,-0.155
-0.039,0.584,1.522,0.582,1.11,-0.412
-0.219,0.248,0.257,0.115,-0.091,-0.348
-0.014,0.585,1.544,0.585,1.11,-0.434
0.848,1.269,2.23,0.944,1.946,-0.284
0.239,0.8,2.208,0.764,1.624,-0.584
0.754,1.023,1.758,0.691,1.517,-0.241
-0.164,0.212,0.407,0.135,0.016,-0.391
0.055,0.698,1.844,0.696,1.389,-0.455
1.29,1.517,2.101,0.798,1.86,-0.241
-0.168,0.441,1.158,0.408,0.531,-0.627
0.848,1.232,1.973,0.893,1.603,-0.37
-0.438,0.478,0.6,0.191,-0.112,-0.713
0.201,0.8,2.037,0.774,1.732,-0.305
-0.207,0.232,0.257,0.106,-0.091,-0.348
0.677,1.118,2.037,0.89,1.817,-0.219
-0.314,0.324,0.236,0.082,-0.155,-0.391
0.737,1.134,1.908,0.862,1.839,-0.069
-0.172,0.25,0.493,0.181,0.145,-0.348
0.132,0.486,1.394,0.468,0.938,-0.455
-0.104,0.225,0.557,0.2,0.252,-0.305
0.531,1.065,2.208,0.923,1.753,-0.455
0.454,0.675,1.222,0.499,1.281,0.059
0.527,0.908,1.951,0.739,1.624,-0.327
-0.005,0.195,0.515,0.195,0.188,-0.327
0.737,1.178,2.187,0.919,1.967,-0.219
0.445,0.877,2.08,0.756,1.925,-0.155
0.111,0.172,0.343,0.132,0.317,-0.027
0.874,1.174,2.08,0.783,2.118,0.038
0.793,1.237,2.509,0.949,2.225,-0.284
0.304,0.332,0.364,0.135,0.488,0.124
0.454,0.91,2.144,0.789,2.01,-0.134
0.081,0.213,0.536,0.197,0.445,-0.091
0.282,0.75,1.844,0.694,1.646,-0.198
0.771,1.16,1.93,0.866,1.882,-0.048
1.058,1.266,1.608,0.694,1.925,0.317
0.222,0.425,0.793,0.362,0.66,-0.134
1.483,1.628,1.544,0.671,2.182,0.638
1.431,1.596,1.908,0.705,1.989,0.081
0.707,1.026,1.865,0.744,1.903,0.038
0.741,1.101,1.93,0.814,1.882,-0.048
0.098,0.198,0.536,0.172,0.381,-0.155
0.57,1.192,2.273,1.047,1.903,-0.37
0.381,0.77,1.78,0.67,1.603,-0.177
0.823,1.137,2.037,0.784,1.796,-0.241
0.385,0.776,1.801,0.673,1.71,-0.091
1.178,1.463,2.058,0.866,2.075,0.016
0.424,0.812,1.908,0.692,1.71,-0.198
1.011,1.341,1.994,0.881,2.16,0.166
0.004,0.05,0.129,0.05,0.038,-0.091
1.311,1.514,1.951,0.757,1.775,-0.177
0.531,1.229,2.68,1.108,2.118,-0.563
-0.138,0.29,0.643,0.255,0.145,-0.498
0.934,1.33,2.423,0.947,1.925,-0.498
0.711,0.979,1.501,0.673,1.667,0.166
0.81,1.253,2.208,0.956,1.989,-0.219
1.299,1.543,2.015,0.834,2.053,0.038
1.324,1.478,1.372,0.657,1.882,0.51
0.102,0.438,0.986,0.426,0.617,-0.37
0.295,0.441,0.793,0.327,0.681,-0.112
0.261,0.818,2.015,0.776,1.775,-0.241
0.055,0.14,0.279,0.128,0.209,-0.069
0.518,0.851,1.758,0.675,1.86,0.102
0.334,0.665,1.672,0.576,1.431,-0.241
0.317,0.368,0.493,0.188,0.617,0.124
1.526,1.651,1.672,0.632,1.946,0.274
0.222,0.292,0.515,0.19,0.552,0.038
0.685,1.172,2.058,0.95,1.86,-0.198
-0.031,0.269,0.793,0.267,0.317,-0.477
0.415,0.719,1.544,0.587,1.56,0.016
0.672,0.987,1.951,0.723,2.075,0.124
0.106,0.147,0.279,0.101,0.209,-0.069
0.874,1.073,1.63,0.622,1.56,-0.069
0.557,0.945,2.251,0.763,2.01,-0.241
1.127,1.354,1.951,0.75,2.032,0.081
1.071,1.459,2.337,0.991,2.332,-0.005
0.355,0.386,0.407,0.152,0.595,0.188
0.415,0.777,1.737,0.657,1.71,-0.027
0.424,0.866,2.123,0.756,1.839,-0.284
0.72,1.245,2.359,1.016,1.946,-0.412
0.544,0.995,2.251,0.834,2.118,-0.134
0.445,0.615,1.115,0.424,1.26,0.145
0.848,1.36,2.659,1.063,2.311,-0.348
0.364,0.822,2.144,0.737,1.775,-0.37
1.037,1.26,1.994,0.716,1.839,-0.155
0.527,0.851,2.015,0.669,1.775,-0.241
0.612,0.66,0.708,0.246,1.088,0.381
0.728,0.896,1.265,0.521,1.474,0.209
0.552,0.793,1.286,0.569,1.26,-0.027
1.637,1.768,1.758,0.668,2.225,0.467
0.527,0.853,1.715,0.672,1.646,-0.069
0.668,1.108,2.123,0.883,1.796,-0.327
0.943,1.165,1.758,0.685,1.882,0.124
1.204,1.416,2.08,0.744,2.418,0.338
0.317,0.595,1.501,0.504,1.26,-0.241
0.364,0.391,0.364,0.144,0.51,0.145
1.38,1.562,2.037,0.731,2.01,-0.027
0.681,0.882,1.179,0.561,1.367,0.188
1.2,1.402,1.608,0.725,1.817,0.209
0.986,1.371,2.123,0.953,2.139,0.016
0.522,0.885,1.715,0.714,1.56,-0.155
0.96,1.265,1.758,0.824,1.967,0.209
0.973,1.15,1.63,0.613,1.946,0.317
1.016,1.296,2.058,0.805,1.925,-0.134
0.535,0.768,1.522,0.55,1.603,0.081
0.685,0.861,1.394,0.521,1.689,0.295
0.891,1.038,1.437,0.532,1.71,0.274
0.891,0.993,1.051,0.438,1.303,0.252
1.161,1.406,1.801,0.793,1.989,0.188
0.823,1.118,1.844,0.757,2.01,0.166
0.664,0.988,1.822,0.731,1.646,-0.177
0.214,0.538,1.351,0.493,0.895,-0.455
0.638,0.874,1.501,0.597,1.324,-0.177
1.487,1.6,1.565,0.591,1.946,0.381
0.737,0.958,1.351,0.613,1.517,0.166
1.127,1.291,1.63,0.63,1.517,-0.112
0.582,0.91,1.865,0.699,1.474,-0.391
1.037,1.188,1.394,0.579,1.603,0.209
0.814,1.062,1.587,0.682,1.539,-0.048
0.124,0.203,0.386,0.162,0.359,-0.027
0.578,0.817,1.587,0.578,1.689,0.102
0.291,0.422,0.686,0.306,0.66,-0.027
0.604,1.145,2.509,0.972,2.546,0.038
-0.078,0.304,0.729,0.294,0.188,-0.541
0.874,1.048,1.286,0.578,1.431,0.145
0.501,0.94,1.93,0.796,1.582,-0.348
1.303,1.414,1.565,0.55,1.796,0.231
0.681,0.957,1.544,0.673,1.41,-0.134
0.312,0.534,1.115,0.433,1.174,0.059
0.317,0.603,1.501,0.513,1.281,-0.219
0.325,0.693,1.608,0.613,1.539,-0.069
0.317,0.596,1.394,0.506,1.11,-0.284
0.557,0.874,1.544,0.674,1.367,-0.177
0.111,0.252,0.557,0.226,0.317,-0.241
0.269,0.556,1.479,0.487,1.174,-0.305
1.243,1.327,1.286,0.465,1.624,0.338
0.124,0.198,0.407,0.155,0.381,-0.027
0.252,0.602,1.458,0.546,1.217,-0.241
0.449,0.819,1.737,0.684,1.817,0.081
0.252,0.723,2.015,0.677,1.539,-0.477
0.171,0.198,0.214,0.1,0.252,0.038
0.497,0.876,1.865,0.721,1.732,-0.134
0.728,1.075,2.144,0.791,1.903,-0.241
0.171,0.558,1.394,0.532,1.196,-0.198
0.132,0.692,1.801,0.68,1.453,-0.348
0.175,0.545,1.587,0.517,1.046,-0.541
0.175,0.66,1.672,0.637,1.431,-0.241
0.685,1.149,2.487,0.923,1.903,-0.584
1.033,1.243,1.501,0.692,1.646,0.145
0.321,0.842,2.208,0.778,1.817,-0.391
-0.142,0.173,0.257,0.098,-0.005,-0.262
0.209,1.01,2.637,0.988,2.139,-0.498
0.196,0.379,1.008,0.324,0.767,-0.241
0.016,0.248,0.643,0.247,0.402,-0.241
0.196,0.221,0.236,0.1,0.317,0.081
0.205,0.775,2.187,0.748,1.603,-0.584
0.865,1.266,1.994,0.925,1.689,-0.305
-0.009,0.133,0.343,0.132,0.231,-0.112
0.664,1.215,2.208,1.017,1.903,-0.305
0.312,0.905,2.251,0.849,1.989,-0.262
0.158,0.936,2.401,0.922,1.989,-0.412
0.226,0.793,2.101,0.76,1.71,-0.391
0.055,0.2,0.579,0.192,0.317,-0.262
0.986,1.269,2.101,0.8,1.967,-0.134
0.154,0.629,1.608,0.61,1.367,-0.241
0.385,0.953,2.509,0.872,1.86,-0.648
-0.125,0.199,0.386,0.154,0.081,-0.305
0.449,1.109,2.916,1.014,2.311,-0.605
0.595,1.12,2.037,0.949,1.753,-0.284
0.419,0.915,2.123,0.814,2.032,-0.091
0.235,0.306,0.515,0.196,0.488,-0.027
0.282,0.735,1.865,0.679,1.56,-0.305
-0.241,0.354,0.643,0.259,0.059,-0.584
0.544,1.018,2.123,0.861,1.86,-0.262
1.2,1.457,2.316,0.827,1.903,-0.412
-0.159,0.242,0.472,0.182,0.059,-0.412
-0.095,0.223,0.622,0.202,0.209,-0.412
0.257,0.814,2.015,0.772,1.775,-0.241
0.437,0.925,2.337,0.815,2.01,-0.327
0.351,0.797,1.93,0.715,1.753,-0.177
-0.082,0.199,0.493,0.181,0.252,-0.241
0.492,0.851,1.93,0.693,1.753,-0.177
0.84,1.256,2.101,0.934,1.967,-0.134
0.625,0.975,2.015,0.748,2.096,0.081
0.312,0.855,2.144,0.796,1.86,-0.284
0.329,0.939,2.294,0.88,1.646,-0.648
0.557,1.23,2.809,1.097,2.16,-0.648
-0.348,0.356,0.214,0.077,-0.241,-0.455
-0.352,0.37,0.322,0.113,-0.155,-0.477
0.136,0.734,1.994,0.721,1.539,-0.455
0.501,1.054,2.123,0.927,1.646,-0.477
0.522,1.029,1.93,0.887,1.603,-0.327
0.299,0.97,2.444,0.923,2.118,-0.327
-0.262,0.379,0.815,0.274,0.209,-0.605
-0.035,0.706,1.822,0.705,1.281,-0.541
0.874,1.302,2.101,0.965,1.775,-0.327
-0.185,0.26,0.515,0.182,-0.027,-0.541
-0.031,0.165,0.429,0.162,0.124,-0.305
-0.202,0.24,0.386,0.128,-0.048,-0.434
-0.018,0.294,0.643,0.294,0.274,-0.37
-0.464,0.546,0.708,0.287,-0.112,-0.82
0.299,0.922,1.822,0.872,1.367,-0.455
-0.348,0.44,0.793,0.269,0.016,-0.777
0.218,0.852,2.166,0.824,1.86,-0.305
-0.597,0.68,0.965,0.326,-0.027,-0.991
0.145,0.618,1.329,0.601,0.874,-0.455
-0.147,0.95,2.702,0.938,1.646,-1.056
0.106,0.752,2.166,0.745,1.539,-0.627
0.184,0.877,2.423,0.857,1.86,-0.563
-0.172,0.263,0.536,0.198,-0.027,-0.563
-0.185,0.649,1.651,0.622,1.046,-0.605
0.917,1.324,2.359,0.955,1.925,-0.434
0.012,0.663,1.908,0.663,1.281,-0.627
0.128,0.792,2.101,0.782,1.667,-0.434
-0.108,0.194,0.472,0.161,0.188,-0.284
-0.142,0.282,0.75,0.244,0.166,-0.584
0.016,0.874,2.401,0.873,1.667,-0.734
0.034,0.289,0.75,0.287,0.317,-0.434
0.106,0.736,2.123,0.728,1.474,-0.648
0.072,0.902,2.337,0.899,1.86,-0.477
-0.112,0.341,0.815,0.322,0.252,-0.563
-0.545,0.557,0.3,0.115,-0.412,-0.713
0.115,0.779,2.058,0.771,1.646,-0.412
-0.442,0.497,0.6,0.226,-0.048,-0.648
-0.498,0.553,0.708,0.24,-0.091,-0.798
-0.267,0.307,0.429,0.151,-0.005,-0.434
-0.807,0.824,0.472,0.166,-0.52,-0.991
-0.412,1.125,2.809,1.046,1.624,-1.184
0.394,1.206,2.637,1.14,1.989,-0.648
0.239,0.457,0.901,0.39,0.66,-0.241
-0.588,1.012,2.38,0.823,0.788,-1.592
-0.635,0.688,0.643,0.264,-0.305,-0.948
0.132,0.709,1.93,0.697,1.431,-0.498
-0.734,0.767,0.6,0.222,-0.348,-0.948
-0.635,0.661,0.472,0.181,-0.37,-0.841
-0.49,0.509,0.386,0.139,-0.219,-0.605
-0.104,0.67,1.844,0.661,1.196,-0.648
-0.31,0.431,0.772,0.3,-0.048,-0.82
-0.631,0.637,0.257,0.084,-0.498,-0.756
0.029,0.794,2.23,0.794,1.582,-0.648
-0.537,0.555,0.386,0.139,-0.305,-0.691
-0.653,0.671,0.429,0.154,-0.498,-0.927
-0.472,0.845,1.994,0.7,0.895,-1.099
-0.121,0.919,2.015,0.911,0.981,-1.034
-0.863,0.93,1.029,0.348,-0.327,-1.356
-0.494,0.502,0.279,0.089,-0.37,-0.648
-0.34,0.708,1.865,0.621,0.81,-1.056
-0.537,0.574,0.557,0.204,-0.348,-0.906
0.076,0.65,1.565,0.646,1.088,-0.477
-0.927,1.034,1.415,0.457,-0.305,-1.72
-0.687,0.699,0.364,0.13,-0.541,-0.906
-0.558,0.967,2.251,0.789,0.981,-1.27
-0.104,1.079,2.937,1.074,1.41,-1.527
-0.267,0.863,2.251,0.82,1.303,-0.948
-0.901,0.923,0.557,0.199,-0.52,-1.077
-0.43,0.454,0.343,0.146,-0.305,-0.648
-0.704,0.785,1.029,0.346,-0.134,-1.163
-0.142,0.67,1.758,0.655,1.131,-0.627
-0.511,0.846,1.78,0.674,0.831,-0.948
-0.588,0.907,1.844,0.691,0.767,-1.077
-0.871,0.894,0.579,0.198,-0.541,-1.12
-0.464,0.506,0.515,0.201,-0.262,-0.777
-0.798,0.822,0.557,0.197,-0.455,-1.013
-0.781,0.83,0.729,0.281,-0.52,-1.249
-0.683,0.692,0.3,0.114,-0.605,-0.906
0.218,1.1,2.809,1.078,1.603,-1.206
-0.725,0.731,0.214,0.087,-0.627,-0.841
-0.833,0.845,0.364,0.143,-0.605,-0.97
-0.61,0.612,0.15,0.053,-0.541,-0.691
-0.584,0.601,0.364,0.14,-0.305,-0.67
-0.687,1.001,1.973,0.728,0.66,-1.313
-1.103,1.214,1.265,0.508,-0.477,-1.742
-0.142,0.863,2.337,0.852,1.539,-0.798
-0.811,0.853,0.772,0.265,-0.412,-1.184
-0.455,0.988,2.551,0.876,1.239,-1.313
-0.232,0.929,2.616,0.9,1.389,-1.227
-1.047,1.088,0.772,0.294,-0.648,-1.42
-0.991,1.051,1.051,0.348,-0.52,-1.57
-0.537,0.924,1.973,0.753,0.96,-1.013
-0.936,0.943,0.322,0.116,-0.841,-1.163
-0.721,0.906,1.479,0.549,0.295,-1.184
0.132,0.829,1.908,0.819,1.153,-0.756
-0.318,0.682,1.78,0.603,0.81,-0.97
-0.245,0.802,2.037,0.763,0.917,-1.12
-0.142,0.909,2.316,0.898,1.646,-0.67
-0.344,1.031,2.637,0.972,1.56,-1.077
-0.704,0.71,0.236,0.091,-0.605,-0.841
-0.43,0.936,2.337,0.831,1.196,-1.141
-0.884,0.943,0.922,0.327,-0.262,-1.184
-0.64,1.062,2.359,0.848,1.024,-1.334
-0.743,0.807,0.943,0.316,-0.391,-1.334
-0.837,0.909,1.029,0.355,-0.198,-1.227
0.381,0.947,1.973,0.867,1.26,-0.713
-0.224,0.909,2.316,0.881,1.131,-1.184
-0.751,0.754,0.172,0.066,-0.648,-0.82
-0.408,0.854,1.887,0.75,0.681,-1.206
-0.258,0.953,2.08,0.917,1.067,-1.013
-0.931,0.943,0.45,0.148,-0.734,-1.184
0.089,0.885,1.994,0.881,0.853,-1.141
-0.991,0.997,0.279,0.109,-0.884,-1.163
-1.313,1.348,0.772,0.304,-1.013,-1.785
-0.708,0.989,1.93,0.69,0.638,-1.292
-0.537,0.828,1.394,0.63,0.231,-1.163
-0.301,0.927,2.037,0.877,0.638,-1.399
-1.283,1.299,0.557,0.205,-1.12,-1.677
-0.502,0.946,2.23,0.801,0.853,-1.377
-0.807,1.258,2.68,0.965,1.024,-1.656
-0.931,0.968,0.708,0.265,-0.648,-1.356
-0.876,1.138,1.887,0.726,0.574,-1.313
-1.39,1.401,0.472,0.172,-1.077,-1.549
-1.193,1.218,0.708,0.244,-0.756,-1.463
-1.069,1.116,0.901,0.32,-0.52,-1.42
-0.927,1.195,2.294,0.755,0.424,-1.87
-0.515,0.895,1.844,0.732,0.681,-1.163
-1.3,1.3,0.086,0.032,-1.27,-1.356
-0.936,1.171,2.037,0.705,0.381,-1.656
-1.446,1.474,0.793,0.285,-0.884,-1.677
-1.442,1.459,0.643,0.225,-1.034,-1.677
-0.725,1.268,2.594,1.04,0.767,-1.828
-1.244,1.427,2.037,0.698,0.081,-1.956
-1.064,1.173,1.329,0.493,-0.155,-1.484
-1.09,1.101,0.472,0.152,-0.841,-1.313
-1.236,1.253,0.557,0.205,-0.884,-1.442
-1.66,1.679,0.729,0.251,-1.334,-2.063
-1.146,1.168,0.665,0.229,-0.734,-1.399
-1.141,1.642,3.002,1.18,0.445,-2.557
-1.231,1.264,0.643,0.284,-0.948,-1.592
-0.528,0.996,2.123,0.844,0.595,-1.527
-1.502,1.505,0.279,0.103,-1.42,-1.699
-0.207,0.927,1.93,0.904,0.574,-1.356
-1.716,1.722,0.322,0.145,-1.57,-1.892
-0.768,1.125,2.144,0.821,0.145,-1.999
-1.296,1.304,0.429,0.147,-1.12,-1.549
-1.463,1.467,0.257,0.103,-1.313,-1.57
-0.944,1.258,1.822,0.831,0.081,-1.742
-1.343,1.343,0.107,0.035,-1.292,-1.399
-1.274,1.301,0.75,0.263,-0.863,-1.613
-1.193,1.418,2.08,0.766,0.274,-1.806
-1.317,1.339,0.729,0.242,-1.013,-1.742
-1.047,1.056,0.407,0.136,-0.798,-1.206
-1.206,1.266,1.179,0.386,-0.52,-1.699
-0.923,0.936,0.343,0.154,-0.777,-1.12
-0.854,1.181,2.444,0.816,0.574,-1.87
-1.502,1.549,1.179,0.382,-0.82,-1.999
-0.94,0.962,0.579,0.205,-0.584,-1.163
-1.171,1.358,1.822,0.687,-0.627,-2.449
-1.176,1.183,0.386,0.129,-0.991,-1.377
-1.334,1.342,0.407,0.144,-1.141,-1.549
-1.296,1.308,0.429,0.181,-1.056,-1.484
-1.296,1.31,0.579,0.194,-0.927,-1.506
-1.768,2.008,2.101,0.954,-0.841,-2.942
-1.399,1.425,0.643,0.27,-1.013,-1.656
-1.309,1.422,1.608,0.556,-0.756,-2.364
-0.738,0.775,0.622,0.236,-0.584,-1.206
-1.009,1.035,0.729,0.231,-0.67,-1.399
-1.437,1.59,1.801,0.679,-0.927,-2.728
-1.116,1.131,0.515,0.185,-0.82,-1.334
-1.253,1.259,0.343,0.122,-1.013,-1.356
-1.133,1.197,1.008,0.387,-0.52,-1.527
-2.75,2.887,2.359,0.881,-1.034,-3.393
-1.163,1.199,0.772,0.293,-0.777,-1.549
-1.27,1.481,1.973,0.762,-0.82,-2.792
-1.09,1.111,0.6,0.215,-0.734,-1.334
-1.171,1.186,0.472,0.187,-0.906,-1.377
-1.0,1.005,0.279,0.101,-0.841,-1.12
-1.347,1.629,2.787,0.916,-0.177,-2.964
-1.999,2.181,2.037,0.872,-1.077,-3.114
-1.034,1.054,0.536,0.202,-0.798,-1.334
-1.66,1.705,1.051,0.387,-1.377,-2.428
-1.206,1.212,0.279,0.124,-1.099,-1.377
-0.918,0.981,0.901,0.343,-0.434,-1.334
-1.163,1.171,0.364,0.134,-0.927,-1.292
-1.266,1.313,0.901,0.349,-0.777,-1.677
-1.193,1.4,2.015,0.733,-0.627,-2.642
-1.266,1.452,2.058,0.711,-0.563,-2.621
-1.244,1.404,1.865,0.651,-0.648,-2.514
-1.866,2.032,1.951,0.804,-1.013,-2.964
-1.249,1.257,0.364,0.148,-1.099,-1.463
-1.06,1.174,1.351,0.506,-0.327,-1.677
-0.978,1.014,0.708,0.267,-0.691,-1.399
-1.069,1.084,0.515,0.181,-0.734,-1.249
-1.429,1.43,0.172,0.057,-1.334,-1.506
-1.364,1.371,0.364,0.136,-1.163,-1.527
-1.352,1.407,1.008,0.392,-0.991,-1.999
-1.523,1.653,1.758,0.642,-1.034,-2.792
-1.339,1.353,0.493,0.199,-1.077,-1.57
-1.845,1.926,1.651,0.555,-1.227,-2.878
-1.922,2.11,2.423,0.872,-0.991,-3.414
-1.579,1.61,0.836,0.317,-1.249,-2.085
-1.523,1.537,0.515,0.206,-1.249,-1.763
-1.382,1.398,0.643,0.213,-1.12,-1.763
-1.549,1.564,0.536,0.216,-1.292,-1.828
-1.699,1.71,0.579,0.195,-1.42,-1.999
-1.21,1.244,0.836,0.287,-0.927,-1.763
-1.356,1.421,1.179,0.425,-0.97,-2.149
-1.356,1.391,0.943,0.312,-0.991,-1.935
-1.223,1.225,0.214,0.075,-1.099,-1.313
-1.111,1.128,0.493,0.19,-0.734,-1.227
-0.987,1.017,0.708,0.246,-0.713,-1.42
-1.017,1.054,0.729,0.276,-0.477,-1.206
-1.18,1.215,0.772,0.289,-0.927,-1.699
-1.429,1.464,0.75,0.321,-1.056,-1.806
-1.236,1.25,0.493,0.185,-1.077,-1.57
-1.467,1.484,0.557,0.224,-1.099,-1.656
-1.369,1.376,0.429,0.144,-1.206,-1.635
-1.064,1.082,0.536,0.196,-0.713,-1.249
-1.326,1.335,0.472,0.159,-1.099,-1.57
-1.077,1.101,0.622,0.226,-0.884,-1.506
-1.36,1.364,0.279,0.108,-1.292,-1.57
-1.48,1.488,0.429,0.15,-1.249,-1.677
-1.249,1.27,0.557,0.233,-1.034,-1.592
-1.15,1.171,0.6,0.219,-0.756,-1.356
-1.356,1.366,0.429,0.169,-1.099,-1.527
-1.489,1.509,0.772,0.248,-1.099,-1.87
-1.33,1.348,0.622,0.22,-1.12,-1.742
-1.004,1.032,0.729,0.237,-0.627,-1.356
-1.309,1.329,0.643,0.234,-0.948,-1.592
-0.983,1.006,0.622,0.215,-0.67,-1.292
-1.454,1.492,0.901,0.331,-0.798,-1.699
-1.36,1.378,0.557,0.223,-1.077,-1.635
-0.623,0.942,1.994,0.707,0.767,-1.227
-1.274,1.355,1.415,0.462,-0.455,-1.87
-1.262,1.284,0.75,0.24,-0.927,-1.677
-0.858,1.023,1.437,0.556,0.252,-1.184
-1.39,1.391,0.107,0.04,-1.356,-1.463
-0.931,0.989,0.943,0.331,-0.52,-1.463
-0.936,1.252,2.487,0.832,0.638,-1.849
-1.056,1.089,0.75,0.268,-0.777,-1.527
-0.593,0.849,1.608,0.609,0.617,-0.991
-0.846,1.152,2.037,0.783,0.702,-1.334
-0.97,0.985,0.45,0.169,-0.648,-1.099
-0.417,1.042,2.509,0.955,1.024,-1.484
-0.717,0.958,1.608,0.636,0.552,-1.056
-1.227,1.265,0.836,0.307,-0.863,-1.699
-0.502,0.962,1.865,0.82,0.488,-1.377
-1.326,1.351,0.686,0.257,-0.97,-1.656
-0.73,0.941,1.715,0.594,0.402,-1.313
-0.914,1.154,2.101,0.705,0.424,-1.677
-0.876,0.989,1.222,0.459,0.038,-1.184
-0.563,0.939,1.994,0.751,0.917,-1.077
-1.292,1.293,0.15,0.054,-1.184,-1.334
-0.695,1.122,2.38,0.88,1.003,-1.377
-0.854,1.118,1.973,0.722,0.488,-1.484
-0.76,0.977,1.715,0.615,0.445,-1.27
-1.09,1.137,0.772,0.323,-0.734,-1.506
0.042,0.974,2.359,0.973,1.024,-1.334
-0.648,0.962,1.908,0.711,0.745,-1.163
-0.472,0.672,1.201,0.478,0.209,-0.991
-1.017,1.122,1.351,0.474,-0.177,-1.527
-0.147,1.012,2.53,1.001,1.024,-1.506
-0.365,0.746,1.908,0.651,0.767,-1.141
-0.648,0.995,1.63,0.755,0.295,-1.334
-0.219,0.787,1.822,0.756,0.467,-1.356
-0.768,1.016,1.865,0.664,0.531,-1.334
-0.241,0.582,1.286,0.529,0.381,-0.906
-0.91,0.918,0.343,0.12,-0.713,-1.056
-0.854,0.863,0.279,0.125,-0.691,-0.97
-0.069,0.762,1.737,0.759,0.66,-1.077
-0.361,0.951,2.573,0.88,0.917,-1.656
-0.584,0.648,0.708,0.28,-0.198,-0.906
-0.85,0.97,1.286,0.467,-0.091,-1.377
-0.94,1.193,2.101,0.735,0.445,-1.656
-1.047,1.068,0.6,0.212,-0.734,-1.334
-0.554,0.719,1.265,0.459,0.102,-1.163
0.158,0.581,1.672,0.559,1.003,-0.67
-0.112,0.928,2.037,0.922,0.745,-1.292
-0.211,0.729,1.737,0.698,0.874,-0.863
-0.455,0.702,1.458,0.534,0.531,-0.927
-0.464,0.876,1.715,0.743,0.424,-1.292
-0.147,0.315,0.858,0.279,0.209,-0.648
-0.464,1.059,2.144,0.952,0.895,-1.249
-0.91,0.926,0.45,0.174,-0.627,-1.077
-0.52,0.832,1.865,0.65,0.724,-1.141
-0.177,0.947,2.208,0.93,0.938,-1.27
-0.151,0.648,1.458,0.63,0.595,-0.863
-0.189,0.711,1.587,0.685,0.638,-0.948
-0.537,0.694,1.329,0.44,0.274,-1.056
-0.49,0.658,1.308,0.44,0.338,-0.97
-0.065,0.58,1.265,0.576,0.638,-0.627
0.046,0.668,1.822,0.667,0.638,-1.184
-0.918,0.939,0.515,0.194,-0.691,-1.206
-0.481,1.054,2.015,0.938,0.66,-1.356
-0.241,0.782,1.801,0.744,0.531,-1.27
-0.434,0.815,1.501,0.689,0.402,-1.099
-0.374,1.014,2.037,0.943,0.831,-1.206
-0.683,0.713,0.557,0.205,-0.37,-0.927
-0.567,0.638,0.836,0.293,-0.177,-1.013
-0.601,0.993,2.444,0.791,0.767,-1.677
-0.151,0.483,1.179,0.459,0.402,-0.777
0.012,0.595,1.458,0.594,0.488,-0.97
-0.061,0.431,1.158,0.427,0.595,-0.563
-0.104,0.484,1.201,0.473,0.338,-0.863
-0.168,0.588,1.222,0.563,0.552,-0.67
0.226,0.897,2.144,0.868,1.153,-0.991
-0.292,0.903,2.166,0.854,0.981,-1.184
-0.237,0.478,1.265,0.415,0.531,-0.734
0.072,0.448,1.329,0.442,0.638,-0.691
-0.37,0.808,2.166,0.718,0.96,-1.206
-0.151,0.651,1.672,0.634,0.745,-0.927
-0.117,0.74,1.63,0.731,0.767,-0.863
-0.082,0.995,2.187,0.992,0.895,-1.292
-0.593,1.122,2.573,0.953,1.281,-1.292
-0.507,0.949,2.058,0.803,0.595,-1.463
-0.747,0.762,0.343,0.15,-0.584,-0.927
-0.121,0.963,2.144,0.955,0.853,-1.292
-0.082,0.971,2.444,0.968,0.96,-1.484
-0.43,1.017,2.637,0.921,1.281,-1.356
0.244,1.043,2.637,1.014,1.903,-0.734
0.111,1.005,2.337,0.999,1.088,-1.249
0.818,0.89,1.072,0.351,1.453,0.381
0.094,0.897,2.359,0.892,1.217,-1.141
0.329,0.924,2.337,0.863,0.96,-1.377
-0.502,0.87,1.887,0.71,0.895,-0.991
-0.79,0.798,0.257,0.116,-0.67,-0.927
-0.082,1.02,2.359,1.016,1.281,-1.077
-0.43,1.009,2.015,0.913,0.702,-1.313
0.269,0.785,1.865,0.737,1.303,-0.563
-0.275,0.939,2.144,0.898,1.003,-1.141
-0.061,1.064,2.487,1.062,1.367,-1.12
-0.498,0.931,2.058,0.787,1.067,-0.991
-0.237,0.991,2.23,0.962,0.96,-1.27
0.076,1.091,2.573,1.088,1.067,-1.506
0.488,0.856,1.865,0.704,1.024,-0.841
-0.704,1.089,2.273,0.83,0.831,-1.442
0.75,0.969,1.737,0.614,1.367,-0.37
0.724,1.254,3.045,1.025,1.839,-1.206
-0.73,0.764,0.536,0.227,-0.477,-1.013
0.106,0.948,2.123,0.942,1.239,-0.884
-0.425,0.828,1.994,0.71,0.938,-1.056
0.188,0.906,1.951,0.887,1.303,-0.648
0.128,0.896,2.423,0.886,1.431,-0.991
-0.142,1.039,2.208,1.03,1.11,-1.099
0.064,0.844,2.101,0.842,1.067,-1.034
0.222,0.896,2.015,0.868,1.196,-0.82
0.531,0.882,2.037,0.705,1.217,-0.82
-0.249,0.587,1.372,0.532,0.788,-0.584
-0.52,0.571,0.515,0.238,-0.305,-0.82
0.119,0.943,2.466,0.936,1.239,-1.227
0.124,0.91,2.123,0.902,1.067,-1.056
-0.85,0.874,0.579,0.205,-0.67,-1.249
-0.601,0.877,1.458,0.638,0.102,-1.356
-0.442,0.965,2.273,0.857,0.831,-1.442
-0.49,0.883,2.058,0.735,0.917,-1.141
-0.768,1.043,1.908,0.706,0.574,-1.334
-0.228,0.769,2.166,0.735,1.174,-0.991
-0.194,0.761,1.951,0.736,1.217,-0.734
-0.069,0.791,1.651,0.788,0.895,-0.756
-0.481,0.964,2.509,0.835,1.088,-1.42
-0.138,0.827,2.273,0.815,1.453,-0.82
0.342,0.956,2.015,0.892,1.26,-0.756
-0.893,0.979,1.136,0.402,-0.112,-1.249
-0.245,0.801,2.294,0.763,1.153,-1.141
-0.404,0.756,1.801,0.639,0.831,-0.97
0.754,1.231,2.273,0.973,1.71,-0.563
-0.151,0.926,2.637,0.914,1.56,-1.077
-0.224,0.838,2.251,0.807,1.346,-0.906
0.565,1.134,2.273,0.983,1.753,-0.52
0.75,1.138,1.908,0.856,1.56,-0.348
-0.451,0.483,0.45,0.172,-0.262,-0.713
0.021,1.043,2.895,1.043,1.539,-1.356
-0.129,0.894,2.273,0.884,1.367,-0.906
-0.412,0.481,0.75,0.247,-0.005,-0.756
-0.275,0.332,0.493,0.186,-0.112,-0.605
-0.275,0.47,1.072,0.382,0.467,-0.605
-0.515,0.684,1.158,0.449,0.145,-1.013
-0.078,0.311,0.922,0.301,0.424,-0.498
-0.34,0.377,0.407,0.164,-0.134,-0.541
-0.074,0.215,0.515,0.202,0.209,-0.305
0.119,0.708,2.015,0.698,1.474,-0.541
0.604,1.129,2.208,0.954,1.925,-0.284
0.625,1.139,2.466,0.952,2.01,-0.455
0.428,1.084,2.401,0.996,1.775,-0.627
0.908,1.157,1.973,0.717,1.646,-0.327
-0.142,0.174,0.3,0.099,-0.027,-0.327
0.574,1.083,2.359,0.919,2.096,-0.262
0.351,0.865,2.38,0.791,1.839,-0.541
0.342,0.755,1.951,0.673,1.646,-0.305
0.359,0.781,1.887,0.694,1.732,-0.155
1.522,1.742,2.423,0.849,2.289,-0.134
1.577,1.752,2.058,0.763,2.139,0.081
0.998,1.303,1.758,0.837,1.732,-0.027
0.432,0.81,1.651,0.685,1.389,-0.262
0.136,0.707,1.822,0.694,1.517,-0.305
0.921,1.246,2.037,0.839,1.817,-0.219
1.955,1.962,0.45,0.17,2.289,1.839
0.655,1.21,2.487,1.017,2.182,-0.305
1.067,1.29,1.63,0.724,2.096,0.467
0.441,0.98,2.423,0.875,2.16,-0.262
0.059,0.192,0.472,0.183,0.166,-0.305
0.788,1.206,2.187,0.912,1.86,-0.327
-0.035,0.075,0.193,0.066,0.038,-0.155
0.51,0.905,2.123,0.749,1.882,-0.241
0.445,0.83,1.822,0.701,1.817,-0.005
0.784,1.17,1.994,0.869,1.946,-0.048
-0.078,0.165,0.343,0.146,0.038,-0.305
0.042,0.13,0.343,0.123,0.252,-0.091
0.917,1.208,1.78,0.787,1.903,0.124
0.724,1.215,2.551,0.975,2.032,-0.52
0.69,1.231,2.316,1.02,2.16,-0.155
0.407,0.792,1.93,0.68,1.732,-0.198
0.998,1.254,1.822,0.759,1.753,-0.069
1.063,1.369,2.23,0.864,2.332,0.102
1.003,1.439,2.38,1.032,2.332,-0.048
0.805,1.186,2.037,0.87,1.903,-0.134
0.75,0.853,1.072,0.407,1.56,0.488
1.076,1.625,2.916,1.218,2.825,-0.091
0.87,1.185,1.822,0.805,1.882,0.059
0.72,0.998,1.822,0.691,2.096,0.274
1.303,1.59,2.401,0.912,2.632,0.231
0.831,1.23,2.058,0.906,2.01,-0.048
1.912,2.067,2.316,0.787,2.739,0.424
2.251,2.256,0.343,0.15,2.418,2.075
1.672,1.796,1.694,0.657,2.053,0.359
0.034,0.115,0.279,0.11,0.231,-0.048
1.466,1.674,1.887,0.808,2.418,0.531
2.105,2.122,0.579,0.274,2.439,1.86
1.534,1.844,2.895,1.023,2.782,-0.112
1.161,1.422,1.822,0.821,1.925,0.102
1.217,1.409,1.651,0.711,1.882,0.231
1.612,1.694,1.394,0.522,1.967,0.574
0.458,0.837,1.887,0.7,1.753,-0.134
0.874,1.293,2.23,0.953,2.16,-0.069
1.273,1.539,2.187,0.865,2.203,0.016
2.139,2.148,0.536,0.196,2.332,1.796
1.123,1.412,2.337,0.857,2.225,-0.112
0.951,1.377,2.251,0.996,2.353,0.102
1.131,1.454,2.316,0.913,2.439,0.124
0.827,1.11,1.694,0.741,1.925,0.231
1.624,1.773,1.887,0.71,2.139,0.252
1.067,1.506,2.423,1.063,2.353,-0.069
1.757,1.908,1.951,0.744,2.225,0.274
0.647,1.099,1.93,0.889,1.796,-0.134
1.281,1.505,2.08,0.79,2.182,0.102
1.144,1.384,1.887,0.779,1.989,0.102
0.883,1.239,1.994,0.87,1.946,-0.048
1.024,1.247,1.715,0.711,2.096,0.381
0.578,0.786,1.522,0.533,1.539,0.016
1.676,1.792,1.672,0.633,2.139,0.467
1.637,1.757,1.608,0.638,2.246,0.638
0.364,0.459,0.729,0.279,0.574,-0.155
0.681,0.823,1.372,0.462,1.539,0.166
1.11,1.386,1.973,0.83,2.032,0.059
0.484,0.821,1.758,0.663,1.732,-0.027
1.47,1.526,1.093,0.408,1.753,0.66
1.689,1.694,0.364,0.139,1.86,1.496
1.093,1.287,1.587,0.68,1.86,0.274
1.693,1.778,1.458,0.541,2.118,0.66
1.745,1.754,0.515,0.186,1.946,1.431
1.431,1.546,1.651,0.583,2.01,0.359
1.307,1.599,2.123,0.921,2.289,0.166
1.817,1.841,0.901,0.297,2.289,1.389
0.9,1.047,1.286,0.535,1.367,0.081
1.856,1.867,0.536,0.202,2.139,1.603
1.573,1.694,1.844,0.628,2.396,0.552
1.166,1.299,1.544,0.574,1.817,0.274
1.05,1.261,1.672,0.699,2.075,0.402
1.71,1.723,0.557,0.208,2.118,1.56
0.955,1.067,1.265,0.475,1.453,0.188
0.835,1.086,1.844,0.694,1.796,-0.048
1.161,1.249,1.179,0.458,1.689,0.51
1.26,1.33,1.158,0.426,1.603,0.445
0.6,0.783,1.415,0.503,1.539,0.124
1.256,1.427,1.78,0.678,1.689,-0.091
1.277,1.604,2.123,0.97,2.139,0.016
1.221,1.304,1.265,0.458,1.582,0.317
1.054,1.199,1.437,0.572,1.667,0.231
0.771,0.968,1.522,0.586,1.539,0.016
0.338,0.538,0.922,0.419,0.853,-0.069
0.651,0.938,1.951,0.676,1.796,-0.155
0.561,0.871,1.78,0.666,1.86,0.081
0.347,0.763,1.801,0.68,1.689,-0.112
0.226,0.674,1.587,0.635,1.496,-0.091
0.732,0.982,1.544,0.654,1.517,-0.027
0.925,1.23,1.844,0.81,1.624,-0.219
0.239,0.35,0.686,0.256,0.681,-0.005
0.501,0.544,0.643,0.213,0.874,0.231
0.334,0.75,1.801,0.672,1.646,-0.155
0.685,1.045,1.887,0.789,1.603,-0.284
1.166,1.457,1.951,0.874,1.903,-0.048
0.9,1.102,1.372,0.637,1.71,0.338
1.367,1.511,1.694,0.643,1.817,0.124
0.818,1.033,1.544,0.631,1.667,0.124
1.44,1.526,1.329,0.503,1.839,0.51
1.028,1.283,1.887,0.767,2.032,0.145
0.93,1.011,0.901,0.398,1.367,0.467
0.647,1.068,2.208,0.85,1.967,-0.241
0.329,0.689,1.651,0.605,1.453,-0.198
0.458,0.716,1.351,0.55,1.196,-0.155
0.788,1.064,2.166,0.714,1.732,-0.434
0.329,0.702,1.715,0.62,1.517,-0.198
-0.082,0.309,0.75,0.298,0.359,-0.391
0.728,1.056,1.758,0.765,1.689,-0.069
0.861,1.104,1.565,0.691,1.517,-0.048
0.226,0.629,1.608,0.587,1.367,-0.241
0.252,0.447,0.965,0.369,0.96,-0.005
0.848,0.952,1.136,0.433,1.153,0.016
0.857,1.104,1.565,0.696,1.624,0.059
0.775,1.018,1.672,0.66,1.689,0.016
0.136,0.706,1.951,0.693,1.496,-0.455
0.471,0.765,1.608,0.603,1.389,-0.219
0.69,0.981,1.951,0.698,1.732,-0.219
0.848,1.228,2.294,0.888,1.753,-0.541
-0.087,0.294,0.708,0.281,0.295,-0.412
-0.301,0.366,0.6,0.208,-0.027,-0.627
-0.005,0.068,0.214,0.068,0.102,-0.112
0.793,1.217,2.401,0.923,2.01,-0.391
0.308,0.691,1.63,0.618,1.474,-0.155
0.582,0.954,2.058,0.755,1.71,-0.348
0.166,0.404,0.879,0.368,0.51,-0.37
-0.009,0.126,0.364,0.125,0.231,-0.134
0.072,0.385,1.179,0.378,0.681,-0.498
0.424,1.063,2.637,0.975,2.353,-0.284
0.166,0.265,0.557,0.207,0.552,-0.005
0.076,0.161,0.407,0.142,0.274,-0.134
0.467,0.757,1.286,0.597,1.196,-0.091
0.325,0.937,2.423,0.879,2.053,-0.37
-0.185,0.361,0.686,0.31,0.188,-0.498
0.244,0.788,2.037,0.75,1.71,-0.327
0.192,0.745,2.037,0.72,1.603,-0.434
0.685,1.023,1.994,0.76,1.925,-0.069
0.038,0.16,0.407,0.156,0.166,-0.241
-0.365,0.368,0.107,0.048,-0.327,-0.434
-0.134,0.206,0.386,0.156,-0.005,-0.391
-0.189,0.241,0.407,0.149,0.102,-0.305
-0.129,0.183,0.364,0.129,0.124,-0.241
-0.159,0.173,0.193,0.067,-0.091,-0.284
-0.035,0.138,0.343,0.134,0.081,-0.262
-0.271,0.309,0.429,0.149,-0.027,-0.455
0.081,0.15,0.322,0.126,0.274,-0.048
-0.069,0.32,0.858,0.312,0.338,-0.52
0.184,0.827,2.187,0.806,1.753,-0.434
-0.061,0.137,0.364,0.123,0.145,-0.219
-0.181,0.41,1.158,0.368,0.424,-0.734
-0.58,0.61,0.557,0.19,-0.284,-0.841
-0.224,0.257,0.343,0.126,0.016,-0.327
-0.344,0.45,0.879,0.29,0.166,-0.713
-0.85,0.882,0.6,0.237,-0.434,-1.034
-0.528,0.679,1.329,0.427,0.059,-1.27
-0.657,0.675,0.493,0.156,-0.412,-0.906
-0.661,0.703,0.536,0.24,-0.327,-0.863
-0.117,0.584,1.565,0.573,0.917,-0.648
-0.678,0.699,0.45,0.168,-0.563,-1.013
-0.678,1.08,2.166,0.84,0.981,-1.184
-0.708,0.767,0.75,0.294,-0.434,-1.184
-0.575,0.719,1.051,0.431,-0.005,-1.056
-0.695,0.742,0.793,0.259,-0.262,-1.056
-0.631,0.688,0.643,0.274,-0.327,-0.97
-0.61,0.797,1.201,0.513,-0.155,-1.356
-0.507,0.564,0.643,0.247,-0.305,-0.948
-0.828,0.843,0.429,0.156,-0.67,-1.099
-0.623,0.641,0.472,0.154,-0.37,-0.841
-0.653,0.663,0.3,0.116,-0.584,-0.884
-0.816,0.831,0.472,0.158,-0.541,-1.013
-0.743,0.762,0.364,0.17,-0.584,-0.948
-0.794,0.86,0.729,0.33,-0.477,-1.206
-0.966,0.996,0.6,0.243,-0.691,-1.292
-0.914,0.944,0.665,0.237,-0.52,-1.184
-0.49,0.909,2.058,0.766,1.003,-1.056
-1.047,1.145,1.265,0.463,-0.691,-1.956
-1.116,1.135,0.6,0.208,-0.756,-1.356
-1.103,1.144,0.922,0.302,-0.563,-1.484
-1.009,1.024,0.429,0.176,-0.841,-1.27
