mean,RMS,ptp,std,max,min
0.093,0.84,6.485,0.835,3.948,-2.538
0.09,0.84,6.485,0.835,3.948,-2.538
0.088,0.841,6.485,0.836,3.948,-2.538
0.086,0.841,6.485,0.836,3.948,-2.538
0.084,0.84,6.485,0.836,3.948,-2.538
0.082,0.842,6.485,0.838,3.948,-2.538
0.081,0.843,6.485,0.839,3.948,-2.538
0.079,0.843,6.485,0.84,3.948,-2.538
0.078,0.843,6.485,0.84,3.948,-2.538
0.079,0.844,6.485,0.841,3.948,-2.538
0.078,0.845,6.485,0.841,3.948,-2.538
0.077,0.845,6.485,0.841,3.948,-2.538
0.077,0.845,6.485,0.842,3.948,-2.538
0.074,0.845,6.485,0.842,3.948,-2.538
0.073,0.846,6.485,0.843,3.948,-2.538
0.07,0.845,6.485,0.842,3.948,-2.538
0.07,0.846,6.485,0.843,3.948,-2.538
0.069,0.846,6.485,0.843,3.948,-2.538
0.068,0.847,6.485,0.844,3.948,-2.538
0.067,0.846,6.485,0.844,3.948,-2.538
0.067,0.848,6.485,0.845,3.948,-2.538
0.068,0.85,6.485,0.847,3.948,-2.538
0.068,0.85,6.485,0.847,3.948,-2.538
0.069,0.85,6.485,0.848,3.948,-2.538
0.069,0.849,6.485,0.846,3.948,-2.538
0.07,0.85,6.485,0.847,3.948,-2.538
0.07,0.85,6.485,0.847,3.948,-2.538
0.072,0.851,6.485,0.848,3.948,-2.538
0.073,0.851,6.485,0.848,3.948,-2.538
0.073,0.851,6.485,0.848,3.948,-2.538
0.074,0.852,6.485,0.849,3.948,-2.538
0.075,0.852,6.485,0.849,3.948,-2.538
0.075,0.852,6.485,0.849,3.948,-2.538
0.075,0.85,6.485,0.847,3.948,-2.538
0.075,0.853,6.485,0.849,3.948,-2.538
0.074,0.85,5.569,0.847,3.031,-2.538
0.074,0.851,5.569,0.848,3.031,-2.538
0.074,0.852,5.569,0.849,3.031,-2.538
0.076,0.854,5.569,0.851,3.031,-2.538
0.075,0.855,5.569,0.851,3.031,-2.538
0.075,0.856,5.569,0.852,3.031,-2.538
0.073,0.855,5.315,0.852,2.777,-2.538
0.073,0.856,5.315,0.853,2.777,-2.538
0.073,0.858,5.315,0.855,2.777,-2.538
0.072,0.858,5.315,0.855,2.777,-2.538
0.071,0.859,5.315,0.856,2.777,-2.538
0.071,0.859,5.315,0.856,2.777,-2.538
0.071,0.858,5.315,0.855,2.777,-2.538
0.07,0.859,5.315,0.856,2.777,-2.538
0.071,0.859,5.315,0.856,2.777,-2.538
0.071,0.86,5.315,0.857,2.777,-2.538
0.072,0.86,5.315,0.857,2.777,-2.538
0.071,0.86,5.315,0.857,2.777,-2.538
0.071,0.861,5.315,0.858,2.777,-2.538
0.068,0.86,5.315,0.857,2.777,-2.538
0.067,0.858,5.315,0.856,2.777,-2.538
0.067,0.859,5.315,0.856,2.777,-2.538
0.067,0.859,5.315,0.856,2.777,-2.538
0.068,0.86,5.315,0.857,2.777,-2.538
0.068,0.86,5.315,0.857,2.777,-2.538
0.068,0.861,5.315,0.858,2.777,-2.538
0.067,0.861,5.315,0.858,2.777,-2.538
0.069,0.861,5.315,0.859,2.777,-2.538
0.068,0.862,5.315,0.859,2.777,-2.538
0.069,0.862,5.315,0.86,2.777,-2.538
0.069,0.862,5.315,0.859,2.777,-2.538
0.069,0.862,5.315,0.859,2.777,-2.538
0.068,0.862,5.315,0.859,2.777,-2.538
0.068,0.862,5.315,0.859,2.777,-2.538
0.065,0.861,5.315,0.858,2.777,-2.538
0.061,0.861,5.315,0.858,2.777,-2.538
0.058,0.86,5.315,0.858,2.777,-2.538
0.057,0.859,5.315,0.858,2.777,-2.538
0.056,0.86,5.315,0.858,2.777,-2.538
0.058,0.861,5.315,0.859,2.777,-2.538
0.06,0.861,5.315,0.859,2.777,-2.538
0.062,0.862,5.315,0.86,2.777,-2.538
0.064,0.863,5.315,0.861,2.777,-2.538
0.064,0.864,5.315,0.861,2.777,-2.538
0.067,0.864,5.315,0.862,2.777,-2.538
0.069,0.864,5.315,0.861,2.777,-2.538
0.072,0.865,5.315,0.862,2.777,-2.538
0.073,0.866,5.315,0.863,2.777,-2.538
0.075,0.866,5.315,0.863,2.777,-2.538
0.077,0.866,5.315,0.863,2.777,-2.538
0.079,0.867,5.315,0.864,2.777,-2.538
0.082,0.868,5.315,0.864,2.777,-2.538
0.083,0.87,5.315,0.866,2.777,-2.538
0.084,0.871,5.315,0.867,2.777,-2.538
0.085,0.873,5.315,0.869,2.777,-2.538
0.086,0.875,5.315,0.87,2.777,-2.538
0.087,0.875,5.315,0.87,2.777,-2.538
0.089,0.875,5.315,0.87,2.777,-2.538
0.092,0.876,5.315,0.871,2.777,-2.538
0.094,0.876,5.315,0.871,2.777,-2.538
0.096,0.878,5.315,0.873,2.777,-2.538
0.098,0.879,5.315,0.874,2.777,-2.538
0.098,0.88,5.315,0.875,2.777,-2.538
0.099,0.882,5.315,0.876,2.777,-2.538
0.101,0.884,5.315,0.878,2.777,-2.538
0.103,0.885,5.315,0.879,2.777,-2.538
0.105,0.887,5.315,0.881,2.777,-2.538
0.106,0.888,5.315,0.882,2.777,-2.538
0.109,0.888,5.315,0.881,2.777,-2.538
0.111,0.891,5.315,0.884,2.777,-2.538
0.113,0.892,5.315,0.885,2.777,-2.538
0.114,0.892,5.315,0.885,2.777,-2.538
0.115,0.893,5.315,0.885,2.777,-2.538
0.117,0.894,5.315,0.887,2.777,-2.538
0.117,0.896,5.315,0.888,2.777,-2.538
0.119,0.898,5.315,0.89,2.777,-2.538
0.119,0.899,5.315,0.891,2.777,-2.538
0.118,0.9,5.315,0.892,2.777,-2.538
0.119,0.901,5.315,0.893,2.777,-2.538
0.12,0.902,5.315,0.893,2.777,-2.538
0.121,0.904,5.315,0.896,2.777,-2.538
0.12,0.904,5.315,0.896,2.777,-2.538
0.121,0.906,5.315,0.897,2.777,-2.538
0.122,0.907,5.315,0.899,2.777,-2.538
0.125,0.908,5.315,0.9,2.777,-2.538
0.127,0.91,5.315,0.901,2.777,-2.538
0.129,0.914,5.315,0.904,2.777,-2.538
0.13,0.915,5.315,0.906,2.777,-2.538
0.131,0.917,5.315,0.907,2.777,-2.538
0.133,0.919,5.315,0.909,2.777,-2.538
0.138,0.919,5.259,0.909,2.777,-2.481
0.14,0.92,5.259,0.91,2.777,-2.481
0.14,0.922,5.259,0.911,2.777,-2.481
0.141,0.921,5.259,0.91,2.777,-2.481
0.143,0.923,5.259,0.912,2.777,-2.481
0.144,0.924,5.259,0.913,2.777,-2.481
0.145,0.925,5.259,0.913,2.777,-2.481
0.147,0.925,5.259,0.913,2.777,-2.481
0.149,0.926,5.259,0.914,2.777,-2.481
0.149,0.927,5.259,0.915,2.777,-2.481
0.149,0.927,5.259,0.915,2.777,-2.481
0.149,0.927,5.259,0.915,2.777,-2.481
0.151,0.928,5.259,0.916,2.777,-2.481
0.151,0.93,5.273,0.917,2.791,-2.481
0.152,0.93,5.273,0.918,2.791,-2.481
0.152,0.931,5.273,0.918,2.791,-2.481
0.152,0.932,5.273,0.919,2.791,-2.481
0.153,0.933,5.273,0.921,2.791,-2.481
0.154,0.934,5.273,0.921,2.791,-2.481
0.154,0.935,5.273,0.923,2.791,-2.481
0.157,0.937,5.273,0.924,2.791,-2.481
0.156,0.938,5.273,0.925,2.791,-2.481
0.156,0.94,5.273,0.927,2.791,-2.481
0.155,0.94,5.273,0.927,2.791,-2.481
0.156,0.942,5.273,0.929,2.791,-2.481
0.156,0.943,5.273,0.93,2.791,-2.481
0.157,0.944,5.273,0.931,2.791,-2.481
0.158,0.946,5.273,0.932,2.791,-2.481
0.159,0.947,5.273,0.933,2.791,-2.481
0.16,0.948,5.273,0.934,2.791,-2.481
0.159,0.948,5.273,0.935,2.791,-2.481
0.161,0.949,5.273,0.936,2.791,-2.481
0.164,0.952,5.273,0.938,2.791,-2.481
0.165,0.953,5.273,0.939,2.791,-2.481
0.167,0.955,5.273,0.94,2.791,-2.481
0.167,0.957,5.273,0.942,2.791,-2.481
0.167,0.959,5.273,0.944,2.791,-2.481
0.167,0.959,5.273,0.945,2.791,-2.481
0.168,0.96,5.273,0.946,2.791,-2.481
0.168,0.961,5.273,0.946,2.791,-2.481
0.167,0.961,5.273,0.947,2.791,-2.481
0.167,0.962,5.273,0.947,2.791,-2.481
0.168,0.963,5.273,0.948,2.791,-2.481
0.168,0.964,5.273,0.949,2.791,-2.481
0.169,0.965,5.273,0.95,2.791,-2.481
0.169,0.965,5.273,0.95,2.791,-2.481
0.169,0.965,5.273,0.95,2.791,-2.481
0.17,0.967,5.273,0.952,2.791,-2.481
0.17,0.967,5.273,0.952,2.791,-2.481
0.171,0.969,5.273,0.953,2.791,-2.481
0.172,0.969,5.273,0.954,2.791,-2.481
0.173,0.969,5.273,0.954,2.791,-2.481
0.174,0.97,5.273,0.954,2.791,-2.481
0.174,0.971,5.64,0.955,3.158,-2.481
0.175,0.971,5.64,0.955,3.158,-2.481
0.175,0.973,5.64,0.957,3.158,-2.481
0.176,0.972,5.64,0.956,3.158,-2.481
0.178,0.974,5.64,0.958,3.158,-2.481
0.181,0.976,5.64,0.959,3.158,-2.481
0.182,0.976,5.64,0.959,3.158,-2.481
0.181,0.978,5.64,0.961,3.158,-2.481
0.183,0.979,5.64,0.962,3.158,-2.481
0.184,0.98,5.64,0.963,3.158,-2.481
0.185,0.982,5.64,0.964,3.158,-2.481
0.187,0.982,5.64,0.964,3.158,-2.481
0.188,0.983,5.64,0.965,3.158,-2.481
0.188,0.983,5.64,0.965,3.158,-2.481
0.191,0.985,5.64,0.967,3.158,-2.481
0.193,0.986,5.64,0.967,3.158,-2.481
0.194,0.986,5.64,0.967,3.158,-2.481
0.196,0.987,5.64,0.967,3.158,-2.481
0.195,0.987,5.64,0.968,3.158,-2.481
0.199,0.987,5.64,0.967,3.158,-2.481
0.201,0.987,5.64,0.966,3.158,-2.481
0.202,0.987,5.64,0.967,3.158,-2.481
0.204,0.988,5.64,0.967,3.158,-2.481
0.205,0.989,5.64,0.968,3.158,-2.481
0.204,0.988,5.64,0.966,3.158,-2.481
0.205,0.988,5.64,0.967,3.158,-2.481
0.206,0.989,5.64,0.967,3.158,-2.481
0.208,0.989,5.64,0.967,3.158,-2.481
0.207,0.989,5.64,0.967,3.158,-2.481
0.207,0.99,5.64,0.968,3.158,-2.481
0.207,0.99,5.64,0.968,3.158,-2.481
0.206,0.989,5.64,0.967,3.158,-2.481
0.207,0.988,5.64,0.966,3.158,-2.481
0.208,0.989,5.64,0.966,3.158,-2.481
0.208,0.989,5.64,0.966,3.158,-2.481
0.209,0.988,5.64,0.966,3.158,-2.481
0.209,0.988,5.64,0.965,3.158,-2.481
0.209,0.988,5.64,0.966,3.158,-2.481
0.212,0.988,5.64,0.965,3.158,-2.481
0.21,0.988,5.64,0.965,3.158,-2.481
0.21,0.987,5.64,0.964,3.158,-2.481
0.21,0.988,5.64,0.965,3.158,-2.481
0.212,0.989,5.64,0.966,3.158,-2.481
0.211,0.989,5.64,0.966,3.158,-2.481
0.209,0.989,5.64,0.966,3.158,-2.481
0.211,0.988,5.64,0.965,3.158,-2.481
0.213,0.988,5.64,0.965,3.158,-2.481
0.215,0.988,5.47,0.964,3.158,-2.312
0.216,0.988,5.47,0.964,3.158,-2.312
0.219,0.988,5.47,0.964,3.158,-2.312
0.22,0.989,5.47,0.965,3.158,-2.312
0.22,0.989,5.47,0.965,3.158,-2.312
0.221,0.989,5.47,0.964,3.158,-2.312
0.221,0.99,5.47,0.965,3.158,-2.312
0.223,0.991,5.47,0.965,3.158,-2.312
0.225,0.991,5.47,0.965,3.158,-2.312
0.227,0.993,5.47,0.967,3.158,-2.312
0.229,0.992,5.47,0.966,3.158,-2.312
0.233,0.994,5.47,0.967,3.158,-2.312
0.233,0.994,5.47,0.966,3.158,-2.312
0.233,0.994,5.47,0.967,3.158,-2.312
0.235,0.994,5.47,0.965,3.158,-2.312
0.234,0.993,5.47,0.965,3.158,-2.312
0.235,0.992,5.47,0.964,3.158,-2.312
0.238,0.994,5.47,0.965,3.158,-2.312
0.238,0.994,5.47,0.965,3.158,-2.312
0.24,0.995,5.47,0.966,3.158,-2.312
0.244,0.996,5.47,0.966,3.158,-2.312
0.246,0.996,5.47,0.966,3.158,-2.312
0.25,0.997,5.47,0.965,3.158,-2.312
0.251,0.998,5.47,0.966,3.158,-2.312
0.252,0.998,5.47,0.966,3.158,-2.312
0.254,1.0,5.47,0.967,3.158,-2.312
0.256,1.001,5.47,0.968,3.158,-2.312
0.258,1.004,5.47,0.971,3.158,-2.312
0.261,1.005,5.47,0.971,3.158,-2.312
0.264,1.005,5.47,0.97,3.158,-2.312
0.267,1.006,5.47,0.97,3.158,-2.312
0.27,1.007,5.47,0.97,3.158,-2.312
0.275,1.009,5.47,0.971,3.158,-2.312
0.277,1.011,5.47,0.972,3.158,-2.312
0.279,1.012,5.47,0.972,3.158,-2.312
0.282,1.013,5.47,0.973,3.158,-2.312
0.285,1.014,5.47,0.973,3.158,-2.312
0.288,1.016,5.47,0.974,3.158,-2.312
0.292,1.017,5.47,0.974,3.158,-2.312
0.296,1.02,5.47,0.976,3.158,-2.312
0.3,1.022,5.47,0.976,3.158,-2.312
0.304,1.022,5.47,0.976,3.158,-2.312
0.305,1.022,5.47,0.975,3.158,-2.312
0.308,1.024,5.47,0.977,3.158,-2.312
0.309,1.026,5.513,0.978,3.158,-2.355
0.312,1.028,5.513,0.979,3.158,-2.355
0.315,1.028,5.513,0.979,3.158,-2.355
0.316,1.029,5.513,0.979,3.158,-2.355
0.321,1.032,5.513,0.981,3.158,-2.355
0.325,1.033,5.513,0.981,3.158,-2.355
0.327,1.034,5.513,0.981,3.158,-2.355
0.329,1.036,5.513,0.982,3.158,-2.355
0.333,1.038,5.513,0.982,3.158,-2.355
0.335,1.04,5.513,0.984,3.158,-2.355
0.334,1.039,5.513,0.984,3.158,-2.355
0.338,1.042,5.513,0.986,3.158,-2.355
0.34,1.043,5.513,0.986,3.158,-2.355
0.341,1.045,5.513,0.987,3.158,-2.355
0.344,1.046,5.513,0.987,3.158,-2.355
0.347,1.049,5.513,0.99,3.158,-2.355
0.348,1.05,5.513,0.991,3.158,-2.355
0.35,1.051,5.513,0.991,3.158,-2.355
0.352,1.052,5.513,0.991,3.158,-2.355
0.351,1.053,5.513,0.993,3.158,-2.355
0.352,1.054,5.513,0.993,3.158,-2.355
0.353,1.054,5.513,0.993,3.158,-2.355
0.355,1.055,5.513,0.994,3.158,-2.355
0.356,1.058,5.513,0.996,3.158,-2.355
0.359,1.059,5.513,0.996,3.158,-2.355
0.361,1.061,5.513,0.998,3.158,-2.355
0.364,1.063,5.513,0.998,3.158,-2.355
0.367,1.065,5.513,1.0,3.158,-2.355
0.369,1.066,5.513,1.0,3.158,-2.355
0.371,1.067,5.513,1.0,3.158,-2.355
0.372,1.066,5.513,0.999,3.158,-2.355
0.375,1.068,5.513,1.0,3.158,-2.355
0.378,1.069,5.513,1.0,3.158,-2.355
0.381,1.07,5.513,1.0,3.158,-2.355
0.382,1.07,5.513,1.0,3.158,-2.355
0.382,1.071,5.513,1.001,3.158,-2.355
0.384,1.073,5.513,1.002,3.158,-2.355
0.386,1.074,5.513,1.003,3.158,-2.355
0.387,1.075,5.513,1.004,3.158,-2.355
0.387,1.076,5.513,1.004,3.158,-2.355
0.39,1.078,5.513,1.005,3.158,-2.355
0.391,1.079,5.513,1.006,3.158,-2.355
0.393,1.081,5.513,1.007,3.158,-2.355
0.397,1.083,5.513,1.008,3.158,-2.355
0.399,1.084,5.513,1.008,3.158,-2.355
0.399,1.085,5.513,1.009,3.158,-2.355
0.4,1.085,5.513,1.009,3.158,-2.355
0.402,1.086,5.513,1.009,3.158,-2.355
0.403,1.087,5.513,1.01,3.158,-2.355
0.405,1.088,5.513,1.01,3.158,-2.355
0.407,1.089,5.513,1.011,3.158,-2.355
0.405,1.09,5.513,1.012,3.158,-2.355
0.407,1.09,5.513,1.011,3.158,-2.355
0.41,1.092,5.513,1.012,3.158,-2.355
0.412,1.093,5.513,1.012,3.158,-2.355
0.414,1.094,5.513,1.012,3.158,-2.355
0.417,1.095,5.513,1.013,3.158,-2.355
0.42,1.098,5.513,1.014,3.158,-2.355
0.424,1.1,5.513,1.015,3.158,-2.355
0.427,1.102,5.513,1.016,3.158,-2.355
0.428,1.102,5.513,1.016,3.158,-2.355
0.428,1.102,5.513,1.016,3.158,-2.355
0.43,1.104,5.513,1.017,3.158,-2.355
0.431,1.105,5.513,1.018,3.158,-2.355
0.434,1.108,5.513,1.019,3.158,-2.355
0.437,1.11,5.513,1.02,3.158,-2.355
0.439,1.111,5.513,1.021,3.158,-2.355
0.442,1.113,5.513,1.021,3.158,-2.355
0.442,1.114,5.513,1.022,3.158,-2.355
0.444,1.114,5.513,1.022,3.158,-2.355
0.445,1.115,5.513,1.022,3.158,-2.355
0.447,1.116,5.513,1.022,3.158,-2.355
0.449,1.117,5.513,1.022,3.158,-2.355
0.452,1.118,5.513,1.023,3.158,-2.355
0.453,1.119,5.513,1.023,3.158,-2.355
0.454,1.12,5.724,1.025,3.158,-2.566
0.458,1.123,5.724,1.025,3.158,-2.566
0.46,1.125,5.724,1.026,3.158,-2.566
0.461,1.125,5.724,1.026,3.158,-2.566
0.462,1.125,5.724,1.026,3.158,-2.566
0.465,1.126,5.724,1.026,3.158,-2.566
0.464,1.128,5.724,1.028,3.158,-2.566
0.466,1.129,5.724,1.028,3.158,-2.566
0.47,1.131,5.724,1.028,3.158,-2.566
0.472,1.131,5.724,1.028,3.158,-2.566
0.474,1.133,5.724,1.029,3.158,-2.566
0.476,1.135,5.724,1.03,3.158,-2.566
0.479,1.136,5.724,1.03,3.158,-2.566
0.481,1.138,5.724,1.031,3.158,-2.566
0.482,1.139,5.724,1.032,3.158,-2.566
0.486,1.14,5.724,1.032,3.158,-2.566
0.49,1.141,5.724,1.03,3.158,-2.566
0.493,1.142,5.724,1.03,3.158,-2.566
0.495,1.142,5.724,1.029,3.158,-2.566
0.498,1.143,5.724,1.029,3.158,-2.566
0.501,1.145,5.724,1.029,3.158,-2.566
0.505,1.145,5.724,1.028,3.158,-2.566
0.506,1.145,5.724,1.026,3.158,-2.566
0.511,1.145,5.724,1.025,3.158,-2.566
0.512,1.145,5.724,1.024,3.158,-2.566
0.515,1.147,5.724,1.025,3.158,-2.566
0.52,1.15,5.724,1.026,3.158,-2.566
0.523,1.151,5.724,1.026,3.158,-2.566
0.527,1.152,5.724,1.025,3.158,-2.566
0.531,1.153,5.724,1.024,3.158,-2.566
0.533,1.154,5.724,1.023,3.158,-2.566
0.536,1.154,5.724,1.022,3.158,-2.566
0.539,1.156,5.724,1.022,3.158,-2.566
0.543,1.158,5.724,1.023,3.158,-2.566
0.546,1.16,5.724,1.023,3.158,-2.566
0.547,1.16,5.724,1.023,3.158,-2.566
0.549,1.161,5.724,1.023,3.158,-2.566
0.547,1.159,5.724,1.022,3.158,-2.566
0.55,1.162,5.724,1.024,3.158,-2.566
0.55,1.162,5.724,1.024,3.158,-2.566
0.55,1.164,5.724,1.026,3.158,-2.566
0.551,1.165,5.724,1.026,3.158,-2.566
0.551,1.165,5.724,1.026,3.158,-2.566
0.551,1.165,5.724,1.027,3.158,-2.566
0.553,1.166,5.724,1.027,3.158,-2.566
0.554,1.167,5.724,1.027,3.158,-2.566
0.555,1.167,5.724,1.027,3.158,-2.566
0.557,1.168,5.724,1.027,3.158,-2.566
0.556,1.169,5.724,1.028,3.158,-2.566
0.557,1.17,5.724,1.029,3.158,-2.566
0.56,1.17,5.724,1.027,3.158,-2.566
0.559,1.171,5.724,1.028,3.158,-2.566
0.561,1.171,5.724,1.028,3.158,-2.566
0.562,1.172,5.724,1.028,3.158,-2.566
0.559,1.171,5.724,1.029,3.158,-2.566
0.561,1.172,5.724,1.029,3.158,-2.566
0.561,1.173,5.724,1.03,3.158,-2.566
0.564,1.174,5.724,1.03,3.158,-2.566
0.564,1.174,5.724,1.03,3.158,-2.566
0.565,1.175,5.724,1.03,3.158,-2.566
0.566,1.177,5.724,1.032,3.158,-2.566
0.568,1.177,5.724,1.031,3.158,-2.566
0.569,1.178,5.724,1.031,3.158,-2.566
0.568,1.179,5.724,1.034,3.158,-2.566
0.57,1.18,5.724,1.033,3.158,-2.566
0.571,1.181,5.724,1.033,3.158,-2.566
0.57,1.18,5.724,1.033,3.158,-2.566
0.571,1.181,5.724,1.034,3.158,-2.566
0.573,1.181,5.724,1.033,3.158,-2.566
0.573,1.181,5.724,1.033,3.158,-2.566
0.576,1.182,5.724,1.033,3.158,-2.566
0.576,1.183,5.724,1.033,3.158,-2.566
0.576,1.183,5.724,1.033,3.158,-2.566
0.576,1.183,5.724,1.034,3.158,-2.566
0.576,1.183,5.724,1.034,3.158,-2.566
0.575,1.183,5.724,1.034,3.158,-2.566
0.576,1.183,5.724,1.034,3.158,-2.566
0.576,1.183,5.724,1.033,3.158,-2.566
0.577,1.183,5.724,1.033,3.158,-2.566
0.574,1.183,5.724,1.034,3.158,-2.566
0.573,1.183,5.724,1.035,3.158,-2.566
0.572,1.183,5.724,1.036,3.158,-2.566
0.573,1.183,5.724,1.035,3.158,-2.566
0.572,1.183,5.724,1.035,3.158,-2.566
0.572,1.184,5.724,1.037,3.158,-2.566
0.574,1.185,5.724,1.036,3.158,-2.566
0.576,1.185,5.724,1.035,3.158,-2.566
0.577,1.185,5.724,1.035,3.158,-2.566
0.577,1.184,5.724,1.034,3.158,-2.566
0.578,1.184,5.724,1.033,3.158,-2.566
0.577,1.184,5.724,1.033,3.158,-2.566
0.577,1.183,5.724,1.033,3.158,-2.566
0.576,1.182,5.724,1.033,3.158,-2.566
0.575,1.182,5.724,1.033,3.158,-2.566
0.576,1.181,5.724,1.031,3.158,-2.566
0.574,1.181,5.724,1.032,3.158,-2.566
0.576,1.181,5.724,1.031,3.158,-2.566
0.575,1.18,5.724,1.031,3.158,-2.566
0.575,1.18,5.724,1.031,3.158,-2.566
0.576,1.18,5.724,1.03,3.158,-2.566
0.575,1.18,5.724,1.031,3.158,-2.566
0.575,1.179,5.724,1.03,3.158,-2.566
0.573,1.179,5.724,1.03,3.158,-2.566
0.575,1.178,5.724,1.028,3.158,-2.566
0.574,1.178,5.724,1.028,3.158,-2.566
0.575,1.177,5.724,1.027,3.158,-2.566
0.576,1.176,5.724,1.025,3.158,-2.566
0.578,1.176,5.724,1.024,3.158,-2.566
0.578,1.176,5.724,1.024,3.158,-2.566
0.577,1.175,5.724,1.024,3.158,-2.566
0.577,1.175,5.724,1.023,3.158,-2.566
0.576,1.174,5.724,1.023,3.158,-2.566
0.576,1.174,5.752,1.023,3.158,-2.594
0.576,1.173,5.752,1.022,3.158,-2.594
0.576,1.172,5.752,1.021,3.158,-2.594
0.575,1.171,5.752,1.021,3.158,-2.594
0.574,1.17,5.752,1.02,3.158,-2.594
0.574,1.169,5.752,1.018,3.158,-2.594
0.574,1.169,5.752,1.018,3.158,-2.594
0.576,1.169,5.752,1.017,3.158,-2.594
0.575,1.167,5.752,1.015,3.158,-2.594
0.575,1.166,5.752,1.014,3.158,-2.594
0.575,1.166,5.752,1.014,3.158,-2.594
0.575,1.165,5.752,1.013,3.158,-2.594
0.575,1.164,5.752,1.012,3.158,-2.594
0.576,1.163,5.752,1.01,3.158,-2.594
0.575,1.162,5.752,1.009,3.158,-2.594
0.575,1.161,5.752,1.008,3.158,-2.594
0.577,1.16,5.752,1.007,3.158,-2.594
0.575,1.159,5.752,1.007,3.158,-2.594
0.575,1.159,5.752,1.006,3.158,-2.594
0.574,1.157,5.752,1.005,3.158,-2.594
0.574,1.157,5.752,1.004,3.158,-2.594
0.574,1.156,5.752,1.003,3.158,-2.594
0.574,1.155,5.752,1.003,3.158,-2.594
0.572,1.154,5.752,1.003,3.158,-2.594
0.57,1.153,5.752,1.002,3.158,-2.594
0.569,1.15,5.752,1.0,3.158,-2.594
0.568,1.149,5.752,0.999,3.158,-2.594
0.566,1.148,5.752,0.999,3.158,-2.594
0.564,1.147,5.752,0.998,3.158,-2.594
0.561,1.145,5.752,0.998,3.158,-2.594
0.56,1.144,5.752,0.998,3.158,-2.594
0.561,1.144,5.752,0.997,3.158,-2.594
0.559,1.144,5.752,0.998,3.158,-2.594
0.558,1.143,5.752,0.998,3.158,-2.594
0.556,1.142,5.752,0.998,3.158,-2.594
0.555,1.141,5.752,0.998,3.158,-2.594
0.553,1.141,5.752,0.998,3.158,-2.594
0.553,1.141,5.752,0.998,3.158,-2.594
0.553,1.14,5.752,0.997,3.158,-2.594
0.553,1.139,5.752,0.996,3.158,-2.594
0.551,1.139,5.752,0.997,3.158,-2.594
0.55,1.138,5.752,0.996,3.158,-2.594
0.549,1.137,5.752,0.995,3.158,-2.594
0.548,1.136,5.752,0.995,3.158,-2.594
0.548,1.135,5.752,0.994,3.158,-2.594
0.547,1.135,5.752,0.994,3.158,-2.594
0.547,1.133,5.752,0.992,3.158,-2.594
0.546,1.131,5.752,0.991,3.158,-2.594
0.546,1.13,5.752,0.99,3.158,-2.594
0.546,1.128,5.752,0.987,3.158,-2.594
0.545,1.127,5.752,0.986,3.158,-2.594
0.544,1.126,5.752,0.986,3.158,-2.594
0.544,1.125,5.752,0.985,3.158,-2.594
0.542,1.124,5.752,0.985,3.158,-2.594
0.541,1.124,5.752,0.985,3.158,-2.594
0.54,1.122,5.752,0.984,3.158,-2.594
0.539,1.121,5.752,0.984,3.158,-2.594
0.539,1.121,5.752,0.983,3.158,-2.594
0.538,1.12,5.752,0.982,3.158,-2.594
0.538,1.119,5.752,0.982,3.158,-2.594
0.537,1.119,5.752,0.981,3.158,-2.594
0.535,1.117,5.752,0.98,3.158,-2.594
0.535,1.116,5.752,0.98,3.158,-2.594
0.532,1.114,5.752,0.979,3.158,-2.594
0.533,1.113,5.752,0.977,3.158,-2.594
0.532,1.112,5.752,0.976,3.158,-2.594
0.533,1.111,5.752,0.975,3.158,-2.594
0.531,1.111,5.752,0.975,3.158,-2.594
0.532,1.11,5.752,0.975,3.158,-2.594
0.531,1.109,5.752,0.974,3.158,-2.594
0.531,1.109,5.752,0.974,3.158,-2.594
0.53,1.108,5.752,0.973,3.158,-2.594
0.531,1.107,5.752,0.972,3.158,-2.594
0.53,1.107,5.752,0.971,3.158,-2.594
0.529,1.106,5.752,0.971,3.158,-2.594
0.529,1.106,5.752,0.971,3.158,-2.594
0.529,1.104,5.752,0.97,3.158,-2.594
0.53,1.104,5.752,0.969,3.158,-2.594
0.53,1.103,5.752,0.967,3.158,-2.594
0.53,1.102,5.752,0.966,3.158,-2.594
0.529,1.102,5.752,0.966,3.158,-2.594
0.53,1.102,5.752,0.966,3.158,-2.594
0.531,1.101,5.611,0.965,3.017,-2.594
0.531,1.101,5.611,0.964,3.017,-2.594
0.533,1.1,5.611,0.963,3.017,-2.594
0.532,1.1,5.611,0.963,3.017,-2.594
0.532,1.099,5.611,0.961,3.017,-2.594
0.532,1.098,5.611,0.961,3.017,-2.594
0.532,1.098,5.611,0.961,3.017,-2.594
0.533,1.097,5.611,0.959,3.017,-2.594
0.531,1.096,5.611,0.958,3.017,-2.594
0.531,1.094,5.611,0.957,3.017,-2.594
0.532,1.094,5.611,0.956,3.017,-2.594
0.533,1.094,5.611,0.956,3.017,-2.594
0.534,1.094,5.611,0.954,3.017,-2.594
0.535,1.093,5.611,0.954,3.017,-2.594
0.535,1.093,5.611,0.953,3.017,-2.594
0.535,1.093,5.611,0.953,3.017,-2.594
0.535,1.093,5.611,0.953,3.017,-2.594
0.535,1.092,5.611,0.952,3.017,-2.594
0.536,1.092,5.611,0.952,3.017,-2.594
0.536,1.092,5.611,0.952,3.017,-2.594
0.536,1.092,5.611,0.952,3.017,-2.594
0.535,1.092,5.611,0.952,3.017,-2.594
0.533,1.091,5.611,0.952,3.017,-2.594
0.531,1.089,5.611,0.951,3.017,-2.594
0.529,1.088,5.611,0.951,3.017,-2.594
0.53,1.088,5.611,0.95,3.017,-2.594
0.529,1.087,5.611,0.95,3.017,-2.594
0.529,1.087,5.611,0.949,3.017,-2.594
0.529,1.086,5.611,0.948,3.017,-2.594
0.529,1.086,5.611,0.948,3.017,-2.594
0.53,1.086,5.611,0.948,3.017,-2.594
0.532,1.087,5.611,0.948,3.017,-2.594
0.533,1.087,5.611,0.948,3.017,-2.594
0.532,1.087,5.611,0.947,3.017,-2.594
0.533,1.087,5.611,0.947,3.017,-2.594
0.534,1.087,5.611,0.947,3.017,-2.594
0.534,1.088,5.611,0.947,3.017,-2.594
0.533,1.086,5.611,0.947,3.017,-2.594
0.533,1.086,5.611,0.946,3.017,-2.594
0.533,1.086,5.611,0.946,3.017,-2.594
0.534,1.086,5.611,0.946,3.017,-2.594
0.532,1.085,5.611,0.946,3.017,-2.594
0.532,1.083,5.611,0.944,3.017,-2.594
0.533,1.083,5.611,0.943,3.017,-2.594
0.533,1.083,5.611,0.943,3.017,-2.594
0.534,1.084,5.611,0.943,3.017,-2.594
0.535,1.083,5.611,0.942,3.017,-2.594
0.534,1.083,5.611,0.942,3.017,-2.594
0.535,1.084,5.611,0.943,3.017,-2.594
0.534,1.083,5.611,0.942,3.017,-2.594
0.532,1.081,5.611,0.941,3.017,-2.594
0.532,1.081,5.611,0.941,3.017,-2.594
0.532,1.081,5.611,0.941,3.017,-2.594
0.532,1.081,5.611,0.941,3.017,-2.594
0.531,1.08,5.611,0.94,3.017,-2.594
0.53,1.079,5.611,0.94,3.017,-2.594
0.529,1.078,5.611,0.939,3.017,-2.594
0.528,1.077,5.611,0.939,3.017,-2.594
0.526,1.075,5.611,0.937,3.017,-2.594
0.524,1.074,5.611,0.938,3.017,-2.594
0.525,1.075,5.611,0.938,3.017,-2.594
0.525,1.075,5.611,0.938,3.017,-2.594
0.525,1.076,5.611,0.939,3.017,-2.594
0.528,1.078,5.611,0.94,3.017,-2.594
0.524,1.076,5.611,0.939,3.017,-2.594
0.525,1.076,5.611,0.94,3.017,-2.594
0.523,1.075,5.611,0.939,3.017,-2.594
0.522,1.074,5.611,0.938,3.017,-2.594
0.524,1.074,5.611,0.938,3.017,-2.594
0.523,1.073,5.611,0.937,3.017,-2.594
0.525,1.073,5.611,0.936,3.017,-2.594
0.526,1.073,5.611,0.936,3.017,-2.594
0.526,1.073,5.611,0.935,3.017,-2.594
0.523,1.071,5.611,0.935,3.017,-2.594
0.521,1.068,5.47,0.933,2.876,-2.594
0.518,1.068,5.47,0.934,2.876,-2.594
0.515,1.067,5.47,0.935,2.876,-2.594
0.512,1.064,5.47,0.933,2.876,-2.594
0.511,1.063,5.47,0.932,2.876,-2.594
0.51,1.061,5.47,0.931,2.876,-2.594
0.503,1.062,5.752,0.935,2.876,-2.876
0.5,1.061,5.752,0.936,2.876,-2.876
0.499,1.061,5.752,0.936,2.876,-2.876
0.498,1.059,5.752,0.935,2.876,-2.876
0.497,1.058,5.752,0.934,2.876,-2.876
0.494,1.056,5.752,0.933,2.876,-2.876
0.493,1.054,5.752,0.932,2.876,-2.876
0.491,1.052,5.752,0.93,2.876,-2.876
0.489,1.05,5.752,0.929,2.876,-2.876
0.49,1.051,5.752,0.93,2.876,-2.876
0.489,1.049,5.752,0.928,2.876,-2.876
0.487,1.046,5.752,0.926,2.876,-2.876
0.483,1.044,5.752,0.926,2.876,-2.876
0.482,1.043,5.752,0.925,2.876,-2.876
0.48,1.04,5.752,0.923,2.876,-2.876
0.478,1.037,5.752,0.92,2.876,-2.876
0.476,1.036,5.752,0.92,2.876,-2.876
0.472,1.035,5.752,0.921,2.876,-2.876
0.467,1.035,5.752,0.923,2.876,-2.876
0.463,1.033,5.752,0.923,2.876,-2.876
0.463,1.031,5.752,0.921,2.876,-2.876
0.46,1.031,5.752,0.922,2.876,-2.876
0.452,1.027,5.71,0.922,2.834,-2.876
0.448,1.028,5.71,0.925,2.834,-2.876
0.445,1.026,5.71,0.925,2.834,-2.876
0.444,1.025,5.71,0.924,2.834,-2.876
0.445,1.023,5.71,0.921,2.834,-2.876
0.443,1.022,5.71,0.921,2.834,-2.876
0.439,1.021,5.71,0.922,2.834,-2.876
0.437,1.02,5.71,0.922,2.834,-2.876
0.435,1.02,5.71,0.922,2.834,-2.876
0.436,1.02,5.71,0.922,2.834,-2.876
0.433,1.02,5.71,0.924,2.834,-2.876
0.429,1.018,5.71,0.924,2.834,-2.876
0.425,1.017,5.71,0.924,2.834,-2.876
0.421,1.016,5.71,0.925,2.834,-2.876
0.419,1.014,5.71,0.924,2.834,-2.876
0.414,1.012,5.71,0.923,2.834,-2.876
0.408,1.01,5.654,0.924,2.777,-2.876
0.403,1.011,5.654,0.927,2.777,-2.876
0.4,1.01,5.654,0.927,2.777,-2.876
0.396,1.01,5.654,0.929,2.777,-2.876
0.393,1.008,5.654,0.928,2.777,-2.876
0.388,1.007,5.654,0.929,2.777,-2.876
0.384,1.007,5.654,0.931,2.777,-2.876
0.381,1.006,5.654,0.931,2.777,-2.876
0.378,1.004,5.654,0.93,2.777,-2.876
0.375,1.004,5.654,0.931,2.777,-2.876
0.37,1.003,5.654,0.933,2.777,-2.876
0.368,1.003,5.654,0.933,2.777,-2.876
0.364,1.003,5.654,0.935,2.777,-2.876
0.36,1.001,5.654,0.934,2.777,-2.876
0.357,1.001,5.654,0.935,2.777,-2.876
0.353,1.001,5.865,0.937,2.777,-3.088
0.346,0.999,5.865,0.938,2.777,-3.088
0.342,0.999,5.865,0.938,2.777,-3.088
0.34,0.998,5.865,0.939,2.777,-3.088
0.336,0.998,5.865,0.94,2.777,-3.088
0.332,0.997,5.865,0.94,2.777,-3.088
0.329,0.997,5.865,0.942,2.777,-3.088
0.325,0.997,5.865,0.942,2.777,-3.088
0.321,0.996,5.865,0.942,2.777,-3.088
0.32,0.996,5.865,0.943,2.777,-3.088
0.317,0.994,5.865,0.943,2.777,-3.088
0.312,0.994,5.809,0.944,2.721,-3.088
0.308,0.993,5.809,0.945,2.721,-3.088
0.305,0.994,5.809,0.946,2.721,-3.088
0.3,0.992,5.809,0.946,2.721,-3.088
0.295,0.991,5.809,0.946,2.721,-3.088
0.29,0.989,5.809,0.945,2.721,-3.088
0.287,0.988,5.809,0.945,2.721,-3.088
0.283,0.989,5.809,0.948,2.721,-3.088
0.281,0.99,5.809,0.949,2.721,-3.088
0.278,0.988,5.809,0.949,2.721,-3.088
0.275,0.988,5.809,0.95,2.721,-3.088
0.269,0.987,5.809,0.949,2.721,-3.088
0.264,0.986,5.809,0.95,2.721,-3.088
0.261,0.985,5.809,0.949,2.721,-3.088
0.256,0.983,5.809,0.949,2.721,-3.088
0.256,0.982,5.809,0.948,2.721,-3.088
0.252,0.983,5.809,0.95,2.721,-3.088
0.249,0.983,5.809,0.95,2.721,-3.088
0.246,0.982,5.809,0.951,2.721,-3.088
0.24,0.983,5.809,0.953,2.721,-3.088
0.234,0.983,5.809,0.954,2.721,-3.088
0.231,0.983,5.809,0.955,2.721,-3.088
0.227,0.983,5.809,0.956,2.721,-3.088
0.221,0.98,5.809,0.955,2.721,-3.088
0.217,0.979,5.809,0.954,2.721,-3.088
0.213,0.98,5.809,0.957,2.721,-3.088
0.211,0.979,5.809,0.956,2.721,-3.088
0.207,0.98,5.809,0.958,2.721,-3.088
0.204,0.98,5.809,0.958,2.721,-3.088
0.199,0.978,5.809,0.958,2.721,-3.088
0.195,0.976,5.809,0.956,2.721,-3.088
0.192,0.975,5.809,0.956,2.721,-3.088
0.188,0.974,5.809,0.956,2.721,-3.088
0.185,0.973,5.809,0.956,2.721,-3.088
0.179,0.972,5.809,0.955,2.721,-3.088
0.172,0.972,5.78,0.957,2.693,-3.088
0.167,0.971,5.78,0.956,2.693,-3.088
0.162,0.97,5.78,0.957,2.693,-3.088
0.158,0.97,5.78,0.957,2.693,-3.088
0.154,0.968,5.78,0.956,2.693,-3.088
0.149,0.969,5.78,0.957,2.693,-3.088
0.144,0.969,5.78,0.958,2.693,-3.088
0.139,0.967,5.78,0.957,2.693,-3.088
0.134,0.968,6.048,0.958,2.693,-3.356
0.131,0.968,6.048,0.959,2.693,-3.356
0.126,0.967,6.048,0.959,2.693,-3.356
0.122,0.968,6.048,0.96,2.693,-3.356
0.116,0.966,6.048,0.959,2.693,-3.356
0.109,0.962,6.048,0.956,2.693,-3.356
0.105,0.962,6.048,0.956,2.693,-3.356
0.1,0.96,6.048,0.955,2.693,-3.356
0.094,0.96,6.048,0.955,2.693,-3.356
0.091,0.959,6.048,0.955,2.693,-3.356
0.086,0.958,6.048,0.954,2.693,-3.356
0.08,0.957,6.048,0.954,2.693,-3.356
0.074,0.955,5.907,0.952,2.552,-3.356
0.068,0.954,5.907,0.951,2.552,-3.356
0.063,0.955,5.907,0.953,2.552,-3.356
0.056,0.955,5.907,0.953,2.552,-3.356
0.053,0.956,5.907,0.955,2.552,-3.356
0.047,0.954,5.907,0.952,2.552,-3.356
0.044,0.954,5.907,0.953,2.552,-3.356
0.041,0.953,5.907,0.952,2.552,-3.356
0.035,0.954,5.907,0.953,2.552,-3.356
0.031,0.954,5.907,0.953,2.552,-3.356
0.026,0.955,5.907,0.955,2.552,-3.356
0.021,0.954,5.907,0.954,2.552,-3.356
0.017,0.954,5.907,0.954,2.552,-3.356
0.011,0.953,5.907,0.953,2.552,-3.356
0.006,0.954,5.907,0.954,2.552,-3.356
0.003,0.953,5.907,0.953,2.552,-3.356
-0.002,0.952,5.907,0.952,2.552,-3.356
-0.008,0.953,6.147,0.953,2.552,-3.595
-0.011,0.952,6.147,0.952,2.552,-3.595
-0.016,0.953,6.147,0.952,2.552,-3.595
-0.021,0.952,6.147,0.952,2.552,-3.595
-0.024,0.952,6.147,0.952,2.552,-3.595
-0.028,0.952,6.147,0.952,2.552,-3.595
-0.032,0.951,6.147,0.951,2.552,-3.595
-0.037,0.95,6.147,0.949,2.552,-3.595
-0.042,0.95,6.147,0.949,2.552,-3.595
-0.047,0.949,6.147,0.948,2.552,-3.595
-0.049,0.948,6.147,0.947,2.552,-3.595
-0.054,0.948,6.147,0.946,2.552,-3.595
-0.058,0.948,6.147,0.946,2.552,-3.595
-0.06,0.947,6.147,0.945,2.552,-3.595
-0.064,0.946,6.147,0.944,2.552,-3.595
-0.068,0.946,6.147,0.943,2.552,-3.595
-0.072,0.948,6.147,0.945,2.552,-3.595
-0.076,0.947,6.147,0.944,2.552,-3.595
-0.08,0.947,6.147,0.944,2.552,-3.595
-0.085,0.947,6.147,0.944,2.552,-3.595
-0.091,0.949,6.147,0.944,2.552,-3.595
-0.095,0.95,6.147,0.945,2.552,-3.595
-0.101,0.951,6.147,0.945,2.552,-3.595
-0.104,0.952,6.147,0.946,2.552,-3.595
-0.109,0.952,6.147,0.946,2.552,-3.595
-0.11,0.953,6.147,0.946,2.552,-3.595
-0.114,0.953,6.147,0.946,2.552,-3.595
-0.119,0.954,6.147,0.947,2.552,-3.595
-0.123,0.954,6.147,0.946,2.552,-3.595
-0.124,0.954,6.147,0.946,2.552,-3.595
-0.125,0.954,6.147,0.946,2.552,-3.595
-0.128,0.954,6.147,0.945,2.552,-3.595
-0.133,0.954,6.147,0.945,2.552,-3.595
-0.135,0.954,6.147,0.944,2.552,-3.595
-0.139,0.954,6.147,0.944,2.552,-3.595
-0.142,0.953,6.147,0.942,2.552,-3.595
-0.145,0.952,6.147,0.941,2.552,-3.595
-0.149,0.953,6.147,0.942,2.552,-3.595
-0.153,0.955,6.147,0.942,2.552,-3.595
-0.157,0.956,6.147,0.943,2.552,-3.595
-0.16,0.956,6.147,0.943,2.552,-3.595
-0.163,0.957,6.147,0.943,2.552,-3.595
-0.165,0.957,6.147,0.942,2.552,-3.595
-0.166,0.958,6.147,0.943,2.552,-3.595
-0.168,0.959,6.147,0.944,2.552,-3.595
-0.169,0.96,6.147,0.944,2.552,-3.595
-0.175,0.961,6.147,0.945,2.552,-3.595
-0.178,0.963,6.147,0.946,2.552,-3.595
-0.181,0.964,6.147,0.946,2.552,-3.595
-0.184,0.964,6.147,0.946,2.552,-3.595
-0.186,0.964,6.147,0.946,2.552,-3.595
-0.19,0.965,6.147,0.946,2.552,-3.595
-0.192,0.965,6.147,0.946,2.552,-3.595
-0.196,0.966,6.147,0.946,2.552,-3.595
-0.198,0.966,6.147,0.945,2.552,-3.595
-0.2,0.967,6.147,0.946,2.552,-3.595
-0.204,0.968,6.147,0.946,2.552,-3.595
-0.209,0.968,6.147,0.945,2.552,-3.595
-0.213,0.969,6.147,0.945,2.552,-3.595
-0.216,0.969,6.147,0.944,2.552,-3.595
-0.219,0.97,6.147,0.945,2.552,-3.595
-0.224,0.971,6.147,0.945,2.552,-3.595
-0.226,0.97,6.147,0.944,2.552,-3.595
-0.23,0.972,6.147,0.945,2.552,-3.595
-0.233,0.974,6.147,0.945,2.552,-3.595
-0.238,0.976,6.147,0.947,2.552,-3.595
-0.241,0.977,6.147,0.947,2.552,-3.595
-0.245,0.978,6.147,0.947,2.552,-3.595
-0.249,0.98,6.147,0.947,2.552,-3.595
-0.253,0.98,6.147,0.947,2.552,-3.595
-0.257,0.981,6.147,0.947,2.552,-3.595
-0.259,0.982,6.147,0.947,2.552,-3.595
-0.261,0.983,6.147,0.947,2.552,-3.595
-0.264,0.984,6.147,0.948,2.552,-3.595
-0.268,0.986,6.147,0.949,2.552,-3.595
-0.27,0.986,6.147,0.948,2.552,-3.595
-0.274,0.987,6.147,0.948,2.552,-3.595
-0.277,0.988,6.147,0.949,2.552,-3.595
-0.279,0.989,6.147,0.949,2.552,-3.595
-0.283,0.991,6.147,0.95,2.552,-3.595
-0.286,0.993,6.147,0.951,2.552,-3.595
-0.288,0.994,6.147,0.952,2.552,-3.595
-0.291,0.996,6.147,0.952,2.552,-3.595
-0.295,0.996,6.147,0.951,2.552,-3.595
-0.299,0.998,6.147,0.952,2.552,-3.595
-0.3,0.998,6.147,0.952,2.552,-3.595
-0.303,1.0,6.147,0.953,2.552,-3.595
-0.304,1.0,6.147,0.953,2.552,-3.595
-0.307,1.001,6.147,0.953,2.552,-3.595
-0.309,1.003,6.147,0.954,2.552,-3.595
-0.312,1.005,6.147,0.955,2.552,-3.595
-0.315,1.007,6.147,0.957,2.552,-3.595
-0.319,1.009,6.147,0.957,2.552,-3.595
-0.321,1.009,6.147,0.957,2.552,-3.595
-0.322,1.009,6.147,0.957,2.552,-3.595
-0.323,1.01,6.147,0.957,2.552,-3.595
-0.325,1.011,6.147,0.958,2.552,-3.595
-0.328,1.013,6.147,0.958,2.552,-3.595
-0.329,1.014,6.147,0.959,2.552,-3.595
-0.335,1.015,5.921,0.959,2.326,-3.595
-0.337,1.017,5.921,0.96,2.326,-3.595
-0.339,1.019,5.921,0.961,2.326,-3.595
-0.34,1.02,5.921,0.962,2.326,-3.595
-0.343,1.022,5.921,0.963,2.326,-3.595
-0.344,1.023,5.921,0.964,2.326,-3.595
-0.345,1.024,5.921,0.964,2.326,-3.595
-0.348,1.026,5.921,0.966,2.326,-3.595
-0.35,1.027,5.921,0.965,2.326,-3.595
-0.355,1.03,5.921,0.967,2.326,-3.595
-0.358,1.032,5.921,0.968,2.326,-3.595
-0.36,1.033,5.921,0.968,2.326,-3.595
-0.363,1.033,5.921,0.968,2.326,-3.595
-0.364,1.034,5.921,0.968,2.326,-3.595
-0.365,1.034,5.921,0.968,2.326,-3.595
-0.367,1.036,5.921,0.968,2.326,-3.595
-0.371,1.039,5.921,0.97,2.326,-3.595
-0.374,1.041,5.921,0.971,2.326,-3.595
-0.377,1.041,5.921,0.971,2.326,-3.595
-0.377,1.042,5.921,0.971,2.326,-3.595
-0.379,1.042,5.921,0.971,2.326,-3.595
-0.382,1.044,5.921,0.972,2.326,-3.595
-0.385,1.045,5.921,0.972,2.326,-3.595
-0.387,1.047,5.921,0.973,2.326,-3.595
-0.391,1.049,5.921,0.973,2.326,-3.595
-0.395,1.052,5.921,0.975,2.326,-3.595
-0.397,1.053,5.921,0.975,2.326,-3.595
-0.401,1.054,5.921,0.974,2.326,-3.595
-0.404,1.056,5.921,0.975,2.326,-3.595
-0.408,1.057,5.921,0.976,2.326,-3.595
-0.412,1.06,5.921,0.977,2.326,-3.595
-0.417,1.063,5.921,0.978,2.326,-3.595
-0.42,1.065,5.921,0.979,2.326,-3.595
-0.424,1.068,5.921,0.98,2.326,-3.595
-0.429,1.07,5.921,0.981,2.326,-3.595
-0.433,1.072,5.921,0.981,2.326,-3.595
-0.436,1.073,5.921,0.981,2.326,-3.595
-0.439,1.074,5.921,0.98,2.326,-3.595
-0.441,1.075,5.921,0.98,2.326,-3.595
-0.444,1.077,5.921,0.981,2.326,-3.595
-0.448,1.078,5.921,0.98,2.326,-3.595
-0.451,1.078,5.921,0.979,2.326,-3.595
-0.456,1.082,5.921,0.981,2.326,-3.595
-0.46,1.084,5.921,0.981,2.326,-3.595
-0.465,1.086,5.921,0.982,2.326,-3.595
-0.469,1.087,5.921,0.981,2.326,-3.595
-0.473,1.088,5.921,0.979,2.326,-3.595
-0.478,1.089,5.921,0.979,2.326,-3.595
-0.48,1.09,5.921,0.979,2.326,-3.595
-0.483,1.091,5.921,0.979,2.326,-3.595
-0.488,1.092,5.921,0.977,2.326,-3.595
-0.492,1.093,5.921,0.976,2.326,-3.595
-0.496,1.095,5.921,0.976,2.326,-3.595
-0.5,1.097,5.921,0.976,2.326,-3.595
-0.504,1.1,5.921,0.977,2.326,-3.595
-0.509,1.1,5.921,0.975,2.326,-3.595
-0.512,1.1,5.921,0.974,2.326,-3.595
-0.516,1.101,5.921,0.972,2.326,-3.595
-0.52,1.102,5.921,0.972,2.326,-3.595
-0.525,1.102,5.921,0.969,2.326,-3.595
-0.528,1.103,5.921,0.969,2.326,-3.595
-0.533,1.105,5.921,0.968,2.326,-3.595
-0.537,1.106,5.921,0.967,2.326,-3.595
-0.541,1.106,5.921,0.964,2.326,-3.595
-0.544,1.106,5.921,0.963,2.326,-3.595
-0.547,1.107,5.921,0.963,2.326,-3.595
-0.55,1.11,5.921,0.964,2.326,-3.595
-0.554,1.113,5.921,0.965,2.326,-3.595
-0.556,1.113,5.921,0.965,2.326,-3.595
-0.561,1.115,5.921,0.964,2.326,-3.595
-0.566,1.117,5.921,0.963,2.326,-3.595
-0.569,1.118,5.921,0.962,2.326,-3.595
-0.573,1.119,5.921,0.961,2.326,-3.595
-0.58,1.123,5.921,0.962,2.326,-3.595
-0.584,1.124,5.921,0.961,2.326,-3.595
-0.589,1.126,5.921,0.959,2.326,-3.595
-0.595,1.126,5.921,0.956,2.326,-3.595
-0.601,1.129,5.921,0.956,2.326,-3.595
-0.605,1.13,5.921,0.954,2.326,-3.595
-0.61,1.13,5.921,0.952,2.326,-3.595
-0.615,1.132,5.921,0.951,2.326,-3.595
-0.62,1.134,5.921,0.949,2.326,-3.595
-0.623,1.135,5.921,0.949,2.326,-3.595
-0.628,1.137,5.921,0.948,2.326,-3.595
-0.632,1.138,5.921,0.946,2.326,-3.595
-0.637,1.139,5.921,0.944,2.326,-3.595
-0.641,1.14,5.921,0.943,2.326,-3.595
-0.645,1.142,5.921,0.942,2.326,-3.595
-0.651,1.145,5.921,0.941,2.326,-3.595
-0.655,1.147,5.921,0.942,2.326,-3.595
-0.661,1.149,5.921,0.939,2.326,-3.595
-0.667,1.151,5.921,0.937,2.326,-3.595
-0.673,1.152,5.921,0.935,2.326,-3.595
-0.678,1.152,5.921,0.931,2.326,-3.595
-0.682,1.153,5.921,0.93,2.326,-3.595
-0.687,1.157,5.921,0.931,2.326,-3.595
-0.692,1.158,5.921,0.929,2.326,-3.595
-0.697,1.161,5.921,0.929,2.326,-3.595
-0.702,1.163,5.921,0.927,2.326,-3.595
-0.706,1.164,5.921,0.925,2.326,-3.595
-0.711,1.165,5.921,0.924,2.326,-3.595
-0.716,1.166,5.837,0.92,2.242,-3.595
-0.72,1.167,5.837,0.919,2.242,-3.595
-0.724,1.168,5.837,0.917,2.242,-3.595
-0.727,1.168,5.837,0.914,2.242,-3.595
-0.732,1.169,5.837,0.911,2.242,-3.595
-0.736,1.169,5.837,0.909,2.242,-3.595
-0.737,1.168,5.837,0.906,2.242,-3.595
-0.745,1.169,5.837,0.901,2.242,-3.595
-0.751,1.174,5.837,0.902,2.242,-3.595
-0.754,1.173,5.837,0.898,2.242,-3.595
-0.753,1.173,5.837,0.899,2.242,-3.595
-0.757,1.174,5.837,0.898,2.242,-3.595
-0.763,1.175,5.837,0.894,2.242,-3.595
-0.768,1.177,5.837,0.892,2.242,-3.595
-0.773,1.177,5.837,0.888,2.242,-3.595
-0.778,1.177,5.696,0.883,2.101,-3.595
-0.783,1.178,5.696,0.881,2.101,-3.595
-0.786,1.179,5.696,0.879,2.101,-3.595
-0.79,1.179,5.696,0.875,2.101,-3.595
-0.794,1.18,5.696,0.873,2.101,-3.595
-0.795,1.182,5.696,0.875,2.101,-3.595
-0.799,1.185,5.696,0.875,2.101,-3.595
-0.802,1.185,5.696,0.872,2.101,-3.595
-0.806,1.185,5.696,0.868,2.101,-3.595
-0.805,1.184,5.696,0.868,2.101,-3.595
-0.808,1.185,5.696,0.867,2.101,-3.595
-0.813,1.186,5.696,0.863,2.101,-3.595
-0.815,1.186,5.696,0.862,2.101,-3.595
-0.82,1.187,5.696,0.859,2.101,-3.595
-0.822,1.188,5.696,0.858,2.101,-3.595
-0.827,1.187,5.696,0.853,2.101,-3.595
-0.831,1.188,5.696,0.849,2.101,-3.595
-0.833,1.188,5.696,0.848,2.101,-3.595
-0.836,1.188,5.696,0.845,2.101,-3.595
-0.841,1.19,5.696,0.842,2.101,-3.595
-0.844,1.191,5.696,0.841,2.101,-3.595
-0.844,1.192,5.696,0.841,2.101,-3.595
-0.847,1.192,5.696,0.839,2.101,-3.595
-0.853,1.195,5.696,0.837,2.101,-3.595
-0.856,1.196,5.696,0.835,2.101,-3.595
-0.859,1.198,5.696,0.835,2.101,-3.595
-0.858,1.199,5.696,0.836,2.101,-3.595
-0.859,1.198,5.696,0.835,2.101,-3.595
-0.86,1.199,5.696,0.835,2.101,-3.595
-0.864,1.2,5.696,0.833,2.101,-3.595
-0.863,1.199,5.696,0.833,2.101,-3.595
-0.863,1.201,5.696,0.835,2.101,-3.595
-0.863,1.202,5.696,0.836,2.101,-3.595
-0.868,1.206,5.78,0.838,2.101,-3.68
-0.871,1.207,5.78,0.835,2.101,-3.68
-0.878,1.21,5.78,0.832,2.101,-3.68
-0.881,1.211,5.78,0.831,2.101,-3.68
-0.882,1.212,5.78,0.832,2.101,-3.68
-0.885,1.214,5.78,0.831,2.101,-3.68
-0.885,1.214,5.78,0.831,2.101,-3.68
-0.889,1.215,5.78,0.828,2.101,-3.68
-0.891,1.216,5.78,0.828,2.101,-3.68
-0.891,1.217,5.78,0.829,2.101,-3.68
-0.892,1.218,5.78,0.829,2.101,-3.68
-0.89,1.217,5.78,0.83,2.101,-3.68
-0.891,1.218,5.78,0.83,2.101,-3.68
-0.892,1.219,5.78,0.831,2.101,-3.68
-0.89,1.219,5.78,0.832,2.101,-3.68
-0.89,1.219,5.78,0.833,2.101,-3.68
-0.892,1.221,5.78,0.834,2.101,-3.68
-0.893,1.222,5.78,0.835,2.101,-3.68
-0.893,1.222,5.78,0.835,2.101,-3.68
-0.892,1.222,5.78,0.836,2.101,-3.68
-0.892,1.223,5.78,0.836,2.101,-3.68
-0.893,1.224,5.78,0.837,2.101,-3.68
-0.894,1.225,5.78,0.837,2.101,-3.68
-0.894,1.225,5.78,0.838,2.101,-3.68
-0.893,1.225,5.78,0.839,2.101,-3.68
-0.894,1.227,5.78,0.84,2.101,-3.68
-0.894,1.227,5.78,0.84,2.101,-3.68
-0.894,1.227,5.78,0.841,2.101,-3.68
-0.896,1.229,5.78,0.841,2.101,-3.68
-0.895,1.227,5.78,0.839,2.101,-3.68
-0.895,1.227,5.78,0.839,2.101,-3.68
-0.895,1.228,5.78,0.84,2.101,-3.68
-0.894,1.227,5.78,0.841,2.101,-3.68
-0.895,1.228,5.78,0.841,2.101,-3.68
-0.895,1.229,5.78,0.842,2.101,-3.68
-0.895,1.229,5.78,0.841,2.101,-3.68
-0.895,1.228,5.78,0.842,2.101,-3.68
-0.894,1.228,5.78,0.842,2.101,-3.68
-0.894,1.229,5.78,0.843,2.101,-3.68
-0.893,1.229,5.78,0.845,2.101,-3.68
-0.892,1.229,5.78,0.845,2.101,-3.68
-0.892,1.229,5.78,0.845,2.101,-3.68
-0.891,1.229,5.78,0.846,2.101,-3.68
-0.891,1.229,5.78,0.846,2.101,-3.68
-0.891,1.229,5.78,0.847,2.101,-3.68
-0.89,1.229,5.78,0.847,2.101,-3.68
-0.891,1.229,5.78,0.847,2.101,-3.68
-0.891,1.229,5.78,0.846,2.101,-3.68
-0.891,1.229,5.78,0.847,2.101,-3.68
-0.891,1.229,5.78,0.847,2.101,-3.68
-0.891,1.229,5.78,0.847,2.101,-3.68
-0.892,1.23,5.78,0.846,2.101,-3.68
-0.893,1.23,5.78,0.846,2.101,-3.68
-0.894,1.231,5.78,0.846,2.101,-3.68
-0.895,1.232,5.78,0.846,2.101,-3.68
-0.896,1.231,5.78,0.844,2.101,-3.68
-0.896,1.23,5.78,0.844,2.101,-3.68
-0.897,1.232,5.78,0.844,2.101,-3.68
-0.898,1.232,5.78,0.844,2.101,-3.68
-0.897,1.232,5.78,0.844,2.101,-3.68
-0.896,1.231,5.78,0.844,2.101,-3.68
-0.897,1.231,5.78,0.843,2.101,-3.68
-0.898,1.232,5.78,0.843,2.101,-3.68
-0.899,1.232,5.78,0.843,2.101,-3.68
-0.9,1.233,5.78,0.842,2.101,-3.68
-0.899,1.233,5.78,0.843,2.101,-3.68
-0.901,1.234,5.78,0.843,2.101,-3.68
-0.902,1.234,5.78,0.842,2.101,-3.68
-0.902,1.234,5.78,0.843,2.101,-3.68
-0.902,1.234,5.78,0.843,2.101,-3.68
-0.904,1.235,5.78,0.842,2.101,-3.68
-0.905,1.237,5.78,0.842,2.101,-3.68
-0.906,1.236,5.78,0.842,2.101,-3.68
-0.906,1.237,5.78,0.842,2.101,-3.68
-0.906,1.237,5.78,0.842,2.101,-3.68
-0.904,1.236,5.78,0.842,2.101,-3.68
-0.904,1.236,5.78,0.843,2.101,-3.68
-0.905,1.237,5.78,0.843,2.101,-3.68
-0.907,1.238,5.78,0.843,2.101,-3.68
-0.908,1.24,5.78,0.844,2.101,-3.68
-0.906,1.239,5.78,0.844,2.101,-3.68
-0.906,1.238,5.78,0.844,2.101,-3.68
-0.907,1.239,5.78,0.845,2.101,-3.68
-0.908,1.24,5.78,0.844,2.101,-3.68
-0.909,1.241,5.78,0.844,2.101,-3.68
-0.909,1.241,5.78,0.845,2.101,-3.68
-0.909,1.242,5.78,0.846,2.101,-3.68
-0.911,1.244,5.78,0.847,2.101,-3.68
-0.911,1.245,5.78,0.848,2.101,-3.68
-0.913,1.246,5.78,0.848,2.101,-3.68
-0.913,1.247,5.78,0.849,2.101,-3.68
-0.914,1.247,5.78,0.849,2.101,-3.68
-0.913,1.247,5.78,0.85,2.101,-3.68
-0.912,1.247,5.78,0.85,2.101,-3.68
-0.913,1.248,5.78,0.851,2.101,-3.68
-0.911,1.247,5.78,0.852,2.101,-3.68
-0.91,1.246,5.78,0.852,2.101,-3.68
-0.908,1.245,5.78,0.852,2.101,-3.68
-0.906,1.245,5.78,0.853,2.101,-3.68
-0.905,1.244,5.78,0.853,2.101,-3.68
-0.904,1.244,5.78,0.854,2.101,-3.68
-0.902,1.243,5.78,0.855,2.101,-3.68
-0.901,1.243,5.78,0.856,2.101,-3.68
-0.898,1.241,5.78,0.856,2.101,-3.68
-0.896,1.24,5.78,0.858,2.101,-3.68
-0.892,1.239,5.78,0.859,2.101,-3.68
-0.892,1.239,5.78,0.86,2.101,-3.68
-0.89,1.238,5.78,0.861,2.101,-3.68
-0.888,1.238,5.78,0.862,2.101,-3.68
-0.885,1.237,5.78,0.863,2.101,-3.68
-0.884,1.236,5.78,0.863,2.101,-3.68
-0.883,1.235,5.78,0.864,2.101,-3.68
-0.882,1.234,5.78,0.863,2.101,-3.68
-0.881,1.233,5.78,0.863,2.101,-3.68
-0.879,1.233,5.78,0.864,2.101,-3.68
-0.878,1.232,5.78,0.864,2.101,-3.68
-0.877,1.231,5.78,0.864,2.101,-3.68
-0.875,1.23,5.78,0.865,2.101,-3.68
-0.874,1.23,5.78,0.866,2.101,-3.68
-0.872,1.23,5.78,0.867,2.101,-3.68
-0.869,1.229,5.78,0.868,2.101,-3.68
-0.868,1.228,5.78,0.868,2.101,-3.68
-0.866,1.227,5.78,0.87,2.101,-3.68
-0.863,1.226,5.78,0.872,2.101,-3.68
-0.86,1.225,5.78,0.873,2.101,-3.68
-0.858,1.225,5.78,0.875,2.101,-3.68
-0.856,1.225,5.78,0.876,2.101,-3.68
-0.853,1.225,5.78,0.879,2.101,-3.68
-0.85,1.223,5.78,0.88,2.101,-3.68
-0.847,1.222,5.78,0.881,2.101,-3.68
-0.845,1.222,5.78,0.882,2.101,-3.68
-0.843,1.221,5.78,0.883,2.101,-3.68
-0.839,1.219,5.78,0.885,2.101,-3.68
-0.836,1.217,5.78,0.885,2.101,-3.68
-0.834,1.216,5.78,0.885,2.101,-3.68
-0.832,1.215,5.78,0.885,2.101,-3.68
-0.83,1.214,5.78,0.886,2.101,-3.68
-0.829,1.214,5.78,0.886,2.101,-3.68
-0.827,1.213,5.78,0.887,2.101,-3.68
-0.824,1.211,5.78,0.887,2.101,-3.68
-0.823,1.21,5.78,0.888,2.101,-3.68
-0.821,1.21,5.78,0.888,2.101,-3.68
-0.82,1.209,5.78,0.889,2.101,-3.68
-0.818,1.209,5.78,0.89,2.101,-3.68
-0.815,1.208,5.78,0.892,2.101,-3.68
-0.812,1.208,5.78,0.894,2.101,-3.68
-0.81,1.207,5.78,0.895,2.101,-3.68
-0.809,1.206,5.78,0.895,2.101,-3.68
-0.807,1.206,5.78,0.897,2.101,-3.68
-0.802,1.205,5.78,0.9,2.101,-3.68
-0.799,1.204,5.78,0.9,2.101,-3.68
-0.797,1.203,5.78,0.901,2.101,-3.68
-0.794,1.202,5.78,0.902,2.101,-3.68
-0.792,1.202,5.78,0.903,2.101,-3.68
-0.791,1.202,5.78,0.905,2.101,-3.68
-0.788,1.202,5.78,0.907,2.101,-3.68
-0.787,1.201,5.611,0.907,1.931,-3.68
-0.787,1.2,5.611,0.907,1.931,-3.68
-0.782,1.199,5.611,0.909,1.931,-3.68
-0.778,1.198,5.611,0.911,1.931,-3.68
-0.775,1.198,5.64,0.913,1.96,-3.68
-0.773,1.199,5.936,0.917,2.256,-3.68
-0.77,1.2,5.936,0.92,2.256,-3.68
-0.767,1.199,5.936,0.921,2.256,-3.68
-0.763,1.199,5.936,0.925,2.256,-3.68
-0.76,1.199,5.936,0.927,2.256,-3.68
-0.758,1.198,5.936,0.928,2.256,-3.68
-0.757,1.198,5.936,0.929,2.256,-3.68
-0.755,1.198,5.936,0.93,2.256,-3.68
-0.751,1.197,5.936,0.932,2.256,-3.68
-0.748,1.196,5.936,0.934,2.256,-3.68
-0.748,1.197,5.936,0.934,2.256,-3.68
-0.744,1.196,5.936,0.936,2.256,-3.68
-0.741,1.195,5.936,0.938,2.256,-3.68
-0.739,1.195,5.936,0.939,2.256,-3.68
-0.736,1.193,5.936,0.939,2.256,-3.68
-0.735,1.193,5.936,0.939,2.256,-3.68
-0.732,1.191,5.936,0.939,2.256,-3.68
-0.729,1.19,5.936,0.941,2.256,-3.68
-0.726,1.189,5.936,0.941,2.256,-3.68
-0.724,1.188,5.936,0.942,2.256,-3.68
-0.721,1.187,5.936,0.943,2.256,-3.68
-0.718,1.187,5.936,0.946,2.256,-3.68
-0.716,1.187,5.936,0.947,2.256,-3.68
-0.715,1.187,5.936,0.947,2.256,-3.68
-0.712,1.186,5.936,0.948,2.256,-3.68
-0.709,1.184,5.936,0.948,2.256,-3.68
-0.707,1.183,5.936,0.949,2.256,-3.68
-0.705,1.183,5.936,0.95,2.256,-3.68
-0.703,1.182,5.936,0.95,2.256,-3.68
-0.701,1.181,5.936,0.95,2.256,-3.68
-0.698,1.179,5.936,0.95,2.256,-3.68
-0.695,1.178,5.936,0.951,2.256,-3.68
-0.691,1.179,5.936,0.955,2.256,-3.68
-0.688,1.177,5.936,0.955,2.256,-3.68
-0.685,1.176,5.936,0.956,2.256,-3.68
-0.682,1.175,5.936,0.957,2.256,-3.68
-0.681,1.174,5.936,0.956,2.256,-3.68
-0.678,1.173,5.936,0.957,2.256,-3.68
-0.677,1.172,5.936,0.957,2.256,-3.68
-0.675,1.171,5.936,0.957,2.256,-3.68
-0.672,1.169,5.936,0.957,2.256,-3.68
-0.668,1.169,5.936,0.959,2.256,-3.68
-0.665,1.167,5.936,0.959,2.256,-3.68
-0.662,1.165,5.936,0.959,2.256,-3.68
-0.662,1.164,5.936,0.958,2.256,-3.68
-0.66,1.163,5.936,0.958,2.256,-3.68
-0.659,1.162,5.936,0.958,2.256,-3.68
-0.657,1.161,5.936,0.957,2.256,-3.68
-0.654,1.16,5.936,0.958,2.256,-3.68
-0.653,1.159,5.936,0.958,2.256,-3.68
-0.649,1.158,5.936,0.959,2.256,-3.68
-0.646,1.156,5.936,0.959,2.256,-3.68
-0.646,1.155,5.936,0.958,2.256,-3.68
-0.645,1.154,5.936,0.957,2.256,-3.68
-0.642,1.153,5.936,0.958,2.256,-3.68
-0.64,1.153,5.936,0.959,2.256,-3.68
-0.64,1.153,5.936,0.959,2.256,-3.68
-0.636,1.151,5.936,0.959,2.256,-3.68
-0.634,1.15,5.936,0.959,2.256,-3.68
-0.63,1.147,5.936,0.959,2.256,-3.68
-0.627,1.146,5.936,0.959,2.256,-3.68
-0.624,1.145,5.936,0.959,2.256,-3.68
-0.623,1.144,5.936,0.96,2.256,-3.68
-0.621,1.144,5.936,0.96,2.256,-3.68
-0.62,1.143,5.936,0.96,2.256,-3.68
-0.618,1.142,5.936,0.96,2.256,-3.68
-0.613,1.138,5.936,0.959,2.256,-3.68
-0.609,1.136,5.936,0.959,2.256,-3.68
-0.607,1.135,5.936,0.959,2.256,-3.68
-0.607,1.134,5.936,0.959,2.256,-3.68
-0.605,1.134,5.936,0.959,2.256,-3.68
-0.602,1.132,5.936,0.958,2.256,-3.68
-0.6,1.13,5.936,0.958,2.256,-3.68
-0.598,1.129,5.936,0.958,2.256,-3.68
-0.595,1.128,5.936,0.959,2.256,-3.68
-0.591,1.126,5.936,0.959,2.256,-3.68
-0.589,1.126,5.936,0.959,2.256,-3.68
-0.584,1.125,5.936,0.961,2.256,-3.68
-0.58,1.123,5.936,0.962,2.256,-3.68
-0.578,1.122,5.936,0.962,2.256,-3.68
-0.572,1.12,5.936,0.963,2.256,-3.68
-0.567,1.118,6.119,0.964,2.439,-3.68
-0.563,1.117,6.119,0.965,2.439,-3.68
-0.559,1.116,6.119,0.966,2.439,-3.68
-0.553,1.116,6.119,0.969,2.439,-3.68
-0.549,1.115,6.119,0.97,2.439,-3.68
-0.544,1.115,6.119,0.973,2.439,-3.68
-0.542,1.114,6.119,0.974,2.439,-3.68
-0.54,1.114,6.119,0.975,2.439,-3.68
-0.535,1.113,6.119,0.976,2.439,-3.68
-0.532,1.112,6.119,0.977,2.439,-3.68
-0.528,1.113,6.119,0.979,2.439,-3.68
-0.525,1.11,6.119,0.978,2.439,-3.68
-0.521,1.109,6.119,0.978,2.439,-3.68
-0.518,1.106,6.119,0.977,2.439,-3.68
-0.517,1.105,6.119,0.977,2.439,-3.68
-0.511,1.105,6.119,0.98,2.439,-3.68
-0.506,1.104,6.119,0.982,2.439,-3.68
-0.503,1.104,6.119,0.983,2.439,-3.68
-0.5,1.103,6.119,0.984,2.439,-3.68
-0.497,1.102,6.119,0.984,2.439,-3.68
-0.493,1.101,6.119,0.985,2.439,-3.68
-0.489,1.099,6.119,0.985,2.439,-3.68
-0.485,1.097,6.119,0.984,2.439,-3.68
-0.479,1.095,6.119,0.985,2.439,-3.68
-0.475,1.094,6.119,0.986,2.439,-3.68
-0.471,1.094,6.119,0.988,2.439,-3.68
-0.467,1.093,6.119,0.988,2.439,-3.68
-0.464,1.092,6.119,0.988,2.439,-3.68
-0.461,1.091,6.119,0.989,2.439,-3.68
-0.457,1.089,6.119,0.989,2.439,-3.68
-0.452,1.088,6.119,0.99,2.439,-3.68
-0.448,1.087,6.119,0.99,2.439,-3.68
-0.446,1.086,6.119,0.99,2.439,-3.68
-0.444,1.085,6.119,0.99,2.439,-3.68
-0.441,1.085,6.119,0.991,2.439,-3.68
-0.439,1.081,6.119,0.988,2.439,-3.68
-0.435,1.079,6.119,0.987,2.439,-3.68
-0.432,1.078,6.119,0.988,2.439,-3.68
-0.428,1.076,6.119,0.987,2.439,-3.68
-0.422,1.073,6.119,0.987,2.439,-3.68
-0.419,1.071,6.119,0.986,2.439,-3.68
-0.416,1.07,6.119,0.986,2.439,-3.68
-0.411,1.066,6.119,0.984,2.439,-3.68
-0.407,1.064,6.119,0.983,2.439,-3.68
-0.402,1.061,6.119,0.982,2.439,-3.68
-0.398,1.059,6.119,0.982,2.439,-3.68
-0.392,1.056,6.119,0.98,2.439,-3.68
-0.389,1.054,6.119,0.98,2.439,-3.68
-0.385,1.053,6.119,0.98,2.439,-3.68
-0.379,1.05,6.119,0.979,2.439,-3.68
-0.375,1.047,6.119,0.978,2.439,-3.68
-0.37,1.046,6.119,0.979,2.439,-3.68
-0.365,1.044,6.119,0.978,2.439,-3.68
-0.361,1.043,6.119,0.978,2.439,-3.68
-0.355,1.041,6.119,0.979,2.439,-3.68
-0.351,1.04,6.119,0.979,2.439,-3.68
-0.347,1.038,6.119,0.978,2.439,-3.68
-0.34,1.035,6.119,0.977,2.439,-3.68
-0.334,1.032,6.119,0.976,2.439,-3.68
-0.329,1.03,6.119,0.976,2.439,-3.68
-0.323,1.027,6.119,0.975,2.439,-3.68
-0.318,1.025,6.119,0.974,2.439,-3.68
-0.314,1.023,6.119,0.974,2.439,-3.68
-0.311,1.021,6.119,0.973,2.439,-3.68
-0.306,1.017,6.119,0.97,2.439,-3.68
-0.301,1.014,6.119,0.969,2.439,-3.68
-0.295,1.011,6.119,0.967,2.439,-3.68
-0.291,1.008,6.119,0.965,2.439,-3.68
-0.286,1.006,6.119,0.965,2.439,-3.68
-0.282,1.004,6.119,0.963,2.439,-3.68
-0.278,1.002,6.119,0.963,2.439,-3.68
-0.274,1.0,6.119,0.962,2.439,-3.68
-0.27,0.999,6.119,0.962,2.439,-3.68
-0.267,0.999,6.119,0.963,2.439,-3.68
-0.262,0.996,6.119,0.961,2.439,-3.68
-0.259,0.996,6.119,0.961,2.439,-3.68
-0.258,0.996,6.119,0.962,2.439,-3.68
-0.253,0.992,6.119,0.959,2.439,-3.68
-0.247,0.987,6.119,0.956,2.439,-3.68
-0.245,0.987,6.119,0.956,2.439,-3.68
-0.246,0.987,6.119,0.956,2.439,-3.68
-0.243,0.985,6.119,0.955,2.439,-3.68
-0.24,0.982,6.119,0.953,2.439,-3.68
-0.235,0.979,6.119,0.951,2.439,-3.68
-0.232,0.978,6.119,0.95,2.439,-3.68
-0.228,0.977,6.119,0.95,2.439,-3.68
-0.224,0.974,6.119,0.948,2.439,-3.68
-0.221,0.974,6.119,0.949,2.439,-3.68
-0.218,0.973,6.119,0.948,2.439,-3.68
-0.213,0.97,6.119,0.946,2.439,-3.68
-0.208,0.968,6.119,0.946,2.439,-3.68
-0.203,0.965,6.119,0.944,2.439,-3.68
-0.201,0.966,6.119,0.945,2.439,-3.68
-0.198,0.965,6.119,0.945,2.439,-3.68
-0.193,0.964,6.119,0.945,2.439,-3.68
-0.19,0.962,6.119,0.944,2.439,-3.68
-0.186,0.961,6.119,0.942,2.439,-3.68
-0.182,0.96,6.119,0.943,2.439,-3.68
-0.179,0.959,6.119,0.942,2.439,-3.68
-0.176,0.958,6.119,0.941,2.439,-3.68
-0.173,0.958,6.119,0.942,2.439,-3.68
-0.17,0.956,6.119,0.941,2.439,-3.68
-0.168,0.956,6.119,0.941,2.439,-3.68
-0.164,0.956,6.119,0.942,2.439,-3.68
-0.159,0.953,6.119,0.94,2.439,-3.68
-0.156,0.952,6.119,0.939,2.439,-3.68
-0.154,0.951,6.119,0.938,2.439,-3.68
-0.151,0.95,6.119,0.938,2.439,-3.68
-0.145,0.946,6.119,0.935,2.439,-3.68
-0.142,0.945,6.119,0.934,2.439,-3.68
-0.137,0.943,6.119,0.933,2.439,-3.68
-0.134,0.942,6.119,0.933,2.439,-3.68
-0.129,0.941,6.119,0.932,2.439,-3.68
-0.126,0.94,6.119,0.931,2.439,-3.68
-0.124,0.938,6.119,0.93,2.439,-3.68
-0.122,0.939,6.119,0.931,2.439,-3.68
-0.118,0.937,6.119,0.93,2.439,-3.68
-0.113,0.934,6.119,0.928,2.439,-3.68
-0.106,0.929,5.752,0.923,2.439,-3.313
-0.103,0.927,5.752,0.921,2.439,-3.313
-0.098,0.923,5.752,0.917,2.439,-3.313
-0.093,0.922,5.752,0.917,2.439,-3.313
-0.089,0.919,5.752,0.915,2.439,-3.313
-0.085,0.918,5.752,0.914,2.439,-3.313
-0.081,0.917,5.752,0.913,2.439,-3.313
-0.078,0.916,5.752,0.912,2.439,-3.313
-0.072,0.914,5.752,0.911,2.439,-3.313
-0.067,0.914,5.752,0.911,2.439,-3.313
-0.064,0.912,5.752,0.91,2.439,-3.313
-0.061,0.913,5.752,0.911,2.439,-3.313
-0.059,0.913,5.752,0.911,2.439,-3.313
-0.056,0.911,5.752,0.909,2.439,-3.313
-0.053,0.911,5.752,0.91,2.439,-3.313
-0.048,0.91,5.752,0.908,2.439,-3.313
-0.043,0.907,5.752,0.906,2.439,-3.313
-0.038,0.905,5.752,0.904,2.439,-3.313
-0.036,0.905,5.752,0.904,2.439,-3.313
-0.033,0.905,5.752,0.904,2.439,-3.313
-0.029,0.903,5.752,0.902,2.439,-3.313
-0.026,0.902,5.752,0.901,2.439,-3.313
-0.022,0.9,5.752,0.9,2.439,-3.313
-0.017,0.9,5.752,0.899,2.439,-3.313
-0.014,0.899,5.752,0.899,2.439,-3.313
-0.008,0.896,5.752,0.896,2.439,-3.313
-0.005,0.895,5.752,0.895,2.439,-3.313
-0.003,0.893,5.752,0.893,2.439,-3.313
0.002,0.89,5.752,0.89,2.439,-3.313
0.004,0.89,5.752,0.89,2.439,-3.313
0.008,0.889,5.752,0.889,2.439,-3.313
0.012,0.888,5.752,0.888,2.439,-3.313
0.014,0.888,5.752,0.888,2.439,-3.313
0.019,0.887,5.752,0.887,2.439,-3.313
0.023,0.885,5.752,0.885,2.439,-3.313
0.026,0.884,5.752,0.884,2.439,-3.313
0.031,0.885,5.752,0.885,2.439,-3.313
0.033,0.884,5.752,0.883,2.439,-3.313
0.037,0.884,5.752,0.883,2.439,-3.313
0.039,0.883,5.752,0.883,2.439,-3.313
0.041,0.883,5.752,0.882,2.439,-3.313
0.045,0.883,5.752,0.882,2.439,-3.313
0.048,0.882,5.752,0.881,2.439,-3.313
0.051,0.882,5.752,0.88,2.439,-3.313
0.056,0.882,5.752,0.88,2.439,-3.313
0.06,0.882,5.752,0.88,2.439,-3.313
0.064,0.881,5.752,0.879,2.439,-3.313
0.069,0.881,5.752,0.879,2.439,-3.313
0.073,0.88,5.752,0.877,2.439,-3.313
0.076,0.88,5.752,0.877,2.439,-3.313
0.08,0.879,5.752,0.875,2.439,-3.313
0.084,0.877,5.752,0.873,2.439,-3.313
0.088,0.876,5.752,0.871,2.439,-3.313
0.092,0.874,5.752,0.869,2.439,-3.313
0.096,0.873,5.752,0.868,2.439,-3.313
0.1,0.873,5.752,0.868,2.439,-3.313
0.103,0.872,5.752,0.866,2.439,-3.313
0.107,0.87,5.752,0.864,2.439,-3.313
0.111,0.869,5.752,0.862,2.439,-3.313
0.115,0.867,5.752,0.86,2.439,-3.313
0.118,0.867,5.752,0.859,2.439,-3.313
0.121,0.866,5.752,0.858,2.439,-3.313
0.126,0.863,5.752,0.854,2.439,-3.313
0.129,0.863,5.752,0.853,2.439,-3.313
0.132,0.862,5.752,0.852,2.439,-3.313
0.136,0.859,5.752,0.848,2.439,-3.313
0.14,0.858,5.752,0.847,2.439,-3.313
0.145,0.856,5.752,0.843,2.439,-3.313
0.149,0.854,5.752,0.841,2.439,-3.313
0.152,0.854,5.752,0.84,2.439,-3.313
0.155,0.852,5.752,0.838,2.439,-3.313
0.16,0.85,5.752,0.835,2.439,-3.313
0.162,0.85,5.752,0.834,2.439,-3.313
0.165,0.848,5.752,0.831,2.439,-3.313
0.167,0.847,5.752,0.831,2.439,-3.313
0.17,0.846,5.752,0.829,2.439,-3.313
0.174,0.845,5.752,0.826,2.439,-3.313
0.177,0.843,5.752,0.824,2.439,-3.313
0.181,0.84,5.752,0.82,2.439,-3.313
0.184,0.838,5.752,0.818,2.439,-3.313
0.186,0.838,5.752,0.817,2.439,-3.313
0.188,0.839,5.752,0.817,2.439,-3.313
0.192,0.837,5.752,0.814,2.439,-3.313
0.195,0.834,5.513,0.811,2.439,-3.074
0.199,0.832,5.513,0.808,2.439,-3.074
0.201,0.831,5.513,0.806,2.439,-3.074
0.203,0.829,5.513,0.804,2.439,-3.074
0.207,0.825,5.513,0.799,2.439,-3.074
0.21,0.823,5.513,0.796,2.439,-3.074
0.215,0.819,5.513,0.791,2.439,-3.074
0.216,0.818,5.513,0.789,2.439,-3.074
0.22,0.816,5.513,0.786,2.439,-3.074
0.221,0.814,5.513,0.784,2.439,-3.074
0.223,0.813,5.513,0.782,2.439,-3.074
0.226,0.812,5.513,0.78,2.439,-3.074
0.226,0.812,5.513,0.78,2.439,-3.074
0.227,0.812,5.513,0.78,2.439,-3.074
0.229,0.813,5.513,0.78,2.439,-3.074
0.23,0.812,4.963,0.779,2.439,-2.524
0.232,0.811,4.963,0.777,2.439,-2.524
0.234,0.81,4.963,0.775,2.439,-2.524
0.234,0.809,4.963,0.775,2.439,-2.524
0.235,0.808,4.963,0.773,2.439,-2.524
0.235,0.808,4.963,0.773,2.439,-2.524
0.236,0.808,4.963,0.772,2.439,-2.524
0.236,0.807,4.963,0.772,2.439,-2.524
0.238,0.806,4.963,0.77,2.439,-2.524
0.24,0.805,4.963,0.769,2.439,-2.524
0.24,0.805,4.963,0.768,2.439,-2.524
0.241,0.804,4.963,0.767,2.439,-2.524
0.242,0.804,4.963,0.767,2.439,-2.524
0.242,0.804,4.963,0.767,2.439,-2.524
0.244,0.803,4.963,0.765,2.439,-2.524
0.246,0.803,4.963,0.764,2.439,-2.524
0.249,0.801,4.963,0.761,2.439,-2.524
0.25,0.801,4.963,0.761,2.439,-2.524
0.252,0.8,4.963,0.76,2.439,-2.524
0.253,0.801,4.963,0.76,2.439,-2.524
0.254,0.799,4.963,0.758,2.439,-2.524
0.255,0.799,4.963,0.757,2.439,-2.524
0.256,0.798,4.963,0.756,2.439,-2.524
0.258,0.798,4.963,0.756,2.439,-2.524
0.258,0.798,4.963,0.755,2.439,-2.524
0.257,0.797,4.963,0.755,2.439,-2.524
0.257,0.798,4.963,0.755,2.439,-2.524
0.256,0.798,4.963,0.755,2.439,-2.524
0.255,0.798,4.963,0.756,2.439,-2.524
0.254,0.797,4.963,0.755,2.439,-2.524
0.255,0.797,4.963,0.755,2.439,-2.524
0.256,0.797,4.963,0.755,2.439,-2.524
0.256,0.797,4.963,0.755,2.439,-2.524
0.257,0.796,4.963,0.753,2.439,-2.524
0.257,0.796,4.963,0.753,2.439,-2.524
0.256,0.797,4.963,0.755,2.439,-2.524
0.258,0.797,4.963,0.754,2.439,-2.524
0.259,0.797,4.963,0.754,2.439,-2.524
0.259,0.797,4.963,0.754,2.439,-2.524
0.259,0.797,4.963,0.754,2.439,-2.524
0.259,0.797,4.963,0.753,2.439,-2.524
0.259,0.796,4.963,0.753,2.439,-2.524
0.26,0.796,4.963,0.753,2.439,-2.524
0.262,0.796,4.963,0.752,2.439,-2.524
0.263,0.796,4.963,0.751,2.439,-2.524
0.264,0.796,4.963,0.751,2.439,-2.524
0.265,0.798,4.963,0.753,2.439,-2.524
0.265,0.799,4.963,0.753,2.439,-2.524
0.266,0.799,4.963,0.753,2.439,-2.524
0.267,0.799,4.963,0.753,2.439,-2.524
0.268,0.799,4.963,0.752,2.439,-2.524
0.267,0.799,4.963,0.753,2.439,-2.524
0.268,0.8,4.963,0.754,2.439,-2.524
0.269,0.801,4.963,0.754,2.439,-2.524
0.269,0.801,4.963,0.755,2.439,-2.524
0.27,0.8,4.963,0.753,2.439,-2.524
0.27,0.799,4.963,0.752,2.439,-2.524
0.269,0.798,4.963,0.751,2.439,-2.524
0.27,0.798,4.963,0.751,2.439,-2.524
0.272,0.798,4.963,0.75,2.439,-2.524
0.272,0.798,4.963,0.75,2.439,-2.524
0.272,0.796,4.963,0.748,2.439,-2.524
0.272,0.795,4.963,0.747,2.439,-2.524
0.271,0.792,4.963,0.744,2.439,-2.524
0.27,0.791,4.963,0.744,2.439,-2.524
0.272,0.791,4.963,0.743,2.439,-2.524
0.272,0.791,4.963,0.742,2.439,-2.524
0.272,0.79,4.963,0.742,2.439,-2.524
0.272,0.79,4.963,0.742,2.439,-2.524
0.274,0.791,4.963,0.743,2.439,-2.524
0.275,0.791,4.963,0.742,2.439,-2.524
0.275,0.791,4.963,0.742,2.439,-2.524
0.276,0.792,4.963,0.742,2.439,-2.524
0.279,0.792,4.963,0.741,2.439,-2.524
0.278,0.792,4.963,0.742,2.439,-2.524
0.278,0.792,4.963,0.742,2.439,-2.524
0.279,0.793,4.963,0.743,2.439,-2.524
0.281,0.795,4.963,0.744,2.439,-2.524
0.283,0.794,4.963,0.742,2.439,-2.524
0.284,0.795,4.963,0.743,2.439,-2.524
0.282,0.797,4.963,0.745,2.439,-2.524
0.284,0.799,4.963,0.747,2.439,-2.524
0.285,0.801,4.963,0.749,2.439,-2.524
0.286,0.801,4.963,0.748,2.439,-2.524
0.285,0.8,4.963,0.748,2.439,-2.524
0.286,0.801,4.963,0.749,2.439,-2.524
0.286,0.8,4.963,0.748,2.439,-2.524
0.286,0.801,4.963,0.748,2.439,-2.524
0.286,0.803,4.963,0.751,2.439,-2.524
0.287,0.804,4.963,0.751,2.439,-2.524
0.287,0.805,4.963,0.753,2.439,-2.524
0.287,0.807,4.963,0.754,2.439,-2.524
0.289,0.807,4.963,0.754,2.439,-2.524
0.29,0.809,4.963,0.755,2.439,-2.524
0.29,0.81,4.963,0.756,2.439,-2.524
0.288,0.808,4.963,0.755,2.439,-2.524
0.287,0.809,4.963,0.756,2.439,-2.524
0.287,0.809,4.963,0.757,2.439,-2.524
0.288,0.81,4.963,0.757,2.439,-2.524
0.288,0.811,4.963,0.758,2.439,-2.524
0.288,0.812,4.963,0.759,2.439,-2.524
0.286,0.813,4.963,0.761,2.439,-2.524
0.287,0.814,4.963,0.762,2.439,-2.524
0.287,0.816,4.963,0.764,2.439,-2.524
0.285,0.816,4.963,0.764,2.439,-2.524
0.284,0.815,4.963,0.764,2.439,-2.524
0.285,0.815,4.963,0.764,2.439,-2.524
0.284,0.817,4.963,0.766,2.439,-2.524
0.283,0.818,4.963,0.767,2.439,-2.524
0.283,0.818,4.963,0.768,2.439,-2.524
0.283,0.82,4.963,0.769,2.439,-2.524
0.282,0.821,4.963,0.771,2.439,-2.524
0.281,0.821,4.963,0.771,2.439,-2.524
0.281,0.82,4.963,0.771,2.439,-2.524
0.281,0.82,4.963,0.771,2.439,-2.524
0.281,0.82,4.963,0.77,2.439,-2.524
0.281,0.819,4.963,0.77,2.439,-2.524
0.28,0.819,4.963,0.77,2.439,-2.524
0.278,0.819,4.963,0.77,2.439,-2.524
0.277,0.819,4.963,0.77,2.439,-2.524
0.277,0.819,4.963,0.771,2.439,-2.524
0.274,0.82,4.963,0.773,2.439,-2.524
0.271,0.821,4.963,0.775,2.439,-2.524
0.269,0.821,4.963,0.776,2.439,-2.524
0.266,0.823,5.259,0.778,2.439,-2.82
0.265,0.823,5.259,0.779,2.439,-2.82
0.263,0.823,5.259,0.78,2.439,-2.82
0.263,0.824,5.259,0.781,2.439,-2.82
0.26,0.825,5.259,0.783,2.439,-2.82
0.257,0.826,5.259,0.785,2.439,-2.82
0.255,0.828,5.259,0.788,2.439,-2.82
0.252,0.829,5.259,0.79,2.439,-2.82
0.249,0.831,5.259,0.793,2.439,-2.82
0.248,0.832,5.259,0.794,2.439,-2.82
0.246,0.833,5.259,0.796,2.439,-2.82
0.244,0.835,5.259,0.798,2.439,-2.82
0.241,0.835,5.259,0.8,2.439,-2.82
0.238,0.836,5.259,0.802,2.439,-2.82
0.236,0.836,5.259,0.802,2.439,-2.82
0.235,0.836,5.259,0.803,2.439,-2.82
0.23,0.837,5.259,0.804,2.439,-2.82
0.227,0.837,5.259,0.806,2.439,-2.82
0.226,0.838,5.259,0.807,2.439,-2.82
0.222,0.837,5.259,0.807,2.439,-2.82
0.22,0.837,5.146,0.807,2.326,-2.82
0.217,0.837,5.146,0.808,2.326,-2.82
0.214,0.837,5.146,0.809,2.326,-2.82
0.209,0.836,5.146,0.81,2.326,-2.82
0.205,0.837,5.146,0.811,2.326,-2.82
0.2,0.836,5.146,0.812,2.326,-2.82
0.197,0.838,5.146,0.814,2.326,-2.82
0.193,0.839,5.146,0.816,2.326,-2.82
0.189,0.839,5.146,0.817,2.326,-2.82
0.186,0.84,5.146,0.819,2.326,-2.82
0.182,0.839,5.146,0.819,2.326,-2.82
0.181,0.839,5.146,0.819,2.326,-2.82
0.18,0.84,5.146,0.82,2.326,-2.82
0.179,0.841,5.146,0.822,2.326,-2.82
0.178,0.841,5.146,0.822,2.326,-2.82
0.175,0.839,5.118,0.821,2.298,-2.82
0.171,0.838,5.118,0.82,2.298,-2.82
0.167,0.838,5.118,0.821,2.298,-2.82
0.164,0.839,5.118,0.822,2.298,-2.82
0.162,0.839,5.118,0.824,2.298,-2.82
0.16,0.839,5.118,0.823,2.298,-2.82
0.159,0.839,5.118,0.824,2.298,-2.82
0.157,0.84,5.118,0.825,2.298,-2.82
0.154,0.839,5.118,0.825,2.298,-2.82
0.151,0.839,5.118,0.825,2.298,-2.82
0.15,0.839,5.118,0.825,2.298,-2.82
0.149,0.838,5.118,0.825,2.298,-2.82
0.147,0.838,5.118,0.825,2.298,-2.82
0.145,0.838,5.118,0.826,2.298,-2.82
0.142,0.84,5.118,0.828,2.298,-2.82
0.139,0.839,5.118,0.827,2.298,-2.82
0.138,0.84,5.118,0.829,2.298,-2.82
0.136,0.841,5.118,0.83,2.298,-2.82
0.134,0.842,5.118,0.831,2.298,-2.82
0.131,0.843,5.118,0.832,2.298,-2.82
0.131,0.843,5.118,0.833,2.298,-2.82
0.13,0.843,5.118,0.833,2.298,-2.82
0.129,0.844,5.118,0.834,2.298,-2.82
0.127,0.845,5.118,0.835,2.298,-2.82
0.124,0.845,5.118,0.836,2.298,-2.82
0.124,0.846,5.118,0.837,2.298,-2.82
0.122,0.847,5.118,0.838,2.298,-2.82
0.121,0.847,5.118,0.838,2.298,-2.82
0.118,0.847,5.118,0.839,2.298,-2.82
0.115,0.849,5.118,0.841,2.298,-2.82
0.113,0.85,5.118,0.843,2.298,-2.82
0.11,0.851,5.118,0.844,2.298,-2.82
0.107,0.852,5.118,0.845,2.298,-2.82
0.104,0.853,5.118,0.846,2.298,-2.82
0.101,0.853,5.118,0.847,2.298,-2.82
0.098,0.853,5.118,0.848,2.298,-2.82
0.095,0.855,5.118,0.849,2.298,-2.82
0.09,0.856,5.118,0.852,2.298,-2.82
0.089,0.857,5.118,0.852,2.298,-2.82
0.085,0.858,5.118,0.854,2.298,-2.82
0.084,0.859,5.118,0.855,2.298,-2.82
0.083,0.859,5.118,0.855,2.298,-2.82
0.082,0.859,5.118,0.855,2.298,-2.82
0.082,0.861,5.386,0.858,2.566,-2.82
0.082,0.863,5.386,0.859,2.566,-2.82
0.083,0.865,5.386,0.861,2.566,-2.82
0.084,0.866,5.386,0.862,2.566,-2.82
0.084,0.867,5.386,0.863,2.566,-2.82
0.084,0.867,5.386,0.863,2.566,-2.82
0.086,0.869,5.386,0.865,2.566,-2.82
0.086,0.87,5.386,0.866,2.566,-2.82
0.085,0.871,5.386,0.866,2.566,-2.82
0.086,0.871,5.386,0.867,2.566,-2.82
0.084,0.871,5.386,0.867,2.566,-2.82
0.084,0.872,5.386,0.868,2.566,-2.82
0.084,0.872,5.386,0.868,2.566,-2.82
0.083,0.871,5.386,0.867,2.566,-2.82
0.083,0.871,5.386,0.867,2.566,-2.82
0.082,0.871,5.386,0.868,2.566,-2.82
0.082,0.872,5.386,0.868,2.566,-2.82
0.083,0.872,5.386,0.868,2.566,-2.82
0.082,0.873,5.386,0.869,2.566,-2.82
0.084,0.875,5.386,0.871,2.566,-2.82
0.085,0.875,5.386,0.871,2.566,-2.82
0.084,0.874,5.386,0.87,2.566,-2.82
0.085,0.875,5.386,0.871,2.566,-2.82
0.085,0.875,5.386,0.871,2.566,-2.82
0.086,0.876,5.442,0.872,2.622,-2.82
0.084,0.876,5.442,0.872,2.622,-2.82
0.085,0.878,5.442,0.873,2.622,-2.82
0.084,0.878,5.442,0.874,2.622,-2.82
0.084,0.879,5.442,0.875,2.622,-2.82
0.083,0.878,5.442,0.874,2.622,-2.82
0.085,0.88,5.442,0.876,2.622,-2.82
0.086,0.882,5.442,0.877,2.622,-2.82
0.085,0.882,5.442,0.878,2.622,-2.82
0.084,0.882,5.442,0.878,2.622,-2.82
0.083,0.881,5.442,0.877,2.622,-2.82
0.083,0.882,5.442,0.879,2.622,-2.82
0.082,0.883,5.442,0.879,2.622,-2.82
0.081,0.883,5.442,0.879,2.622,-2.82
0.083,0.885,5.442,0.881,2.622,-2.82
0.084,0.888,5.696,0.884,2.876,-2.82
0.083,0.889,5.696,0.885,2.876,-2.82
0.083,0.889,5.696,0.885,2.876,-2.82
0.082,0.889,5.696,0.885,2.876,-2.82
0.081,0.889,5.696,0.885,2.876,-2.82
0.08,0.89,5.696,0.887,2.876,-2.82
0.079,0.89,5.696,0.886,2.876,-2.82
0.077,0.89,5.696,0.887,2.876,-2.82
0.075,0.89,5.696,0.887,2.876,-2.82
0.075,0.89,5.696,0.887,2.876,-2.82
0.075,0.891,5.696,0.888,2.876,-2.82
0.073,0.891,5.696,0.888,2.876,-2.82
0.073,0.891,5.696,0.888,2.876,-2.82
0.071,0.891,5.696,0.888,2.876,-2.82
0.07,0.89,5.696,0.887,2.876,-2.82
0.068,0.889,5.696,0.887,2.876,-2.82
0.068,0.889,5.696,0.887,2.876,-2.82
0.068,0.89,5.696,0.887,2.876,-2.82
0.068,0.891,5.696,0.888,2.876,-2.82
0.067,0.891,5.696,0.889,2.876,-2.82
0.066,0.892,5.696,0.889,2.876,-2.82
0.064,0.891,5.696,0.889,2.876,-2.82
0.063,0.893,5.696,0.891,2.876,-2.82
0.065,0.893,5.696,0.891,2.876,-2.82
0.063,0.892,5.696,0.89,2.876,-2.82
0.062,0.894,5.696,0.892,2.876,-2.82
0.062,0.894,5.696,0.892,2.876,-2.82
0.06,0.894,5.696,0.892,2.876,-2.82
0.059,0.893,5.696,0.891,2.876,-2.82
0.059,0.893,5.696,0.891,2.876,-2.82
0.057,0.891,5.696,0.889,2.876,-2.82
0.056,0.891,5.696,0.889,2.876,-2.82
0.056,0.891,5.696,0.89,2.876,-2.82
0.057,0.891,5.696,0.889,2.876,-2.82
0.058,0.891,5.696,0.889,2.876,-2.82
0.057,0.891,5.696,0.89,2.876,-2.82
0.057,0.892,5.696,0.89,2.876,-2.82
0.056,0.892,5.696,0.89,2.876,-2.82
0.057,0.893,5.696,0.892,2.876,-2.82
0.057,0.894,5.696,0.892,2.876,-2.82
0.055,0.893,5.696,0.892,2.876,-2.82
0.055,0.893,5.696,0.892,2.876,-2.82
0.055,0.893,5.696,0.891,2.876,-2.82
0.053,0.893,5.696,0.891,2.876,-2.82
0.052,0.892,5.696,0.89,2.876,-2.82
0.051,0.891,5.696,0.89,2.876,-2.82
0.051,0.891,5.696,0.89,2.876,-2.82
0.051,0.891,5.696,0.89,2.876,-2.82
0.051,0.892,5.696,0.89,2.876,-2.82
0.05,0.892,5.696,0.891,2.876,-2.82
0.049,0.893,5.696,0.892,2.876,-2.82
0.048,0.893,5.696,0.892,2.876,-2.82
0.047,0.893,5.696,0.892,2.876,-2.82
0.047,0.893,5.696,0.891,2.876,-2.82
0.046,0.892,5.696,0.891,2.876,-2.82
0.047,0.892,5.696,0.891,2.876,-2.82
0.045,0.892,5.696,0.891,2.876,-2.82
0.042,0.89,5.696,0.889,2.876,-2.82
0.043,0.891,5.696,0.89,2.876,-2.82
0.043,0.89,5.696,0.889,2.876,-2.82
0.044,0.891,5.696,0.89,2.876,-2.82
0.045,0.891,5.696,0.89,2.876,-2.82
0.043,0.89,5.696,0.889,2.876,-2.82
0.044,0.892,5.696,0.89,2.876,-2.82
0.042,0.891,5.696,0.89,2.876,-2.82
0.039,0.891,5.696,0.891,2.876,-2.82
0.035,0.891,5.696,0.891,2.876,-2.82
0.034,0.891,5.696,0.891,2.876,-2.82
0.032,0.89,5.696,0.889,2.876,-2.82
0.031,0.891,5.696,0.89,2.876,-2.82
0.031,0.89,5.696,0.889,2.876,-2.82
0.028,0.891,5.696,0.891,2.876,-2.82
0.025,0.893,5.696,0.893,2.876,-2.82
0.023,0.894,5.696,0.893,2.876,-2.82
0.022,0.894,5.696,0.894,2.876,-2.82
0.022,0.895,5.696,0.895,2.876,-2.82
0.021,0.895,5.696,0.895,2.876,-2.82
0.019,0.897,5.696,0.896,2.876,-2.82
0.016,0.898,5.696,0.898,2.876,-2.82
0.015,0.898,5.696,0.898,2.876,-2.82
0.013,0.897,5.696,0.897,2.876,-2.82
0.012,0.898,5.696,0.898,2.876,-2.82
0.011,0.898,5.696,0.898,2.876,-2.82
0.01,0.897,5.696,0.897,2.876,-2.82
0.009,0.898,5.696,0.898,2.876,-2.82
0.009,0.897,5.696,0.897,2.876,-2.82
0.006,0.897,5.696,0.897,2.876,-2.82
0.005,0.9,5.696,0.9,2.876,-2.82
0.002,0.9,5.696,0.9,2.876,-2.82
0.002,0.9,5.696,0.9,2.876,-2.82
-0.0,0.901,5.696,0.901,2.876,-2.82
-0.001,0.901,5.696,0.901,2.876,-2.82
-0.004,0.9,5.696,0.9,2.876,-2.82
-0.004,0.9,5.696,0.9,2.876,-2.82
-0.006,0.901,5.696,0.901,2.876,-2.82
-0.007,0.9,5.696,0.9,2.876,-2.82
-0.009,0.901,5.696,0.901,2.876,-2.82
-0.012,0.901,5.696,0.901,2.876,-2.82
-0.014,0.902,5.696,0.902,2.876,-2.82
-0.015,0.901,5.696,0.901,2.876,-2.82
