mean,RMS,ptp,std,max,min
0.707,0.854,1.055,0.479,1.383,0.327
1.636,1.851,1.836,0.866,2.248,0.412
1.263,1.384,1.266,0.565,2.058,0.792
1.981,1.984,0.232,0.109,2.058,1.826
0.285,0.486,0.908,0.394,0.644,-0.264
0.693,0.921,1.287,0.607,1.551,0.264
1.791,1.795,0.317,0.132,1.931,1.615
0.644,0.941,1.456,0.687,1.615,0.158
2.079,2.093,0.591,0.241,2.375,1.784
2.185,2.462,2.406,1.134,3.789,1.383
0.749,1.131,1.942,0.847,1.931,-0.01
0.609,0.629,0.338,0.159,0.834,0.496
-0.271,0.363,0.591,0.241,0.032,-0.559
0.489,0.528,0.422,0.199,0.77,0.348
1.995,1.999,0.317,0.13,2.142,1.826
2.346,2.358,0.549,0.238,2.565,2.016
2.368,2.405,0.992,0.424,2.776,1.784
2.079,2.105,0.781,0.327,2.522,1.741
1.221,1.429,1.646,0.744,2.269,0.623
1.01,1.439,2.174,1.025,2.459,0.285
-0.327,0.807,1.667,0.737,0.707,-0.96
1.537,1.653,1.287,0.607,2.396,1.108
1.826,1.848,0.633,0.285,2.227,1.594
1.003,1.749,3.039,1.433,3.029,-0.01
1.242,1.444,1.773,0.737,2.227,0.454
1.031,1.037,0.232,0.109,1.108,0.876
1.214,1.225,0.359,0.164,1.34,0.982
2.058,2.12,1.076,0.507,2.417,1.34
1.221,1.428,1.604,0.742,2.269,0.665
0.503,0.629,0.802,0.378,0.77,-0.032
1.819,1.872,1.076,0.443,2.396,1.319
0.714,0.718,0.148,0.07,0.813,0.665
1.249,1.419,1.604,0.674,2.163,0.559
1.699,1.699,0.063,0.03,1.72,1.657
1.383,1.576,1.815,0.756,2.396,0.581
0.813,1.107,1.688,0.751,1.868,0.18
0.665,1.081,1.878,0.853,1.34,-0.538
0.433,0.613,0.95,0.434,0.77,-0.179
-0.095,0.759,1.71,0.753,0.96,-0.749
-0.327,0.631,1.203,0.54,0.433,-0.77
-0.791,0.87,0.823,0.362,-0.475,-1.298
0.144,0.773,1.731,0.759,0.813,-0.918
-0.165,0.581,1.182,0.557,0.623,-0.559
-0.468,0.681,1.14,0.495,0.222,-0.918
-0.433,0.642,1.14,0.474,0.074,-1.066
-0.404,0.589,0.929,0.428,0.201,-0.728
-0.411,0.735,1.456,0.61,0.412,-1.045
0.158,0.495,1.076,0.469,0.581,-0.496
-0.376,0.733,1.499,0.629,0.475,-1.024
-0.447,0.505,0.528,0.235,-0.116,-0.644
-0.911,1.253,2.005,0.86,-0.095,-2.1
-0.264,0.477,0.971,0.397,0.243,-0.728
0.552,0.975,1.963,0.803,1.573,-0.39
-0.503,0.513,0.232,0.101,-0.411,-0.644
-0.784,0.814,0.528,0.218,-0.496,-1.024
-0.812,1.213,2.195,0.901,0.222,-1.973
0.559,0.869,1.625,0.665,1.404,-0.221
-0.51,1.21,2.617,1.097,0.623,-1.994
-0.144,0.15,0.106,0.043,-0.095,-0.2
-0.102,0.134,0.211,0.087,0.011,-0.2
-0.229,0.263,0.295,0.13,-0.116,-0.411
-1.101,1.38,1.984,0.832,-0.243,-2.227
-0.552,0.656,0.865,0.354,-0.137,-1.002
-1.206,1.465,2.005,0.831,-0.306,-2.311
-0.32,0.391,0.549,0.225,-0.032,-0.58
0.187,0.937,2.216,0.918,1.404,-0.812
-0.13,0.17,0.232,0.109,-0.053,-0.285
-0.207,0.491,0.992,0.445,0.158,-0.834
0.531,0.63,0.718,0.338,0.77,0.053
-0.503,0.51,0.19,0.085,-0.433,-0.623
1.087,1.487,2.153,1.015,1.805,-0.348
-0.44,0.539,0.718,0.313,-0.158,-0.876
-1.403,1.537,1.33,0.627,-0.96,-2.29
-1.46,1.699,1.984,0.87,-0.243,-2.227
-1.235,1.781,2.723,1.283,0.581,-2.142
-0.623,1.619,3.588,1.495,0.96,-2.628
-1.678,1.791,1.33,0.627,-0.791,-2.121
-2.494,2.501,0.443,0.192,-2.227,-2.67
0.426,1.028,1.984,0.935,1.087,-0.897
-0.897,1.564,3.06,1.281,0.433,-2.628
0.82,0.835,0.338,0.159,1.045,0.707
-0.77,1.361,2.638,1.122,0.327,-2.311
-1.382,2.034,3.166,1.492,0.728,-2.438
-1.72,1.953,1.984,0.925,-0.411,-2.395
0.187,0.808,1.667,0.786,1.298,-0.369
0.384,0.997,1.984,0.921,1.066,-0.918
-0.109,0.617,1.287,0.607,0.749,-0.538
-0.44,1.363,3.145,1.29,1.045,-2.1
-0.369,1.336,2.723,1.283,0.538,-2.184
-0.418,0.994,2.195,0.902,0.749,-1.446
-0.96,1.537,2.828,1.2,0.686,-2.142
-0.341,1.353,3.06,1.31,1.467,-1.593
0.447,0.783,1.562,0.643,1.172,-0.39
0.06,0.674,1.541,0.671,0.665,-0.876
0.271,0.717,1.625,0.663,1.087,-0.538
-0.144,0.811,1.752,0.798,0.982,-0.77
1.657,1.814,1.667,0.737,2.691,1.024
-0.285,1.189,2.723,1.155,1.298,-1.425
0.426,1.018,2.258,0.924,1.509,-0.749
1.129,1.593,2.68,1.123,2.649,-0.032
1.066,1.212,1.393,0.576,1.699,0.306
1.087,1.09,0.19,0.079,1.193,1.003
0.566,0.999,1.942,0.822,1.383,-0.559
-0.271,0.297,0.295,0.121,-0.116,-0.411
0.334,1.076,2.469,1.023,1.446,-1.024
1.587,1.751,1.667,0.741,2.628,0.96
1.678,1.905,2.026,0.901,2.944,0.918
0.827,0.953,1.034,0.473,1.193,0.158
1.411,1.44,0.633,0.289,1.636,1.003
0.756,0.966,1.456,0.601,1.425,-0.032
0.095,0.982,2.279,0.977,1.446,-0.834
1.08,1.211,1.182,0.547,1.488,0.306
1.263,1.264,0.106,0.043,1.319,1.214
0.785,1.006,1.435,0.629,1.34,-0.095
0.742,1.398,2.533,1.184,2.417,-0.116
0.848,1.346,2.343,1.046,1.72,-0.623
-0.292,0.371,0.507,0.229,0.032,-0.475
1.228,1.291,0.886,0.399,1.551,0.665
0.63,0.821,1.119,0.527,1.003,-0.116
1.713,1.714,0.106,0.05,1.784,1.678
-0.229,1.019,2.301,0.993,1.15,-1.15
0.475,0.935,1.71,0.806,1.615,-0.095
1.587,1.595,0.401,0.164,1.784,1.383
1.58,1.585,0.274,0.129,1.762,1.488
-0.63,0.944,1.604,0.704,-0.01,-1.614
0.545,1.58,3.145,1.482,1.594,-1.551
-0.025,1.249,3.039,1.249,1.594,-1.446
1.931,1.94,0.38,0.179,2.058,1.678
0.468,1.631,3.377,1.563,1.636,-1.741
1.446,1.451,0.253,0.119,1.615,1.361
1.411,1.554,1.541,0.653,2.058,0.517
0.102,0.334,0.675,0.318,0.327,-0.348
-0.278,1.328,3.166,1.299,1.214,-1.952
-0.995,1.096,0.971,0.458,-0.348,-1.319
0.081,1.256,3.06,1.253,1.678,-1.382
0.531,0.871,1.604,0.69,1.488,-0.116
1.179,1.3,1.245,0.548,1.657,0.412
0.785,1.656,3.166,1.459,1.889,-1.277
0.806,0.927,1.119,0.458,1.34,0.222
0.982,1.119,1.14,0.537,1.361,0.222
0.362,1.024,2.195,0.958,1.699,-0.496
0.693,0.82,0.929,0.438,1.003,0.074
0.355,1.721,3.862,1.684,1.868,-1.994
0.433,1.049,2.026,0.955,1.784,-0.243
0.552,0.97,1.752,0.798,1.678,-0.074
-1.361,1.394,0.633,0.298,-1.15,-1.783
0.595,1.538,3.145,1.418,1.741,-1.403
0.32,0.914,1.815,0.856,1.53,-0.285
-0.278,1.562,3.63,1.537,1.826,-1.804
1.143,1.152,0.295,0.139,1.34,1.045
0.975,1.401,2.195,1.006,2.396,0.201
-0.39,0.64,1.076,0.507,0.327,-0.749
0.313,0.535,1.013,0.433,0.728,-0.285
-0.017,0.548,1.161,0.547,0.369,-0.791
1.537,1.659,1.499,0.622,2.206,0.707
-0.271,1.463,3.06,1.438,1.762,-1.298
-0.109,0.663,1.456,0.654,0.813,-0.644
0.672,1.016,1.857,0.761,1.551,-0.306
0.088,0.719,1.583,0.714,0.665,-0.918
-0.96,0.991,0.57,0.244,-0.728,-1.298
0.834,0.909,0.823,0.362,1.15,0.327
0.187,1.258,3.018,1.244,1.573,-1.446
-0.496,0.605,0.844,0.346,-0.053,-0.897
0.151,0.349,0.76,0.314,0.496,-0.264
-0.51,0.997,1.963,0.857,0.686,-1.277
0.13,0.923,2.068,0.913,0.918,-1.15
-0.053,1.062,2.554,1.06,1.361,-1.192
-0.827,0.837,0.295,0.13,-0.644,-0.939
-0.77,1.562,2.934,1.359,0.243,-2.691
-0.777,0.803,0.464,0.202,-0.496,-0.96
-0.003,0.923,2.09,0.923,0.792,-1.298
-0.433,0.743,1.435,0.605,0.391,-1.045
0.637,0.748,0.844,0.393,1.193,0.348
-0.179,0.666,1.499,0.642,0.707,-0.791
-0.01,0.792,1.731,0.792,0.602,-1.129
-0.615,0.952,1.541,0.726,0.412,-1.129
0.756,0.772,0.359,0.156,0.897,0.538
0.51,0.96,1.921,0.813,1.319,-0.601
-0.7,0.738,0.528,0.235,-0.369,-0.897
-0.179,0.866,1.942,0.847,0.581,-1.361
-0.165,1.214,2.744,1.203,0.897,-1.847
0.362,0.537,0.971,0.397,0.834,-0.137
0.588,0.679,0.823,0.34,0.96,0.137
-0.081,0.615,1.435,0.61,0.517,-0.918
0.686,0.709,0.401,0.18,0.939,0.538
-0.644,0.781,1.034,0.443,-0.032,-1.066
-0.897,1.124,1.541,0.678,0.053,-1.488
-0.426,0.927,2.005,0.824,0.644,-1.361
-0.348,0.77,1.456,0.687,0.137,-1.319
-0.672,0.75,0.739,0.334,-0.2,-0.939
0.053,1.285,2.723,1.283,0.96,-1.762
-0.046,0.1,0.211,0.088,0.074,-0.137
-0.524,0.904,1.562,0.736,0.517,-1.045
-0.334,0.401,0.528,0.222,-0.032,-0.559
0.637,1.012,1.667,0.786,1.193,-0.475
0.306,0.744,1.541,0.678,1.256,-0.285
-1.031,1.116,0.908,0.428,-0.728,-1.636
0.011,1.196,2.807,1.196,1.172,-1.636
-0.897,1.289,1.963,0.925,-0.243,-2.205
-1.016,1.337,2.111,0.869,0.116,-1.994
-0.257,0.379,0.591,0.279,0.137,-0.454
0.004,0.204,0.443,0.204,0.158,-0.285
0.524,1.488,2.955,1.393,1.509,-1.446
-0.44,0.526,0.697,0.29,-0.053,-0.749
0.018,0.082,0.169,0.08,0.074,-0.095
0.644,0.653,0.253,0.108,0.749,0.496
-0.679,0.902,1.309,0.594,0.158,-1.15
-0.932,1.219,1.878,0.786,-0.116,-1.994
-1.319,1.57,1.815,0.851,-0.116,-1.931
-0.397,0.953,2.026,0.867,0.433,-1.593
-1.368,1.663,2.005,0.945,-0.032,-2.037
-0.447,0.86,1.773,0.735,0.348,-1.425
0.735,1.514,2.807,1.323,2.607,-0.2
-1.171,1.351,1.477,0.673,-0.221,-1.699
0.538,1.419,2.786,1.313,2.396,-0.39
-0.475,0.563,0.739,0.302,-0.116,-0.855
-0.243,0.27,0.253,0.119,-0.158,-0.411
-0.334,0.348,0.232,0.098,-0.2,-0.433
-0.911,0.962,0.654,0.308,-0.475,-1.129
-0.404,0.408,0.127,0.053,-0.348,-0.475
0.025,0.637,1.351,0.637,0.475,-0.876
-0.088,0.147,0.274,0.117,0.074,-0.2
-0.348,0.44,0.57,0.269,0.032,-0.538
-0.053,0.404,0.971,0.401,0.475,-0.496
-0.165,0.404,0.781,0.368,0.095,-0.686
-0.158,0.392,0.76,0.358,0.095,-0.665
-0.102,0.486,1.098,0.475,0.559,-0.538
-0.165,0.221,0.338,0.147,-0.032,-0.369
-0.418,0.45,0.401,0.166,-0.2,-0.601
-0.13,0.313,0.697,0.284,0.222,-0.475
-0.13,0.178,0.295,0.122,0.032,-0.264
-0.454,0.455,0.084,0.034,-0.411,-0.496
-0.264,0.523,1.098,0.452,0.327,-0.77
-0.601,0.923,1.625,0.7,0.053,-1.572
-0.355,0.534,0.95,0.399,0.053,-0.897
-0.06,0.104,0.19,0.085,0.011,-0.179
-0.637,0.854,1.351,0.569,0.137,-1.213
-1.066,1.229,1.435,0.613,-0.475,-1.91
-0.334,0.34,0.148,0.065,-0.243,-0.39
-0.243,0.526,1.055,0.467,0.412,-0.644
-0.144,0.178,0.253,0.105,-0.032,-0.285
-0.088,0.197,0.401,0.176,0.158,-0.243
0.144,0.173,0.232,0.095,0.264,0.032
-0.587,0.868,1.414,0.639,-0.074,-1.488
0.046,0.167,0.359,0.16,0.18,-0.179
-0.883,1.169,1.857,0.766,-0.032,-1.889
-1.213,1.237,0.591,0.241,-0.918,-1.509
-0.447,0.75,1.287,0.602,-0.01,-1.298
-0.039,0.123,0.274,0.117,0.074,-0.2
-0.925,1.259,1.942,0.854,-0.179,-2.121
0.032,0.138,0.295,0.135,0.222,-0.074
-0.207,0.372,0.718,0.309,0.222,-0.496
-0.651,0.956,1.562,0.7,-0.074,-1.636
-0.088,0.508,1.224,0.5,0.538,-0.686
-0.313,0.395,0.591,0.241,-0.01,-0.601
0.011,0.053,0.127,0.052,0.074,-0.053
-0.397,0.434,0.422,0.173,-0.2,-0.623
-0.538,0.615,0.633,0.298,-0.327,-0.96
-0.271,0.367,0.57,0.248,0.074,-0.496
-0.236,0.249,0.169,0.08,-0.179,-0.348
-0.313,0.343,0.295,0.139,-0.116,-0.411
-0.123,0.141,0.148,0.07,-0.074,-0.221
-0.186,0.219,0.253,0.115,-0.095,-0.348
-1.537,1.607,0.992,0.468,-0.876,-1.868
-0.109,0.134,0.19,0.078,-0.01,-0.2
0.215,0.256,0.295,0.139,0.412,0.116
-0.411,0.886,1.9,0.785,0.454,-1.446
-0.848,1.014,1.182,0.557,-0.454,-1.636
0.081,0.233,0.528,0.218,0.369,-0.158
-1.643,1.788,1.499,0.706,-0.644,-2.142
-0.594,0.654,0.591,0.274,-0.39,-0.981
-0.482,0.488,0.169,0.08,-0.369,-0.538
-0.496,0.498,0.106,0.046,-0.433,-0.538
-0.411,0.521,0.739,0.319,-0.116,-0.855
-0.116,0.201,0.401,0.164,0.074,-0.327
0.13,0.242,0.443,0.204,0.285,-0.158
-0.285,0.353,0.507,0.209,-0.01,-0.517
-0.257,0.257,0.042,0.02,-0.243,-0.285
-0.348,0.363,0.253,0.103,-0.221,-0.475
-0.067,0.21,0.422,0.199,0.074,-0.348
-0.151,0.187,0.253,0.111,-0.053,-0.306
-0.221,0.223,0.063,0.03,-0.179,-0.243
-0.025,0.026,0.021,0.01,-0.01,-0.032
-0.679,0.693,0.295,0.139,-0.58,-0.876
0.243,1.948,4.538,1.933,2.902,-1.636
-0.454,1.79,3.672,1.731,1.995,-1.678
-0.2,0.243,0.317,0.137,-0.01,-0.327
-0.025,0.379,0.802,0.378,0.243,-0.559
0.489,1.364,2.723,1.274,2.29,-0.433
-0.257,0.337,0.464,0.219,0.053,-0.411
0.109,0.364,0.844,0.347,0.559,-0.285
0.018,0.072,0.148,0.07,0.116,-0.032
-0.433,0.75,1.33,0.612,0.032,-1.298
-1.024,1.185,1.266,0.597,-0.179,-1.446
0.524,1.609,3.546,1.521,2.628,-0.918
0.123,0.872,1.9,0.863,1.34,-0.559
-0.721,0.763,0.612,0.25,-0.411,-1.024
0.468,1.151,2.427,1.052,1.931,-0.496
-0.046,0.53,1.287,0.528,0.559,-0.728
-0.834,1.028,1.351,0.601,-0.327,-1.678
0.116,1.355,3.271,1.35,1.889,-1.382
0.953,1.713,3.419,1.423,2.86,-0.559
-0.665,0.902,1.456,0.61,-0.032,-1.488
-0.404,1.109,2.364,1.033,0.517,-1.847
1.587,1.957,2.512,1.146,2.48,-0.032
-0.2,1.787,3.778,1.776,2.311,-1.467
0.609,1.403,2.997,1.264,2.332,-0.665
-0.545,0.794,1.351,0.577,0.011,-1.34
-0.503,0.509,0.19,0.081,-0.39,-0.58
-0.841,1.001,1.266,0.544,-0.327,-1.593
-0.341,0.365,0.317,0.129,-0.179,-0.496
-0.025,0.209,0.507,0.208,0.243,-0.264
-0.58,0.666,0.781,0.327,-0.137,-0.918
0.482,1.026,1.963,0.906,1.762,-0.2
0.862,1.385,2.301,1.084,2.396,0.095
-0.257,0.468,0.908,0.391,0.285,-0.623
-0.186,0.471,1.055,0.433,0.369,-0.686
-0.313,0.385,0.549,0.225,-0.053,-0.601
0.51,1.315,2.828,1.212,2.185,-0.644
-0.236,0.322,0.485,0.22,0.074,-0.411
-0.637,0.994,1.836,0.763,0.18,-1.657
-0.433,0.613,1.034,0.435,0.158,-0.876
-0.151,0.277,0.57,0.233,0.137,-0.433
0.25,0.535,1.013,0.473,0.918,-0.095
0.081,0.14,0.253,0.115,0.243,-0.01
0.602,1.503,3.039,1.377,2.543,-0.496
-0.172,0.931,1.942,0.915,0.475,-1.467
0.609,1.472,2.934,1.34,2.501,-0.433
0.046,0.312,0.654,0.308,0.264,-0.39
0.566,1.737,3.989,1.643,2.712,-1.277
-0.081,0.233,0.464,0.219,0.074,-0.39
-0.44,0.458,0.317,0.129,-0.285,-0.601
-0.418,0.864,1.604,0.756,0.116,-1.488
0.236,0.452,0.929,0.385,0.749,-0.179
-0.559,0.862,1.393,0.657,0.369,-1.024
1.608,1.965,2.427,1.13,2.438,0.011
-1.516,1.529,0.422,0.199,-1.235,-1.657
-0.897,1.196,1.878,0.791,0.18,-1.699
0.109,0.177,0.295,0.139,0.306,0.011
1.27,2.17,3.862,1.76,2.649,-1.213
2.255,2.494,2.258,1.065,3.008,0.749
-0.51,1.086,2.174,0.959,0.834,-1.34
1.917,2.338,2.955,1.337,2.987,0.032
2.494,2.501,0.443,0.189,2.754,2.311
-0.623,0.785,1.055,0.479,-0.243,-1.298
1.369,1.53,1.667,0.684,2.248,0.581
-0.207,0.287,0.422,0.199,0.074,-0.348
0.602,0.628,0.401,0.18,0.749,0.348
0.095,1.495,3.166,1.492,2.206,-0.96
0.306,0.602,1.266,0.518,0.96,-0.306
0.011,0.269,0.57,0.269,0.391,-0.179
-0.221,0.854,1.836,0.824,0.454,-1.382
-0.426,0.868,1.604,0.756,0.644,-0.96
1.228,1.424,1.562,0.722,2.248,0.686
0.151,1.639,3.461,1.632,2.459,-1.002
1.242,1.378,1.456,0.597,1.931,0.475
0.25,0.92,1.878,0.886,0.876,-1.002
0.651,0.667,0.338,0.143,0.792,0.454
0.215,1.35,2.828,1.333,2.1,-0.728
0.574,0.635,0.654,0.273,0.939,0.285
0.834,1.556,2.786,1.313,2.691,-0.095
0.707,1.603,3.44,1.439,2.649,-0.791
-0.876,0.88,0.19,0.09,-0.812,-1.002
0.749,1.394,2.786,1.176,1.931,-0.855
-0.897,0.998,0.992,0.437,-0.285,-1.277
0.327,1.837,3.926,1.807,2.881,-1.045
0.377,1.559,3.672,1.512,2.353,-1.319
-0.017,0.625,1.499,0.624,0.644,-0.855
0.222,0.586,1.287,0.542,0.77,-0.517
0.602,0.624,0.401,0.164,0.792,0.391
1.868,1.99,1.456,0.687,2.353,0.897
0.355,1.508,3.504,1.465,2.332,-1.171
-0.017,0.552,1.309,0.552,0.538,-0.77
0.398,1.011,2.258,0.929,1.446,-0.812
-1.115,1.175,0.908,0.371,-0.665,-1.572
0.595,1.669,3.82,1.56,2.522,-1.298
-0.397,0.791,1.667,0.684,0.391,-1.277
0.785,1.354,2.702,1.103,2.121,-0.58
0.763,2.011,4.517,1.861,3.198,-1.319
0.243,1.094,2.554,1.066,1.361,-1.192
-0.2,0.668,1.541,0.638,0.496,-1.045
0.89,1.241,1.963,0.864,2.1,0.137
0.89,1.496,2.765,1.202,2.565,-0.2
0.18,0.544,1.245,0.514,0.855,-0.39
0.559,0.606,0.549,0.232,0.792,0.243
0.996,1.323,2.132,0.872,2.1,-0.032
0.665,0.67,0.19,0.079,0.77,0.581
-0.074,0.514,1.119,0.509,0.327,-0.791
1.186,1.23,0.802,0.328,1.573,0.77
-0.411,0.999,1.963,0.911,0.876,-1.087
-0.102,0.592,1.393,0.583,0.686,-0.707
-0.236,0.62,1.33,0.573,0.559,-0.77
0.679,0.903,1.456,0.595,1.425,-0.032
1.214,1.878,3.039,1.433,2.227,-0.812
0.419,0.598,1.034,0.427,0.982,-0.053
0.51,0.511,0.042,0.02,0.538,0.496
1.052,1.091,0.654,0.291,1.298,0.644
1.432,1.784,2.258,1.065,2.185,-0.074
0.665,1.38,2.955,1.21,2.206,-0.749
0.285,0.287,0.063,0.03,0.306,0.243
1.136,1.297,1.499,0.624,1.974,0.475
2.142,2.3,1.773,0.836,3.324,1.551
1.073,1.173,1.034,0.473,1.741,0.707
0.918,0.93,0.317,0.149,1.024,0.707
2.03,2.191,1.773,0.826,3.198,1.425
1.221,1.221,0.021,0.01,1.235,1.214
0.123,0.717,1.625,0.707,1.108,-0.517
-0.89,0.952,0.718,0.338,-0.411,-1.129
-0.109,0.413,0.865,0.398,0.454,-0.411
-0.151,0.254,0.443,0.204,0.137,-0.306
0.475,1.659,3.884,1.59,2.501,-1.382
0.503,0.534,0.422,0.179,0.749,0.327
1.186,1.193,0.274,0.129,1.277,1.003
1.713,1.761,0.865,0.408,2.29,1.425
-0.144,0.689,1.625,0.673,0.749,-0.876
1.727,1.969,2.005,0.945,2.396,0.391
1.523,1.814,2.237,0.985,2.902,0.665
1.601,1.746,1.477,0.696,2.586,1.108
1.003,1.553,2.87,1.185,2.311,-0.559
0.165,0.687,1.414,0.667,1.108,-0.306
1.15,1.157,0.295,0.124,1.277,0.982
0.707,0.708,0.063,0.03,0.749,0.686
0.848,1.146,1.857,0.771,1.678,-0.179
-0.074,0.602,1.266,0.597,0.77,-0.496
0.454,0.836,1.52,0.702,1.446,-0.074
0.25,0.684,1.351,0.637,1.15,-0.2
0.581,1.136,2.343,0.976,1.889,-0.454
0.285,0.506,0.886,0.418,0.581,-0.306
0.672,1.473,3.208,1.311,2.311,-0.897
0.116,0.321,0.654,0.299,0.348,-0.306
0.77,1.447,2.87,1.225,2.459,-0.411
0.967,1.051,0.908,0.409,1.298,0.391
1.615,2.046,2.765,1.257,2.607,-0.158
0.834,0.871,0.612,0.25,1.129,0.517
1.298,1.476,1.499,0.701,2.29,0.792
0.679,1.301,2.364,1.109,2.248,-0.116
0.313,0.724,1.583,0.653,1.172,-0.411
-0.109,0.783,1.9,0.776,0.855,-1.045
0.63,0.752,0.971,0.411,1.193,0.222
1.143,1.165,0.528,0.222,1.446,0.918
0.799,1.289,2.427,1.012,1.868,-0.559
0.665,1.177,2.111,0.971,1.404,-0.707
1.101,1.104,0.19,0.081,1.214,1.024
0.918,0.979,0.802,0.339,1.383,0.581
0.06,0.977,2.216,0.975,1.425,-0.791
0.693,1.144,2.068,0.91,1.488,-0.58
1.34,1.704,2.575,1.053,2.586,0.011
1.235,1.727,2.913,1.207,2.543,-0.369
-0.053,0.864,2.111,0.862,1.024,-1.087
0.897,1.003,0.992,0.449,1.256,0.264
0.939,1.341,2.343,0.957,2.121,-0.221
0.018,0.131,0.317,0.129,0.18,-0.137
1.024,1.319,1.963,0.832,1.847,-0.116
1.08,1.102,0.528,0.218,1.319,0.792
1.777,1.814,0.823,0.366,2.29,1.467
0.074,0.87,1.9,0.867,1.298,-0.601
0.932,0.983,0.76,0.31,1.319,0.559
1.544,1.908,2.723,1.121,3.008,0.285
0.897,0.928,0.507,0.239,1.235,0.728
1.031,1.286,1.794,0.769,1.762,-0.032
1.073,1.138,0.802,0.378,1.34,0.538
0.623,0.721,0.886,0.363,1.045,0.158
-0.172,1.374,2.892,1.363,0.792,-2.1
0.623,0.642,0.38,0.158,0.834,0.454
0.412,1.04,2.026,0.955,1.762,-0.264
0.806,1.049,1.646,0.672,1.615,-0.032
1.58,1.595,0.464,0.219,1.889,1.425
1.777,1.876,1.287,0.602,2.628,1.34
1.425,1.45,0.57,0.269,1.615,1.045
1.27,1.273,0.19,0.081,1.383,1.193
0.714,1.225,2.111,0.995,2.121,0.011
1.017,1.104,0.971,0.431,1.383,0.412
1.094,1.319,1.562,0.736,1.615,0.053
1.031,1.094,0.886,0.365,1.509,0.623
-0.193,0.217,0.211,0.099,-0.053,-0.264
1.643,1.645,0.19,0.085,1.762,1.573
-0.081,1.023,2.385,1.02,0.897,-1.488
1.277,1.364,1.055,0.479,1.657,0.602
0.158,0.534,1.14,0.51,0.876,-0.264
0.728,1.237,2.132,1.0,1.446,-0.686
0.334,0.334,0.021,0.01,0.348,0.327
0.313,0.452,0.739,0.326,0.77,0.032
0.538,0.74,1.076,0.507,1.256,0.18
1.052,1.815,3.461,1.479,3.092,-0.369
0.848,1.198,1.794,0.846,1.446,-0.348
1.08,1.361,1.984,0.827,1.952,-0.032
0.897,1.148,1.52,0.716,1.404,-0.116
0.18,1.04,2.322,1.024,1.615,-0.707
-0.334,0.505,0.802,0.378,0.201,-0.601
0.623,0.962,1.773,0.734,1.594,-0.179
0.391,0.594,0.95,0.448,0.707,-0.243
0.707,1.18,2.195,0.945,2.016,-0.179
0.763,1.231,2.047,0.965,1.446,-0.601
1.101,1.353,1.688,0.786,1.678,-0.01
0.292,0.783,1.541,0.726,1.319,-0.221
1.157,1.265,1.224,0.51,1.699,0.475
1.263,1.493,1.688,0.796,1.826,0.137
1.565,1.619,0.908,0.414,1.889,0.982
1.333,1.372,0.718,0.324,1.594,0.876
1.565,1.761,1.921,0.805,2.396,0.475
0.187,0.475,1.055,0.436,0.665,-0.39
1.073,1.473,2.343,1.01,2.016,-0.327
0.742,0.979,1.393,0.638,1.235,-0.158
0.566,0.709,1.034,0.427,1.129,0.095
0.728,1.052,1.752,0.759,1.425,-0.327
0.369,0.399,0.338,0.15,0.496,0.158
0.257,0.417,0.76,0.329,0.559,-0.2
1.143,1.373,1.71,0.761,1.784,0.074
1.558,1.618,1.013,0.433,1.974,0.96
0.44,0.958,2.068,0.851,1.551,-0.517
0.982,1.547,2.617,1.196,1.91,-0.707
1.087,1.241,1.33,0.599,1.931,0.602
0.524,1.008,1.857,0.861,1.741,-0.116
0.77,1.146,2.005,0.849,1.931,-0.074
0.552,0.855,1.583,0.653,1.277,-0.306
1.629,1.632,0.253,0.105,1.741,1.488
1.446,1.999,3.356,1.38,3.24,-0.116
1.087,1.227,1.372,0.57,1.699,0.327
0.299,0.475,0.802,0.369,0.581,-0.221
1.284,1.307,0.528,0.244,1.467,0.939
0.658,1.08,1.984,0.857,1.847,-0.137
1.15,1.343,1.667,0.694,1.889,0.222
0.306,0.574,1.161,0.485,0.813,-0.348
0.468,1.576,3.293,1.505,1.636,-1.657
1.439,1.461,0.57,0.251,1.657,1.087
0.574,0.722,0.95,0.438,1.193,0.243
1.284,1.478,1.688,0.733,1.952,0.264
1.467,1.478,0.38,0.179,1.72,1.34
0.989,1.191,1.625,0.664,1.784,0.158
1.157,1.285,1.182,0.557,1.551,0.369
1.066,1.193,1.287,0.536,1.636,0.348
1.558,1.58,0.549,0.259,1.741,1.193
0.468,1.069,2.09,0.961,1.826,-0.264
1.453,1.465,0.401,0.189,1.72,1.319
1.101,1.116,0.422,0.179,1.277,0.855
-0.559,0.597,0.443,0.209,-0.411,-0.855
1.073,1.309,1.731,0.749,1.762,0.032
0.749,0.787,0.507,0.239,1.087,0.581
1.122,1.161,0.675,0.297,1.383,0.707
0.932,0.946,0.338,0.159,1.045,0.707
1.017,1.044,0.57,0.239,1.34,0.77
1.08,1.085,0.211,0.099,1.15,0.939
0.292,0.769,1.541,0.712,1.298,-0.243
1.066,1.067,0.084,0.034,1.108,1.024
1.34,1.421,1.098,0.472,1.784,0.686
0.855,1.189,1.857,0.826,1.551,-0.306
1.214,1.241,0.612,0.261,1.467,0.855
1.361,1.424,0.886,0.418,1.952,1.066
1.298,1.351,0.844,0.376,1.615,0.77
0.742,1.218,2.047,0.965,1.425,-0.623
0.834,1.111,1.625,0.734,1.425,-0.2
0.939,0.941,0.127,0.06,1.024,0.897
1.207,1.526,2.237,0.935,2.185,-0.053
1.594,1.601,0.317,0.149,1.699,1.383
1.024,1.444,2.406,1.018,2.037,-0.369
1.305,1.404,1.098,0.517,2.037,0.939
1.193,1.251,0.929,0.379,1.657,0.728
1.312,1.383,0.929,0.438,1.931,1.003
0.074,0.576,1.351,0.571,0.855,-0.496
1.179,1.199,0.464,0.219,1.488,1.024
1.608,1.672,0.992,0.458,1.952,0.96
1.446,1.483,0.697,0.328,1.678,0.982
0.82,1.165,1.815,0.827,1.467,-0.348
0.672,0.672,0.042,0.02,0.686,0.644
1.087,1.118,0.633,0.26,1.425,0.792
0.566,1.136,2.343,0.985,1.573,-0.77
0.574,0.607,0.485,0.198,0.813,0.327
1.551,1.554,0.19,0.09,1.678,1.488
0.714,0.789,0.802,0.335,1.066,0.264
0.946,1.006,0.823,0.34,1.319,0.496
1.143,1.276,1.372,0.566,1.889,0.517
1.397,1.401,0.274,0.115,1.551,1.277
1.523,1.523,0.021,0.01,1.53,1.509
1.221,1.228,0.295,0.13,1.404,1.108
0.827,1.174,1.836,0.833,1.488,-0.348
0.489,0.634,0.929,0.404,0.855,-0.074
0.672,0.936,1.583,0.652,1.404,-0.179
0.841,1.139,1.688,0.768,1.446,-0.243
1.193,1.199,0.295,0.124,1.319,1.024
0.229,0.767,1.773,0.732,1.193,-0.58
0.341,0.722,1.351,0.637,0.792,-0.559
0.946,0.949,0.169,0.07,1.024,0.855
0.067,0.158,0.338,0.143,0.264,-0.074
0.749,1.316,2.427,1.081,2.269,-0.158
0.595,0.97,1.667,0.767,1.678,0.011
0.792,0.973,1.372,0.565,1.53,0.158
1.01,1.08,0.823,0.383,1.551,0.728
-0.158,0.309,0.633,0.265,0.201,-0.433
1.059,1.198,1.309,0.56,1.594,0.285
0.405,1.118,2.427,1.042,1.847,-0.58
0.067,0.87,2.047,0.868,1.256,-0.791
-0.271,1.729,4.179,1.708,1.762,-2.417
1.347,2.084,3.862,1.59,3.134,-0.728
1.453,1.493,0.781,0.342,1.931,1.15
0.609,0.925,1.625,0.697,1.573,-0.053
1.193,1.26,0.971,0.406,1.615,0.644
1.558,1.591,0.675,0.318,1.784,1.108
1.263,1.313,0.823,0.358,1.762,0.939
0.982,0.989,0.253,0.119,1.15,0.897
1.573,1.603,0.739,0.311,1.889,1.15
0.412,0.878,1.646,0.776,0.96,-0.686
0.693,0.959,1.435,0.662,1.193,-0.243
1.045,1.049,0.19,0.09,1.172,0.982
0.482,0.852,1.71,0.703,1.277,-0.433
1.488,1.489,0.127,0.06,1.53,1.404
0.398,0.978,2.153,0.893,1.361,-0.791
1.53,1.531,0.063,0.03,1.551,1.488
0.975,1.046,0.929,0.38,1.425,0.496
0.482,0.542,0.528,0.249,0.834,0.306
1.565,1.614,0.844,0.393,2.121,1.277
0.862,0.99,1.034,0.488,1.551,0.517
0.925,1.203,1.794,0.769,1.657,-0.137
0.721,1.134,1.857,0.876,1.34,-0.517
0.461,0.81,1.499,0.666,1.024,-0.475
1.277,1.313,0.739,0.305,1.615,0.876
-0.369,1.049,2.364,0.982,0.939,-1.425
-0.637,1.607,3.546,1.476,1.34,-2.205
0.461,1.072,2.364,0.968,1.594,-0.77
0.341,0.395,0.422,0.199,0.623,0.201
1.425,1.439,0.464,0.199,1.615,1.15
0.904,1.129,1.435,0.677,1.383,-0.053
0.046,0.893,2.174,0.892,1.193,-0.981
0.004,0.497,1.055,0.497,0.707,-0.348
0.897,0.912,0.38,0.166,1.129,0.749
0.524,0.525,0.042,0.02,0.538,0.496
1.024,1.033,0.317,0.137,1.214,0.897
1.495,1.499,0.232,0.109,1.573,1.34
1.164,1.191,0.549,0.249,1.361,0.813
-0.475,0.632,0.886,0.418,-0.179,-1.066
-0.876,1.623,3.314,1.367,0.918,-2.395
0.566,0.607,0.464,0.219,0.876,0.412
0.341,1.194,2.765,1.144,1.594,-1.171
0.778,0.778,0.021,0.01,0.792,0.77
-0.334,1.383,3.25,1.342,1.15,-2.1
-0.348,0.391,0.38,0.179,-0.095,-0.475
-1.115,1.416,2.09,0.873,-0.2,-2.29
1.066,1.196,1.309,0.542,1.784,0.475
1.298,1.365,0.971,0.424,1.889,0.918
0.897,1.496,2.638,1.197,1.847,-0.791
-0.44,0.748,1.351,0.605,0.412,-0.939
-0.025,0.564,1.245,0.564,0.77,-0.475
0.574,1.244,2.554,1.104,1.594,-0.96
-0.932,1.011,0.929,0.392,-0.538,-1.467
1.404,1.527,1.351,0.601,2.248,0.897
0.953,1.495,2.807,1.152,2.438,-0.369
0.426,1.139,2.301,1.056,1.235,-1.066
0.989,1.344,2.174,0.911,1.931,-0.243
0.362,0.852,1.731,0.771,1.446,-0.285
-0.053,1.38,3.377,1.379,1.615,-1.762
1.101,1.237,1.245,0.564,1.551,0.306
0.391,0.603,1.076,0.46,1.024,-0.053
0.088,1.366,2.913,1.363,2.016,-0.897
0.623,1.115,2.237,0.925,1.636,-0.601
0.623,0.895,1.541,0.643,1.298,-0.243
-0.271,0.396,0.633,0.289,0.137,-0.496
0.278,0.563,1.161,0.49,0.77,-0.39
0.215,0.658,1.52,0.622,0.939,-0.58
0.967,1.312,1.921,0.886,1.636,-0.285
0.405,1.005,2.174,0.92,1.319,-0.855
-1.235,1.245,0.359,0.164,-1.108,-1.467
1.27,1.302,0.697,0.285,1.636,0.939
-0.496,1.502,3.018,1.418,1.509,-1.509
-0.489,0.745,1.203,0.562,0.306,-0.897
0.447,0.527,0.591,0.279,0.644,0.053
0.813,0.814,0.106,0.046,0.855,0.749
0.552,1.112,2.047,0.965,1.235,-0.812
-0.299,0.843,1.731,0.788,0.813,-0.918
-1.045,1.051,0.253,0.119,-0.96,-1.213
0.679,0.805,1.055,0.433,1.235,0.18
1.038,1.123,0.908,0.428,1.34,0.433
-0.214,0.814,1.815,0.785,0.876,-0.939
-0.13,1.756,3.715,1.751,1.108,-2.606
-0.637,1.317,2.638,1.153,0.391,-2.248
-0.01,0.567,1.203,0.567,0.391,-0.812
-0.489,1.86,4.052,1.795,1.045,-3.007
1.024,1.035,0.317,0.149,1.129,0.813
-0.109,0.923,2.237,0.917,1.066,-1.171
0.391,1.285,2.596,1.224,1.256,-1.34
-0.123,1.019,2.427,1.012,1.235,-1.192
-0.454,0.528,0.612,0.271,-0.221,-0.834
0.398,0.418,0.317,0.129,0.559,0.243
0.229,0.361,0.612,0.279,0.623,0.011
-0.566,1.835,3.841,1.745,0.813,-3.029
0.574,0.925,1.541,0.726,1.087,-0.454
-0.243,0.599,1.309,0.547,0.327,-0.981
0.341,0.342,0.042,0.02,0.369,0.327
0.102,0.526,1.224,0.516,0.623,-0.601
0.742,0.862,0.929,0.438,1.361,0.433
0.074,0.88,2.005,0.877,0.855,-1.15
1.059,1.077,0.422,0.199,1.34,0.918
0.046,0.12,0.253,0.111,0.201,-0.053
0.236,0.515,0.971,0.458,0.559,-0.411
-0.025,0.933,2.047,0.932,0.707,-1.34
0.904,0.906,0.106,0.05,0.939,0.834
0.855,0.888,0.528,0.239,1.193,0.665
0.581,0.581,0.0,0.0,0.581,0.581
-0.236,0.958,2.132,0.928,0.602,-1.53
0.236,0.241,0.106,0.05,0.306,0.201
-0.608,0.816,1.203,0.544,0.158,-1.045
0.391,0.701,1.266,0.583,1.214,-0.053
0.637,0.647,0.253,0.115,0.728,0.475
-0.805,1.159,1.942,0.834,0.348,-1.593
-0.116,0.744,1.646,0.735,0.496,-1.15
-0.876,1.358,2.512,1.038,0.496,-2.016
-0.552,1.563,3.229,1.462,1.509,-1.72
-0.411,1.145,2.533,1.068,0.665,-1.868
0.552,0.559,0.19,0.085,0.623,0.433
-0.003,0.88,2.005,0.88,0.77,-1.235
-0.074,0.973,2.237,0.971,0.813,-1.425
0.095,0.875,2.068,0.87,0.982,-1.087
-0.053,0.908,2.068,0.906,0.749,-1.319
-0.067,1.023,2.406,1.021,0.939,-1.467
-0.06,0.373,0.802,0.369,0.222,-0.58
0.081,0.629,1.477,0.624,0.707,-0.77
0.461,0.686,1.245,0.508,1.087,-0.158
-0.637,0.842,1.266,0.55,-0.137,-1.403
-0.109,0.77,1.752,0.762,0.581,-1.171
0.44,0.57,0.886,0.362,0.897,0.011
0.475,0.587,0.823,0.344,0.834,0.011
-0.848,1.489,2.997,1.224,0.665,-2.332
0.257,0.354,0.528,0.244,0.602,0.074
-0.151,0.637,1.477,0.619,0.686,-0.791
0.081,0.408,0.971,0.399,0.602,-0.369
-0.06,0.565,1.33,0.562,0.707,-0.623
-0.489,1.611,3.63,1.535,1.045,-2.585
-1.059,1.536,2.469,1.113,-0.158,-2.628
0.088,0.842,1.963,0.838,0.897,-1.066
-0.658,1.517,3.335,1.368,0.918,-2.417
0.602,1.071,2.111,0.887,1.509,-0.601
-0.524,0.828,1.562,0.641,0.306,-1.256
-0.067,0.296,0.612,0.289,0.137,-0.475
0.482,0.547,0.633,0.259,0.813,0.18
-0.095,0.112,0.127,0.06,-0.053,-0.179
0.18,0.297,0.57,0.237,0.496,-0.074
-0.967,1.175,1.414,0.667,-0.496,-1.91
-0.805,1.035,1.583,0.649,0.032,-1.551
0.531,0.537,0.169,0.08,0.644,0.475
-0.264,0.4,0.675,0.3,-0.01,-0.686
0.454,0.527,0.57,0.269,0.644,0.074
0.151,0.581,1.372,0.561,0.855,-0.517
-1.305,1.611,2.005,0.945,0.032,-1.973
-0.158,0.368,0.802,0.333,0.285,-0.517
-0.095,0.177,0.317,0.149,0.011,-0.306
-0.01,0.369,0.865,0.368,0.496,-0.369
-0.243,0.362,0.57,0.269,-0.053,-0.623
-0.144,0.782,1.773,0.769,0.559,-1.213
-0.123,0.178,0.274,0.129,-0.032,-0.306
0.137,0.466,1.076,0.446,0.623,-0.454
-1.6,1.878,2.406,0.982,-0.39,-2.796
-0.278,0.322,0.401,0.164,-0.074,-0.475
0.172,0.265,0.485,0.201,0.391,-0.095
-0.025,0.278,0.633,0.277,0.222,-0.411
-0.658,0.693,0.464,0.219,-0.348,-0.812
-0.988,1.16,1.33,0.608,-0.517,-1.847
-0.404,0.419,0.232,0.109,-0.327,-0.559
-0.524,0.604,0.697,0.3,-0.243,-0.939
0.123,0.26,0.485,0.229,0.285,-0.2
-0.32,0.725,1.562,0.651,0.369,-1.192
-0.475,0.507,0.38,0.179,-0.348,-0.728
-0.13,0.598,1.33,0.583,0.686,-0.644
-0.046,0.401,0.844,0.398,0.517,-0.327
0.004,0.189,0.401,0.189,0.137,-0.264
-0.383,0.396,0.211,0.099,-0.243,-0.454
-0.003,0.251,0.57,0.251,0.348,-0.221
-0.827,0.965,1.055,0.497,-0.475,-1.53
-0.341,0.498,0.865,0.363,0.032,-0.834
-0.327,0.339,0.19,0.09,-0.2,-0.39
-0.411,0.422,0.232,0.096,-0.285,-0.517
-0.032,0.742,1.815,0.742,0.897,-0.918
-0.193,0.234,0.317,0.132,-0.053,-0.369
-0.179,0.758,1.731,0.737,0.538,-1.192
0.13,0.687,1.541,0.675,0.728,-0.812
-0.348,0.359,0.211,0.086,-0.243,-0.454
-0.243,0.27,0.253,0.119,-0.074,-0.327
-0.01,0.194,0.422,0.194,0.264,-0.158
0.151,0.227,0.359,0.169,0.391,0.032
-0.193,0.353,0.718,0.296,0.137,-0.58
0.039,0.248,0.591,0.245,0.306,-0.285
-0.615,1.283,2.448,1.125,0.243,-2.205
-0.179,0.268,0.464,0.199,0.095,-0.369
-0.433,0.89,1.71,0.778,0.18,-1.53
-0.742,0.766,0.464,0.191,-0.496,-0.96
0.102,0.303,0.697,0.285,0.433,-0.264
-0.503,0.532,0.422,0.173,-0.285,-0.707
0.172,0.186,0.169,0.07,0.264,0.095
-0.003,0.289,0.633,0.289,0.222,-0.411
0.327,0.548,1.055,0.44,0.918,-0.137
-0.144,0.2,0.338,0.139,0.011,-0.327
0.25,0.351,0.591,0.246,0.581,-0.01
-0.039,0.406,0.971,0.404,0.391,-0.58
-0.334,0.529,0.992,0.41,0.116,-0.876
-0.299,0.687,1.372,0.619,0.201,-1.171
-0.095,0.469,1.076,0.46,0.538,-0.538
-0.06,0.403,0.865,0.398,0.243,-0.623
-0.376,0.496,0.739,0.323,0.074,-0.665
-0.123,0.536,1.182,0.522,0.327,-0.855
-0.299,0.745,1.499,0.683,0.665,-0.834
-0.615,0.894,1.435,0.649,-0.095,-1.53
0.004,0.122,0.295,0.122,0.137,-0.158
-0.088,0.129,0.232,0.095,0.032,-0.2
-0.63,0.892,1.541,0.632,0.095,-1.446
0.348,0.567,0.95,0.448,0.665,-0.285
0.004,0.391,0.908,0.391,0.369,-0.538
-1.382,1.444,0.886,0.418,-0.791,-1.678
-0.151,0.22,0.38,0.16,0.011,-0.369
0.25,0.25,0.021,0.01,0.264,0.243
-0.672,0.917,1.393,0.625,-0.158,-1.551
-1.157,1.164,0.274,0.129,-1.066,-1.34
0.278,0.391,0.612,0.275,0.665,0.053
-0.334,0.374,0.359,0.169,-0.095,-0.454
-0.257,0.335,0.528,0.215,0.011,-0.517
-0.144,0.144,0.021,0.01,-0.137,-0.158
-0.433,0.574,0.908,0.378,-0.032,-0.939
0.039,0.089,0.169,0.08,0.095,-0.074
0.158,0.521,1.203,0.497,0.813,-0.39
-0.411,0.421,0.19,0.09,-0.348,-0.538
-0.496,0.709,1.076,0.507,-0.137,-1.213
-0.074,0.08,0.063,0.03,-0.053,-0.116
-0.081,0.238,0.549,0.224,0.201,-0.348
-0.179,0.275,0.443,0.209,-0.032,-0.475
-0.017,0.228,0.549,0.228,0.285,-0.264
0.201,0.206,0.106,0.046,0.243,0.137
-0.271,0.33,0.443,0.189,-0.01,-0.454
-0.081,0.101,0.148,0.061,-0.01,-0.158
-0.461,0.544,0.697,0.29,-0.074,-0.77
-0.524,0.54,0.274,0.129,-0.433,-0.707
-0.039,0.39,0.95,0.389,0.454,-0.496
0.362,0.396,0.338,0.159,0.475,0.137
-0.869,0.903,0.591,0.245,-0.601,-1.192
-0.538,0.539,0.063,0.03,-0.517,-0.58
-0.067,0.299,0.697,0.292,0.327,-0.369
-0.186,0.335,0.591,0.279,0.011,-0.58
-0.053,0.423,0.929,0.419,0.538,-0.39
-1.157,1.248,0.992,0.468,-0.496,-1.488
-0.306,0.342,0.359,0.153,-0.158,-0.517
-0.995,1.268,1.667,0.786,0.116,-1.551
-0.081,0.272,0.633,0.259,0.222,-0.411
-0.524,0.856,1.435,0.677,0.433,-1.002
-0.088,0.215,0.464,0.196,0.18,-0.285
-1.199,1.423,1.625,0.766,-0.116,-1.741
-0.165,0.39,0.76,0.353,0.095,-0.665
-1.994,2.009,0.507,0.239,-1.657,-2.163
0.102,0.54,1.182,0.53,0.538,-0.644
0.144,0.35,0.781,0.319,0.538,-0.243
-1.045,1.161,1.098,0.508,-0.327,-1.425
-0.039,0.401,0.886,0.399,0.285,-0.601
-0.186,0.519,1.182,0.484,0.433,-0.749
-0.032,0.706,1.688,0.705,0.918,-0.77
0.095,1.304,3.081,1.3,1.404,-1.678
0.763,0.848,0.823,0.37,1.066,0.243
-0.032,0.497,1.119,0.496,0.391,-0.728
-0.974,1.241,1.878,0.769,-0.074,-1.952
-0.545,0.945,1.794,0.772,0.18,-1.614
-0.918,1.635,3.293,1.352,0.834,-2.459
-0.897,1.002,1.055,0.447,-0.454,-1.509
0.602,1.006,1.71,0.806,1.172,-0.538
-0.39,1.064,2.343,0.99,0.602,-1.741
1.017,1.254,1.794,0.733,1.889,0.095
0.869,1.087,1.583,0.653,1.594,0.011
1.277,1.366,1.119,0.485,1.952,0.834
0.095,0.888,1.942,0.883,0.792,-1.15
0.116,1.244,2.659,1.239,1.024,-1.636
-0.01,0.778,1.71,0.778,1.087,-0.623
-0.503,1.449,3.187,1.359,0.813,-2.374
0.074,0.44,0.95,0.434,0.412,-0.538
-0.2,0.438,0.865,0.39,0.116,-0.749
-0.51,0.959,1.921,0.813,0.602,-1.319
-0.651,1.403,2.807,1.243,0.412,-2.395
-0.32,0.637,1.33,0.551,0.412,-0.918
0.419,0.424,0.169,0.07,0.496,0.327
0.799,0.86,0.718,0.32,1.066,0.348
-0.524,1.006,2.068,0.859,0.623,-1.446
-0.144,1.035,2.174,1.025,0.581,-1.593
1.059,1.137,0.929,0.415,1.404,0.475
-0.299,0.58,1.055,0.497,0.053,-1.002
-0.531,1.036,2.132,0.89,0.665,-1.467
-0.932,1.245,1.752,0.826,-0.348,-2.1
0.313,0.621,1.309,0.536,0.939,-0.369
-1.741,1.784,0.823,0.388,-1.192,-2.016
-0.01,0.847,2.068,0.847,1.066,-1.002
-1.453,1.567,1.245,0.587,-0.623,-1.868
0.102,0.202,0.38,0.174,0.348,-0.032
-0.475,1.202,2.343,1.104,0.306,-2.037
-0.883,1.446,2.491,1.145,-0.01,-2.501
0.116,1.259,2.659,1.254,1.003,-1.657
0.426,0.474,0.485,0.208,0.623,0.137
0.172,0.583,1.182,0.557,0.96,-0.221
0.151,0.41,0.929,0.381,0.644,-0.285
0.081,0.153,0.274,0.129,0.264,-0.01
-0.095,0.608,1.414,0.6,0.496,-0.918
0.602,0.753,1.034,0.453,1.003,-0.032
-0.51,0.863,1.562,0.696,0.074,-1.488
-1.544,1.587,0.781,0.368,-1.024,-1.804
-0.144,0.306,0.633,0.27,0.116,-0.517
-0.749,1.1,1.71,0.806,-0.179,-1.889
-0.517,0.941,1.857,0.787,0.264,-1.593
-0.088,0.302,0.612,0.289,0.116,-0.496
0.095,0.319,0.739,0.305,0.433,-0.306
0.306,0.329,0.253,0.119,0.391,0.137
-0.292,0.371,0.507,0.229,0.032,-0.475
-1.045,1.095,0.697,0.328,-0.58,-1.277
-0.791,1.158,2.068,0.845,0.222,-1.847
0.855,0.927,0.76,0.358,1.108,0.348
-0.144,0.807,1.9,0.794,0.686,-1.213
-0.102,1.387,2.934,1.383,0.876,-2.058
-0.827,1.31,2.364,1.016,0.581,-1.783
-1.34,1.681,2.153,1.015,-0.623,-2.775
0.13,0.65,1.351,0.637,0.581,-0.77
-0.236,0.745,1.499,0.706,0.264,-1.235
-0.791,0.928,1.161,0.485,-0.285,-1.446
-0.517,1.166,2.237,1.045,0.96,-1.277
0.039,0.4,0.971,0.398,0.496,-0.475
-0.77,1.513,3.187,1.302,0.855,-2.332
-0.102,0.545,1.309,0.536,0.581,-0.728
0.011,0.673,1.477,0.673,0.538,-0.939
-0.299,1.01,2.343,0.964,0.96,-1.382
0.412,0.797,1.646,0.683,1.15,-0.496
-0.236,0.569,1.182,0.518,0.222,-0.96
-0.165,1.44,3.145,1.431,0.96,-2.184
-0.404,1.049,2.364,0.968,0.728,-1.636
-0.264,1.11,2.491,1.078,1.235,-1.256
0.011,0.564,1.309,0.563,0.792,-0.517
-1.002,1.411,2.406,0.994,0.095,-2.311
-1.024,1.247,1.688,0.712,-0.306,-1.994
0.602,0.647,0.57,0.237,0.918,0.348
-1.312,1.467,1.541,0.655,-0.411,-1.952
-0.461,0.632,1.034,0.433,-0.01,-1.045
0.32,0.555,0.992,0.453,0.96,-0.032
-0.158,0.939,2.237,0.925,1.066,-1.171
-1.671,1.705,0.802,0.342,-1.34,-2.142
0.496,0.647,1.013,0.415,1.024,0.011
0.032,1.226,2.68,1.226,0.982,-1.699
-0.165,0.36,0.76,0.32,0.158,-0.601
-0.531,1.072,2.279,0.931,0.581,-1.699
0.763,0.89,0.992,0.458,1.108,0.116
0.341,1.381,2.87,1.338,1.319,-1.551
0.109,0.709,1.71,0.7,1.003,-0.707
0.053,1.211,2.617,1.21,0.96,-1.657
0.454,0.733,1.393,0.576,1.214,-0.179
0.545,0.718,0.992,0.468,0.876,-0.116
0.63,1.271,2.659,1.104,2.1,-0.559
1.214,1.237,0.507,0.239,1.383,0.876
-1.622,1.743,1.52,0.64,-0.749,-2.269
-0.257,0.409,0.675,0.318,-0.032,-0.707
-0.229,0.748,1.541,0.712,0.306,-1.235
0.419,1.627,3.335,1.572,1.53,-1.804
-0.039,0.887,2.047,0.886,1.193,-0.855
0.194,1.278,2.68,1.264,1.087,-1.593
-0.313,0.44,0.718,0.309,0.116,-0.601
0.686,0.774,0.76,0.358,0.939,0.18
-0.918,1.635,3.314,1.354,0.707,-2.606
-0.489,0.63,0.844,0.398,0.074,-0.77
-0.32,1.323,3.06,1.283,1.003,-2.058
-0.229,0.733,1.477,0.696,0.264,-1.213
-0.658,1.333,2.659,1.16,0.96,-1.699
0.095,1.228,2.934,1.224,1.383,-1.551
0.109,1.261,3.039,1.257,1.488,-1.551
-0.454,0.85,1.583,0.718,0.559,-1.024
-0.236,1.036,2.237,1.009,0.581,-1.657
0.447,0.738,1.245,0.587,1.277,0.032
-0.418,1.524,3.398,1.466,1.615,-1.783
-1.537,1.645,1.245,0.587,-0.707,-1.952
0.116,1.076,2.427,1.07,1.615,-0.812
-0.306,1.319,2.723,1.283,1.509,-1.213
-0.953,1.204,1.688,0.736,0.074,-1.614
1.798,1.819,0.591,0.279,1.995,1.404
-0.791,1.354,2.491,1.099,0.749,-1.741
-1.389,1.398,0.338,0.159,-1.277,-1.614
-1.636,1.721,1.245,0.534,-1.129,-2.374
0.384,0.718,1.287,0.607,0.813,-0.475
-0.207,1.037,2.406,1.016,0.813,-1.593
-0.116,0.213,0.38,0.179,0.137,-0.243
0.939,1.083,1.182,0.538,1.699,0.517
-0.608,0.767,0.992,0.468,0.053,-0.939
0.489,0.618,0.823,0.378,1.024,0.201
-1.206,1.376,1.435,0.662,-0.707,-2.142
0.799,0.856,0.654,0.308,1.235,0.581
-0.292,0.701,1.372,0.637,0.18,-1.192
-0.025,0.513,1.098,0.512,0.348,-0.749
0.848,0.943,0.886,0.413,1.15,0.264
-0.095,1.224,2.765,1.22,0.96,-1.804
-0.714,1.311,2.617,1.099,0.412,-2.205
0.665,0.987,1.731,0.729,1.404,-0.327
0.095,1.004,2.427,1.0,1.404,-1.024
-0.756,0.757,0.084,0.036,-0.707,-0.791
-0.411,0.722,1.372,0.593,0.137,-1.235
-0.306,0.315,0.169,0.075,-0.2,-0.369
-1.453,1.581,1.52,0.624,-0.644,-2.163
0.172,0.266,0.464,0.202,0.454,-0.01
-0.081,0.422,0.908,0.414,0.243,-0.665
-0.285,0.311,0.295,0.124,-0.158,-0.454
0.489,0.506,0.317,0.129,0.644,0.327
0.222,0.239,0.19,0.09,0.348,0.158
-0.095,0.444,0.95,0.434,0.517,-0.433
0.116,0.534,1.224,0.522,0.623,-0.601
-0.032,0.864,1.984,0.863,0.749,-1.235
0.053,0.781,1.731,0.779,0.686,-1.045
0.236,0.373,0.633,0.289,0.644,0.011
-0.032,0.486,1.119,0.485,0.644,-0.475
0.313,0.45,0.739,0.323,0.602,-0.137
1.136,1.205,0.886,0.399,1.699,0.813
0.313,0.382,0.507,0.218,0.517,0.011
-1.038,1.498,2.617,1.08,0.158,-2.459
0.158,0.725,1.731,0.707,1.003,-0.728
0.222,0.239,0.19,0.09,0.285,0.095
0.285,0.895,2.005,0.849,1.446,-0.559
-0.411,0.566,0.823,0.388,0.137,-0.686
0.496,0.559,0.591,0.257,0.728,0.137
-0.735,0.871,0.992,0.468,-0.074,-1.066
0.517,0.709,1.119,0.485,1.193,0.074
-0.046,0.738,1.562,0.736,0.475,-1.087
-0.003,0.286,0.697,0.286,0.369,-0.327
0.067,0.128,0.232,0.109,0.222,-0.01
-0.362,0.825,1.773,0.741,0.412,-1.361
-1.066,1.134,0.823,0.388,-0.517,-1.34
0.306,0.566,1.161,0.476,0.855,-0.306
-0.109,0.393,0.802,0.378,0.158,-0.644
0.447,0.758,1.499,0.612,1.193,-0.306
-1.622,1.642,0.549,0.259,-1.256,-1.804
-0.383,0.966,1.942,0.887,0.306,-1.636
0.025,0.074,0.148,0.07,0.074,-0.074
0.454,0.716,1.224,0.554,1.235,0.011
-0.306,0.724,1.393,0.657,0.158,-1.235
-0.341,0.731,1.393,0.647,0.137,-1.256
0.433,0.608,0.992,0.427,1.024,0.032
0.32,0.328,0.169,0.07,0.412,0.243
0.588,0.671,0.718,0.324,1.045,0.327
0.004,0.579,1.287,0.579,0.475,-0.812
-0.046,0.204,0.422,0.199,0.095,-0.327
-0.601,0.787,1.098,0.508,0.116,-0.981
-0.06,0.314,0.654,0.308,0.158,-0.496
-0.214,0.972,2.09,0.948,0.538,-1.551
0.44,0.543,0.675,0.318,0.665,-0.01
-0.426,1.65,3.546,1.594,0.876,-2.67
-0.503,0.508,0.148,0.07,-0.454,-0.601
-0.158,0.212,0.338,0.141,0.032,-0.306
-0.447,0.802,1.414,0.667,0.496,-0.918
0.595,0.631,0.507,0.211,0.876,0.369
-1.748,1.841,1.224,0.577,-1.34,-2.564
-0.334,0.399,0.528,0.218,-0.095,-0.623
-0.334,0.341,0.148,0.07,-0.285,-0.433
-0.665,0.958,1.541,0.69,-0.095,-1.636
-0.953,0.996,0.612,0.289,-0.749,-1.361
-0.791,1.14,1.752,0.821,-0.2,-1.952
-0.102,0.133,0.19,0.085,-0.032,-0.221
-0.489,0.666,0.971,0.453,-0.158,-1.129
0.243,0.441,0.865,0.368,0.602,-0.264
-0.25,0.453,0.886,0.378,0.116,-0.77
-1.199,1.484,2.132,0.874,-0.074,-2.205
-0.039,0.248,0.591,0.245,0.285,-0.306
-0.01,0.18,0.401,0.18,0.243,-0.158
-1.031,1.332,1.942,0.844,-0.264,-2.205
-1.579,1.864,2.385,0.991,-0.517,-2.902
-0.299,0.589,1.182,0.508,0.18,-1.002
-0.2,0.252,0.359,0.153,-0.053,-0.411
-0.285,0.301,0.232,0.096,-0.179,-0.411
-0.327,0.464,0.718,0.329,0.137,-0.58
-0.278,0.9,1.836,0.856,0.348,-1.488
-0.848,0.968,1.14,0.468,-0.243,-1.382
-0.179,0.956,2.301,0.939,0.982,-1.319
0.053,0.264,0.633,0.258,0.369,-0.264
-1.382,1.657,2.195,0.914,-0.158,-2.353
-0.327,0.815,1.604,0.746,0.222,-1.382
-0.686,0.931,1.477,0.629,-0.074,-1.551
-0.995,1.487,2.575,1.104,0.053,-2.522
-0.158,0.244,0.443,0.186,0.095,-0.348
-1.129,1.489,2.237,0.971,0.222,-2.016
-0.51,1.372,2.723,1.274,0.412,-2.311
0.06,0.683,1.583,0.681,1.003,-0.58
-0.313,0.378,0.507,0.213,-0.095,-0.601
-1.073,1.372,2.09,0.855,0.011,-2.079
-1.15,1.642,2.87,1.172,0.264,-2.606
-1.009,1.444,2.364,1.033,0.433,-1.931
0.18,0.212,0.274,0.113,0.306,0.032
0.053,0.878,2.132,0.877,1.045,-1.087
-1.467,1.497,0.633,0.298,-1.256,-1.889
-0.805,1.558,3.187,1.334,0.581,-2.606
-1.192,1.528,2.026,0.955,0.158,-1.868
-0.693,0.711,0.359,0.16,-0.559,-0.918
-1.284,1.49,1.604,0.756,-0.749,-2.353
-0.137,0.332,0.697,0.303,0.137,-0.559
-0.911,0.937,0.464,0.219,-0.601,-1.066
-0.63,0.881,1.414,0.616,-0.074,-1.488
-0.489,0.934,1.688,0.796,0.074,-1.614
0.053,0.222,0.528,0.216,0.306,-0.221
-1.671,1.792,1.372,0.647,-1.213,-2.585
0.158,0.276,0.549,0.226,0.454,-0.095
-0.876,1.231,1.836,0.866,0.348,-1.488
-0.236,0.681,1.456,0.639,0.327,-1.129
-1.221,1.33,1.119,0.527,-0.475,-1.593
-0.355,0.548,0.95,0.417,0.011,-0.939
-1.65,1.658,0.38,0.17,-1.509,-1.889
-1.242,1.261,0.507,0.218,-0.939,-1.446
-1.741,1.749,0.401,0.17,-1.572,-1.973
-0.742,0.961,1.477,0.611,-0.074,-1.551
0.496,0.504,0.19,0.09,0.623,0.433
0.018,0.164,0.38,0.163,0.243,-0.137
-0.088,0.191,0.359,0.169,0.032,-0.327
0.13,0.271,0.549,0.238,0.348,-0.2
-0.137,0.876,1.836,0.866,0.475,-1.361
-0.946,1.008,0.76,0.349,-0.454,-1.213
0.454,0.469,0.253,0.119,0.538,0.285
-0.236,0.276,0.338,0.143,-0.095,-0.433
-0.299,0.339,0.338,0.159,-0.074,-0.411
0.384,0.679,1.351,0.56,1.129,-0.221
-1.291,1.383,1.055,0.497,-0.939,-1.994
-0.426,0.75,1.33,0.617,0.032,-1.298
-0.411,0.677,1.14,0.537,-0.032,-1.171
-1.009,1.301,2.005,0.82,0.032,-1.973
-0.848,0.875,0.464,0.219,-0.538,-1.002
-0.679,1.154,2.237,0.933,0.306,-1.931
-0.538,1.019,1.857,0.866,0.686,-1.171
-1.164,1.589,2.617,1.082,0.264,-2.353
-0.763,1.251,2.322,0.991,0.602,-1.72
0.144,0.354,0.697,0.323,0.602,-0.095
-0.172,0.992,2.258,0.977,0.728,-1.53
-1.333,1.365,0.633,0.294,-0.918,-1.551
0.257,0.351,0.57,0.239,0.581,0.011
-0.995,1.175,1.393,0.625,-0.116,-1.509
0.074,0.536,1.266,0.531,0.792,-0.475
-0.039,0.355,0.865,0.353,0.391,-0.475
-1.27,1.547,2.132,0.884,-0.095,-2.227
-0.292,0.947,2.174,0.901,0.686,-1.488
-0.573,1.162,2.195,1.011,0.855,-1.34
-0.883,1.434,2.427,1.13,-0.053,-2.48
-0.63,1.0,1.9,0.777,0.348,-1.551
0.257,0.368,0.633,0.263,0.538,-0.095
-0.932,1.471,2.786,1.137,0.454,-2.332
0.116,0.12,0.063,0.03,0.137,0.074
-0.158,0.162,0.084,0.034,-0.116,-0.2
-1.045,1.621,2.68,1.239,-0.116,-2.796
0.109,0.122,0.127,0.055,0.158,0.032
-0.418,0.78,1.499,0.659,0.158,-1.34
-0.637,1.035,1.836,0.816,0.053,-1.783
-0.158,0.175,0.169,0.075,-0.095,-0.264
-0.63,0.816,1.266,0.519,-0.032,-1.298
-0.475,0.897,1.646,0.762,0.095,-1.551
-1.277,1.541,2.111,0.862,-0.2,-2.311
-1.164,1.343,1.625,0.669,-0.411,-2.037
-0.883,1.073,1.393,0.609,-0.032,-1.425
-0.862,1.14,1.794,0.746,0.137,-1.657
-0.812,1.19,1.942,0.87,-0.095,-2.037
-1.206,1.515,2.09,0.916,0.074,-2.016
-0.918,1.069,1.33,0.548,-0.306,-1.636
0.426,0.947,1.794,0.846,1.024,-0.77
0.285,0.487,0.95,0.395,0.813,-0.137
-1.016,1.31,1.752,0.826,-0.433,-2.184
0.236,0.4,0.697,0.323,0.475,-0.221
0.18,0.275,0.443,0.209,0.475,0.032
0.018,0.536,1.203,0.536,0.77,-0.433
-0.981,1.251,1.646,0.776,0.116,-1.53
-1.129,1.563,2.427,1.081,-0.221,-2.649
-0.355,0.364,0.169,0.08,-0.243,-0.411
-1.101,1.51,2.533,1.034,0.158,-2.374
-0.179,0.182,0.063,0.03,-0.137,-0.2
0.433,0.702,1.182,0.552,1.214,0.032
-0.834,0.859,0.443,0.209,-0.538,-0.981
-0.777,1.011,1.562,0.647,-0.074,-1.636
-0.397,0.934,1.794,0.846,0.201,-1.593
-0.025,0.621,1.393,0.621,0.496,-0.897
-0.58,0.899,1.456,0.687,-0.095,-1.551
-0.503,1.103,2.385,0.982,0.602,-1.783
-1.868,1.925,1.034,0.465,-1.213,-2.248
-0.503,0.754,1.203,0.562,-0.095,-1.298
-1.312,1.485,1.477,0.696,-0.327,-1.804
-0.207,0.26,0.38,0.156,-0.032,-0.411
-0.89,1.045,1.161,0.547,-0.116,-1.277
-0.165,0.768,1.836,0.75,0.77,-1.066
0.187,0.395,0.739,0.348,0.433,-0.306
-1.016,1.476,2.617,1.071,0.243,-2.374
-1.446,1.448,0.19,0.09,-1.382,-1.572
-2.121,2.275,1.984,0.824,-1.024,-3.007
-0.7,0.87,1.098,0.517,0.032,-1.066
-0.721,1.049,1.857,0.762,0.264,-1.593
0.032,0.241,0.507,0.239,0.369,-0.137
-0.798,1.684,3.335,1.483,0.454,-2.881
-0.623,0.629,0.19,0.09,-0.496,-0.686
-1.143,1.216,0.992,0.414,-0.707,-1.699
-0.545,0.861,1.414,0.667,-0.074,-1.488
-0.461,0.919,1.815,0.795,0.243,-1.572
-0.053,0.451,0.971,0.448,0.581,-0.39
-0.207,0.973,2.322,0.95,1.003,-1.319
-0.925,1.11,1.477,0.613,-0.264,-1.741
-0.988,1.082,0.971,0.439,-0.369,-1.34
-1.199,1.409,1.731,0.74,-0.179,-1.91
-1.059,1.305,1.794,0.763,-0.01,-1.804
-1.614,1.684,1.034,0.478,-0.939,-1.973
-0.63,0.829,1.287,0.54,-0.074,-1.361
-0.883,1.66,3.187,1.406,1.087,-2.1
-0.137,0.613,1.435,0.598,0.496,-0.939
-1.579,1.591,0.443,0.192,-1.403,-1.847
-0.243,0.891,2.005,0.857,0.939,-1.066
-0.313,0.724,1.477,0.652,0.602,-0.876
0.137,0.702,1.52,0.688,1.108,-0.411
-0.834,1.144,1.921,0.784,0.137,-1.783
-0.658,1.226,2.195,1.035,0.074,-2.121
-0.369,0.705,1.351,0.601,0.137,-1.213
0.13,0.669,1.477,0.656,0.686,-0.791
-0.243,0.366,0.633,0.274,0.137,-0.496
-0.44,0.757,1.309,0.617,0.433,-0.876
-0.447,1.01,2.195,0.905,0.559,-1.636
-0.981,1.105,1.076,0.507,-0.264,-1.34
-0.58,0.621,0.528,0.22,-0.348,-0.876
0.348,0.406,0.443,0.209,0.496,0.053
-0.285,0.868,2.005,0.82,0.749,-1.256
0.243,0.458,0.823,0.388,0.792,-0.032
0.032,0.659,1.541,0.658,0.939,-0.601
0.313,0.657,1.224,0.577,1.129,-0.095
-0.827,1.062,1.625,0.667,0.032,-1.593
-0.672,0.796,0.908,0.428,-0.369,-1.277
-0.651,0.739,0.781,0.35,-0.158,-0.939
-1.727,1.73,0.211,0.099,-1.657,-1.868
-1.256,1.257,0.127,0.06,-1.213,-1.34
-0.728,0.73,0.127,0.06,-0.644,-0.77
-0.264,1.254,2.913,1.226,1.404,-1.509
0.44,0.555,0.823,0.338,0.876,0.053
-0.988,1.102,1.055,0.488,-0.623,-1.678
-0.172,0.74,1.646,0.72,0.834,-0.812
-0.278,0.458,0.886,0.364,0.137,-0.749
0.039,1.185,2.512,1.184,0.876,-1.636
-0.805,1.129,1.9,0.792,0.032,-1.868
-1.861,1.916,0.971,0.458,-1.213,-2.184
0.334,0.767,1.583,0.691,1.298,-0.285
-1.101,1.545,2.301,1.084,0.433,-1.868
0.116,1.02,2.469,1.014,1.277,-1.192
0.742,1.811,3.504,1.652,1.91,-1.593
-0.074,0.89,2.153,0.887,0.918,-1.235
0.067,0.068,0.021,0.01,0.074,0.053
-0.531,0.901,1.604,0.728,0.496,-1.108
-1.305,1.306,0.084,0.04,-1.277,-1.361
-0.348,1.011,2.258,0.949,0.623,-1.636
-0.003,0.199,0.422,0.199,0.137,-0.285
-0.918,1.29,2.068,0.906,-0.116,-2.184
-0.925,1.301,1.942,0.915,0.369,-1.572
-1.572,1.808,2.132,0.892,-0.369,-2.501
-1.629,1.718,1.161,0.547,-0.855,-2.016
-0.932,1.129,1.372,0.637,-0.032,-1.403
-0.299,0.428,0.739,0.307,0.032,-0.707
0.06,0.697,1.625,0.694,0.728,-0.897
-0.644,1.02,1.71,0.791,-0.053,-1.762
-0.32,0.434,0.718,0.293,0.032,-0.686
-0.362,0.847,1.773,0.765,0.348,-1.425
-0.735,0.883,1.119,0.489,-0.053,-1.171
-0.848,1.627,3.377,1.389,0.96,-2.417
-0.003,0.914,2.237,0.914,1.129,-1.108
-0.615,1.01,1.963,0.801,0.369,-1.593
-0.742,1.179,2.09,0.916,0.538,-1.551
-1.002,1.684,3.187,1.354,0.327,-2.86
-0.679,1.016,1.604,0.756,0.391,-1.213
-0.172,1.097,2.554,1.083,0.897,-1.657
-0.545,1.342,2.892,1.227,0.665,-2.227
-0.046,1.053,2.427,1.052,0.918,-1.509
-0.383,0.907,1.857,0.822,0.77,-1.087
-0.278,0.572,1.182,0.5,0.222,-0.96
-0.644,1.212,2.343,1.027,0.792,-1.551
-0.601,1.044,2.09,0.853,0.433,-1.657
-0.869,1.514,2.807,1.24,0.201,-2.606
-0.172,0.828,1.921,0.81,0.644,-1.277
-0.545,0.956,1.752,0.785,0.559,-1.192
-0.939,1.429,2.364,1.077,0.581,-1.783
0.96,1.153,1.562,0.638,1.72,0.158
-0.918,1.201,1.878,0.774,0.095,-1.783
-0.404,0.675,1.309,0.54,0.306,-1.002
-0.313,0.669,1.33,0.591,0.517,-0.812
-1.755,1.783,0.76,0.314,-1.34,-2.1
-0.362,0.729,1.477,0.632,0.243,-1.235
-1.896,1.976,1.182,0.557,-1.108,-2.29
-1.031,1.552,2.596,1.16,0.602,-1.994
-0.693,0.968,1.435,0.677,0.264,-1.171
-1.059,1.188,1.287,0.538,-0.496,-1.783
-1.396,1.469,0.971,0.458,-0.749,-1.72
-0.798,1.248,2.174,0.959,0.032,-2.142
0.531,0.591,0.549,0.259,0.897,0.348
-1.024,1.065,0.697,0.294,-0.623,-1.319
-0.587,1.706,3.398,1.602,1.678,-1.72
-1.467,1.531,1.013,0.44,-0.855,-1.868
0.545,0.916,1.562,0.736,1.066,-0.496
0.433,0.762,1.372,0.628,1.319,-0.053
-0.2,0.335,0.57,0.269,-0.01,-0.58
-0.25,0.96,2.237,0.927,0.982,-1.256
0.32,0.388,0.464,0.219,0.475,0.011
-0.967,1.908,4.01,1.645,1.15,-2.86
-0.503,1.01,1.857,0.876,0.116,-1.741
-1.016,1.25,1.604,0.728,0.011,-1.593
-1.122,1.321,1.477,0.696,-0.137,-1.614
-0.144,0.875,2.047,0.863,0.728,-1.319
-1.586,1.669,1.224,0.519,-0.876,-2.1
-0.644,1.139,2.301,0.939,0.496,-1.804
-1.031,1.153,1.098,0.517,-0.665,-1.762
-0.812,1.278,2.406,0.986,0.454,-1.952
-1.439,1.447,0.338,0.159,-1.213,-1.551
-1.185,1.359,1.625,0.664,-0.39,-2.016
0.552,0.633,0.654,0.308,0.77,0.116
0.468,0.512,0.507,0.208,0.707,0.201
0.243,0.385,0.633,0.298,0.665,0.032
0.355,1.367,3.018,1.32,1.53,-1.488
-0.812,0.856,0.57,0.269,-0.623,-1.192
-0.623,0.785,1.013,0.478,0.053,-0.96
-1.811,2.116,2.322,1.094,-0.264,-2.585
-0.587,1.453,3.06,1.329,0.623,-2.438
-0.369,0.859,1.646,0.776,0.18,-1.467
-0.573,0.894,1.625,0.686,0.116,-1.509
0.067,0.316,0.654,0.308,0.285,-0.369
0.32,0.352,0.359,0.147,0.496,0.137
-0.376,0.533,0.802,0.378,0.158,-0.644
0.398,0.431,0.401,0.166,0.581,0.18
0.194,0.224,0.274,0.112,0.327,0.053
-0.489,0.934,1.878,0.796,0.602,-1.277
0.236,0.313,0.464,0.206,0.412,-0.053
-0.109,0.647,1.562,0.638,0.665,-0.897
-1.284,1.52,1.984,0.814,-0.348,-2.332
0.306,0.531,0.95,0.434,0.918,-0.032
-0.812,0.922,0.971,0.435,-0.454,-1.425
-0.081,0.624,1.435,0.619,0.496,-0.939
-0.433,1.145,2.491,1.06,1.024,-1.467
-0.067,0.63,1.414,0.627,0.813,-0.601
0.264,0.482,0.865,0.403,0.559,-0.306
-0.264,1.021,2.279,0.987,1.108,-1.171
-0.559,1.021,1.9,0.854,0.137,-1.762
-0.397,0.725,1.372,0.607,0.454,-0.918
0.13,0.808,1.752,0.798,1.256,-0.496
0.707,0.768,0.654,0.299,1.129,0.475
-0.411,0.586,0.886,0.418,0.18,-0.707
-0.341,0.459,0.739,0.307,-0.01,-0.749
-0.102,0.852,1.794,0.846,0.496,-1.298
0.165,0.917,2.09,0.902,1.003,-1.087
0.538,0.856,1.604,0.666,1.425,-0.179
0.897,1.07,1.287,0.584,1.72,0.433
-1.15,1.796,3.356,1.38,0.412,-2.944
-0.531,0.663,0.971,0.397,-0.032,-1.002
0.355,0.802,1.71,0.719,1.087,-0.623
-0.327,0.672,1.435,0.587,0.369,-1.066
-0.221,0.977,2.237,0.952,0.707,-1.53
0.447,0.579,0.844,0.368,0.96,0.116
0.208,1.358,3.103,1.342,1.446,-1.657
-0.679,0.703,0.443,0.183,-0.475,-0.918
0.074,0.572,1.224,0.567,0.496,-0.728
-1.439,1.451,0.401,0.189,-1.171,-1.572
0.728,0.792,0.76,0.312,1.129,0.369
0.292,0.526,0.929,0.438,0.602,-0.327
-0.123,0.547,1.161,0.533,0.285,-0.876
-0.39,1.032,2.026,0.955,0.285,-1.741
-0.89,1.114,1.499,0.67,0.053,-1.446
-0.243,0.285,0.317,0.149,-0.032,-0.348
-0.686,0.748,0.718,0.299,-0.369,-1.087
-0.77,1.072,1.583,0.746,0.285,-1.298
0.292,0.364,0.528,0.217,0.538,0.011
0.918,1.202,1.646,0.776,1.467,-0.179
0.355,0.384,0.317,0.145,0.559,0.243
-0.032,0.032,0.0,0.0,-0.032,-0.032
0.039,0.056,0.084,0.04,0.095,0.011
0.447,0.449,0.084,0.04,0.475,0.391
0.116,0.203,0.38,0.166,0.348,-0.032
-1.087,1.315,1.815,0.741,-0.179,-1.994
-0.236,0.773,1.583,0.736,0.306,-1.277
0.053,0.063,0.084,0.034,0.095,0.011
0.116,0.814,1.731,0.806,0.707,-1.024
-0.827,0.866,0.549,0.259,-0.644,-1.192
-1.101,1.228,1.287,0.545,-0.559,-1.847
-0.51,1.013,1.857,0.876,0.728,-1.129
0.377,0.99,2.111,0.915,1.214,-0.897
-0.89,1.019,1.055,0.497,-0.538,-1.593
-1.171,1.271,1.098,0.494,-0.77,-1.868
0.475,0.476,0.063,0.03,0.496,0.433
-0.362,0.717,1.477,0.619,0.475,-1.002
0.369,0.424,0.443,0.209,0.665,0.222
-0.728,0.777,0.612,0.271,-0.496,-1.108
0.13,0.23,0.401,0.189,0.264,-0.137
-0.672,0.701,0.485,0.201,-0.454,-0.939
-0.081,0.504,1.055,0.497,0.623,-0.433
0.257,0.348,0.57,0.235,0.517,-0.053
0.208,0.214,0.106,0.05,0.243,0.137
0.609,0.694,0.718,0.333,0.855,0.137
-0.017,0.305,0.675,0.305,0.412,-0.264
-0.341,0.95,2.026,0.886,0.897,-1.129
-0.01,0.66,1.477,0.66,0.538,-0.939
0.095,0.369,0.865,0.356,0.559,-0.306
-0.397,0.666,1.182,0.534,0.032,-1.15
0.264,0.567,1.203,0.502,0.939,-0.264
-0.172,0.36,0.739,0.316,0.264,-0.475
-0.271,0.744,1.646,0.693,0.433,-1.213
-0.137,0.951,2.026,0.941,0.559,-1.467
0.341,0.512,0.865,0.382,0.876,0.011
0.095,0.24,0.528,0.22,0.327,-0.2
-0.13,0.407,0.865,0.385,0.412,-0.454
-0.01,0.224,0.549,0.224,0.264,-0.285
-0.2,0.491,0.971,0.448,0.433,-0.538
0.433,0.703,1.224,0.554,1.214,-0.01
-0.13,0.49,1.14,0.472,0.496,-0.644
0.137,0.274,0.57,0.237,0.391,-0.179
0.053,0.366,0.823,0.362,0.559,-0.264
-0.221,0.363,0.697,0.288,0.158,-0.538
-0.116,0.402,0.908,0.385,0.412,-0.496
-0.158,0.177,0.19,0.079,-0.074,-0.264
-0.229,0.32,0.549,0.224,0.053,-0.496
0.039,0.187,0.443,0.183,0.243,-0.2
0.039,0.29,0.675,0.287,0.433,-0.243
0.046,0.28,0.675,0.276,0.369,-0.306
0.13,0.243,0.464,0.206,0.306,-0.158
-0.812,1.215,2.047,0.904,0.454,-1.593
0.299,0.501,0.971,0.402,0.834,-0.137
0.341,0.461,0.697,0.31,0.602,-0.095
0.658,0.745,0.823,0.349,1.003,0.18
0.749,1.113,1.815,0.823,1.91,0.095
-0.862,1.214,1.815,0.856,0.348,-1.467
0.545,1.055,2.195,0.903,1.72,-0.475
0.862,1.043,1.245,0.587,1.277,0.032
-0.299,0.85,1.71,0.796,0.285,-1.425
-0.088,0.101,0.106,0.05,-0.053,-0.158
0.151,0.222,0.38,0.163,0.306,-0.074
-0.214,0.25,0.274,0.129,-0.032,-0.306
0.201,0.763,1.794,0.736,1.15,-0.644
0.095,0.153,0.253,0.119,0.18,-0.074
0.102,0.428,0.929,0.415,0.686,-0.243
0.489,0.563,0.591,0.279,0.686,0.095
0.313,0.346,0.359,0.147,0.496,0.137
-0.123,0.766,1.604,0.756,0.412,-1.192
0.215,0.26,0.338,0.147,0.348,0.011
0.447,0.447,0.042,0.02,0.475,0.433
-0.025,0.38,0.844,0.38,0.285,-0.559
0.123,0.369,0.739,0.348,0.369,-0.369
0.137,0.747,1.625,0.734,0.728,-0.897
0.735,0.764,0.507,0.208,1.003,0.496
0.651,0.749,0.823,0.37,1.172,0.348
0.165,0.686,1.499,0.666,0.728,-0.77
0.158,0.603,1.414,0.582,0.813,-0.601
0.489,0.677,0.992,0.468,1.15,0.158
0.398,0.427,0.338,0.154,0.517,0.18
0.651,0.653,0.106,0.05,0.686,0.581
1.488,1.904,2.807,1.188,3.113,0.306
0.876,0.877,0.063,0.03,0.918,0.855
0.869,0.96,0.971,0.409,1.425,0.454
0.355,0.382,0.295,0.139,0.454,0.158
0.482,0.651,0.929,0.438,0.792,-0.137
1.157,1.162,0.211,0.099,1.298,1.087
0.918,0.959,0.654,0.277,1.298,0.644
0.623,0.64,0.317,0.149,0.728,0.412
0.51,0.79,1.477,0.603,1.256,-0.221
0.63,0.969,1.562,0.736,1.15,-0.411
0.201,0.711,1.646,0.683,1.108,-0.538
-0.172,0.922,1.921,0.905,1.108,-0.812
-0.102,0.944,2.195,0.938,1.193,-1.002
0.264,0.421,0.697,0.328,0.728,0.032
0.187,0.659,1.541,0.632,1.003,-0.538
0.292,0.348,0.401,0.189,0.559,0.158
0.18,0.287,0.549,0.224,0.454,-0.095
0.215,0.583,1.161,0.542,0.982,-0.179
-0.032,0.398,0.971,0.396,0.454,-0.517
0.932,0.988,0.802,0.328,1.34,0.538
0.735,0.994,1.625,0.669,1.488,-0.137
0.412,0.554,0.908,0.371,0.855,-0.053
-0.039,0.64,1.562,0.639,0.77,-0.791
0.707,0.971,1.625,0.665,1.551,-0.074
0.595,1.231,2.512,1.078,1.615,-0.897
0.137,0.929,2.153,0.919,1.404,-0.749
0.848,0.867,0.443,0.183,1.087,0.644
0.89,1.054,1.266,0.565,1.361,0.095
0.102,0.411,0.865,0.398,0.665,-0.2
0.524,0.88,1.646,0.707,1.193,-0.454
0.482,1.157,2.575,1.051,1.762,-0.812
0.665,0.822,1.182,0.483,1.235,0.053
0.482,0.582,0.76,0.326,0.792,0.032
0.151,0.279,0.507,0.234,0.327,-0.179
0.222,0.435,0.823,0.374,0.749,-0.074
1.193,1.268,1.013,0.43,1.615,0.602
0.236,0.927,2.111,0.897,1.467,-0.644
0.82,0.929,1.055,0.438,1.404,0.348
-0.327,0.666,1.351,0.58,0.475,-0.876
-0.63,1.049,1.984,0.839,0.517,-1.467
1.298,1.306,0.359,0.147,1.488,1.129
-0.334,0.473,0.802,0.335,0.116,-0.686
0.13,1.046,2.448,1.038,1.551,-0.897
-0.123,0.248,0.528,0.215,0.137,-0.39
0.904,1.147,1.499,0.706,1.404,-0.095
0.468,1.037,2.111,0.926,1.762,-0.348
1.333,1.333,0.042,0.02,1.361,1.319
0.341,0.829,1.688,0.755,1.404,-0.285
1.207,1.338,1.224,0.577,1.615,0.391
0.946,0.996,0.718,0.309,1.235,0.517
-0.51,0.555,0.464,0.219,-0.2,-0.665
1.53,1.565,0.802,0.329,1.952,1.15
0.855,1.115,1.52,0.716,1.361,-0.158
0.433,1.162,2.491,1.078,1.425,-1.066
1.657,1.658,0.127,0.06,1.741,1.615
0.32,1.166,2.617,1.121,1.868,-0.749
0.602,0.637,0.443,0.209,0.749,0.306
0.904,1.277,2.195,0.902,1.931,-0.264
1.186,1.439,1.731,0.816,1.762,0.032
0.426,0.576,0.929,0.387,0.834,-0.095
0.785,0.957,1.161,0.547,1.172,0.011
0.454,0.954,1.857,0.839,1.636,-0.221
0.123,0.943,1.984,0.935,1.446,-0.538
0.834,1.095,1.731,0.709,1.657,-0.074
1.15,1.165,0.443,0.182,1.383,0.939
0.369,0.499,0.781,0.335,0.834,0.053
-0.32,0.643,1.182,0.557,0.074,-1.108
0.137,0.662,1.583,0.648,0.96,-0.623
1.27,1.3,0.591,0.279,1.467,0.876
0.602,0.821,1.351,0.559,1.34,-0.01
1.706,1.706,0.021,0.01,1.72,1.699
0.503,0.847,1.456,0.682,1.467,0.011
0.749,1.168,1.9,0.895,2.016,0.116
0.806,1.234,1.984,0.935,1.467,-0.517
-0.207,0.208,0.021,0.01,-0.2,-0.221
0.447,0.717,1.372,0.56,1.129,-0.243
1.439,1.439,0.021,0.01,1.446,1.425
0.447,0.961,2.026,0.851,1.319,-0.707
0.834,0.834,0.063,0.03,0.855,0.792
0.165,1.091,2.554,1.078,1.636,-0.918
0.222,0.865,1.773,0.836,1.404,-0.369
0.89,1.084,1.499,0.619,1.573,0.074
-0.13,0.139,0.106,0.05,-0.095,-0.2
0.243,0.887,1.984,0.853,1.045,-0.939
0.609,1.105,2.026,0.922,1.91,-0.116
0.89,1.27,1.963,0.906,1.573,-0.39
-0.214,0.742,1.646,0.71,0.77,-0.876
1.045,1.164,1.224,0.514,1.573,0.348
0.595,0.85,1.456,0.607,1.235,-0.221
0.032,1.138,2.512,1.138,1.636,-0.876
0.841,1.001,1.182,0.543,1.256,0.074
-0.025,1.044,2.533,1.043,1.34,-1.192
-0.707,1.736,3.884,1.585,1.235,-2.649
0.348,0.759,1.499,0.674,0.897,-0.601
0.714,0.967,1.583,0.652,1.446,-0.137
0.932,1.205,1.731,0.763,1.594,-0.137
1.101,1.18,1.034,0.424,1.594,0.559
0.876,1.111,1.583,0.684,1.509,-0.074
0.306,0.644,1.33,0.567,1.087,-0.243
0.778,1.005,1.435,0.637,1.319,-0.116
-0.433,0.969,1.9,0.867,0.243,-1.657
-0.278,0.691,1.372,0.632,0.201,-1.171
0.215,1.627,3.694,1.613,1.657,-2.037
0.306,0.341,0.317,0.149,0.412,0.095
0.609,0.855,1.456,0.601,1.277,-0.179
0.574,0.887,1.435,0.677,1.53,0.095
0.735,1.208,2.258,0.959,1.678,-0.58
-0.827,0.844,0.359,0.169,-0.707,-1.066
1.2,1.217,0.485,0.206,1.404,0.918
1.038,1.057,0.422,0.199,1.319,0.897
1.361,1.421,0.971,0.406,1.784,0.813
0.693,1.148,1.942,0.915,1.34,-0.601
-0.2,0.245,0.338,0.141,-0.01,-0.348
1.495,1.521,0.591,0.279,1.889,1.298
-0.278,0.83,1.794,0.782,0.813,-0.981
1.347,1.354,0.274,0.129,1.53,1.256
1.369,1.376,0.295,0.139,1.467,1.172
1.432,1.432,0.084,0.04,1.488,1.404
0.616,0.89,1.456,0.643,1.172,-0.285
-0.482,0.484,0.106,0.05,-0.411,-0.517
-0.144,0.926,2.111,0.915,1.129,-0.981
-0.172,0.241,0.359,0.169,-0.053,-0.411
0.623,0.997,1.815,0.779,1.699,-0.116
-0.362,0.473,0.675,0.305,-0.116,-0.791
0.588,0.841,1.287,0.602,1.024,-0.264
0.454,0.798,1.393,0.657,1.383,-0.01
0.644,1.06,2.047,0.842,1.741,-0.306
0.609,0.609,0.042,0.02,0.623,0.581
0.496,0.9,1.836,0.751,1.446,-0.39
0.911,1.063,1.161,0.547,1.298,0.137
0.721,0.753,0.528,0.215,0.982,0.454
0.559,0.664,0.76,0.358,1.066,0.306
-0.468,0.509,0.485,0.201,-0.2,-0.686
-0.426,0.431,0.148,0.07,-0.327,-0.475
-0.44,0.513,0.612,0.264,-0.074,-0.686
0.524,0.585,0.549,0.259,0.707,0.158
1.066,1.096,0.57,0.255,1.425,0.855
0.369,0.38,0.19,0.09,0.496,0.306
1.003,1.003,0.084,0.034,1.045,0.96
0.714,0.977,1.414,0.667,1.657,0.243
0.278,0.816,1.667,0.767,1.361,-0.306
-1.811,2.017,1.921,0.886,-0.559,-2.48
0.018,0.893,2.09,0.893,0.876,-1.213
-0.644,0.708,0.697,0.294,-0.243,-0.939
-0.454,0.495,0.485,0.199,-0.2,-0.686
-0.13,1.25,3.039,1.243,1.446,-1.593
-0.784,1.896,3.905,1.726,1.636,-2.269
0.187,0.452,0.929,0.411,0.538,-0.39
-0.418,0.957,2.068,0.861,0.496,-1.572
0.911,0.956,0.612,0.289,1.319,0.707
-0.032,1.342,3.166,1.341,1.805,-1.361
0.341,0.952,2.047,0.889,1.15,-0.897
0.644,1.033,1.773,0.808,1.277,-0.496
0.545,0.828,1.52,0.622,1.34,-0.179
-0.995,1.269,1.773,0.787,-0.327,-2.1
-0.714,1.322,2.723,1.113,0.686,-2.037
-1.474,1.838,2.575,1.098,-0.411,-2.986
0.215,0.508,1.119,0.46,0.813,-0.306
0.187,0.593,1.372,0.563,0.834,-0.538
-0.116,0.962,2.322,0.955,1.129,-1.192
1.242,1.355,1.266,0.541,1.762,0.496
0.672,0.876,1.33,0.562,1.235,-0.095
0.785,0.831,0.654,0.275,1.066,0.412
0.257,0.842,1.752,0.802,0.876,-0.876
0.749,1.057,1.773,0.746,1.509,-0.264
0.686,0.699,0.295,0.135,0.792,0.496
0.883,0.973,0.865,0.408,1.172,0.306
1.129,1.149,0.485,0.212,1.425,0.939
0.552,1.01,2.068,0.846,1.551,-0.517
0.18,0.638,1.435,0.613,0.77,-0.665
-0.285,0.818,1.878,0.767,0.665,-1.213
-0.44,1.695,3.525,1.637,0.77,-2.754
-0.974,0.979,0.211,0.099,-0.834,-1.045
-0.587,1.342,2.955,1.206,0.876,-2.079
0.686,1.014,1.583,0.746,1.214,-0.369
-0.236,1.354,2.87,1.334,0.749,-2.121
0.306,0.371,0.443,0.209,0.602,0.158
0.025,1.028,2.427,1.028,1.045,-1.382
0.77,0.906,1.013,0.478,1.446,0.433
0.165,1.181,2.807,1.17,1.404,-1.403
1.003,1.075,0.823,0.388,1.277,0.454
-0.278,0.976,2.026,0.936,1.045,-0.981
-0.834,0.907,0.76,0.358,-0.58,-1.34
-0.102,1.194,2.575,1.19,0.792,-1.783
-1.84,1.906,1.055,0.497,-1.488,-2.543
0.257,0.346,0.528,0.231,0.581,0.053
-0.221,0.665,1.33,0.627,0.665,-0.665
-0.932,0.933,0.106,0.043,-0.876,-0.981
-0.805,1.249,2.322,0.954,0.433,-1.889
0.313,0.447,0.697,0.319,0.559,-0.137
0.18,0.49,1.055,0.456,0.602,-0.454
-0.454,1.092,2.322,0.994,0.918,-1.403
-1.537,2.444,4.031,1.9,1.15,-2.881
-1.263,1.867,3.229,1.376,0.074,-3.155
0.088,0.672,1.414,0.667,0.559,-0.855
0.588,1.191,2.533,1.036,1.805,-0.728
0.897,0.897,0.0,0.0,0.897,0.897
0.257,0.395,0.697,0.3,0.538,-0.158
0.672,0.686,0.295,0.139,0.77,0.475
0.384,0.646,1.266,0.519,0.982,-0.285
0.785,0.913,0.992,0.468,1.446,0.454
-0.109,0.644,1.414,0.635,0.412,-1.002
-0.313,1.129,2.301,1.084,0.454,-1.847
0.102,0.859,1.963,0.853,0.876,-1.087
-0.207,1.173,2.448,1.154,1.425,-1.024
0.144,0.207,0.359,0.149,0.306,-0.053
0.313,0.316,0.084,0.04,0.369,0.285
-0.081,0.524,1.098,0.517,0.285,-0.812
0.623,0.648,0.38,0.179,0.876,0.496
-0.812,1.09,1.667,0.726,0.201,-1.467
-0.679,0.819,1.013,0.459,-0.032,-1.045
0.384,0.402,0.295,0.121,0.538,0.243
-0.552,1.126,2.153,0.982,0.834,-1.319
0.109,0.379,0.886,0.362,0.538,-0.348
-0.313,0.604,1.266,0.517,0.327,-0.939
-0.777,1.114,1.857,0.798,0.327,-1.53
-0.334,0.98,2.005,0.921,0.369,-1.636
-0.637,1.484,2.997,1.34,0.475,-2.522
0.046,0.216,0.507,0.211,0.327,-0.179
-0.334,0.688,1.456,0.602,0.327,-1.129
-0.137,0.627,1.309,0.612,0.306,-1.002
-0.573,1.044,2.026,0.873,0.243,-1.783
-1.706,2.241,3.461,1.453,0.264,-3.197
-0.63,1.078,2.132,0.875,0.369,-1.762
-0.454,0.914,1.752,0.793,0.18,-1.572
0.271,0.308,0.359,0.147,0.454,0.095
-0.214,0.723,1.604,0.69,0.433,-1.171
-1.657,1.805,1.667,0.717,-0.981,-2.649
-0.06,0.596,1.287,0.593,0.391,-0.897
0.334,0.37,0.338,0.159,0.559,0.222
-0.411,0.68,1.224,0.542,0.348,-0.876
0.151,0.243,0.464,0.19,0.391,-0.074
-0.151,0.752,1.583,0.736,0.391,-1.192
-0.573,1.289,2.469,1.154,0.264,-2.205
-0.531,1.703,3.841,1.618,1.108,-2.733
0.341,0.369,0.338,0.139,0.496,0.158
0.011,0.677,1.625,0.677,0.728,-0.897
-1.073,1.803,3.546,1.449,0.749,-2.796
-0.25,0.595,1.287,0.54,0.306,-0.981
-0.053,0.418,1.013,0.415,0.433,-0.58
-0.264,0.698,1.456,0.646,0.644,-0.812
-0.341,0.422,0.528,0.249,0.011,-0.517
-0.39,1.115,2.237,1.045,0.369,-1.868
-0.25,0.428,0.739,0.348,0.243,-0.496
-0.545,0.795,1.414,0.578,0.137,-1.277
0.461,0.466,0.148,0.07,0.559,0.412
-0.939,1.156,1.499,0.674,0.011,-1.488
-1.185,1.548,2.111,0.995,0.222,-1.889
-0.665,1.201,2.301,1.0,0.728,-1.572
0.412,0.492,0.57,0.269,0.792,0.222
-0.243,0.705,1.499,0.662,0.327,-1.171
-0.025,0.132,0.274,0.129,0.158,-0.116
-0.144,0.204,0.317,0.145,-0.032,-0.348
0.588,0.598,0.232,0.109,0.665,0.433
-1.833,2.265,3.25,1.331,-0.137,-3.387
-0.236,0.679,1.351,0.637,0.665,-0.686
-0.285,0.548,1.119,0.468,0.348,-0.77
-1.016,1.415,2.237,0.985,-0.158,-2.395
-1.741,1.775,0.781,0.346,-1.446,-2.227
-1.565,1.975,2.575,1.204,0.137,-2.438
-0.067,0.755,1.625,0.752,0.496,-1.129
0.278,0.438,0.718,0.338,0.517,-0.2
0.306,0.33,0.295,0.124,0.475,0.18
-0.658,1.487,2.828,1.333,0.285,-2.543
-0.207,0.313,0.57,0.234,0.095,-0.475
0.172,0.489,0.971,0.458,0.496,-0.475
-0.278,0.775,1.604,0.724,0.306,-1.298
0.215,0.229,0.169,0.08,0.327,0.158
-0.503,0.735,1.203,0.536,-0.053,-1.256
0.264,0.356,0.507,0.239,0.433,-0.074
-1.382,1.761,2.385,1.091,-0.538,-2.923
-0.411,0.416,0.127,0.06,-0.327,-0.454
-0.644,0.824,1.224,0.514,-0.116,-1.34
-0.264,0.445,0.76,0.358,0.243,-0.517
0.13,0.268,0.549,0.235,0.454,-0.095
-0.869,1.445,2.448,1.154,-0.053,-2.501
-0.672,0.95,1.646,0.672,0.158,-1.488
-0.327,0.373,0.38,0.179,-0.074,-0.454
-0.032,0.167,0.359,0.164,0.201,-0.158
-0.869,0.945,0.844,0.372,-0.348,-1.192
-0.974,1.769,3.461,1.476,0.454,-3.007
-0.383,0.591,1.034,0.449,0.243,-0.791
-1.024,1.294,1.878,0.791,-0.221,-2.1
-1.206,1.267,0.908,0.388,-0.834,-1.741
-0.468,0.858,1.667,0.72,0.201,-1.467
-0.39,0.696,1.372,0.576,0.201,-1.171
-0.278,0.45,0.844,0.354,0.201,-0.644
-0.158,0.436,0.971,0.406,0.391,-0.58
-0.489,0.683,1.161,0.477,0.053,-1.108
-0.58,0.7,0.886,0.391,-0.243,-1.129
-0.475,0.58,0.76,0.332,-0.179,-0.939
-0.489,0.565,0.654,0.283,-0.095,-0.749
0.018,0.607,1.309,0.607,0.876,-0.433
-0.229,0.388,0.739,0.313,0.201,-0.538
-0.461,0.571,0.823,0.338,-0.074,-0.897
-0.63,0.788,1.161,0.474,-0.053,-1.213
-1.016,1.215,1.625,0.666,-0.243,-1.868
-0.109,0.235,0.485,0.208,0.18,-0.306
-0.186,0.48,0.95,0.443,0.137,-0.812
-0.306,0.308,0.084,0.034,-0.264,-0.348
0.067,0.185,0.422,0.173,0.285,-0.137
-0.58,1.101,2.132,0.936,0.243,-1.889
0.116,0.369,0.844,0.35,0.581,-0.264
-0.932,1.394,2.364,1.036,0.517,-1.847
-0.644,0.831,1.182,0.526,0.095,-1.087
-0.995,1.206,1.646,0.681,-0.095,-1.741
-0.552,0.809,1.33,0.591,-0.053,-1.382
-0.2,0.409,0.865,0.356,0.201,-0.665
-0.369,0.488,0.781,0.319,0.011,-0.77
-0.834,1.273,2.343,0.962,0.264,-2.079
-0.074,0.459,1.034,0.453,0.559,-0.475
-0.51,0.924,1.646,0.771,0.581,-1.066
0.004,0.905,1.921,0.905,0.644,-1.277
-0.116,1.184,2.87,1.178,1.404,-1.467
-0.552,0.737,1.034,0.488,0.137,-0.897
-0.257,0.807,1.815,0.765,0.517,-1.298
-0.257,0.275,0.211,0.099,-0.116,-0.327
0.665,0.717,0.591,0.269,0.876,0.285
-0.088,0.408,0.844,0.398,0.475,-0.369
0.039,0.682,1.667,0.681,0.855,-0.812
-0.714,1.477,2.744,1.293,0.201,-2.543
-0.587,0.891,1.604,0.67,0.116,-1.488
-0.496,0.921,1.646,0.776,0.602,-1.045
-1.192,1.526,2.322,0.952,-0.095,-2.417
-0.601,0.716,0.823,0.388,-0.327,-1.15
-0.214,0.577,1.266,0.535,0.517,-0.749
-0.433,0.434,0.063,0.03,-0.39,-0.454
0.053,0.745,1.71,0.743,0.728,-0.981
-1.558,1.648,1.287,0.538,-0.834,-2.121
-0.06,0.265,0.633,0.259,0.264,-0.369
-0.679,1.157,2.047,0.937,0.644,-1.403
0.201,0.271,0.443,0.182,0.433,-0.01
-0.032,0.095,0.19,0.09,0.032,-0.158
-0.672,1.258,2.406,1.064,0.243,-2.163
-1.558,1.792,1.878,0.886,-0.306,-2.184
0.552,0.572,0.338,0.147,0.686,0.348
-1.439,1.447,0.338,0.159,-1.213,-1.551
0.074,0.637,1.435,0.633,0.623,-0.812
0.194,0.525,1.034,0.488,0.538,-0.496
0.172,0.386,0.802,0.345,0.496,-0.306
-0.911,0.918,0.232,0.109,-0.834,-1.066
0.377,0.462,0.633,0.268,0.644,0.011
0.144,0.262,0.464,0.219,0.454,-0.01
-0.426,0.754,1.414,0.623,0.116,-1.298
-0.855,1.026,1.203,0.567,-0.053,-1.256
-0.714,0.849,1.055,0.459,-0.074,-1.129
-0.404,0.713,1.245,0.587,0.011,-1.235
-0.58,1.083,2.216,0.915,0.433,-1.783
-0.411,0.841,1.794,0.734,0.454,-1.34
-0.193,0.667,1.499,0.639,0.686,-0.812
-1.024,1.201,1.477,0.629,-0.411,-1.889
-0.236,0.932,2.09,0.902,0.602,-1.488
-1.235,1.74,2.997,1.227,0.201,-2.796
0.63,0.682,0.591,0.261,0.855,0.264
0.158,0.467,1.013,0.44,0.559,-0.454
-1.073,1.336,1.71,0.796,0.053,-1.657
-0.742,1.442,2.913,1.236,0.475,-2.438
-0.658,0.884,1.414,0.591,0.137,-1.277
-0.96,1.242,1.815,0.788,0.137,-1.678
-0.229,0.303,0.485,0.198,0.011,-0.475
0.897,0.902,0.19,0.09,0.96,0.77
-0.848,1.021,1.393,0.569,-0.137,-1.53
-0.264,1.102,2.617,1.07,1.003,-1.614
-0.39,0.991,1.963,0.911,0.897,-1.066
-0.306,1.208,2.828,1.168,1.235,-1.593
0.039,0.4,0.844,0.398,0.602,-0.243
-0.046,0.691,1.688,0.69,0.813,-0.876
-1.333,1.611,1.921,0.905,-0.053,-1.973
-0.362,1.072,2.237,1.009,0.454,-1.783
-0.003,0.259,0.549,0.259,0.18,-0.369
-0.383,1.327,2.955,1.27,0.813,-2.142
-1.199,1.349,1.309,0.617,-0.327,-1.636
-0.904,1.003,1.055,0.434,-0.411,-1.467
0.172,0.256,0.401,0.189,0.306,-0.095
-0.306,0.329,0.295,0.121,-0.158,-0.454
0.123,1.121,2.364,1.114,1.699,-0.665
-0.2,0.277,0.464,0.192,0.011,-0.454
-0.51,0.572,0.549,0.259,-0.327,-0.876
-0.63,0.651,0.401,0.167,-0.454,-0.855
-0.447,0.468,0.295,0.139,-0.348,-0.644
-0.327,0.464,0.802,0.329,0.095,-0.707
0.004,0.02,0.042,0.02,0.032,-0.01
-0.271,0.387,0.633,0.277,0.116,-0.517
-0.186,0.191,0.106,0.043,-0.137,-0.243
0.187,0.941,2.258,0.922,1.319,-0.939
-0.06,0.092,0.148,0.07,-0.01,-0.158
0.278,0.597,1.245,0.528,1.003,-0.243
-0.503,0.859,1.477,0.696,-0.01,-1.488
0.158,1.141,2.765,1.13,1.573,-1.192
-0.397,0.637,1.055,0.497,0.306,-0.749
0.398,0.68,1.245,0.552,1.172,-0.074
-0.2,0.209,0.127,0.06,-0.116,-0.243
-0.369,1.643,3.525,1.601,0.897,-2.628
-0.158,0.161,0.063,0.03,-0.116,-0.179
-1.502,1.782,2.174,0.959,-0.158,-2.332
-0.503,0.58,0.612,0.289,-0.095,-0.707
-1.495,1.525,0.739,0.302,-1.129,-1.868
0.707,1.188,2.026,0.955,1.383,-0.644
0.763,1.159,2.09,0.873,1.678,-0.411
0.172,1.483,3.124,1.473,1.214,-1.91
0.32,0.892,1.878,0.832,1.488,-0.39
0.792,0.815,0.464,0.192,1.045,0.581
-1.347,1.681,2.153,1.005,0.074,-2.079
0.236,0.289,0.401,0.167,0.412,0.011
-0.524,0.643,0.908,0.372,-0.095,-1.002
-0.517,1.268,2.828,1.158,0.834,-1.994
-0.151,1.13,2.596,1.12,1.404,-1.192
-0.988,1.26,1.794,0.782,-0.285,-2.079
-1.031,1.228,1.562,0.668,-0.39,-1.952
-0.672,1.365,2.744,1.189,0.982,-1.762
-1.748,1.82,1.161,0.505,-1.045,-2.205
0.341,0.671,1.393,0.577,1.108,-0.285
-1.558,1.582,0.675,0.276,-1.213,-1.889
-0.608,1.097,2.237,0.913,0.517,-1.72
-0.278,1.072,2.533,1.035,1.024,-1.509
-0.559,1.209,2.596,1.072,0.623,-1.973
-0.221,0.597,1.351,0.555,0.412,-0.939
0.081,0.556,1.266,0.55,0.581,-0.686
-1.024,1.582,2.955,1.207,0.475,-2.48
-0.883,1.843,3.672,1.617,1.383,-2.29
-0.791,1.406,2.807,1.162,0.749,-2.058
-0.207,0.662,1.541,0.629,0.559,-0.981
-0.573,1.516,3.166,1.404,0.623,-2.543
-1.094,1.82,3.187,1.455,0.96,-2.227
-1.755,1.876,1.52,0.661,-0.834,-2.353
-0.665,1.229,2.301,1.034,0.18,-2.121
-2.227,2.237,0.507,0.215,-1.931,-2.438
-1.312,1.413,1.245,0.523,-0.601,-1.847
-0.172,0.897,2.005,0.88,0.602,-1.403
-0.7,1.064,1.731,0.801,0.433,-1.298
-1.305,1.652,2.406,1.013,0.074,-2.332
-0.672,1.363,2.892,1.186,0.855,-2.037
-0.995,1.609,2.68,1.264,0.792,-1.889
-0.348,1.498,3.419,1.457,1.066,-2.353
-2.051,2.334,2.364,1.114,-0.475,-2.839
-0.25,0.593,1.245,0.537,0.496,-0.749
-0.025,0.112,0.232,0.109,0.053,-0.179
0.074,0.811,1.963,0.808,1.129,-0.834
0.32,0.794,1.541,0.726,0.834,-0.707
-0.545,0.949,1.752,0.777,0.116,-1.636
-2.825,3.019,2.258,1.065,-1.319,-3.577
-1.685,1.765,1.203,0.525,-1.213,-2.417
-0.96,1.131,1.266,0.597,-0.116,-1.382
-0.426,0.731,1.456,0.595,0.306,-1.15
-0.482,0.93,1.688,0.796,0.644,-1.045
-0.7,1.023,1.752,0.746,0.327,-1.425
-0.96,1.441,2.279,1.075,-0.2,-2.48
-0.869,1.136,1.646,0.731,0.158,-1.488
0.053,0.353,0.802,0.349,0.538,-0.264
-0.988,1.094,1.098,0.469,-0.538,-1.636
-0.953,1.144,1.456,0.632,-0.074,-1.53
-0.651,0.732,0.739,0.334,-0.179,-0.918
-0.236,1.09,2.258,1.065,0.517,-1.741
-0.214,0.612,1.372,0.574,0.559,-0.812
-1.678,1.687,0.38,0.179,-1.551,-1.931
-0.186,1.318,3.187,1.305,1.34,-1.847
-0.2,0.41,0.76,0.358,0.306,-0.454
0.018,0.776,1.773,0.776,0.707,-1.066
0.405,0.46,0.464,0.219,0.559,0.095
0.735,0.755,0.38,0.17,0.876,0.496
-0.144,0.976,2.047,0.965,0.538,-1.509
-0.601,0.837,1.245,0.582,0.222,-1.024
-0.742,1.004,1.435,0.677,-0.264,-1.699
-0.932,1.515,2.87,1.194,0.665,-2.205
-1.889,2.353,2.976,1.403,0.095,-2.881
-1.509,1.747,2.026,0.879,-0.707,-2.733
-1.052,1.128,0.865,0.408,-0.475,-1.34
-0.369,1.284,2.892,1.229,0.834,-2.058
-1.361,1.707,2.216,1.03,0.095,-2.121
0.081,0.258,0.549,0.245,0.285,-0.264
-0.165,1.172,2.723,1.16,0.96,-1.762
-0.102,0.761,1.815,0.754,0.707,-1.108
0.201,0.674,1.541,0.643,1.066,-0.475
0.053,0.409,0.992,0.405,0.559,-0.433
-1.129,1.146,0.485,0.199,-0.897,-1.382
-1.094,1.129,0.591,0.279,-0.897,-1.488
-0.489,0.678,1.14,0.47,0.032,-1.108
-0.186,0.626,1.414,0.598,0.412,-1.002
-0.285,0.667,1.477,0.603,0.454,-1.024
-0.313,0.933,2.132,0.879,0.665,-1.467
-0.053,0.91,2.09,0.909,0.77,-1.319
0.236,0.693,1.393,0.652,0.707,-0.686
-0.095,0.401,0.929,0.39,0.306,-0.623
-0.032,0.169,0.38,0.166,0.201,-0.179
0.489,0.494,0.169,0.072,0.559,0.391
0.693,0.889,1.203,0.557,1.108,-0.095
0.813,0.822,0.295,0.124,0.982,0.686
0.257,0.662,1.435,0.61,0.855,-0.58
-0.552,0.751,1.161,0.508,0.158,-1.002
-0.264,1.472,3.124,1.448,0.813,-2.311
0.897,1.008,1.119,0.459,1.425,0.306
-0.51,0.874,1.646,0.71,0.475,-1.171
0.151,0.545,1.245,0.523,0.686,-0.559
-0.123,0.465,1.098,0.448,0.433,-0.665
0.384,0.494,0.76,0.311,0.749,-0.01
-0.095,0.956,2.174,0.952,0.749,-1.425
0.468,0.469,0.084,0.036,0.517,0.433
-0.229,0.409,0.781,0.339,0.243,-0.538
-0.067,0.516,1.203,0.512,0.433,-0.77
0.222,0.326,0.507,0.239,0.559,0.053
0.137,0.44,1.013,0.418,0.602,-0.411
0.714,0.9,1.161,0.547,1.488,0.327
0.616,0.626,0.274,0.112,0.749,0.475
-0.313,0.554,0.971,0.458,0.011,-0.96
0.461,0.83,1.667,0.69,1.214,-0.454
0.644,0.65,0.19,0.09,0.707,0.517
0.201,0.266,0.422,0.175,0.391,-0.032
-1.256,1.261,0.253,0.119,-1.171,-1.425
-0.404,0.782,1.625,0.669,0.348,-1.277
-0.334,0.799,1.541,0.726,0.18,-1.361
0.271,0.332,0.443,0.192,0.538,0.095
0.151,0.317,0.591,0.279,0.348,-0.243
-0.404,0.715,1.309,0.589,0.074,-1.235
-0.369,0.58,0.95,0.448,-0.053,-1.002
-0.271,0.791,1.773,0.743,0.496,-1.277
-0.046,0.668,1.499,0.666,0.517,-0.981
-1.305,1.848,3.187,1.309,0.391,-2.796
0.433,0.443,0.232,0.096,0.559,0.327
0.067,0.358,0.802,0.352,0.559,-0.243
0.088,0.702,1.477,0.696,0.581,-0.897
0.707,0.771,0.718,0.306,1.003,0.285
-0.186,0.635,1.287,0.607,0.243,-1.045
-0.2,0.718,1.541,0.69,0.369,-1.171
-0.904,0.905,0.106,0.05,-0.834,-0.939
-0.095,0.604,1.393,0.596,0.475,-0.918
0.398,0.509,0.675,0.318,0.623,-0.053
-0.151,1.046,2.237,1.035,0.623,-1.614
0.137,0.613,1.266,0.597,0.982,-0.285
-0.01,0.41,0.95,0.41,0.369,-0.58
-0.25,0.504,0.929,0.438,0.369,-0.559
-0.264,0.533,1.098,0.464,0.201,-0.897
-0.672,0.932,1.372,0.647,0.243,-1.129
-0.995,1.35,2.216,0.912,0.032,-2.184
0.011,0.269,0.57,0.269,0.201,-0.369
0.602,0.643,0.549,0.226,0.855,0.306
-0.123,0.305,0.591,0.279,0.074,-0.517
0.264,0.328,0.422,0.194,0.412,-0.01
0.18,0.228,0.338,0.141,0.327,-0.01
0.285,0.305,0.253,0.108,0.433,0.18
-0.151,0.583,1.372,0.563,0.496,-0.876
-0.13,0.133,0.063,0.026,-0.095,-0.158
-0.587,0.824,1.414,0.577,0.116,-1.298
-0.01,0.092,0.211,0.091,0.116,-0.095
-0.137,0.36,0.802,0.333,0.222,-0.58
-0.447,0.599,0.971,0.399,0.074,-0.897
-0.095,0.165,0.295,0.135,0.095,-0.2
0.151,0.411,0.865,0.382,0.686,-0.179
0.257,0.3,0.338,0.154,0.475,0.137
0.327,0.44,0.718,0.294,0.665,-0.053
-0.418,0.62,0.971,0.458,-0.095,-1.066
-0.165,0.383,0.802,0.345,0.158,-0.644
0.215,0.26,0.338,0.147,0.348,0.011
-0.236,0.319,0.485,0.215,-0.053,-0.538
-0.827,0.915,0.95,0.392,-0.39,-1.34
-0.032,0.47,1.076,0.469,0.623,-0.454
-0.123,0.704,1.646,0.693,0.581,-1.066
0.081,0.28,0.633,0.268,0.348,-0.285
-0.39,0.773,1.541,0.668,0.222,-1.319
0.215,0.276,0.422,0.173,0.412,-0.01
0.369,0.529,0.908,0.378,0.77,-0.137
-0.447,0.605,0.971,0.409,-0.032,-1.002
-0.271,0.682,1.52,0.625,0.433,-1.087
-0.573,0.793,1.203,0.548,0.201,-1.002
-0.046,0.321,0.76,0.318,0.285,-0.475
-0.299,0.565,1.098,0.479,0.369,-0.728
-0.165,0.608,1.393,0.586,0.433,-0.96
-0.341,0.405,0.464,0.219,-0.032,-0.496
-0.025,0.149,0.338,0.147,0.18,-0.158
-0.017,0.408,0.865,0.408,0.559,-0.306
0.377,0.42,0.422,0.186,0.538,0.116
0.13,0.132,0.042,0.02,0.158,0.116
0.088,0.36,0.76,0.349,0.581,-0.179
-0.102,0.129,0.169,0.08,0.011,-0.158
0.735,1.41,2.744,1.203,2.417,-0.327
0.848,1.156,1.667,0.786,1.404,-0.264
1.333,1.781,2.87,1.18,2.67,-0.2
0.025,0.171,0.359,0.169,0.264,-0.095
-0.468,0.805,1.499,0.655,0.116,-1.382
-0.214,0.267,0.338,0.159,0.011,-0.327
0.165,0.279,0.549,0.225,0.454,-0.095
1.129,1.37,1.646,0.776,1.678,0.032
-0.046,0.265,0.591,0.261,0.18,-0.411
0.391,1.587,3.335,1.538,1.551,-1.783
0.25,0.921,2.026,0.886,1.488,-0.538
0.222,0.865,1.773,0.836,1.404,-0.369
0.187,1.094,2.512,1.078,1.678,-0.834
-0.229,0.229,0.042,0.02,-0.2,-0.243
0.137,0.165,0.211,0.091,0.264,0.053
-0.841,0.922,0.802,0.378,-0.306,-1.108
-0.2,0.759,1.604,0.733,0.369,-1.235
-0.102,0.104,0.042,0.02,-0.074,-0.116
-0.608,0.839,1.414,0.577,0.095,-1.319
-0.116,0.166,0.253,0.119,0.053,-0.2
0.32,0.403,0.528,0.244,0.665,0.137
0.405,0.435,0.338,0.159,0.517,0.18
0.271,0.945,2.09,0.905,1.53,-0.559
-1.143,1.515,2.111,0.995,0.264,-1.847
-1.579,1.659,1.224,0.51,-0.897,-2.121
-0.51,0.516,0.169,0.08,-0.454,-0.623
-0.06,0.344,0.718,0.338,0.18,-0.538
0.116,0.293,0.57,0.269,0.306,-0.264
-0.207,0.314,0.57,0.235,0.053,-0.517
-0.306,0.319,0.211,0.091,-0.221,-0.433
-0.925,0.929,0.211,0.087,-0.812,-1.024
-0.918,1.073,1.309,0.555,-0.369,-1.678
-0.524,0.601,0.654,0.295,-0.285,-0.939
-0.749,1.134,1.836,0.851,-0.116,-1.952
-0.552,0.635,0.76,0.313,-0.2,-0.96
-0.7,0.748,0.612,0.264,-0.454,-1.066
-0.644,0.793,1.119,0.463,-0.032,-1.15
-0.517,0.517,0.042,0.017,-0.496,-0.538
-0.63,0.639,0.274,0.112,-0.496,-0.77
-0.221,0.249,0.274,0.113,-0.074,-0.348
-0.728,0.805,0.823,0.344,-0.369,-1.192
-0.524,0.971,1.9,0.817,0.243,-1.657
-0.658,0.658,0.042,0.02,-0.644,-0.686
-0.257,0.454,0.865,0.375,0.264,-0.601
-0.306,0.833,1.794,0.775,0.412,-1.382
-0.017,0.191,0.464,0.19,0.222,-0.243
-1.073,1.309,1.71,0.75,-0.411,-2.121
-0.482,1.058,2.195,0.941,0.412,-1.783
-0.594,0.712,0.929,0.392,-0.2,-1.129
0.032,0.701,1.625,0.7,0.686,-0.939
-0.77,0.982,1.414,0.609,-0.2,-1.614
0.581,0.684,0.886,0.362,1.024,0.137
-0.461,1.025,2.09,0.916,0.348,-1.741
0.377,0.511,0.802,0.345,0.855,0.053
-0.278,0.711,1.499,0.655,0.306,-1.192
-0.601,0.681,0.739,0.319,-0.306,-1.045
0.215,0.302,0.507,0.213,0.433,-0.074
-0.06,0.167,0.359,0.156,0.158,-0.2
-0.243,0.574,1.266,0.52,0.433,-0.834
-0.172,0.329,0.654,0.28,0.095,-0.559
-0.784,0.965,1.224,0.563,0.011,-1.213
-0.102,0.405,0.929,0.392,0.433,-0.496
-0.489,0.489,0.042,0.02,-0.475,-0.517
0.095,0.33,0.718,0.316,0.369,-0.348
0.025,0.339,0.718,0.338,0.264,-0.454
-0.362,0.443,0.612,0.256,-0.095,-0.707
0.285,0.531,0.95,0.448,0.918,-0.032
-0.784,0.798,0.317,0.145,-0.58,-0.897
-0.876,0.97,0.886,0.418,-0.285,-1.171
-0.404,0.413,0.19,0.085,-0.285,-0.475
0.194,0.443,0.844,0.398,0.475,-0.369
-0.2,0.398,0.76,0.344,0.285,-0.475
0.06,0.295,0.612,0.289,0.264,-0.348
-0.06,0.249,0.591,0.241,0.243,-0.348
-0.426,0.493,0.528,0.249,-0.074,-0.601
-0.334,0.465,0.697,0.323,-0.095,-0.791
0.025,0.191,0.401,0.189,0.158,-0.243
-0.102,0.323,0.697,0.307,0.327,-0.369
-0.229,0.303,0.485,0.198,0.011,-0.475
-0.348,0.416,0.528,0.228,-0.032,-0.559
0.243,0.408,0.697,0.328,0.707,0.011
0.44,0.809,1.499,0.679,0.982,-0.517
0.461,0.479,0.274,0.129,0.644,0.369
-0.306,0.715,1.52,0.646,0.327,-1.192
0.011,0.448,0.95,0.448,0.327,-0.623
-0.123,0.303,0.633,0.277,0.264,-0.369
1.256,2.387,4.306,2.03,2.691,-1.614
-0.2,0.385,0.718,0.329,0.264,-0.454
0.081,0.128,0.211,0.099,0.222,0.011
-0.081,0.535,1.287,0.528,0.602,-0.686
-0.074,0.222,0.443,0.209,0.222,-0.221
-0.292,0.379,0.591,0.242,-0.01,-0.601
0.151,0.317,0.591,0.279,0.348,-0.243
-0.51,0.627,0.802,0.364,-0.221,-1.024
-0.229,0.368,0.612,0.289,0.18,-0.433
0.355,1.27,2.617,1.219,2.079,-0.538
1.122,1.212,0.971,0.458,1.446,0.475
0.362,0.971,1.921,0.9,1.636,-0.285
-0.292,0.371,0.485,0.229,0.032,-0.454
0.032,0.347,0.844,0.346,0.475,-0.369
0.292,0.457,0.802,0.352,0.602,-0.2
-0.665,0.967,1.541,0.703,-0.116,-1.657
-0.017,0.396,0.886,0.395,0.538,-0.348
0.151,0.395,0.886,0.365,0.559,-0.327
-0.172,0.626,1.435,0.602,0.644,-0.791
0.489,1.261,2.744,1.162,2.079,-0.665
-0.102,0.352,0.802,0.337,0.243,-0.559
0.313,0.371,0.485,0.2,0.538,0.053
0.292,0.375,0.57,0.235,0.602,0.032
0.566,0.601,0.443,0.2,0.728,0.285
0.285,0.392,0.591,0.269,0.665,0.074
0.025,0.162,0.359,0.16,0.158,-0.2
0.208,0.223,0.19,0.081,0.285,0.095
-0.088,0.197,0.401,0.176,0.158,-0.243
-0.137,0.366,0.823,0.339,0.243,-0.58
-0.841,1.296,2.216,0.986,-0.01,-2.227
-0.151,0.236,0.443,0.181,0.074,-0.369
0.053,0.706,1.646,0.704,0.728,-0.918
-0.869,1.159,1.878,0.767,0.053,-1.826
-0.2,0.921,2.09,0.899,0.644,-1.446
0.215,0.453,0.971,0.398,0.728,-0.243
0.123,0.131,0.106,0.043,0.18,0.074
0.025,0.459,0.992,0.458,0.369,-0.623
0.341,0.576,1.119,0.464,0.96,-0.158
0.419,0.868,1.857,0.76,1.383,-0.475
0.454,0.456,0.106,0.046,0.517,0.412
0.018,0.987,2.406,0.987,1.15,-1.256
0.18,0.611,1.372,0.584,0.749,-0.623
-0.074,0.651,1.456,0.646,0.475,-0.981
0.595,0.71,0.95,0.388,1.066,0.116
0.13,0.187,0.317,0.134,0.264,-0.053
0.25,0.25,0.021,0.01,0.264,0.243
-0.418,0.648,1.182,0.495,0.095,-1.087
0.595,0.674,0.675,0.318,1.045,0.369
-0.763,1.221,2.322,0.953,0.327,-1.994
-1.312,1.472,1.414,0.667,-0.369,-1.783
-0.116,0.506,1.161,0.493,0.369,-0.791
-0.025,0.074,0.148,0.07,0.074,-0.074
-0.721,1.081,1.9,0.806,0.074,-1.826
-0.06,0.198,0.401,0.189,0.074,-0.327
0.222,0.238,0.211,0.086,0.327,0.116
-0.2,0.335,0.57,0.269,0.18,-0.39
-0.13,0.5,1.055,0.483,0.243,-0.812
-0.053,0.08,0.127,0.06,-0.01,-0.137
-0.693,0.909,1.435,0.588,-0.01,-1.446
-0.088,0.292,0.591,0.279,0.306,-0.285
-0.714,1.163,2.195,0.918,0.243,-1.952
0.348,0.392,0.38,0.179,0.602,0.222
0.151,0.479,1.076,0.454,0.77,-0.306
-0.032,0.405,0.886,0.404,0.285,-0.601
-0.06,0.424,1.013,0.419,0.496,-0.517
-0.566,0.57,0.148,0.07,-0.517,-0.665
-0.791,0.941,1.245,0.509,-0.179,-1.425
-1.446,1.446,0.063,0.03,-1.425,-1.488
-1.291,1.504,1.667,0.772,-0.2,-1.868
0.06,0.092,0.148,0.07,0.158,0.011
0.292,0.369,0.528,0.225,0.602,0.074
-0.046,0.194,0.401,0.189,0.222,-0.179
