mean,RMS,ptp,std,max,min
1.323,1.616,5.867,0.928,4.591,-1.277
1.327,1.622,5.867,0.932,4.591,-1.277
1.308,1.615,5.867,0.947,4.591,-1.277
1.311,1.616,5.867,0.945,4.591,-1.277
1.3,1.6,5.867,0.933,4.591,-1.277
1.307,1.605,5.867,0.931,4.591,-1.277
1.286,1.588,5.867,0.932,4.591,-1.277
1.267,1.578,5.867,0.94,4.591,-1.277
1.253,1.574,5.867,0.953,4.591,-1.277
1.213,1.559,6.163,0.979,4.591,-1.572
1.136,1.48,5.213,0.948,3.641,-1.572
1.092,1.469,5.213,0.982,3.641,-1.572
1.061,1.448,5.213,0.985,3.641,-1.572
1.041,1.438,5.213,0.991,3.641,-1.572
1.003,1.431,5.213,1.021,3.641,-1.572
0.931,1.394,5.466,1.037,3.641,-1.826
0.854,1.358,5.466,1.057,3.641,-1.826
0.788,1.323,5.466,1.062,3.641,-1.826
0.727,1.294,5.466,1.07,3.641,-1.826
0.679,1.283,5.931,1.089,3.641,-2.29
0.641,1.266,5.931,1.091,3.641,-2.29
0.584,1.237,5.931,1.09,3.641,-2.29
0.543,1.211,5.931,1.083,3.641,-2.29
0.494,1.184,5.931,1.077,3.641,-2.29
0.434,1.159,5.931,1.075,3.641,-2.29
0.368,1.147,5.931,1.086,3.641,-2.29
0.306,1.129,5.931,1.086,3.641,-2.29
0.244,1.119,6.29,1.092,3.641,-2.649
0.185,1.079,6.29,1.063,3.641,-2.649
0.134,1.042,5.762,1.034,3.113,-2.649
0.079,1.024,5.678,1.02,2.923,-2.754
0.04,0.997,5.678,0.996,2.923,-2.754
-0.008,0.985,5.678,0.985,2.923,-2.754
-0.083,0.958,5.678,0.954,2.923,-2.754
-0.146,0.918,5.678,0.907,2.923,-2.754
-0.199,0.869,5.678,0.846,2.923,-2.754
-0.232,0.87,5.678,0.839,2.923,-2.754
-0.28,0.88,5.678,0.834,2.923,-2.754
-0.322,0.865,4.77,0.803,2.016,-2.754
-0.36,0.864,4.453,0.785,1.699,-2.754
-0.354,0.875,4.728,0.8,1.974,-2.754
-0.343,0.898,4.749,0.83,1.974,-2.775
-0.386,0.919,4.749,0.834,1.974,-2.775
-0.407,0.95,5.065,0.858,1.974,-3.092
-0.419,0.964,5.065,0.869,1.974,-3.092
-0.424,0.974,5.065,0.877,1.974,-3.092
-0.445,1.018,5.065,0.915,1.974,-3.092
-0.446,1.046,5.065,0.946,1.974,-3.092
-0.475,1.086,5.065,0.976,1.974,-3.092
-0.456,1.085,5.065,0.985,1.974,-3.092
-0.481,1.115,5.065,1.006,1.974,-3.092
-0.478,1.113,5.065,1.005,1.974,-3.092
-0.502,1.131,5.065,1.013,1.974,-3.092
-0.518,1.162,5.065,1.04,1.974,-3.092
-0.552,1.203,5.065,1.069,1.974,-3.092
-0.545,1.217,5.065,1.088,1.974,-3.092
-0.532,1.222,5.065,1.101,1.974,-3.092
-0.529,1.212,5.065,1.09,1.974,-3.092
-0.513,1.222,5.065,1.109,1.974,-3.092
-0.526,1.241,5.065,1.124,1.974,-3.092
-0.539,1.252,5.065,1.13,1.974,-3.092
-0.55,1.279,5.065,1.154,1.974,-3.092
-0.518,1.282,5.065,1.173,1.974,-3.092
-0.48,1.274,5.065,1.18,1.974,-3.092
-0.438,1.295,6.057,1.219,2.966,-3.092
-0.41,1.317,6.057,1.252,2.966,-3.092
-0.399,1.317,6.057,1.256,2.966,-3.092
-0.33,1.331,6.057,1.289,2.966,-3.092
-0.288,1.332,6.057,1.3,2.966,-3.092
-0.259,1.322,6.057,1.296,2.966,-3.092
-0.229,1.339,6.079,1.319,2.987,-3.092
-0.172,1.363,6.184,1.352,3.092,-3.092
-0.105,1.372,6.184,1.368,3.092,-3.092
-0.052,1.361,5.931,1.36,3.092,-2.839
-0.013,1.359,5.931,1.359,3.092,-2.839
0.029,1.363,5.931,1.363,3.092,-2.839
0.124,1.365,5.931,1.36,3.092,-2.839
0.178,1.369,5.931,1.357,3.092,-2.839
0.259,1.356,5.931,1.331,3.092,-2.839
0.283,1.362,5.931,1.333,3.092,-2.839
0.344,1.347,5.931,1.303,3.092,-2.839
0.389,1.359,5.931,1.303,3.092,-2.839
0.44,1.362,5.931,1.289,3.092,-2.839
0.483,1.349,5.931,1.26,3.092,-2.839
0.573,1.328,5.931,1.199,3.092,-2.839
0.62,1.322,5.931,1.167,3.092,-2.839
0.657,1.329,5.931,1.155,3.092,-2.839
0.676,1.323,5.931,1.137,3.092,-2.839
0.681,1.337,5.931,1.151,3.092,-2.839
0.748,1.331,5.931,1.102,3.092,-2.839
0.812,1.329,5.931,1.052,3.092,-2.839
0.852,1.315,5.108,1.002,3.092,-2.016
0.861,1.313,5.108,0.992,3.092,-2.016
0.887,1.334,5.108,0.996,3.092,-2.016
0.87,1.317,5.108,0.988,3.092,-2.016
0.858,1.314,5.108,0.995,3.092,-2.016
0.889,1.323,5.108,0.98,3.092,-2.016
0.879,1.322,5.108,0.987,3.092,-2.016
0.889,1.334,5.108,0.994,3.092,-2.016
0.897,1.353,5.108,1.013,3.092,-2.016
0.869,1.342,5.108,1.023,3.092,-2.016
0.818,1.324,5.213,1.042,2.944,-2.269
0.813,1.317,5.213,1.037,2.944,-2.269
0.78,1.331,5.213,1.079,2.944,-2.269
0.741,1.351,5.213,1.13,2.944,-2.269
0.741,1.353,5.213,1.132,2.944,-2.269
0.685,1.335,5.213,1.146,2.944,-2.269
0.678,1.322,4.77,1.135,2.501,-2.269
0.661,1.321,4.686,1.143,2.417,-2.269
0.633,1.309,4.686,1.146,2.417,-2.269
0.63,1.319,4.686,1.159,2.417,-2.269
0.599,1.309,4.686,1.164,2.417,-2.269
0.576,1.295,4.686,1.16,2.417,-2.269
0.531,1.299,4.686,1.186,2.417,-2.269
0.502,1.292,4.686,1.191,2.417,-2.269
0.485,1.288,4.517,1.194,2.248,-2.269
0.442,1.28,4.517,1.201,2.248,-2.269
0.463,1.296,4.517,1.211,2.248,-2.269
0.453,1.281,4.622,1.198,2.353,-2.269
0.419,1.277,4.622,1.206,2.353,-2.269
0.409,1.272,4.622,1.204,2.353,-2.269
0.397,1.27,4.664,1.206,2.396,-2.269
0.384,1.274,4.664,1.215,2.396,-2.269
0.368,1.263,4.664,1.209,2.396,-2.269
0.353,1.255,4.664,1.205,2.396,-2.269
0.354,1.248,4.664,1.197,2.396,-2.269
0.326,1.235,4.664,1.191,2.396,-2.269
0.298,1.21,4.664,1.172,2.396,-2.269
0.268,1.19,4.664,1.159,2.396,-2.269
0.253,1.16,4.664,1.133,2.396,-2.269
0.234,1.158,4.664,1.134,2.396,-2.269
0.246,1.137,4.643,1.11,2.396,-2.248
0.229,1.12,4.643,1.096,2.396,-2.248
0.239,1.094,4.643,1.067,2.396,-2.248
0.263,1.063,4.643,1.03,2.396,-2.248
0.239,1.043,4.643,1.015,2.396,-2.248
0.237,1.024,4.643,0.997,2.396,-2.248
0.2,1.014,4.643,0.994,2.396,-2.248
0.156,0.993,4.643,0.98,2.396,-2.248
0.146,1.003,5.087,0.992,2.396,-2.691
0.105,0.983,5.087,0.977,2.396,-2.691
0.091,0.983,5.087,0.979,2.396,-2.691
0.072,0.986,5.087,0.983,2.396,-2.691
0.089,0.964,5.087,0.96,2.396,-2.691
0.074,0.949,5.087,0.946,2.396,-2.691
0.06,0.935,5.087,0.933,2.396,-2.691
0.052,0.931,5.087,0.93,2.396,-2.691
0.035,0.91,5.087,0.91,2.396,-2.691
0.035,0.907,5.087,0.906,2.396,-2.691
0.029,0.897,5.087,0.897,2.396,-2.691
0.004,0.889,5.087,0.889,2.396,-2.691
-0.016,0.888,4.897,0.888,2.206,-2.691
-0.018,0.872,4.897,0.872,2.206,-2.691
-0.055,0.876,5.15,0.874,2.206,-2.944
-0.056,0.873,5.15,0.871,2.206,-2.944
-0.074,0.861,5.002,0.857,2.058,-2.944
-0.071,0.879,5.741,0.877,2.797,-2.944
-0.075,0.895,5.741,0.892,2.797,-2.944
-0.072,0.922,5.762,0.919,2.818,-2.944
-0.083,0.931,5.762,0.927,2.818,-2.944
-0.079,0.917,5.762,0.914,2.818,-2.944
-0.09,0.922,5.762,0.917,2.818,-2.944
-0.109,0.922,5.762,0.916,2.818,-2.944
-0.124,0.92,5.762,0.912,2.818,-2.944
-0.138,0.919,5.762,0.909,2.818,-2.944
-0.142,0.927,5.762,0.916,2.818,-2.944
-0.122,0.944,5.762,0.936,2.818,-2.944
-0.138,0.946,5.762,0.936,2.818,-2.944
-0.122,0.959,5.762,0.951,2.818,-2.944
-0.13,0.955,5.762,0.946,2.818,-2.944
-0.122,0.96,5.762,0.952,2.818,-2.944
-0.112,0.971,5.762,0.965,2.818,-2.944
-0.103,0.966,5.762,0.96,2.818,-2.944
-0.088,0.989,5.762,0.985,2.818,-2.944
-0.093,0.986,5.762,0.981,2.818,-2.944
-0.107,0.996,5.762,0.991,2.818,-2.944
-0.096,0.989,5.762,0.985,2.818,-2.944
-0.115,0.983,5.762,0.976,2.818,-2.944
-0.129,0.988,5.762,0.98,2.818,-2.944
-0.143,0.992,5.762,0.982,2.818,-2.944
-0.172,1.006,5.762,0.992,2.818,-2.944
-0.181,1.02,5.762,1.004,2.818,-2.944
-0.216,1.039,5.762,1.016,2.818,-2.944
-0.222,1.047,5.319,1.023,2.818,-2.501
-0.255,1.061,5.319,1.03,2.818,-2.501
-0.257,1.062,5.319,1.03,2.818,-2.501
-0.264,1.036,5.319,1.002,2.818,-2.501
-0.279,1.018,5.319,0.979,2.818,-2.501
-0.287,0.983,5.108,0.94,2.607,-2.501
-0.284,0.984,5.108,0.942,2.607,-2.501
-0.283,0.985,5.108,0.944,2.607,-2.501
-0.305,0.997,5.108,0.949,2.607,-2.501
-0.305,0.985,5.108,0.937,2.607,-2.501
-0.31,0.982,5.108,0.932,2.607,-2.501
-0.283,0.992,5.108,0.951,2.607,-2.501
-0.279,0.984,5.108,0.943,2.607,-2.501
-0.308,0.962,5.108,0.911,2.607,-2.501
-0.289,0.957,5.108,0.912,2.607,-2.501
-0.295,0.937,5.108,0.889,2.607,-2.501
-0.292,0.926,5.108,0.879,2.607,-2.501
-0.292,0.912,5.108,0.864,2.607,-2.501
-0.299,0.883,5.108,0.831,2.607,-2.501
-0.307,0.879,5.108,0.823,2.607,-2.501
-0.332,0.845,5.108,0.777,2.607,-2.501
-0.328,0.845,5.108,0.778,2.607,-2.501
-0.321,0.835,5.108,0.771,2.607,-2.501
-0.321,0.829,5.108,0.764,2.607,-2.501
-0.324,0.832,5.108,0.767,2.607,-2.501
-0.328,0.819,5.108,0.75,2.607,-2.501
-0.317,0.805,5.108,0.74,2.607,-2.501
-0.294,0.787,5.108,0.73,2.607,-2.501
-0.28,0.756,5.108,0.702,2.607,-2.501
-0.269,0.742,4.833,0.691,2.607,-2.227
-0.254,0.699,4.622,0.652,2.396,-2.227
-0.23,0.679,4.39,0.639,2.396,-1.994
-0.237,0.675,4.601,0.632,2.353,-2.248
-0.255,0.687,4.601,0.638,2.353,-2.248
-0.264,0.699,4.601,0.647,2.353,-2.248
-0.274,0.717,4.601,0.662,2.353,-2.248
-0.272,0.7,4.601,0.644,2.353,-2.248
-0.288,0.7,4.601,0.638,2.353,-2.248
-0.275,0.671,4.601,0.613,2.353,-2.248
-0.277,0.673,4.601,0.614,2.353,-2.248
-0.268,0.677,4.601,0.621,2.353,-2.248
-0.286,0.651,4.432,0.585,2.185,-2.248
-0.296,0.642,4.432,0.57,2.185,-2.248
-0.301,0.653,4.432,0.579,2.185,-2.248
-0.313,0.641,3.736,0.559,1.488,-2.248
-0.308,0.641,3.736,0.562,1.488,-2.248
-0.319,0.661,3.736,0.579,1.488,-2.248
-0.316,0.682,3.82,0.604,1.573,-2.248
-0.311,0.691,4.453,0.617,2.206,-2.248
-0.299,0.687,4.453,0.618,2.206,-2.248
-0.294,0.684,4.453,0.618,2.206,-2.248
-0.311,0.7,4.453,0.627,2.206,-2.248
-0.303,0.691,4.453,0.621,2.206,-2.248
-0.302,0.691,4.453,0.621,2.206,-2.248
-0.299,0.689,4.453,0.621,2.206,-2.248
-0.301,0.692,4.453,0.623,2.206,-2.248
-0.301,0.692,4.453,0.623,2.206,-2.248
-0.325,0.71,4.453,0.631,2.206,-2.248
-0.328,0.707,4.453,0.626,2.206,-2.248
-0.317,0.704,4.453,0.629,2.206,-2.248
-0.328,0.711,4.453,0.631,2.206,-2.248
-0.332,0.703,4.453,0.62,2.206,-2.248
-0.329,0.696,4.348,0.614,2.206,-2.142
-0.31,0.675,4.348,0.6,2.206,-2.142
-0.293,0.656,4.348,0.587,2.206,-2.142
-0.286,0.667,4.686,0.603,2.543,-2.142
-0.293,0.679,4.686,0.612,2.543,-2.142
-0.283,0.668,4.686,0.605,2.543,-2.142
-0.283,0.665,4.686,0.602,2.543,-2.142
-0.279,0.661,4.686,0.599,2.543,-2.142
-0.288,0.663,4.686,0.597,2.543,-2.142
-0.301,0.676,4.686,0.606,2.543,-2.142
-0.294,0.702,5.044,0.637,2.902,-2.142
-0.284,0.715,5.044,0.656,2.902,-2.142
-0.28,0.715,5.044,0.658,2.902,-2.142
-0.289,0.725,5.044,0.665,2.902,-2.142
-0.262,0.715,5.044,0.665,2.902,-2.142
-0.269,0.699,5.044,0.645,2.902,-2.142
-0.287,0.706,5.044,0.645,2.902,-2.142
-0.298,0.716,5.044,0.651,2.902,-2.142
-0.306,0.741,5.044,0.674,2.902,-2.142
-0.268,0.763,5.044,0.715,2.902,-2.142
-0.275,0.798,5.044,0.749,2.902,-2.142
-0.29,0.831,5.044,0.778,2.902,-2.142
-0.286,0.861,5.15,0.812,2.902,-2.248
-0.274,0.861,5.15,0.816,2.902,-2.248
-0.266,0.879,5.15,0.838,2.902,-2.248
-0.25,0.865,5.15,0.828,2.902,-2.248
-0.239,0.874,5.15,0.841,2.902,-2.248
-0.222,0.892,5.15,0.864,2.902,-2.248
-0.234,0.9,5.15,0.869,2.902,-2.248
-0.239,0.921,5.15,0.889,2.902,-2.248
-0.206,0.983,5.277,0.962,3.029,-2.248
-0.222,1.009,5.277,0.985,3.029,-2.248
-0.214,1.038,5.277,1.015,3.029,-2.248
-0.228,1.032,5.277,1.006,3.029,-2.248
-0.216,1.039,5.277,1.017,3.029,-2.248
-0.223,1.063,5.277,1.039,3.029,-2.248
-0.21,1.071,5.277,1.05,3.029,-2.248
-0.211,1.075,5.277,1.054,3.029,-2.248
-0.203,1.082,5.277,1.063,3.029,-2.248
-0.183,1.089,5.277,1.073,3.029,-2.248
-0.177,1.081,5.277,1.067,3.029,-2.248
-0.169,1.068,5.277,1.055,3.029,-2.248
-0.156,1.073,5.277,1.062,3.029,-2.248
-0.139,1.082,5.277,1.073,3.029,-2.248
-0.114,1.117,5.277,1.111,3.029,-2.248
-0.111,1.114,5.277,1.108,3.029,-2.248
-0.108,1.11,5.277,1.104,3.029,-2.248
-0.108,1.105,5.277,1.1,3.029,-2.248
-0.087,1.102,5.277,1.099,3.029,-2.248
-0.095,1.076,5.277,1.072,3.029,-2.248
-0.082,1.05,5.277,1.046,3.029,-2.248
-0.056,1.035,5.277,1.033,3.029,-2.248
-0.059,1.026,5.234,1.025,3.029,-2.205
-0.05,1.029,5.234,1.028,3.029,-2.205
-0.044,1.026,5.234,1.025,3.029,-2.205
-0.032,1.054,5.234,1.053,3.029,-2.205
-0.035,1.044,5.234,1.043,3.029,-2.205
-0.034,1.029,5.234,1.029,3.029,-2.205
-0.017,1.022,5.234,1.022,3.029,-2.205
0.006,1.013,5.234,1.013,3.029,-2.205
-0.025,0.958,5.213,0.958,3.008,-2.205
-0.002,0.963,5.213,0.963,3.008,-2.205
-0.04,0.96,5.065,0.959,3.008,-2.058
-0.004,0.995,5.065,0.995,3.008,-2.058
-0.006,0.986,5.065,0.986,3.008,-2.058
0.045,1.022,5.192,1.021,3.134,-2.058
0.081,1.065,5.192,1.062,3.134,-2.058
0.084,1.07,5.192,1.067,3.134,-2.058
0.119,1.1,5.192,1.094,3.134,-2.058
0.17,1.138,5.213,1.125,3.155,-2.058
0.188,1.156,5.213,1.141,3.155,-2.058
0.199,1.173,5.213,1.156,3.155,-2.058
0.214,1.179,5.213,1.159,3.155,-2.058
0.237,1.179,5.213,1.155,3.155,-2.058
0.215,1.159,5.213,1.139,3.155,-2.058
0.223,1.168,5.213,1.147,3.155,-2.058
0.257,1.175,5.213,1.147,3.155,-2.058
0.268,1.18,5.213,1.149,3.155,-2.058
0.274,1.179,5.213,1.146,3.155,-2.058
0.298,1.196,5.213,1.159,3.155,-2.058
0.336,1.238,5.213,1.192,3.155,-2.058
0.351,1.243,5.213,1.192,3.155,-2.058
0.383,1.24,5.213,1.18,3.155,-2.058
0.391,1.249,5.213,1.186,3.155,-2.058
0.42,1.266,5.213,1.194,3.155,-2.058
0.429,1.243,5.213,1.166,3.155,-2.058
0.455,1.261,5.213,1.176,3.155,-2.058
0.48,1.282,5.213,1.189,3.155,-2.058
0.492,1.294,5.213,1.197,3.155,-2.058
0.476,1.299,5.213,1.208,3.155,-2.058
0.497,1.318,5.213,1.221,3.155,-2.058
0.49,1.308,5.087,1.213,3.155,-1.931
0.544,1.312,4.854,1.194,3.155,-1.699
0.556,1.295,4.538,1.17,3.155,-1.382
0.582,1.305,4.538,1.168,3.155,-1.382
0.584,1.281,4.538,1.14,3.155,-1.382
0.582,1.278,4.538,1.137,3.155,-1.382
0.607,1.291,4.538,1.139,3.155,-1.382
0.595,1.284,4.538,1.138,3.155,-1.382
0.538,1.245,4.327,1.123,2.944,-1.382
0.51,1.235,4.517,1.124,2.944,-1.572
0.518,1.234,4.517,1.12,2.944,-1.572
0.499,1.235,4.517,1.13,2.944,-1.572
0.488,1.24,4.517,1.139,2.944,-1.572
0.494,1.253,4.77,1.152,3.198,-1.572
0.5,1.253,4.77,1.149,3.198,-1.572
0.493,1.25,4.77,1.148,3.198,-1.572
0.499,1.258,4.77,1.155,3.198,-1.572
0.492,1.265,4.77,1.165,3.198,-1.572
0.468,1.258,4.77,1.168,3.198,-1.572
0.439,1.222,4.77,1.14,3.198,-1.572
0.445,1.228,4.77,1.145,3.198,-1.572
0.452,1.228,4.77,1.142,3.198,-1.572
0.458,1.234,4.77,1.146,3.198,-1.572
0.468,1.239,4.77,1.147,3.198,-1.572
0.467,1.25,4.77,1.159,3.198,-1.572
0.468,1.247,4.77,1.155,3.198,-1.572
0.451,1.235,4.77,1.149,3.198,-1.572
0.457,1.232,4.77,1.144,3.198,-1.572
0.488,1.239,4.77,1.138,3.198,-1.572
0.477,1.218,4.77,1.121,3.198,-1.572
0.512,1.23,4.77,1.119,3.198,-1.572
0.513,1.213,4.77,1.099,3.198,-1.572
0.522,1.223,4.77,1.106,3.198,-1.572
0.515,1.223,4.77,1.109,3.198,-1.572
0.51,1.225,4.77,1.114,3.198,-1.572
0.511,1.211,4.77,1.098,3.198,-1.572
0.536,1.233,4.897,1.111,3.324,-1.572
0.546,1.226,4.897,1.098,3.324,-1.572
0.597,1.254,4.897,1.103,3.324,-1.572
0.632,1.27,4.876,1.101,3.324,-1.551
0.637,1.266,4.876,1.094,3.324,-1.551
0.647,1.269,4.876,1.092,3.324,-1.551
0.631,1.259,4.876,1.089,3.324,-1.551
0.65,1.258,4.876,1.078,3.324,-1.551
0.672,1.273,4.876,1.081,3.324,-1.551
0.663,1.284,4.876,1.099,3.324,-1.551
0.683,1.288,4.876,1.093,3.324,-1.551
0.721,1.308,4.876,1.091,3.324,-1.551
0.74,1.313,4.876,1.085,3.324,-1.551
0.741,1.329,4.876,1.103,3.324,-1.551
0.742,1.34,5.319,1.116,3.324,-1.994
0.735,1.344,5.319,1.125,3.324,-1.994
0.748,1.347,5.319,1.12,3.324,-1.994
0.754,1.376,5.319,1.151,3.324,-1.994
0.78,1.377,5.319,1.134,3.324,-1.994
0.783,1.376,5.319,1.131,3.324,-1.994
0.791,1.37,5.319,1.119,3.324,-1.994
0.833,1.4,5.445,1.125,3.451,-1.994
0.82,1.396,5.445,1.129,3.451,-1.994
0.835,1.404,5.445,1.129,3.451,-1.994
0.826,1.396,5.445,1.125,3.451,-1.994
0.828,1.401,5.445,1.13,3.451,-1.994
0.812,1.385,5.445,1.123,3.451,-1.994
0.833,1.397,5.445,1.122,3.451,-1.994
0.812,1.38,5.445,1.116,3.451,-1.994
0.82,1.392,5.445,1.125,3.451,-1.994
0.81,1.374,5.445,1.11,3.451,-1.994
0.808,1.379,5.445,1.117,3.451,-1.994
0.781,1.361,5.445,1.115,3.451,-1.994
0.795,1.37,5.445,1.116,3.451,-1.994
0.798,1.372,5.445,1.116,3.451,-1.994
0.828,1.389,5.445,1.115,3.451,-1.994
0.848,1.401,5.445,1.116,3.451,-1.994
0.854,1.406,5.445,1.117,3.451,-1.994
0.855,1.402,5.445,1.111,3.451,-1.994
0.878,1.402,5.445,1.094,3.451,-1.994
0.884,1.407,5.445,1.095,3.451,-1.994
0.861,1.392,5.445,1.094,3.451,-1.994
0.85,1.384,5.445,1.091,3.451,-1.994
0.86,1.384,5.445,1.084,3.451,-1.994
0.866,1.378,5.108,1.072,3.451,-1.657
0.888,1.4,5.108,1.082,3.451,-1.657
0.877,1.396,5.108,1.086,3.451,-1.657
0.842,1.355,5.213,1.062,3.451,-1.762
0.856,1.367,5.213,1.066,3.451,-1.762
0.859,1.376,5.213,1.075,3.451,-1.762
0.843,1.372,5.277,1.082,3.451,-1.826
0.82,1.347,5.192,1.069,3.367,-1.826
0.849,1.352,5.192,1.052,3.367,-1.826
0.866,1.366,5.234,1.057,3.367,-1.868
0.845,1.373,5.298,1.083,3.367,-1.931
0.852,1.382,5.298,1.088,3.367,-1.931
0.842,1.389,5.298,1.104,3.367,-1.931
0.816,1.381,5.298,1.114,3.367,-1.931
0.829,1.385,5.298,1.109,3.367,-1.931
0.813,1.365,5.298,1.096,3.367,-1.931
0.811,1.364,5.298,1.097,3.367,-1.931
0.813,1.367,5.466,1.099,3.367,-2.1
0.821,1.365,5.466,1.091,3.367,-2.1
0.803,1.343,5.466,1.077,3.367,-2.1
0.806,1.343,5.466,1.074,3.367,-2.1
0.811,1.336,5.466,1.062,3.367,-2.1
0.832,1.341,5.34,1.051,3.24,-2.1
0.834,1.333,5.108,1.04,3.008,-2.1
0.845,1.335,5.108,1.033,3.008,-2.1
0.84,1.323,5.108,1.022,3.008,-2.1
0.834,1.311,5.108,1.011,3.008,-2.1
0.853,1.318,5.108,1.005,3.008,-2.1
0.885,1.337,5.108,1.002,3.008,-2.1
0.881,1.329,5.108,0.994,3.008,-2.1
0.883,1.326,5.108,0.989,3.008,-2.1
0.856,1.295,5.108,0.972,3.008,-2.1
0.864,1.287,5.108,0.954,3.008,-2.1
0.866,1.278,5.108,0.94,3.008,-2.1
0.851,1.27,5.108,0.943,3.008,-2.1
0.841,1.256,5.108,0.933,3.008,-2.1
0.85,1.253,5.108,0.921,3.008,-2.1
0.84,1.239,5.108,0.912,3.008,-2.1
0.838,1.25,5.192,0.927,3.092,-2.1
0.816,1.228,5.192,0.918,3.092,-2.1
0.835,1.227,5.192,0.9,3.092,-2.1
0.832,1.22,5.192,0.892,3.092,-2.1
0.846,1.216,5.192,0.873,3.092,-2.1
0.855,1.211,5.192,0.857,3.092,-2.1
0.88,1.244,5.762,0.88,3.662,-2.1
0.874,1.241,5.762,0.881,3.662,-2.1
0.873,1.239,5.762,0.88,3.662,-2.1
0.882,1.233,5.15,0.861,3.662,-1.488
0.883,1.238,5.15,0.868,3.662,-1.488
0.889,1.243,5.15,0.87,3.662,-1.488
0.883,1.24,5.15,0.87,3.662,-1.488
0.878,1.244,5.15,0.881,3.662,-1.488
0.866,1.235,5.15,0.88,3.662,-1.488
0.865,1.225,5.15,0.868,3.662,-1.488
0.849,1.223,5.15,0.88,3.662,-1.488
0.859,1.233,5.15,0.884,3.662,-1.488
0.873,1.245,5.15,0.887,3.662,-1.488
0.855,1.241,5.15,0.899,3.662,-1.488
0.832,1.225,5.15,0.899,3.662,-1.488
0.84,1.225,5.15,0.891,3.662,-1.488
0.825,1.209,5.15,0.884,3.662,-1.488
0.835,1.225,4.728,0.896,3.662,-1.066
0.827,1.219,4.728,0.896,3.662,-1.066
0.839,1.228,4.728,0.897,3.662,-1.066
0.827,1.214,4.728,0.888,3.662,-1.066
0.842,1.226,4.728,0.891,3.662,-1.066
0.85,1.24,4.728,0.902,3.662,-1.066
0.858,1.247,4.728,0.905,3.662,-1.066
0.866,1.246,4.728,0.895,3.662,-1.066
0.873,1.247,4.728,0.89,3.662,-1.066
0.9,1.257,4.474,0.877,3.662,-0.812
0.917,1.275,4.474,0.886,3.662,-0.812
0.934,1.28,4.474,0.875,3.662,-0.812
0.949,1.281,4.474,0.86,3.662,-0.812
0.936,1.253,4.052,0.833,3.24,-0.812
0.936,1.251,4.052,0.83,3.24,-0.812
0.934,1.246,4.052,0.825,3.24,-0.812
0.915,1.239,5.277,0.836,3.24,-2.037
0.915,1.251,5.277,0.853,3.24,-2.037
0.923,1.253,5.277,0.847,3.24,-2.037
0.933,1.259,5.277,0.845,3.24,-2.037
0.925,1.246,5.277,0.834,3.24,-2.037
0.927,1.243,5.277,0.829,3.24,-2.037
0.919,1.242,5.277,0.836,3.24,-2.037
0.94,1.251,5.277,0.825,3.24,-2.037
0.925,1.247,5.277,0.836,3.24,-2.037
0.923,1.246,5.277,0.837,3.24,-2.037
0.923,1.239,5.277,0.827,3.24,-2.037
0.948,1.257,5.277,0.825,3.24,-2.037
0.954,1.259,5.277,0.821,3.24,-2.037
0.947,1.262,5.277,0.833,3.24,-2.037
0.923,1.246,5.277,0.837,3.24,-2.037
0.938,1.248,5.277,0.824,3.24,-2.037
0.945,1.245,5.277,0.81,3.24,-2.037
0.965,1.251,5.277,0.796,3.24,-2.037
0.96,1.24,5.277,0.785,3.24,-2.037
0.962,1.232,5.277,0.771,3.24,-2.037
0.964,1.233,5.277,0.769,3.24,-2.037
0.958,1.228,5.277,0.769,3.24,-2.037
0.98,1.242,5.277,0.763,3.24,-2.037
0.968,1.231,5.277,0.76,3.24,-2.037
0.955,1.211,4.517,0.746,2.48,-2.037
0.951,1.21,4.517,0.748,2.48,-2.037
0.949,1.212,4.517,0.754,2.48,-2.037
0.942,1.211,4.517,0.76,2.48,-2.037
0.941,1.211,4.517,0.762,2.48,-2.037
0.952,1.214,4.517,0.753,2.48,-2.037
0.956,1.211,4.137,0.742,2.48,-1.657
0.969,1.202,3.694,0.711,2.48,-1.213
0.964,1.199,3.694,0.712,2.48,-1.213
0.961,1.196,3.546,0.711,2.332,-1.213
0.966,1.2,3.546,0.712,2.332,-1.213
0.975,1.206,3.546,0.71,2.332,-1.213
0.963,1.198,3.546,0.714,2.332,-1.213
0.936,1.191,3.694,0.736,2.332,-1.361
0.957,1.196,3.694,0.717,2.332,-1.361
0.959,1.195,3.694,0.713,2.332,-1.361
0.971,1.201,3.799,0.706,2.438,-1.361
0.948,1.182,3.799,0.705,2.438,-1.361
0.942,1.179,3.799,0.708,2.438,-1.361
0.957,1.185,3.799,0.698,2.438,-1.361
0.99,1.193,3.799,0.667,2.438,-1.361
0.995,1.202,3.799,0.675,2.438,-1.361
0.991,1.205,3.799,0.685,2.438,-1.361
0.982,1.201,3.799,0.693,2.438,-1.361
0.984,1.208,3.799,0.7,2.438,-1.361
0.997,1.215,3.799,0.695,2.438,-1.361
1.011,1.224,3.799,0.689,2.438,-1.361
1.007,1.219,3.799,0.688,2.438,-1.361
0.997,1.216,3.799,0.696,2.438,-1.361
0.98,1.205,3.799,0.701,2.438,-1.361
0.984,1.208,3.799,0.702,2.438,-1.361
0.989,1.212,3.799,0.701,2.438,-1.361
0.989,1.212,3.799,0.701,2.438,-1.361
0.98,1.215,3.799,0.719,2.438,-1.361
0.985,1.221,3.799,0.721,2.438,-1.361
0.979,1.218,3.799,0.725,2.438,-1.361
0.97,1.208,3.799,0.72,2.438,-1.361
0.95,1.201,3.799,0.736,2.438,-1.361
0.921,1.186,3.799,0.746,2.438,-1.361
0.919,1.189,3.799,0.754,2.438,-1.361
0.901,1.173,3.799,0.751,2.438,-1.361
0.881,1.165,3.799,0.762,2.438,-1.361
0.883,1.166,3.799,0.761,2.438,-1.361
0.889,1.164,3.546,0.752,2.438,-1.108
0.871,1.171,4.749,0.782,2.438,-2.311
0.852,1.177,4.854,0.812,2.438,-2.417
0.834,1.193,5.889,0.853,3.134,-2.754
0.835,1.2,5.889,0.862,3.134,-2.754
0.846,1.21,5.889,0.866,3.134,-2.754
0.862,1.225,5.889,0.869,3.134,-2.754
0.847,1.22,5.889,0.878,3.134,-2.754
0.832,1.215,5.889,0.885,3.134,-2.754
0.809,1.21,5.889,0.9,3.134,-2.754
0.815,1.214,5.889,0.9,3.134,-2.754
0.79,1.201,5.889,0.905,3.134,-2.754
0.777,1.192,5.889,0.904,3.134,-2.754
0.774,1.188,5.889,0.901,3.134,-2.754
0.758,1.177,5.889,0.9,3.134,-2.754
0.747,1.179,5.889,0.912,3.134,-2.754
0.73,1.182,5.889,0.93,3.134,-2.754
0.721,1.18,5.889,0.934,3.134,-2.754
0.702,1.172,5.889,0.939,3.134,-2.754
0.696,1.163,5.889,0.932,3.134,-2.754
0.709,1.167,5.889,0.927,3.134,-2.754
0.706,1.162,5.889,0.923,3.134,-2.754
0.71,1.165,5.889,0.924,3.134,-2.754
0.721,1.172,5.889,0.924,3.134,-2.754
0.714,1.172,5.889,0.928,3.134,-2.754
0.729,1.18,5.889,0.928,3.134,-2.754
0.707,1.177,5.889,0.941,3.134,-2.754
0.695,1.2,5.889,0.979,3.134,-2.754
0.691,1.199,5.889,0.98,3.134,-2.754
0.688,1.193,5.889,0.975,3.134,-2.754
0.681,1.186,5.889,0.971,3.134,-2.754
0.674,1.169,5.889,0.955,3.134,-2.754
0.668,1.15,5.889,0.936,3.134,-2.754
0.671,1.121,4.791,0.898,2.269,-2.522
0.648,1.111,4.791,0.902,2.269,-2.522
0.618,1.102,4.918,0.913,2.269,-2.649
0.583,1.077,4.812,0.906,2.163,-2.649
0.589,1.079,4.812,0.904,2.163,-2.649
0.581,1.068,4.812,0.896,2.163,-2.649
0.552,1.063,4.812,0.908,2.163,-2.649
0.507,1.063,4.812,0.934,2.163,-2.649
0.518,1.067,4.812,0.932,2.163,-2.649
0.504,1.067,4.812,0.94,2.163,-2.649
0.494,1.07,5.065,0.95,2.417,-2.649
0.467,1.092,5.298,0.987,2.649,-2.649
0.437,1.073,5.298,0.98,2.649,-2.649
0.397,1.086,5.298,1.011,2.649,-2.649
0.402,1.107,5.298,1.032,2.649,-2.649
0.404,1.118,5.298,1.042,2.649,-2.649
0.396,1.129,5.298,1.057,2.649,-2.649
0.35,1.127,5.298,1.072,2.649,-2.649
0.331,1.12,5.298,1.07,2.649,-2.649
0.292,1.108,5.298,1.069,2.649,-2.649
0.257,1.113,5.298,1.083,2.649,-2.649
0.273,1.12,5.298,1.086,2.649,-2.649
0.258,1.123,5.298,1.093,2.649,-2.649
0.264,1.117,5.298,1.086,2.649,-2.649
0.294,1.111,5.298,1.071,2.649,-2.649
0.299,1.108,5.298,1.067,2.649,-2.649
0.262,1.131,5.298,1.1,2.649,-2.649
0.257,1.15,5.298,1.121,2.649,-2.649
0.253,1.147,5.298,1.119,2.649,-2.649
0.235,1.15,5.298,1.126,2.649,-2.649
0.231,1.155,5.298,1.131,2.649,-2.649
0.224,1.16,5.298,1.138,2.649,-2.649
0.226,1.164,5.298,1.142,2.649,-2.649
0.24,1.171,5.298,1.146,2.649,-2.649
0.222,1.159,5.298,1.137,2.649,-2.649
0.23,1.175,5.298,1.152,2.649,-2.649
0.264,1.175,5.298,1.145,2.649,-2.649
0.266,1.166,5.298,1.135,2.649,-2.649
0.263,1.169,5.298,1.139,2.649,-2.649
0.248,1.177,5.298,1.15,2.649,-2.649
0.228,1.164,5.298,1.142,2.649,-2.649
0.247,1.136,5.129,1.109,2.48,-2.649
0.255,1.137,5.129,1.108,2.48,-2.649
0.289,1.131,5.129,1.094,2.48,-2.649
0.271,1.102,5.129,1.068,2.48,-2.649
0.247,1.083,5.129,1.055,2.48,-2.649
0.238,1.069,5.087,1.042,2.438,-2.649
0.262,1.051,5.087,1.018,2.438,-2.649
0.255,1.049,5.087,1.018,2.438,-2.649
0.261,1.064,5.087,1.032,2.438,-2.649
0.283,1.068,5.087,1.029,2.438,-2.649
0.246,1.058,5.108,1.029,2.438,-2.67
0.231,1.065,5.023,1.04,2.016,-3.007
0.243,1.062,5.023,1.034,2.016,-3.007
0.203,1.044,5.023,1.024,2.016,-3.007
0.198,1.048,5.023,1.029,2.016,-3.007
0.218,1.039,5.023,1.016,2.016,-3.007
0.208,1.008,5.023,0.987,2.016,-3.007
0.206,1.003,5.023,0.981,2.016,-3.007
0.228,0.997,5.002,0.97,1.995,-3.007
0.213,1.014,5.023,0.991,1.995,-3.029
0.222,1.009,5.023,0.984,1.995,-3.029
0.211,0.996,5.023,0.974,1.995,-3.029
0.195,0.988,5.023,0.969,1.995,-3.029
0.195,0.989,5.023,0.97,1.995,-3.029
0.183,0.97,4.897,0.952,1.868,-3.029
0.167,0.967,4.897,0.952,1.868,-3.029
0.176,0.976,4.897,0.96,1.868,-3.029
0.163,0.974,4.897,0.96,1.868,-3.029
0.163,0.97,4.96,0.956,1.868,-3.092
0.157,0.97,4.96,0.957,1.868,-3.092
0.156,0.983,4.96,0.971,1.868,-3.092
0.185,0.987,4.96,0.969,1.868,-3.092
0.2,0.967,4.96,0.946,1.868,-3.092
0.194,0.968,4.96,0.948,1.868,-3.092
0.2,0.963,4.96,0.942,1.868,-3.092
0.186,0.973,4.96,0.955,1.868,-3.092
0.191,0.969,4.96,0.95,1.868,-3.092
0.185,0.962,4.96,0.944,1.868,-3.092
0.165,0.948,4.96,0.934,1.868,-3.092
0.125,0.948,4.728,0.939,1.636,-3.092
0.111,0.946,4.728,0.939,1.636,-3.092
0.106,0.94,4.728,0.933,1.636,-3.092
0.08,0.937,4.728,0.934,1.636,-3.092
0.096,0.93,4.728,0.925,1.636,-3.092
0.097,0.918,4.622,0.913,1.53,-3.092
0.095,0.914,4.622,0.909,1.53,-3.092
0.087,0.92,4.622,0.916,1.53,-3.092
0.086,0.926,4.622,0.922,1.53,-3.092
0.067,0.926,4.622,0.923,1.53,-3.092
0.065,0.9,4.622,0.898,1.53,-3.092
0.063,0.887,4.622,0.885,1.53,-3.092
0.053,0.897,4.622,0.895,1.53,-3.092
0.04,0.895,4.622,0.894,1.53,-3.092
0.03,0.894,4.622,0.893,1.53,-3.092
0.039,0.89,4.622,0.889,1.53,-3.092
0.045,0.887,4.622,0.886,1.53,-3.092
0.038,0.882,4.622,0.881,1.53,-3.092
0.044,0.877,4.622,0.876,1.53,-3.092
0.053,0.866,4.517,0.865,1.53,-2.986
0.045,0.858,4.517,0.857,1.53,-2.986
0.029,0.844,4.517,0.843,1.53,-2.986
-0.002,0.848,4.517,0.848,1.53,-2.986
-0.035,0.866,4.496,0.865,1.509,-2.986
-0.054,0.867,4.496,0.865,1.509,-2.986
-0.063,0.884,4.496,0.882,1.509,-2.986
-0.056,0.88,4.496,0.878,1.509,-2.986
-0.103,0.915,4.496,0.91,1.509,-2.986
-0.106,0.918,4.496,0.912,1.509,-2.986
-0.082,0.911,4.496,0.907,1.509,-2.986
-0.069,0.9,4.348,0.897,1.509,-2.839
-0.059,0.898,4.348,0.896,1.509,-2.839
-0.055,0.885,4.348,0.884,1.509,-2.839
-0.073,0.885,4.348,0.882,1.509,-2.839
-0.083,0.882,4.348,0.879,1.509,-2.839
-0.099,0.874,4.348,0.868,1.509,-2.839
-0.096,0.854,4.137,0.849,1.509,-2.628
-0.103,0.851,4.137,0.845,1.509,-2.628
-0.125,0.859,4.137,0.85,1.509,-2.628
-0.124,0.849,4.137,0.84,1.509,-2.628
-0.129,0.838,4.137,0.828,1.509,-2.628
-0.14,0.838,4.137,0.827,1.509,-2.628
-0.134,0.82,4.137,0.808,1.509,-2.628
-0.138,0.818,4.137,0.806,1.509,-2.628
-0.148,0.811,4.137,0.798,1.509,-2.628
-0.181,0.813,4.137,0.792,1.509,-2.628
-0.207,0.833,4.306,0.807,1.509,-2.796
-0.217,0.82,4.306,0.791,1.509,-2.796
-0.232,0.813,4.306,0.779,1.509,-2.796
-0.254,0.809,4.306,0.768,1.509,-2.796
-0.266,0.811,4.306,0.766,1.509,-2.796
-0.276,0.812,4.306,0.764,1.509,-2.796
-0.292,0.797,4.306,0.742,1.509,-2.796
-0.281,0.769,4.306,0.716,1.509,-2.796
-0.276,0.756,4.306,0.704,1.509,-2.796
-0.275,0.731,4.306,0.677,1.509,-2.796
-0.285,0.71,3.905,0.651,1.108,-2.796
-0.262,0.665,3.905,0.611,1.108,-2.796
-0.267,0.667,4.285,0.611,1.488,-2.796
-0.274,0.666,4.285,0.607,1.488,-2.796
-0.28,0.654,4.285,0.591,1.488,-2.796
-0.277,0.645,4.285,0.583,1.488,-2.796
-0.279,0.634,4.285,0.57,1.488,-2.796
-0.269,0.619,4.285,0.558,1.488,-2.796
-0.28,0.619,4.285,0.552,1.488,-2.796
-0.28,0.621,4.285,0.555,1.488,-2.796
-0.281,0.626,4.285,0.559,1.488,-2.796
-0.274,0.614,4.285,0.549,1.488,-2.796
-0.26,0.592,4.285,0.532,1.488,-2.796
-0.262,0.595,4.285,0.534,1.488,-2.796
-0.262,0.589,4.285,0.527,1.488,-2.796
-0.256,0.581,4.285,0.522,1.488,-2.796
-0.249,0.577,4.285,0.521,1.488,-2.796
-0.247,0.571,4.285,0.515,1.488,-2.796
-0.249,0.58,4.285,0.524,1.488,-2.796
-0.238,0.566,4.285,0.514,1.488,-2.796
-0.221,0.538,3.694,0.491,1.488,-2.205
-0.219,0.547,3.862,0.501,1.488,-2.374
-0.218,0.553,3.862,0.508,1.488,-2.374
-0.217,0.552,3.862,0.508,1.488,-2.374
-0.202,0.541,3.862,0.502,1.488,-2.374
-0.192,0.537,3.862,0.502,1.488,-2.374
-0.169,0.527,3.862,0.499,1.488,-2.374
-0.173,0.54,3.862,0.511,1.488,-2.374
-0.166,0.546,3.862,0.52,1.488,-2.374
-0.174,0.546,3.862,0.517,1.488,-2.374
-0.165,0.546,3.862,0.52,1.488,-2.374
-0.159,0.537,3.862,0.513,1.488,-2.374
-0.155,0.525,3.778,0.502,1.404,-2.374
-0.171,0.533,3.293,0.504,0.918,-2.374
-0.152,0.524,3.293,0.501,0.918,-2.374
-0.145,0.509,3.293,0.488,0.918,-2.374
-0.14,0.509,3.293,0.49,0.918,-2.374
-0.139,0.519,3.293,0.5,0.918,-2.374
-0.143,0.534,3.293,0.515,0.918,-2.374
-0.148,0.539,3.293,0.519,0.918,-2.374
-0.158,0.533,3.293,0.509,0.918,-2.374
-0.154,0.532,3.293,0.509,0.918,-2.374
-0.161,0.534,3.293,0.509,0.918,-2.374
-0.155,0.531,3.293,0.507,0.918,-2.374
-0.159,0.544,3.293,0.52,0.918,-2.374
-0.183,0.572,3.293,0.542,0.918,-2.374
-0.192,0.578,3.293,0.545,0.918,-2.374
-0.187,0.574,3.293,0.542,0.918,-2.374
-0.174,0.578,3.293,0.551,0.918,-2.374
-0.182,0.589,3.293,0.56,0.918,-2.374
-0.173,0.577,3.293,0.55,0.918,-2.374
-0.176,0.593,4.285,0.566,0.918,-3.366
-0.174,0.588,4.285,0.562,0.918,-3.366
-0.162,0.582,4.686,0.559,1.319,-3.366
-0.18,0.604,4.686,0.577,1.319,-3.366
-0.188,0.625,4.686,0.596,1.319,-3.366
-0.203,0.64,4.686,0.607,1.319,-3.366
-0.197,0.629,4.686,0.597,1.319,-3.366
-0.206,0.623,4.686,0.588,1.319,-3.366
-0.199,0.619,4.686,0.586,1.319,-3.366
-0.217,0.63,4.686,0.591,1.319,-3.366
-0.224,0.631,4.686,0.59,1.319,-3.366
-0.226,0.63,4.686,0.588,1.319,-3.366
-0.213,0.616,4.686,0.578,1.319,-3.366
-0.226,0.621,4.686,0.579,1.319,-3.366
-0.225,0.623,4.686,0.581,1.319,-3.366
-0.224,0.627,4.686,0.586,1.319,-3.366
-0.219,0.624,4.686,0.584,1.319,-3.366
-0.223,0.625,4.686,0.584,1.319,-3.366
-0.213,0.62,4.686,0.583,1.319,-3.366
-0.218,0.623,4.686,0.584,1.319,-3.366
-0.231,0.626,4.686,0.582,1.319,-3.366
-0.231,0.627,4.686,0.583,1.319,-3.366
-0.242,0.626,4.686,0.578,1.319,-3.366
-0.247,0.623,4.686,0.572,1.319,-3.366
-0.236,0.615,4.686,0.568,1.319,-3.366
-0.243,0.625,4.686,0.576,1.319,-3.366
-0.259,0.649,4.686,0.595,1.319,-3.366
-0.271,0.645,4.686,0.585,1.319,-3.366
-0.275,0.644,4.686,0.583,1.319,-3.366
-0.28,0.657,4.686,0.594,1.319,-3.366
-0.285,0.649,4.58,0.584,1.319,-3.261
-0.283,0.658,4.58,0.594,1.319,-3.261
-0.307,0.701,4.559,0.63,1.298,-3.261
-0.29,0.696,4.559,0.633,1.298,-3.261
-0.279,0.688,3.461,0.629,1.298,-2.163
-0.277,0.687,3.461,0.629,1.298,-2.163
-0.278,0.7,3.461,0.643,1.298,-2.163
-0.27,0.701,3.461,0.646,1.298,-2.163
-0.266,0.708,3.461,0.656,1.298,-2.163
-0.261,0.73,3.567,0.682,1.404,-2.163
-0.259,0.748,3.567,0.702,1.404,-2.163
-0.27,0.762,3.567,0.712,1.404,-2.163
-0.29,0.795,3.841,0.74,1.404,-2.438
-0.29,0.805,3.841,0.752,1.404,-2.438
-0.29,0.83,3.862,0.778,1.404,-2.459
-0.306,0.851,3.862,0.794,1.404,-2.459
-0.293,0.859,3.862,0.807,1.404,-2.459
-0.281,0.861,3.862,0.813,1.404,-2.459
-0.272,0.875,4.348,0.832,1.889,-2.459
-0.259,0.891,4.348,0.853,1.889,-2.459
-0.243,0.911,4.411,0.878,1.952,-2.459
-0.234,0.914,4.411,0.884,1.952,-2.459
-0.238,0.934,4.411,0.903,1.952,-2.459
-0.244,0.953,4.411,0.922,1.952,-2.459
-0.251,0.958,4.411,0.925,1.952,-2.459
-0.231,0.951,4.411,0.923,1.952,-2.459
-0.206,0.947,4.411,0.924,1.952,-2.459
-0.2,0.949,4.411,0.928,1.952,-2.459
-0.203,0.966,4.411,0.945,1.952,-2.459
-0.189,0.966,4.411,0.947,1.952,-2.459
-0.164,0.966,4.411,0.952,1.952,-2.459
-0.152,0.97,4.411,0.958,1.952,-2.459
-0.137,0.949,4.411,0.939,1.952,-2.459
-0.129,0.946,4.411,0.937,1.952,-2.459
-0.124,0.951,4.411,0.943,1.952,-2.459
-0.115,0.953,4.411,0.946,1.952,-2.459
-0.128,0.964,4.411,0.955,1.952,-2.459
-0.159,0.996,4.411,0.983,1.952,-2.459
-0.149,0.998,4.411,0.987,1.952,-2.459
-0.167,1.004,4.411,0.99,1.952,-2.459
-0.153,1.0,4.411,0.989,1.952,-2.459
-0.16,1.016,4.411,1.004,1.952,-2.459
-0.144,1.006,4.538,0.996,1.952,-2.585
-0.13,1.012,4.538,1.003,1.952,-2.585
-0.123,1.007,4.538,1.0,1.952,-2.585
-0.096,0.994,4.538,0.989,1.952,-2.585
-0.101,0.997,4.538,0.992,1.952,-2.585
-0.103,0.994,4.538,0.989,1.952,-2.585
-0.119,0.987,4.538,0.98,1.952,-2.585
-0.11,0.971,4.538,0.965,1.952,-2.585
-0.126,0.97,4.242,0.961,1.657,-2.585
-0.122,0.97,4.242,0.962,1.657,-2.585
-0.121,0.959,4.242,0.952,1.657,-2.585
-0.13,0.957,4.242,0.948,1.657,-2.585
-0.114,0.943,4.242,0.936,1.657,-2.585
-0.146,0.965,4.242,0.954,1.657,-2.585
-0.163,0.959,4.242,0.945,1.657,-2.585
-0.17,0.961,4.242,0.946,1.657,-2.585
-0.159,0.942,4.242,0.928,1.657,-2.585
-0.165,0.946,4.242,0.931,1.657,-2.585
-0.184,0.939,4.095,0.921,1.509,-2.585
-0.231,0.982,5.065,0.954,1.509,-3.556
-0.224,0.977,5.065,0.951,1.509,-3.556
-0.22,0.973,5.065,0.948,1.509,-3.556
-0.243,0.978,5.065,0.948,1.509,-3.556
-0.266,1.003,5.065,0.967,1.509,-3.556
-0.276,1.012,5.065,0.974,1.509,-3.556
-0.264,0.999,5.065,0.963,1.509,-3.556
-0.282,0.998,5.065,0.957,1.509,-3.556
-0.268,0.982,5.065,0.944,1.509,-3.556
-0.277,0.988,5.065,0.948,1.509,-3.556
-0.259,0.978,5.065,0.943,1.509,-3.556
-0.274,0.988,5.065,0.95,1.509,-3.556
-0.299,1.0,5.002,0.954,1.446,-3.556
-0.314,0.99,5.002,0.939,1.446,-3.556
-0.327,0.993,5.002,0.938,1.446,-3.556
-0.345,0.987,5.002,0.925,1.446,-3.556
-0.339,0.986,5.002,0.926,1.446,-3.556
-0.365,1.003,5.002,0.934,1.446,-3.556
-0.38,1.018,5.002,0.945,1.446,-3.556
-0.377,1.013,5.002,0.94,1.446,-3.556
-0.387,1.02,5.002,0.944,1.446,-3.556
-0.388,1.023,5.002,0.947,1.446,-3.556
-0.382,1.025,5.002,0.951,1.446,-3.556
-0.399,1.044,5.002,0.965,1.446,-3.556
-0.374,1.035,5.002,0.965,1.446,-3.556
-0.374,1.041,5.002,0.971,1.446,-3.556
-0.371,1.034,5.002,0.965,1.446,-3.556
-0.369,1.031,5.002,0.963,1.446,-3.556
-0.397,1.035,5.002,0.955,1.446,-3.556
-0.412,1.051,5.002,0.967,1.446,-3.556
-0.376,1.018,4.221,0.946,1.446,-2.775
-0.373,1.032,4.221,0.963,1.446,-2.775
-0.371,1.031,4.221,0.961,1.446,-2.775
-0.365,1.027,4.221,0.96,1.446,-2.775
-0.347,1.009,4.221,0.947,1.446,-2.775
-0.303,0.992,4.221,0.945,1.446,-2.775
-0.266,0.981,3.989,0.945,1.446,-2.543
-0.267,0.987,3.989,0.95,1.446,-2.543
-0.246,0.984,3.989,0.953,1.446,-2.543
-0.235,0.975,4.242,0.946,1.699,-2.543
-0.23,0.979,4.643,0.951,2.1,-2.543
-0.214,0.977,4.643,0.954,2.1,-2.543
-0.219,0.976,4.411,0.951,2.1,-2.311
-0.228,0.984,4.411,0.957,2.1,-2.311
-0.232,0.993,4.411,0.966,2.1,-2.311
-0.236,1.009,4.411,0.981,2.1,-2.311
-0.244,1.011,4.411,0.981,2.1,-2.311
-0.21,1.003,4.411,0.981,2.1,-2.311
-0.196,0.997,4.517,0.977,2.206,-2.311
-0.183,1.0,4.517,0.983,2.206,-2.311
-0.19,1.009,4.812,0.991,2.206,-2.606
-0.193,1.013,4.812,0.994,2.206,-2.606
-0.176,1.017,4.812,1.001,2.206,-2.606
-0.17,1.013,4.812,0.998,2.206,-2.606
-0.178,1.023,4.812,1.007,2.206,-2.606
-0.185,1.031,4.812,1.014,2.206,-2.606
-0.172,1.048,4.812,1.033,2.206,-2.606
-0.174,1.06,4.812,1.046,2.206,-2.606
-0.152,1.062,4.812,1.051,2.206,-2.606
-0.125,1.048,4.812,1.04,2.206,-2.606
-0.131,1.051,4.812,1.043,2.206,-2.606
-0.156,1.051,4.812,1.039,2.206,-2.606
-0.167,1.061,4.812,1.048,2.206,-2.606
-0.17,1.068,4.812,1.055,2.206,-2.606
-0.178,1.066,4.812,1.051,2.206,-2.606
-0.184,1.078,4.812,1.062,2.206,-2.606
-0.224,1.1,4.812,1.077,2.206,-2.606
-0.225,1.1,4.812,1.076,2.206,-2.606
-0.246,1.107,4.812,1.08,2.206,-2.606
-0.257,1.106,4.812,1.076,2.206,-2.606
-0.264,1.098,4.812,1.066,2.206,-2.606
-0.247,1.082,4.812,1.054,2.206,-2.606
-0.203,1.07,4.812,1.051,2.206,-2.606
-0.207,1.07,4.812,1.05,2.206,-2.606
-0.206,1.068,4.812,1.048,2.206,-2.606
-0.19,1.059,4.812,1.042,2.206,-2.606
-0.187,1.066,4.812,1.05,2.206,-2.606
-0.206,1.066,4.812,1.046,2.206,-2.606
-0.207,1.062,4.601,1.041,1.995,-2.606
-0.206,1.059,4.601,1.038,1.995,-2.606
-0.177,1.051,4.369,1.036,1.995,-2.374
-0.17,1.052,4.369,1.039,1.995,-2.374
-0.146,1.036,4.369,1.026,1.995,-2.374
-0.146,1.037,4.369,1.027,1.995,-2.374
-0.137,1.024,4.369,1.015,1.995,-2.374
-0.138,1.02,4.369,1.011,1.995,-2.374
-0.148,1.009,4.369,0.998,1.995,-2.374
-0.176,1.028,4.369,1.013,1.995,-2.374
-0.176,1.015,4.369,1.0,1.995,-2.374
-0.173,1.007,4.369,0.992,1.995,-2.374
-0.171,0.988,4.369,0.973,1.995,-2.374
-0.151,0.975,4.369,0.963,1.995,-2.374
-0.139,0.972,4.369,0.962,1.995,-2.374
-0.119,0.95,4.369,0.942,1.995,-2.374
-0.103,0.941,4.369,0.935,1.995,-2.374
-0.126,0.933,4.242,0.925,1.868,-2.374
-0.1,0.905,4.242,0.899,1.868,-2.374
-0.089,0.9,4.242,0.895,1.868,-2.374
-0.074,0.881,4.137,0.878,1.868,-2.269
-0.051,0.878,4.137,0.876,1.868,-2.269
-0.03,0.876,4.137,0.875,1.868,-2.269
-0.044,0.875,4.137,0.874,1.868,-2.269
-0.079,0.877,4.327,0.874,1.868,-2.459
-0.057,0.862,4.327,0.86,1.868,-2.459
-0.054,0.846,4.327,0.844,1.868,-2.459
-0.057,0.839,4.327,0.837,1.868,-2.459
-0.049,0.82,4.327,0.819,1.868,-2.459
-0.034,0.81,4.327,0.81,1.868,-2.459
-0.045,0.813,4.158,0.812,1.699,-2.459
-0.043,0.802,4.158,0.801,1.699,-2.459
-0.057,0.786,4.158,0.784,1.699,-2.459
-0.075,0.795,4.158,0.792,1.699,-2.459
-0.096,0.784,4.158,0.778,1.699,-2.459
-0.088,0.766,4.158,0.761,1.699,-2.459
-0.1,0.775,4.158,0.768,1.699,-2.459
-0.079,0.756,4.158,0.752,1.699,-2.459
-0.072,0.752,4.158,0.748,1.699,-2.459
-0.041,0.716,4.158,0.715,1.699,-2.459
-0.06,0.747,4.158,0.744,1.699,-2.459
-0.067,0.752,4.158,0.749,1.699,-2.459
-0.056,0.757,4.158,0.755,1.699,-2.459
-0.055,0.757,4.158,0.755,1.699,-2.459
-0.077,0.76,4.158,0.756,1.699,-2.459
-0.095,0.768,4.158,0.762,1.699,-2.459
-0.082,0.766,4.158,0.762,1.699,-2.459
-0.074,0.756,4.158,0.752,1.699,-2.459
-0.082,0.762,4.158,0.757,1.699,-2.459
-0.073,0.775,4.77,0.772,2.311,-2.459
-0.072,0.774,4.77,0.771,2.311,-2.459
-0.097,0.773,4.77,0.766,2.311,-2.459
-0.112,0.765,4.77,0.757,2.311,-2.459
-0.11,0.766,4.77,0.758,2.311,-2.459
-0.094,0.76,4.664,0.754,2.311,-2.353
-0.094,0.777,4.981,0.771,2.311,-2.67
-0.096,0.781,4.981,0.775,2.311,-2.67
-0.092,0.77,4.981,0.764,2.311,-2.67
-0.096,0.771,4.981,0.765,2.311,-2.67
-0.089,0.766,4.981,0.76,2.311,-2.67
-0.11,0.781,4.981,0.773,2.311,-2.67
-0.122,0.779,4.981,0.769,2.311,-2.67
-0.14,0.784,4.981,0.771,2.311,-2.67
-0.13,0.759,4.981,0.748,2.311,-2.67
-0.147,0.771,4.981,0.757,2.311,-2.67
-0.16,0.783,4.981,0.766,2.311,-2.67
-0.152,0.766,4.981,0.75,2.311,-2.67
-0.161,0.766,4.981,0.748,2.311,-2.67
-0.162,0.762,4.981,0.744,2.311,-2.67
-0.163,0.758,4.981,0.74,2.311,-2.67
-0.158,0.742,4.981,0.725,2.311,-2.67
-0.15,0.735,4.981,0.719,2.311,-2.67
-0.153,0.725,4.981,0.709,2.311,-2.67
-0.188,0.763,4.981,0.739,2.311,-2.67
-0.204,0.777,5.213,0.75,2.311,-2.902
-0.203,0.776,5.213,0.749,2.311,-2.902
-0.232,0.778,5.213,0.743,2.311,-2.902
-0.228,0.764,5.213,0.73,2.311,-2.902
-0.235,0.759,5.213,0.721,2.311,-2.902
-0.25,0.74,4.39,0.696,1.488,-2.902
-0.263,0.752,4.39,0.704,1.488,-2.902
-0.249,0.758,4.39,0.716,1.488,-2.902
-0.262,0.77,4.39,0.724,1.488,-2.902
-0.287,0.789,4.39,0.735,1.488,-2.902
-0.302,0.786,4.39,0.725,1.488,-2.902
-0.32,0.787,4.39,0.719,1.488,-2.902
-0.333,0.795,4.179,0.722,1.277,-2.902
-0.354,0.81,4.179,0.728,1.277,-2.902
-0.391,0.855,4.179,0.76,1.277,-2.902
-0.418,0.871,4.179,0.764,1.277,-2.902
-0.406,0.858,4.179,0.756,1.277,-2.902
-0.42,0.869,4.179,0.761,1.277,-2.902
-0.407,0.874,4.179,0.773,1.277,-2.902
-0.402,0.887,4.179,0.791,1.277,-2.902
-0.396,0.892,4.179,0.8,1.277,-2.902
-0.381,0.878,4.179,0.79,1.277,-2.902
-0.395,0.895,4.179,0.803,1.277,-2.902
-0.415,0.913,4.179,0.813,1.277,-2.902
-0.433,0.926,4.179,0.819,1.277,-2.902
-0.465,0.953,4.179,0.832,1.277,-2.902
-0.48,0.962,4.179,0.833,1.277,-2.902
-0.528,1.01,4.221,0.861,1.277,-2.944
-0.535,1.02,4.221,0.868,1.277,-2.944
-0.514,0.995,4.221,0.852,1.277,-2.944
-0.508,0.985,4.221,0.844,1.277,-2.944
-0.517,0.988,4.221,0.842,1.277,-2.944
-0.521,1.0,4.221,0.853,1.277,-2.944
-0.549,1.023,4.221,0.864,1.277,-2.944
-0.545,1.023,4.221,0.866,1.277,-2.944
-0.571,1.046,4.242,0.876,1.277,-2.965
-0.571,1.045,4.242,0.876,1.277,-2.965
-0.6,1.052,4.221,0.865,1.256,-2.965
-0.598,1.047,4.221,0.86,1.256,-2.965
-0.585,1.04,4.221,0.861,1.256,-2.965
-0.588,1.042,4.221,0.86,1.256,-2.965
-0.582,1.045,4.306,0.868,1.34,-2.965
-0.574,1.045,4.306,0.873,1.34,-2.965
-0.57,1.058,4.306,0.891,1.34,-2.965
-0.546,1.033,4.306,0.876,1.34,-2.965
-0.552,1.037,4.306,0.878,1.34,-2.965
-0.555,1.045,4.306,0.885,1.34,-2.965
-0.539,1.043,4.306,0.893,1.34,-2.965
-0.558,1.057,4.306,0.897,1.34,-2.965
-0.554,1.048,4.306,0.889,1.34,-2.965
-0.552,1.047,4.306,0.889,1.34,-2.965
-0.584,1.072,4.306,0.898,1.34,-2.965
-0.579,1.07,4.306,0.9,1.34,-2.965
-0.57,1.071,4.306,0.907,1.34,-2.965
-0.573,1.068,4.306,0.901,1.34,-2.965
-0.552,1.058,4.306,0.903,1.34,-2.965
-0.563,1.071,4.686,0.911,1.34,-3.345
-0.543,1.038,4.686,0.885,1.34,-3.345
-0.547,1.042,4.686,0.887,1.34,-3.345
-0.543,1.044,4.686,0.892,1.34,-3.345
-0.563,1.07,4.686,0.91,1.34,-3.345
-0.562,1.077,4.686,0.919,1.34,-3.345
-0.542,1.064,4.686,0.916,1.34,-3.345
-0.515,1.048,4.686,0.912,1.34,-3.345
-0.518,1.053,4.686,0.917,1.34,-3.345
-0.493,1.04,4.686,0.915,1.34,-3.345
-0.515,1.056,4.686,0.922,1.34,-3.345
-0.49,1.047,4.686,0.925,1.34,-3.345
-0.491,1.046,4.686,0.924,1.34,-3.345
-0.497,1.055,4.686,0.931,1.34,-3.345
-0.478,1.048,4.686,0.932,1.34,-3.345
-0.48,1.043,4.474,0.926,1.129,-3.345
-0.508,1.068,4.474,0.94,1.129,-3.345
-0.505,1.051,4.474,0.922,1.129,-3.345
-0.496,1.057,4.496,0.933,1.15,-3.345
-0.497,1.067,4.496,0.944,1.15,-3.345
-0.491,1.057,4.496,0.936,1.15,-3.345
-0.496,1.054,4.496,0.931,1.15,-3.345
-0.497,1.058,4.496,0.934,1.15,-3.345
-0.498,1.054,4.496,0.928,1.15,-3.345
-0.497,1.052,4.496,0.927,1.15,-3.345
-0.477,1.034,4.496,0.918,1.15,-3.345
-0.459,1.019,4.686,0.91,1.34,-3.345
-0.456,1.012,4.686,0.904,1.34,-3.345
-0.445,1.02,4.686,0.917,1.34,-3.345
-0.452,1.033,4.686,0.929,1.34,-3.345
-0.429,1.01,4.2,0.914,1.34,-2.86
-0.432,1.019,4.2,0.922,1.34,-2.86
-0.437,1.015,4.2,0.916,1.34,-2.86
-0.451,1.025,4.2,0.921,1.34,-2.86
-0.431,1.0,4.2,0.903,1.34,-2.86
-0.431,0.993,4.2,0.895,1.34,-2.86
-0.442,1.005,4.2,0.902,1.34,-2.86
-0.451,1.009,4.2,0.903,1.34,-2.86
-0.484,1.034,4.2,0.913,1.34,-2.86
-0.479,1.026,4.2,0.907,1.34,-2.86
-0.456,1.008,4.2,0.899,1.34,-2.86
-0.478,1.022,4.2,0.903,1.34,-2.86
-0.477,1.03,4.2,0.913,1.34,-2.86
-0.483,1.028,4.2,0.908,1.34,-2.86
-0.495,1.036,4.2,0.909,1.34,-2.86
-0.509,1.049,4.2,0.917,1.34,-2.86
-0.484,1.022,4.2,0.9,1.34,-2.86
-0.483,1.023,4.2,0.902,1.34,-2.86
-0.49,1.022,4.2,0.897,1.34,-2.86
-0.475,1.001,4.2,0.882,1.34,-2.86
-0.479,1.007,4.2,0.886,1.34,-2.86
-0.483,1.017,4.2,0.894,1.34,-2.86
-0.479,1.007,4.2,0.886,1.34,-2.86
-0.488,1.018,4.2,0.893,1.34,-2.86
-0.504,1.035,4.2,0.904,1.34,-2.86
-0.504,1.039,4.2,0.909,1.34,-2.86
-0.538,1.06,4.073,0.914,1.214,-2.86
-0.535,1.06,4.073,0.915,1.214,-2.86
-0.551,1.062,4.073,0.908,1.214,-2.86
-0.552,1.044,4.073,0.886,1.214,-2.86
-0.553,1.049,4.073,0.892,1.214,-2.86
-0.558,1.059,4.073,0.9,1.214,-2.86
-0.579,1.074,4.073,0.904,1.214,-2.86
-0.602,1.096,4.221,0.916,1.214,-3.007
-0.582,1.093,4.664,0.926,1.657,-3.007
-0.572,1.093,4.664,0.932,1.657,-3.007
-0.581,1.091,4.664,0.923,1.657,-3.007
-0.59,1.101,4.664,0.93,1.657,-3.007
-0.559,1.075,4.664,0.918,1.657,-3.007
-0.586,1.089,4.664,0.918,1.657,-3.007
-0.594,1.091,4.664,0.915,1.657,-3.007
-0.582,1.079,4.664,0.908,1.657,-3.007
-0.594,1.083,4.664,0.905,1.657,-3.007
-0.583,1.072,4.664,0.9,1.657,-3.007
-0.591,1.077,4.664,0.901,1.657,-3.007
-0.593,1.071,4.664,0.892,1.657,-3.007
-0.606,1.078,4.664,0.891,1.657,-3.007
-0.61,1.084,4.664,0.896,1.657,-3.007
-0.62,1.089,4.664,0.895,1.657,-3.007
-0.634,1.091,4.664,0.888,1.657,-3.007
-0.619,1.093,4.664,0.901,1.657,-3.007
-0.622,1.088,4.664,0.892,1.657,-3.007
-0.601,1.086,4.664,0.904,1.657,-3.007
-0.6,1.085,4.664,0.903,1.657,-3.007
-0.594,1.066,4.664,0.885,1.657,-3.007
-0.589,1.062,4.664,0.884,1.657,-3.007
-0.578,1.057,4.664,0.885,1.657,-3.007
-0.584,1.068,4.664,0.894,1.657,-3.007
-0.557,1.051,4.664,0.891,1.657,-3.007
-0.554,1.054,4.664,0.897,1.657,-3.007
-0.558,1.056,4.664,0.897,1.657,-3.007
-0.551,1.042,4.664,0.884,1.657,-3.007
-0.546,1.043,4.664,0.889,1.657,-3.007
-0.528,1.014,4.538,0.866,1.657,-2.881
-0.548,1.013,4.369,0.852,1.488,-2.881
-0.546,1.011,4.369,0.851,1.488,-2.881
-0.554,1.016,4.369,0.852,1.488,-2.881
-0.547,1.011,4.158,0.85,1.53,-2.628
-0.543,1.013,4.158,0.855,1.53,-2.628
-0.522,1.006,4.158,0.859,1.53,-2.628
-0.517,1.003,4.158,0.859,1.53,-2.628
-0.537,1.017,4.158,0.864,1.53,-2.628
-0.529,1.016,3.862,0.868,1.53,-2.332
-0.563,1.053,3.862,0.89,1.53,-2.332
-0.551,1.052,3.862,0.897,1.53,-2.332
-0.537,1.043,3.862,0.895,1.53,-2.332
-0.52,1.042,3.862,0.902,1.53,-2.332
-0.523,1.043,3.862,0.903,1.53,-2.332
-0.526,1.041,3.862,0.898,1.53,-2.332
-0.515,1.041,3.862,0.904,1.53,-2.332
-0.543,1.046,4.517,0.894,1.53,-2.986
-0.533,1.045,4.517,0.899,1.53,-2.986
-0.545,1.039,4.517,0.884,1.53,-2.986
-0.551,1.049,4.517,0.893,1.53,-2.986
-0.542,1.055,4.517,0.905,1.53,-2.986
-0.559,1.071,4.517,0.914,1.53,-2.986
-0.545,1.066,4.517,0.916,1.53,-2.986
-0.532,1.066,4.897,0.924,1.91,-2.986
-0.538,1.067,4.897,0.921,1.91,-2.986
-0.553,1.081,4.897,0.929,1.91,-2.986
-0.55,1.075,4.897,0.924,1.91,-2.986
-0.536,1.069,4.897,0.925,1.91,-2.986
-0.507,1.054,4.897,0.924,1.91,-2.986
-0.504,1.055,4.897,0.926,1.91,-2.986
-0.504,1.069,4.897,0.942,1.91,-2.986
-0.516,1.071,4.897,0.939,1.91,-2.986
-0.509,1.075,4.897,0.946,1.91,-2.986
-0.507,1.078,4.897,0.951,1.91,-2.986
-0.535,1.093,4.897,0.953,1.91,-2.986
-0.552,1.092,4.897,0.943,1.91,-2.986
-0.556,1.098,4.897,0.947,1.91,-2.986
-0.559,1.099,4.897,0.947,1.91,-2.986
-0.563,1.087,4.897,0.93,1.91,-2.986
-0.537,1.054,4.897,0.907,1.91,-2.986
-0.548,1.054,4.897,0.9,1.91,-2.986
-0.541,1.071,4.897,0.924,1.91,-2.986
-0.556,1.072,4.897,0.916,1.91,-2.986
-0.547,1.064,4.897,0.912,1.91,-2.986
-0.543,1.065,4.897,0.916,1.91,-2.986
-0.559,1.081,4.897,0.925,1.91,-2.986
-0.564,1.098,4.77,0.941,1.91,-2.86
-0.561,1.101,4.77,0.947,1.91,-2.86
-0.556,1.099,4.77,0.948,1.91,-2.86
-0.548,1.09,4.77,0.942,1.91,-2.86
-0.55,1.092,4.77,0.943,1.91,-2.86
-0.542,1.076,4.77,0.93,1.91,-2.86
-0.555,1.08,4.77,0.927,1.91,-2.86
-0.577,1.087,4.664,0.922,1.805,-2.86
-0.592,1.101,4.664,0.928,1.805,-2.86
-0.583,1.092,4.664,0.924,1.805,-2.86
-0.586,1.095,4.664,0.924,1.805,-2.86
-0.568,1.103,4.664,0.946,1.805,-2.86
-0.553,1.107,4.664,0.958,1.805,-2.86
-0.528,1.101,4.664,0.965,1.805,-2.86
-0.524,1.086,4.664,0.951,1.805,-2.86
-0.526,1.095,4.664,0.96,1.805,-2.86
-0.526,1.095,4.664,0.961,1.805,-2.86
-0.55,1.104,4.96,0.958,1.805,-3.155
-0.537,1.109,4.96,0.971,1.805,-3.155
-0.545,1.122,4.96,0.98,1.805,-3.155
-0.555,1.123,4.96,0.976,1.805,-3.155
-0.553,1.123,4.96,0.977,1.805,-3.155
-0.545,1.141,5.192,1.002,2.037,-3.155
-0.558,1.164,5.192,1.021,2.037,-3.155
-0.551,1.166,5.192,1.028,2.037,-3.155
-0.571,1.159,5.192,1.009,2.037,-3.155
-0.556,1.159,5.192,1.017,2.037,-3.155
-0.59,1.179,5.192,1.021,2.037,-3.155
-0.57,1.172,5.192,1.024,2.037,-3.155
-0.535,1.149,5.192,1.017,2.037,-3.155
-0.507,1.123,5.192,1.002,2.037,-3.155
-0.534,1.138,5.192,1.005,2.037,-3.155
-0.523,1.129,5.192,1.001,2.037,-3.155
-0.526,1.137,5.192,1.008,2.037,-3.155
-0.544,1.14,5.192,1.002,2.037,-3.155
-0.532,1.147,5.192,1.016,2.037,-3.155
-0.526,1.145,5.192,1.017,2.037,-3.155
-0.502,1.122,5.192,1.004,2.037,-3.155
-0.495,1.126,5.192,1.011,2.037,-3.155
-0.503,1.136,5.192,1.019,2.037,-3.155
-0.508,1.146,5.319,1.027,2.037,-3.282
-0.519,1.138,5.319,1.013,2.037,-3.282
-0.558,1.143,5.319,0.998,2.037,-3.282
-0.59,1.156,5.319,0.994,2.037,-3.282
-0.593,1.167,5.319,1.006,2.037,-3.282
-0.581,1.163,5.319,1.008,2.037,-3.282
-0.558,1.148,5.319,1.004,2.037,-3.282
-0.512,1.13,5.319,1.007,2.037,-3.282
-0.527,1.129,5.319,0.999,2.037,-3.282
-0.528,1.124,5.319,0.993,2.037,-3.282
-0.525,1.133,5.319,1.004,2.037,-3.282
-0.507,1.135,5.319,1.016,2.037,-3.282
-0.499,1.117,4.96,0.999,1.678,-3.282
-0.49,1.102,4.96,0.987,1.678,-3.282
-0.507,1.104,4.96,0.981,1.678,-3.282
-0.495,1.097,4.96,0.978,1.678,-3.282
-0.502,1.091,4.812,0.968,1.53,-3.282
-0.476,1.079,4.812,0.968,1.53,-3.282
-0.486,1.088,4.812,0.973,1.53,-3.282
-0.498,1.095,4.812,0.976,1.53,-3.282
-0.501,1.1,4.812,0.979,1.53,-3.282
-0.476,1.076,4.812,0.965,1.53,-3.282
-0.497,1.099,4.876,0.98,1.594,-3.282
-0.487,1.083,4.876,0.967,1.594,-3.282
-0.452,1.075,4.876,0.975,1.594,-3.282
-0.446,1.064,4.876,0.966,1.594,-3.282
-0.43,1.063,4.876,0.972,1.594,-3.282
-0.445,1.071,4.876,0.974,1.594,-3.282
-0.425,1.052,4.876,0.963,1.594,-3.282
-0.405,1.036,4.876,0.953,1.594,-3.282
-0.386,1.019,4.306,0.943,1.594,-2.712
-0.385,1.017,4.327,0.941,1.615,-2.712
-0.357,1.006,4.327,0.941,1.615,-2.712
-0.315,0.995,4.327,0.944,1.615,-2.712
-0.313,0.993,4.327,0.943,1.615,-2.712
-0.321,0.985,4.327,0.931,1.615,-2.712
-0.323,0.985,4.327,0.931,1.615,-2.712
-0.345,0.995,4.327,0.933,1.615,-2.712
-0.293,0.968,4.327,0.923,1.615,-2.712
-0.264,0.957,4.432,0.92,1.72,-2.712
-0.259,0.956,4.664,0.92,1.72,-2.944
-0.266,0.936,4.664,0.897,1.72,-2.944
-0.269,0.942,4.664,0.903,1.72,-2.944
-0.251,0.93,4.664,0.895,1.72,-2.944
-0.221,0.91,4.664,0.883,1.72,-2.944
-0.225,0.921,4.664,0.893,1.72,-2.944
-0.209,0.92,4.664,0.896,1.72,-2.944
-0.194,0.914,4.664,0.893,1.72,-2.944
-0.195,0.907,4.664,0.886,1.72,-2.944
-0.217,0.92,4.664,0.894,1.72,-2.944
-0.221,0.93,4.664,0.903,1.72,-2.944
-0.226,0.939,4.664,0.911,1.72,-2.944
-0.211,0.918,4.664,0.893,1.72,-2.944
-0.231,0.94,4.664,0.911,1.72,-2.944
-0.248,0.94,4.664,0.907,1.72,-2.944
-0.26,0.943,4.664,0.907,1.72,-2.944
-0.269,0.929,4.664,0.889,1.72,-2.944
-0.267,0.923,4.664,0.884,1.72,-2.944
-0.276,0.925,4.664,0.883,1.72,-2.944
-0.264,0.925,4.664,0.886,1.72,-2.944
-0.263,0.921,4.664,0.882,1.72,-2.944
-0.259,0.91,4.664,0.872,1.72,-2.944
-0.269,0.905,4.664,0.864,1.72,-2.944
-0.277,0.894,4.664,0.85,1.72,-2.944
-0.251,0.872,4.664,0.835,1.72,-2.944
-0.247,0.875,4.664,0.839,1.72,-2.944
-0.259,0.879,4.664,0.84,1.72,-2.944
-0.237,0.866,4.664,0.833,1.72,-2.944
-0.264,0.871,4.664,0.83,1.72,-2.944
-0.269,0.867,4.411,0.824,1.467,-2.944
-0.276,0.87,4.285,0.825,1.467,-2.818
-0.258,0.871,4.285,0.832,1.467,-2.818
-0.247,0.873,4.285,0.838,1.467,-2.818
-0.239,0.873,4.285,0.84,1.467,-2.818
-0.239,0.891,4.285,0.858,1.467,-2.818
-0.21,0.881,4.285,0.855,1.467,-2.818
-0.213,0.868,4.285,0.841,1.467,-2.818
-0.202,0.856,4.285,0.832,1.467,-2.818
-0.199,0.846,3.884,0.822,1.467,-2.417
-0.184,0.83,3.884,0.809,1.467,-2.417
-0.177,0.808,3.884,0.788,1.467,-2.417
-0.161,0.8,3.884,0.784,1.467,-2.417
-0.149,0.798,3.884,0.784,1.467,-2.417
-0.112,0.773,3.609,0.765,1.467,-2.142
-0.086,0.763,3.609,0.758,1.467,-2.142
-0.059,0.76,3.609,0.757,1.467,-2.142
-0.056,0.772,3.609,0.77,1.467,-2.142
-0.036,0.767,3.609,0.766,1.467,-2.142
-0.024,0.765,3.609,0.765,1.467,-2.142
-0.026,0.749,3.609,0.748,1.467,-2.142
-0.019,0.745,3.609,0.744,1.467,-2.142
-0.015,0.748,3.63,0.748,1.488,-2.142
-0.014,0.746,3.63,0.746,1.488,-2.142
-0.014,0.748,3.63,0.748,1.488,-2.142
-0.027,0.75,3.63,0.749,1.488,-2.142
-0.018,0.733,3.63,0.733,1.488,-2.142
-0.008,0.72,3.63,0.72,1.488,-2.142
-0.02,0.71,3.63,0.71,1.488,-2.142
-0.003,0.714,4.749,0.714,2.607,-2.142
0.005,0.712,4.749,0.712,2.607,-2.142
0.029,0.671,4.622,0.67,2.607,-2.016
0.029,0.659,4.622,0.658,2.607,-2.016
0.023,0.636,4.622,0.636,2.607,-2.016
0.025,0.62,4.622,0.619,2.607,-2.016
0.028,0.592,4.622,0.591,2.607,-2.016
0.012,0.568,4.306,0.568,2.607,-1.699
0.016,0.563,4.306,0.563,2.607,-1.699
0.008,0.563,4.306,0.563,2.607,-1.699
0.025,0.554,4.073,0.554,2.607,-1.467
0.05,0.545,4.073,0.543,2.607,-1.467
0.058,0.54,4.073,0.537,2.607,-1.467
0.062,0.586,4.263,0.583,2.67,-1.593
0.067,0.585,4.263,0.581,2.67,-1.593
0.06,0.58,4.263,0.577,2.67,-1.593
0.071,0.599,4.263,0.595,2.67,-1.593
0.065,0.607,4.263,0.604,2.67,-1.593
0.068,0.606,4.263,0.602,2.67,-1.593
0.068,0.617,4.263,0.613,2.67,-1.593
0.082,0.629,4.263,0.624,2.67,-1.593
0.083,0.628,4.263,0.622,2.67,-1.593
0.088,0.623,4.263,0.616,2.67,-1.593
0.094,0.616,4.263,0.609,2.67,-1.593
0.097,0.622,4.263,0.615,2.67,-1.593
0.094,0.625,4.306,0.618,2.67,-1.636
0.099,0.618,4.306,0.61,2.67,-1.636
0.1,0.623,4.306,0.615,2.67,-1.636
0.107,0.632,4.306,0.623,2.67,-1.636
0.113,0.645,4.306,0.635,2.67,-1.636
0.105,0.637,4.306,0.629,2.67,-1.636
0.11,0.635,4.306,0.625,2.67,-1.636
0.125,0.642,4.306,0.63,2.67,-1.636
0.128,0.65,4.306,0.637,2.67,-1.636
0.126,0.657,4.306,0.645,2.67,-1.636
0.134,0.665,4.306,0.651,2.67,-1.636
0.157,0.676,4.306,0.658,2.67,-1.636
0.191,0.695,4.306,0.668,2.67,-1.636
0.212,0.707,4.306,0.674,2.67,-1.636
0.209,0.718,4.306,0.687,2.67,-1.636
0.214,0.721,4.306,0.688,2.67,-1.636
0.218,0.727,4.306,0.694,2.67,-1.636
0.246,0.747,4.306,0.706,2.67,-1.636
0.261,0.733,4.749,0.685,3.113,-1.636
0.269,0.744,4.749,0.694,3.113,-1.636
0.281,0.755,4.749,0.701,3.113,-1.636
0.269,0.746,4.749,0.695,3.113,-1.636
0.274,0.74,4.749,0.688,3.113,-1.636
0.283,0.737,4.749,0.68,3.113,-1.636
0.309,0.746,4.749,0.678,3.113,-1.636
0.313,0.746,4.749,0.677,3.113,-1.636
0.337,0.765,4.749,0.687,3.113,-1.636
0.355,0.787,4.749,0.703,3.113,-1.636
0.366,0.802,4.749,0.714,3.113,-1.636
0.395,0.815,4.749,0.713,3.113,-1.636
0.399,0.816,4.749,0.712,3.113,-1.636
0.409,0.828,4.749,0.72,3.113,-1.636
0.432,0.838,4.749,0.718,3.113,-1.636
0.442,0.835,4.749,0.708,3.113,-1.636
0.456,0.833,4.58,0.698,3.113,-1.467
0.477,0.832,4.58,0.682,3.113,-1.467
0.478,0.838,4.58,0.688,3.113,-1.467
0.486,0.848,4.58,0.695,3.113,-1.467
0.507,0.856,4.58,0.69,3.113,-1.467
0.521,0.855,4.58,0.678,3.113,-1.467
0.524,0.854,4.58,0.674,3.113,-1.467
0.516,0.861,4.58,0.688,3.113,-1.467
0.495,0.864,4.58,0.708,3.113,-1.467
0.494,0.871,4.58,0.718,3.113,-1.467
0.506,0.873,4.58,0.711,3.113,-1.467
0.514,0.875,4.58,0.708,3.113,-1.467
0.515,0.872,4.58,0.704,3.113,-1.467
0.511,0.87,4.58,0.704,3.113,-1.467
0.507,0.87,3.335,0.707,1.868,-1.467
0.503,0.87,3.335,0.71,1.868,-1.467
0.493,0.868,3.335,0.714,1.868,-1.467
0.503,0.876,3.335,0.717,1.868,-1.467
0.514,0.882,3.335,0.716,1.868,-1.467
0.524,0.894,3.525,0.724,1.868,-1.657
0.512,0.886,3.525,0.723,1.868,-1.657
0.518,0.892,3.525,0.727,1.868,-1.657
0.498,0.883,3.525,0.729,1.868,-1.657
0.496,0.888,3.525,0.737,1.868,-1.657
0.498,0.893,3.525,0.741,1.868,-1.657
0.482,0.88,3.525,0.736,1.868,-1.657
0.493,0.881,3.525,0.73,1.868,-1.657
0.495,0.891,3.525,0.741,1.868,-1.657
0.494,0.905,3.82,0.758,1.868,-1.952
0.498,0.918,3.926,0.772,1.974,-1.952
0.516,0.937,3.926,0.782,1.974,-1.952
0.51,0.937,3.926,0.786,1.974,-1.952
0.533,0.951,3.926,0.787,1.974,-1.952
0.544,0.958,4.348,0.789,2.396,-1.952
0.534,0.962,4.348,0.8,2.396,-1.952
0.54,0.973,4.348,0.81,2.396,-1.952
0.56,0.987,4.348,0.813,2.396,-1.952
0.559,0.984,4.348,0.81,2.396,-1.952
0.574,0.986,4.348,0.802,2.396,-1.952
0.578,0.992,4.348,0.807,2.396,-1.952
0.589,0.999,4.348,0.807,2.396,-1.952
0.594,1.006,4.348,0.811,2.396,-1.952
0.606,1.016,4.348,0.816,2.396,-1.952
0.589,1.002,4.348,0.811,2.396,-1.952
0.59,0.997,4.348,0.804,2.396,-1.952
0.594,1.001,4.348,0.806,2.396,-1.952
0.607,1.012,4.348,0.81,2.396,-1.952
0.625,1.024,4.348,0.812,2.396,-1.952
0.631,1.03,4.348,0.814,2.396,-1.952
0.624,1.02,4.348,0.807,2.396,-1.952
0.618,1.027,4.348,0.82,2.396,-1.952
0.606,1.037,5.213,0.842,3.261,-1.952
0.616,1.039,5.213,0.837,3.261,-1.952
0.614,1.03,5.213,0.827,3.261,-1.952
0.634,1.044,5.213,0.829,3.261,-1.952
0.661,1.063,5.213,0.833,3.261,-1.952
0.671,1.072,5.213,0.836,3.261,-1.952
0.681,1.075,5.213,0.831,3.261,-1.952
0.677,1.062,4.369,0.818,3.261,-1.108
0.68,1.058,4.369,0.81,3.261,-1.108
0.669,1.056,4.369,0.817,3.261,-1.108
0.678,1.062,4.369,0.817,3.261,-1.108
0.655,1.055,4.369,0.826,3.261,-1.108
0.63,1.044,4.369,0.833,3.261,-1.108
0.627,1.043,4.369,0.834,3.261,-1.108
0.645,1.052,4.369,0.832,3.261,-1.108
0.628,1.042,4.369,0.831,3.261,-1.108
0.632,1.047,4.369,0.835,3.261,-1.108
0.636,1.048,4.369,0.833,3.261,-1.108
0.656,1.056,4.369,0.828,3.261,-1.108
0.644,1.056,4.369,0.837,3.261,-1.108
0.653,1.061,4.369,0.836,3.261,-1.108
0.639,1.053,4.369,0.837,3.261,-1.108
0.644,1.065,4.369,0.848,3.261,-1.108
0.639,1.064,4.453,0.851,3.261,-1.192
0.625,1.065,4.559,0.862,3.261,-1.298
0.604,1.066,5.91,0.878,3.261,-2.649
0.584,1.053,5.91,0.876,3.261,-2.649
0.577,1.058,5.91,0.887,3.261,-2.649
0.586,1.065,5.91,0.889,3.261,-2.649
0.605,1.067,5.91,0.879,3.261,-2.649
0.608,1.058,4.876,0.866,2.227,-2.649
0.606,1.064,4.96,0.875,2.311,-2.649
0.613,1.07,4.96,0.877,2.311,-2.649
0.578,1.052,4.96,0.879,2.311,-2.649
0.56,1.045,4.96,0.883,2.311,-2.649
0.551,1.058,4.96,0.904,2.311,-2.649
0.524,1.054,5.044,0.914,2.311,-2.733
0.536,1.066,5.044,0.921,2.311,-2.733
0.533,1.063,5.044,0.919,2.311,-2.733
0.528,1.058,5.044,0.917,2.311,-2.733
0.496,1.058,5.044,0.934,2.311,-2.733
0.528,1.068,5.044,0.929,2.311,-2.733
0.565,1.083,5.044,0.924,2.311,-2.733
0.586,1.091,5.044,0.92,2.311,-2.733
0.579,1.084,5.044,0.917,2.311,-2.733
0.572,1.087,5.044,0.924,2.311,-2.733
0.561,1.081,5.044,0.924,2.311,-2.733
0.551,1.077,5.044,0.925,2.311,-2.733
0.547,1.07,5.044,0.919,2.311,-2.733
0.551,1.068,5.044,0.915,2.311,-2.733
0.541,1.066,5.044,0.919,2.311,-2.733
0.545,1.066,5.044,0.916,2.311,-2.733
0.538,1.059,5.044,0.912,2.311,-2.733
0.536,1.059,5.044,0.913,2.311,-2.733
0.546,1.057,5.044,0.904,2.311,-2.733
0.554,1.049,5.044,0.891,2.311,-2.733
0.533,1.047,5.044,0.901,2.311,-2.733
0.521,1.035,5.044,0.894,2.311,-2.733
0.508,1.034,5.044,0.901,2.311,-2.733
0.497,1.031,5.044,0.903,2.311,-2.733
0.485,1.018,5.044,0.895,2.311,-2.733
0.473,1.009,4.833,0.892,2.1,-2.733
0.443,1.012,4.833,0.909,2.1,-2.733
0.469,1.019,4.833,0.905,2.1,-2.733
0.464,1.009,4.77,0.896,2.037,-2.733
0.449,0.984,4.77,0.875,2.037,-2.733
0.444,0.979,4.686,0.872,2.037,-2.649
0.411,0.961,4.538,0.869,1.889,-2.649
0.389,0.961,4.538,0.879,1.889,-2.649
0.383,0.954,4.538,0.873,1.889,-2.649
0.392,0.952,4.538,0.868,1.889,-2.649
0.369,0.944,4.538,0.869,1.889,-2.649
0.333,0.932,4.538,0.871,1.889,-2.649
0.303,0.927,4.538,0.876,1.889,-2.649
0.258,0.937,4.538,0.901,1.889,-2.649
0.255,0.936,4.538,0.901,1.889,-2.649
0.245,0.934,4.496,0.901,1.847,-2.649
0.225,0.929,4.496,0.901,1.847,-2.649
0.184,0.92,4.496,0.901,1.847,-2.649
0.176,0.932,4.496,0.915,1.847,-2.649
0.149,0.928,4.496,0.916,1.847,-2.649
0.126,0.939,4.496,0.93,1.847,-2.649
0.136,0.94,4.496,0.93,1.847,-2.649
0.138,0.949,4.496,0.939,1.847,-2.649
0.138,0.947,4.453,0.937,1.805,-2.649
0.124,0.955,4.453,0.947,1.805,-2.649
0.125,0.957,4.453,0.949,1.805,-2.649
0.109,0.982,4.918,0.976,1.805,-3.113
0.094,0.985,4.918,0.98,1.805,-3.113
0.068,1.0,4.918,0.998,1.805,-3.113
0.064,1.0,4.918,0.998,1.805,-3.113
0.069,1.004,4.918,1.001,1.805,-3.113
0.087,0.998,4.918,0.994,1.805,-3.113
0.076,0.998,5.065,0.995,1.952,-3.113
0.086,0.999,5.065,0.995,1.952,-3.113
0.107,1.002,5.065,0.997,1.952,-3.113
0.12,1.005,5.065,0.998,1.952,-3.113
0.13,1.022,5.065,1.013,1.952,-3.113
0.161,1.025,5.065,1.013,1.952,-3.113
0.158,1.026,5.065,1.014,1.952,-3.113
0.172,1.043,5.065,1.029,1.952,-3.113
0.174,1.04,5.065,1.026,1.952,-3.113
0.177,1.034,5.065,1.019,1.952,-3.113
0.163,1.032,5.065,1.019,1.952,-3.113
0.175,1.027,5.065,1.012,1.952,-3.113
0.179,1.031,5.065,1.016,1.952,-3.113
0.176,1.048,5.065,1.033,1.952,-3.113
0.2,1.057,5.065,1.038,1.952,-3.113
0.208,1.055,5.065,1.035,1.952,-3.113
0.217,1.039,5.065,1.016,1.952,-3.113
0.229,1.037,5.065,1.012,1.952,-3.113
0.245,1.031,5.065,1.002,1.952,-3.113
0.232,1.033,5.065,1.007,1.952,-3.113
0.208,1.044,5.065,1.023,1.952,-3.113
0.197,1.046,5.065,1.027,1.952,-3.113
0.167,1.061,5.171,1.048,1.952,-3.219
0.169,1.066,5.171,1.052,1.952,-3.219
0.151,1.059,5.171,1.048,1.952,-3.219
0.166,1.045,5.171,1.032,1.952,-3.219
0.166,1.028,5.171,1.014,1.952,-3.219
0.157,1.035,5.171,1.023,1.952,-3.219
0.152,1.033,5.171,1.021,1.952,-3.219
0.147,1.022,5.171,1.012,1.952,-3.219
0.133,1.011,4.897,1.002,1.678,-3.219
0.123,1.011,4.897,1.004,1.678,-3.219
0.077,1.051,4.897,1.048,1.678,-3.219
0.036,1.079,4.897,1.078,1.678,-3.219
0.026,1.074,4.897,1.073,1.678,-3.219
-0.008,1.084,5.023,1.084,1.805,-3.219
-0.01,1.082,5.023,1.082,1.805,-3.219
-0.023,1.066,5.023,1.066,1.805,-3.219
-0.036,1.062,5.023,1.061,1.805,-3.219
-0.03,1.059,5.023,1.059,1.805,-3.219
-0.037,1.075,5.023,1.074,1.805,-3.219
-0.024,1.061,5.023,1.06,1.805,-3.219
-0.06,1.077,5.023,1.076,1.805,-3.219
-0.048,1.055,5.023,1.054,1.805,-3.219
-0.065,1.043,5.023,1.041,1.805,-3.219
-0.067,1.035,5.023,1.033,1.805,-3.219
-0.09,1.036,5.023,1.032,1.805,-3.219
-0.116,1.042,5.023,1.036,1.805,-3.219
-0.127,1.036,5.023,1.029,1.805,-3.219
-0.142,1.038,5.023,1.028,1.805,-3.219
-0.171,1.045,5.023,1.03,1.805,-3.219
-0.184,1.061,5.023,1.045,1.805,-3.219
-0.156,1.045,4.96,1.033,1.805,-3.155
-0.164,1.037,4.96,1.024,1.805,-3.155
-0.164,1.024,4.96,1.01,1.805,-3.155
-0.202,1.042,4.96,1.022,1.805,-3.155
-0.212,1.056,4.96,1.034,1.805,-3.155
-0.22,1.058,4.96,1.035,1.805,-3.155
-0.229,1.053,4.96,1.028,1.805,-3.155
-0.246,1.057,4.96,1.028,1.805,-3.155
-0.252,1.054,4.96,1.024,1.805,-3.155
-0.274,1.057,4.96,1.02,1.805,-3.155
-0.274,1.041,5.002,1.005,1.805,-3.197
-0.256,1.026,5.002,0.994,1.805,-3.197
-0.253,1.017,5.002,0.985,1.805,-3.197
-0.245,1.0,4.643,0.97,1.446,-3.197
-0.258,1.0,4.643,0.966,1.446,-3.197
-0.297,1.035,4.643,0.992,1.446,-3.197
-0.301,1.035,4.643,0.99,1.446,-3.197
-0.317,1.038,4.643,0.988,1.446,-3.197
-0.302,1.012,4.622,0.966,1.425,-3.197
-0.321,1.018,4.622,0.966,1.425,-3.197
-0.297,1.001,4.622,0.956,1.425,-3.197
-0.32,1.017,4.622,0.966,1.425,-3.197
-0.327,1.027,4.496,0.974,1.298,-3.197
-0.316,1.028,4.496,0.978,1.298,-3.197
-0.311,1.03,4.496,0.982,1.298,-3.197
-0.319,1.044,4.496,0.994,1.298,-3.197
-0.314,1.042,4.496,0.994,1.298,-3.197
-0.294,1.035,4.496,0.992,1.298,-3.197
-0.249,1.005,4.496,0.974,1.298,-3.197
-0.255,0.98,4.496,0.947,1.298,-3.197
-0.266,0.985,4.496,0.948,1.298,-3.197
-0.282,0.996,4.496,0.956,1.298,-3.197
-0.266,0.986,4.496,0.95,1.298,-3.197
-0.237,0.97,4.496,0.94,1.298,-3.197
-0.24,0.959,4.496,0.929,1.298,-3.197
-0.251,0.964,4.496,0.931,1.298,-3.197
-0.26,0.972,4.496,0.936,1.298,-3.197
-0.257,0.976,4.496,0.942,1.298,-3.197
-0.262,0.991,4.496,0.956,1.298,-3.197
-0.256,0.982,4.496,0.948,1.298,-3.197
-0.238,0.95,4.327,0.92,1.298,-3.029
-0.214,0.923,4.327,0.898,1.298,-3.029
-0.249,0.956,4.686,0.923,1.298,-3.387
-0.269,0.962,4.686,0.924,1.298,-3.387
-0.274,0.957,4.686,0.917,1.298,-3.387
-0.249,0.92,4.686,0.886,1.298,-3.387
-0.277,0.941,4.686,0.899,1.298,-3.387
-0.296,0.951,4.686,0.904,1.298,-3.387
-0.287,0.951,4.686,0.906,1.298,-3.387
-0.274,0.938,4.686,0.897,1.298,-3.387
-0.275,0.929,4.686,0.888,1.298,-3.387
-0.279,0.922,4.686,0.878,1.298,-3.387
-0.292,0.911,4.686,0.863,1.298,-3.387
-0.309,0.914,4.686,0.86,1.298,-3.387
-0.319,0.907,4.686,0.849,1.298,-3.387
-0.293,0.867,4.686,0.816,1.298,-3.387
-0.319,0.875,4.686,0.815,1.298,-3.387
-0.327,0.877,4.686,0.814,1.298,-3.387
-0.36,0.885,4.411,0.809,1.024,-3.387
-0.363,0.894,4.411,0.816,1.024,-3.387
-0.348,0.872,4.411,0.799,1.024,-3.387
-0.34,0.863,4.411,0.793,1.024,-3.387
-0.345,0.864,4.411,0.792,1.024,-3.387
-0.365,0.878,4.411,0.799,1.024,-3.387
-0.372,0.89,4.306,0.808,0.918,-3.387
-0.365,0.874,4.306,0.794,0.918,-3.387
-0.367,0.869,4.306,0.788,0.918,-3.387
-0.387,0.87,4.306,0.78,0.918,-3.387
-0.413,0.887,4.306,0.785,0.918,-3.387
-0.421,0.89,4.306,0.784,0.918,-3.387
-0.431,0.896,4.306,0.786,0.918,-3.387
-0.461,0.904,4.306,0.778,0.918,-3.387
-0.441,0.873,3.926,0.754,0.918,-3.007
-0.44,0.865,3.926,0.745,0.918,-3.007
-0.431,0.868,3.926,0.753,0.918,-3.007
-0.427,0.855,3.926,0.741,0.918,-3.007
-0.409,0.828,3.926,0.72,0.918,-3.007
-0.411,0.816,3.926,0.704,0.918,-3.007
-0.439,0.822,3.884,0.695,0.876,-3.007
-0.458,0.829,3.884,0.691,0.876,-3.007
-0.46,0.827,3.884,0.687,0.876,-3.007
-0.459,0.82,3.884,0.68,0.876,-3.007
-0.445,0.811,3.884,0.678,0.876,-3.007
-0.457,0.814,3.884,0.674,0.876,-3.007
-0.461,0.817,3.884,0.674,0.876,-3.007
-0.46,0.817,3.884,0.674,0.876,-3.007
-0.453,0.81,3.884,0.671,0.876,-3.007
-0.464,0.806,3.884,0.659,0.876,-3.007
-0.46,0.795,3.884,0.648,0.876,-3.007
-0.461,0.787,3.884,0.638,0.876,-3.007
-0.468,0.793,3.884,0.639,0.876,-3.007
-0.482,0.798,3.884,0.637,0.876,-3.007
-0.488,0.805,3.884,0.641,0.876,-3.007
-0.484,0.802,4.031,0.64,1.024,-3.007
-0.464,0.77,4.031,0.614,1.024,-3.007
-0.462,0.767,4.031,0.612,1.024,-3.007
-0.456,0.765,4.031,0.614,1.024,-3.007
-0.445,0.759,4.031,0.615,1.024,-3.007
-0.41,0.721,3.166,0.593,1.066,-2.1
-0.407,0.728,3.166,0.603,1.066,-2.1
-0.394,0.73,3.145,0.615,1.066,-2.079
-0.367,0.739,3.483,0.641,1.404,-2.079
-0.352,0.731,3.483,0.64,1.404,-2.079
-0.338,0.729,3.483,0.646,1.404,-2.079
-0.358,0.743,3.736,0.652,1.404,-2.332
-0.342,0.763,3.736,0.682,1.404,-2.332
-0.358,0.781,3.736,0.694,1.404,-2.332
-0.342,0.79,3.736,0.712,1.404,-2.332
-0.348,0.808,3.947,0.73,1.404,-2.543
-0.335,0.808,3.947,0.735,1.404,-2.543
-0.332,0.811,3.947,0.74,1.404,-2.543
-0.321,0.817,3.947,0.752,1.404,-2.543
-0.331,0.824,3.947,0.754,1.404,-2.543
-0.322,0.823,3.947,0.757,1.404,-2.543
-0.312,0.815,3.947,0.753,1.404,-2.543
-0.329,0.837,4.242,0.769,1.404,-2.839
-0.331,0.849,4.242,0.782,1.404,-2.839
-0.338,0.858,4.242,0.789,1.404,-2.839
-0.343,0.877,4.242,0.806,1.404,-2.839
-0.347,0.887,4.242,0.816,1.404,-2.839
-0.342,0.88,4.242,0.811,1.404,-2.839
-0.331,0.877,4.242,0.812,1.404,-2.839
-0.338,0.892,4.242,0.826,1.404,-2.839
-0.322,0.882,4.242,0.822,1.404,-2.839
-0.338,0.897,4.242,0.831,1.404,-2.839
-0.336,0.904,4.242,0.84,1.404,-2.839
-0.318,0.9,4.327,0.842,1.488,-2.839
-0.303,0.897,4.327,0.844,1.488,-2.839
-0.314,0.897,4.327,0.84,1.488,-2.839
-0.305,0.892,4.327,0.838,1.488,-2.839
-0.296,0.884,4.327,0.833,1.488,-2.839
-0.306,0.869,4.327,0.813,1.488,-2.839
-0.311,0.879,4.327,0.822,1.488,-2.839
-0.325,0.889,4.327,0.828,1.488,-2.839
-0.311,0.874,4.327,0.816,1.488,-2.839
-0.33,0.868,4.327,0.803,1.488,-2.839
-0.323,0.871,4.327,0.809,1.488,-2.839
-0.329,0.872,4.327,0.808,1.488,-2.839
-0.325,0.864,4.327,0.8,1.488,-2.839
-0.326,0.868,4.327,0.804,1.488,-2.839
-0.333,0.884,4.327,0.819,1.488,-2.839
-0.322,0.872,4.327,0.81,1.488,-2.839
-0.304,0.867,4.327,0.812,1.488,-2.839
-0.313,0.869,4.327,0.811,1.488,-2.839
-0.323,0.882,4.327,0.821,1.488,-2.839
-0.311,0.881,4.285,0.824,1.488,-2.796
-0.311,0.873,4.285,0.815,1.488,-2.796
-0.322,0.882,4.285,0.821,1.488,-2.796
-0.31,0.875,4.285,0.818,1.488,-2.796
-0.308,0.87,4.285,0.814,1.488,-2.796
-0.312,0.885,4.285,0.828,1.488,-2.796
-0.312,0.881,4.285,0.824,1.488,-2.796
-0.282,0.873,4.285,0.826,1.488,-2.796
-0.289,0.874,4.285,0.825,1.488,-2.796
-0.276,0.864,4.285,0.819,1.488,-2.796
-0.274,0.869,4.285,0.824,1.488,-2.796
-0.292,0.877,4.2,0.826,1.404,-2.796
-0.295,0.873,4.2,0.822,1.404,-2.796
-0.297,0.884,4.2,0.833,1.404,-2.796
-0.315,0.888,4.2,0.83,1.404,-2.796
-0.331,0.89,4.2,0.826,1.404,-2.796
-0.322,0.886,4.2,0.825,1.404,-2.796
-0.319,0.875,4.2,0.815,1.404,-2.796
-0.304,0.868,4.496,0.813,1.699,-2.796
-0.293,0.869,4.496,0.818,1.699,-2.796
-0.293,0.861,4.496,0.81,1.699,-2.796
-0.297,0.855,4.496,0.801,1.699,-2.796
-0.313,0.85,4.496,0.79,1.699,-2.796
-0.305,0.838,4.496,0.781,1.699,-2.796
-0.307,0.83,4.496,0.771,1.699,-2.796
-0.303,0.811,4.137,0.752,1.699,-2.438
-0.325,0.827,4.137,0.76,1.699,-2.438
-0.325,0.837,4.137,0.771,1.699,-2.438
-0.32,0.837,4.137,0.774,1.699,-2.438
-0.309,0.841,3.947,0.782,1.699,-2.248
-0.329,0.844,3.947,0.777,1.699,-2.248
-0.316,0.849,3.947,0.788,1.699,-2.248
-0.295,0.835,3.947,0.781,1.699,-2.248
-0.279,0.84,4.432,0.792,1.699,-2.733
-0.279,0.835,4.432,0.787,1.699,-2.733
-0.275,0.837,4.432,0.79,1.699,-2.733
-0.27,0.828,4.432,0.782,1.699,-2.733
-0.276,0.836,4.432,0.789,1.699,-2.733
-0.288,0.834,4.432,0.783,1.699,-2.733
-0.304,0.854,4.432,0.798,1.699,-2.733
-0.285,0.86,4.432,0.812,1.699,-2.733
-0.283,0.87,4.432,0.823,1.699,-2.733
-0.29,0.886,4.432,0.837,1.699,-2.733
-0.3,0.901,4.432,0.85,1.699,-2.733
-0.28,0.905,4.432,0.861,1.699,-2.733
-0.293,0.923,4.432,0.875,1.699,-2.733
-0.311,0.942,4.432,0.889,1.699,-2.733
-0.351,0.992,4.749,0.928,1.699,-3.05
-0.365,1.005,4.728,0.936,1.678,-3.05
-0.384,1.023,4.728,0.948,1.678,-3.05
-0.415,1.053,4.728,0.968,1.678,-3.05
-0.421,1.057,4.728,0.969,1.678,-3.05
-0.443,1.087,4.728,0.993,1.678,-3.05
-0.462,1.108,4.728,1.007,1.678,-3.05
-0.465,1.123,4.728,1.022,1.678,-3.05
-0.455,1.136,4.728,1.041,1.678,-3.05
-0.459,1.147,4.728,1.052,1.678,-3.05
-0.465,1.154,4.728,1.057,1.678,-3.05
-0.465,1.167,4.728,1.07,1.678,-3.05
-0.477,1.168,4.728,1.066,1.678,-3.05
-0.477,1.166,4.728,1.063,1.678,-3.05
-0.505,1.177,4.728,1.063,1.678,-3.05
-0.523,1.204,4.728,1.084,1.678,-3.05
-0.539,1.196,4.728,1.067,1.678,-3.05
-0.524,1.189,4.728,1.068,1.678,-3.05
-0.52,1.19,4.728,1.07,1.678,-3.05
-0.543,1.212,4.728,1.084,1.678,-3.05
-0.582,1.224,4.728,1.077,1.678,-3.05
-0.584,1.239,4.728,1.093,1.678,-3.05
-0.585,1.243,4.728,1.096,1.678,-3.05
-0.61,1.236,4.728,1.075,1.678,-3.05
-0.608,1.225,4.622,1.064,1.573,-3.05
-0.617,1.23,4.622,1.064,1.573,-3.05
-0.646,1.246,4.622,1.065,1.573,-3.05
-0.68,1.263,4.643,1.064,1.573,-3.071
-0.699,1.284,4.643,1.077,1.573,-3.071
-0.692,1.281,4.643,1.078,1.573,-3.071
-0.681,1.274,4.643,1.077,1.573,-3.071
-0.686,1.273,4.643,1.072,1.573,-3.071
-0.69,1.275,4.643,1.072,1.573,-3.071
-0.642,1.247,4.643,1.069,1.573,-3.071
-0.633,1.247,4.643,1.074,1.573,-3.071
-0.615,1.23,4.643,1.066,1.573,-3.071
-0.612,1.245,5.15,1.084,1.573,-3.577
-0.63,1.248,4.96,1.077,1.383,-3.577
-0.658,1.249,4.96,1.062,1.383,-3.577
-0.665,1.249,4.96,1.058,1.383,-3.577
-0.677,1.253,5.34,1.054,1.762,-3.577
-0.677,1.244,5.34,1.044,1.762,-3.577
-0.699,1.259,5.34,1.048,1.762,-3.577
-0.681,1.261,5.34,1.061,1.762,-3.577
-0.652,1.254,5.34,1.072,1.762,-3.577
-0.649,1.237,5.34,1.053,1.762,-3.577
-0.672,1.246,5.34,1.049,1.762,-3.577
-0.693,1.252,5.34,1.043,1.762,-3.577
-0.697,1.252,5.34,1.04,1.762,-3.577
-0.671,1.239,5.34,1.042,1.762,-3.577
-0.662,1.233,5.34,1.04,1.762,-3.577
-0.658,1.231,5.34,1.04,1.762,-3.577
-0.65,1.225,5.34,1.038,1.762,-3.577
-0.651,1.223,5.34,1.035,1.762,-3.577
-0.646,1.224,5.34,1.039,1.762,-3.577
-0.631,1.212,5.34,1.035,1.762,-3.577
-0.596,1.188,5.34,1.027,1.762,-3.577
-0.569,1.163,5.34,1.014,1.762,-3.577
-0.539,1.133,5.34,0.997,1.762,-3.577
-0.559,1.147,5.34,1.002,1.762,-3.577
-0.549,1.141,5.34,1.0,1.762,-3.577
-0.579,1.17,5.34,1.016,1.762,-3.577
-0.577,1.165,5.34,1.012,1.762,-3.577
-0.601,1.177,5.34,1.012,1.762,-3.577
-0.606,1.181,5.34,1.014,1.762,-3.577
-0.582,1.168,5.34,1.013,1.762,-3.577
-0.564,1.136,4.728,0.986,1.762,-2.965
-0.543,1.126,4.728,0.987,1.762,-2.965
-0.523,1.115,4.728,0.985,1.762,-2.965
-0.492,1.097,4.728,0.98,1.762,-2.965
-0.498,1.089,4.517,0.968,1.551,-2.965
-0.498,1.089,4.517,0.969,1.551,-2.965
-0.467,1.063,4.517,0.956,1.551,-2.965
-0.462,1.051,4.517,0.944,1.551,-2.965
-0.475,1.041,4.517,0.926,1.551,-2.965
-0.474,1.043,4.517,0.929,1.551,-2.965
-0.444,1.027,4.517,0.926,1.551,-2.965
-0.422,1.027,4.517,0.936,1.551,-2.965
-0.417,1.017,4.369,0.928,1.404,-2.965
-0.408,1.01,4.369,0.923,1.404,-2.965
-0.369,0.989,5.044,0.918,2.079,-2.965
-0.35,0.982,5.044,0.918,2.079,-2.965
-0.315,0.97,4.96,0.917,2.079,-2.881
-0.316,0.98,4.96,0.928,2.079,-2.881
-0.317,0.986,4.96,0.933,2.079,-2.881
-0.312,0.987,4.96,0.936,2.079,-2.881
-0.294,0.978,4.96,0.933,2.079,-2.881
-0.301,0.995,4.96,0.948,2.079,-2.881
-0.286,0.985,4.96,0.943,2.079,-2.881
-0.247,0.96,4.96,0.928,2.079,-2.881
-0.223,0.941,4.876,0.914,2.079,-2.796
-0.177,0.892,4.496,0.874,2.079,-2.417
-0.162,0.877,4.496,0.862,2.079,-2.417
-0.137,0.858,4.496,0.847,2.079,-2.417
-0.12,0.843,4.496,0.835,2.079,-2.417
-0.121,0.845,4.496,0.836,2.079,-2.417
-0.097,0.848,4.496,0.842,2.079,-2.417
-0.086,0.841,4.496,0.837,2.079,-2.417
-0.084,0.848,4.496,0.843,2.079,-2.417
-0.081,0.844,4.496,0.84,2.079,-2.417
-0.069,0.846,4.496,0.843,2.079,-2.417
-0.036,0.835,4.496,0.834,2.079,-2.417
-0.025,0.824,4.496,0.824,2.079,-2.417
-0.032,0.827,4.496,0.826,2.079,-2.417
-0.019,0.822,4.496,0.821,2.079,-2.417
0.002,0.802,4.496,0.802,2.079,-2.417
-0.008,0.814,4.918,0.814,2.079,-2.839
-0.005,0.8,4.918,0.8,2.079,-2.839
-0.002,0.794,4.918,0.794,2.079,-2.839
-0.001,0.786,4.918,0.786,2.079,-2.839
-0.015,0.785,4.411,0.785,1.573,-2.839
-0.02,0.772,4.411,0.772,1.573,-2.839
-0.057,0.793,4.411,0.791,1.573,-2.839
-0.04,0.775,4.411,0.774,1.573,-2.839
-0.034,0.765,4.411,0.764,1.573,-2.839
-0.024,0.757,4.411,0.756,1.573,-2.839
-0.024,0.749,4.411,0.748,1.573,-2.839
-0.025,0.741,4.411,0.74,1.573,-2.839
-0.041,0.746,4.411,0.745,1.573,-2.839
-0.05,0.748,4.411,0.746,1.573,-2.839
-0.062,0.743,4.411,0.74,1.573,-2.839
-0.061,0.75,4.411,0.748,1.573,-2.839
-0.07,0.771,4.411,0.768,1.573,-2.839
-0.075,0.782,4.411,0.778,1.573,-2.839
-0.065,0.771,4.411,0.768,1.573,-2.839
-0.055,0.758,4.411,0.756,1.573,-2.839
-0.069,0.744,4.327,0.741,1.488,-2.839
-0.081,0.745,4.2,0.74,1.361,-2.839
-0.083,0.737,4.2,0.732,1.361,-2.839
-0.085,0.739,4.2,0.734,1.361,-2.839
-0.075,0.727,4.2,0.723,1.361,-2.839
-0.091,0.724,4.2,0.718,1.361,-2.839
-0.092,0.723,4.2,0.718,1.361,-2.839
-0.075,0.716,4.2,0.712,1.361,-2.839
-0.07,0.712,4.2,0.708,1.361,-2.839
-0.076,0.716,4.2,0.712,1.361,-2.839
-0.065,0.694,4.158,0.691,1.361,-2.796
-0.083,0.71,4.158,0.705,1.361,-2.796
-0.092,0.715,4.158,0.709,1.361,-2.796
-0.099,0.714,4.158,0.707,1.361,-2.796
-0.104,0.706,4.158,0.698,1.361,-2.796
-0.106,0.698,4.158,0.69,1.361,-2.796
-0.094,0.665,3.546,0.659,1.361,-2.184
-0.098,0.675,3.546,0.668,1.361,-2.184
-0.102,0.669,3.546,0.661,1.361,-2.184
-0.126,0.668,3.546,0.656,1.361,-2.184
-0.128,0.674,3.778,0.661,1.594,-2.184
-0.119,0.658,3.778,0.647,1.594,-2.184
-0.108,0.656,3.778,0.647,1.594,-2.184
-0.127,0.657,3.778,0.645,1.594,-2.184
-0.108,0.643,3.778,0.634,1.594,-2.184
-0.109,0.63,3.778,0.621,1.594,-2.184
-0.092,0.608,3.778,0.601,1.594,-2.184
-0.094,0.6,3.778,0.592,1.594,-2.184
-0.085,0.616,4.179,0.61,1.995,-2.184
-0.082,0.619,4.179,0.614,1.995,-2.184
-0.082,0.614,4.179,0.608,1.995,-2.184
-0.073,0.62,4.2,0.616,2.016,-2.184
-0.075,0.612,4.137,0.608,2.016,-2.121
-0.076,0.617,4.137,0.612,2.016,-2.121
-0.09,0.616,4.137,0.61,2.016,-2.121
-0.105,0.625,4.137,0.616,2.016,-2.121
-0.119,0.63,4.137,0.619,2.016,-2.121
-0.122,0.626,4.137,0.614,2.016,-2.121
-0.127,0.629,4.137,0.616,2.016,-2.121
-0.116,0.624,4.137,0.613,2.016,-2.121
-0.118,0.629,4.137,0.617,2.016,-2.121
-0.098,0.612,4.137,0.604,2.016,-2.121
-0.095,0.608,4.137,0.601,2.016,-2.121
-0.087,0.628,4.538,0.622,2.417,-2.121
-0.066,0.637,4.538,0.633,2.417,-2.121
-0.048,0.659,4.791,0.658,2.67,-2.121
-0.031,0.665,4.791,0.664,2.67,-2.121
-0.042,0.66,4.791,0.658,2.67,-2.121
-0.058,0.673,4.791,0.67,2.67,-2.121
-0.052,0.686,4.791,0.684,2.67,-2.121
-0.046,0.687,4.791,0.685,2.67,-2.121
-0.045,0.688,4.707,0.686,2.67,-2.037
-0.036,0.692,4.707,0.691,2.67,-2.037
-0.016,0.7,4.707,0.7,2.67,-2.037
-0.024,0.698,4.707,0.697,2.67,-2.037
-0.019,0.699,4.707,0.699,2.67,-2.037
-0.034,0.711,4.728,0.71,2.67,-2.058
-0.035,0.711,4.728,0.71,2.67,-2.058
-0.045,0.705,4.728,0.703,2.67,-2.058
-0.061,0.715,4.77,0.713,2.67,-2.1
-0.063,0.724,4.897,0.721,2.67,-2.227
-0.075,0.718,4.897,0.714,2.67,-2.227
-0.071,0.716,4.897,0.713,2.67,-2.227
-0.078,0.706,4.897,0.701,2.67,-2.227
-0.065,0.7,4.897,0.697,2.67,-2.227
-0.059,0.698,4.897,0.696,2.67,-2.227
-0.068,0.719,4.897,0.715,2.67,-2.227
-0.09,0.736,4.897,0.731,2.67,-2.227
-0.103,0.738,4.897,0.731,2.67,-2.227
-0.121,0.749,4.897,0.74,2.67,-2.227
-0.112,0.742,4.897,0.734,2.67,-2.227
-0.131,0.747,4.897,0.736,2.67,-2.227
-0.136,0.745,4.897,0.733,2.67,-2.227
-0.164,0.74,4.897,0.722,2.67,-2.227
-0.201,0.753,4.897,0.726,2.67,-2.227
-0.234,0.739,4.2,0.702,1.974,-2.227
-0.267,0.753,4.137,0.704,1.91,-2.227
-0.277,0.76,4.137,0.707,1.91,-2.227
-0.276,0.754,4.137,0.702,1.91,-2.227
-0.288,0.744,4.137,0.686,1.91,-2.227
-0.319,0.743,4.137,0.671,1.91,-2.227
-0.332,0.747,4.137,0.669,1.91,-2.227
-0.345,0.732,4.137,0.646,1.91,-2.227
-0.369,0.723,3.905,0.622,1.678,-2.227
-0.383,0.732,3.905,0.624,1.678,-2.227
-0.398,0.73,3.82,0.612,1.594,-2.227
-0.401,0.717,3.82,0.595,1.594,-2.227
-0.406,0.721,3.82,0.597,1.594,-2.227
-0.421,0.732,3.757,0.599,1.53,-2.227
-0.43,0.738,3.757,0.6,1.53,-2.227
-0.44,0.745,3.736,0.602,1.53,-2.205
-0.422,0.755,3.968,0.626,1.762,-2.205
-0.427,0.766,3.968,0.636,1.762,-2.205
-0.444,0.778,3.968,0.638,1.762,-2.205
-0.454,0.795,3.968,0.652,1.762,-2.205
-0.451,0.792,3.968,0.651,1.762,-2.205
-0.427,0.776,3.968,0.648,1.762,-2.205
-0.416,0.769,3.968,0.646,1.762,-2.205
-0.409,0.767,3.968,0.649,1.762,-2.205
-0.394,0.756,3.884,0.644,1.762,-2.121
-0.411,0.78,4.179,0.663,1.762,-2.417
-0.405,0.778,4.179,0.664,1.762,-2.417
-0.4,0.779,4.179,0.668,1.762,-2.417
-0.393,0.774,4.179,0.667,1.762,-2.417
-0.375,0.751,4.179,0.65,1.762,-2.417
-0.372,0.75,4.179,0.652,1.762,-2.417
-0.349,0.729,4.179,0.64,1.762,-2.417
-0.32,0.715,4.179,0.639,1.762,-2.417
-0.307,0.707,4.179,0.637,1.762,-2.417
-0.289,0.705,4.179,0.643,1.762,-2.417
-0.279,0.699,4.179,0.641,1.762,-2.417
-0.283,0.703,4.179,0.644,1.762,-2.417
-0.285,0.711,4.179,0.651,1.762,-2.417
-0.27,0.705,4.179,0.651,1.762,-2.417
-0.257,0.694,4.179,0.644,1.762,-2.417
-0.247,0.69,4.179,0.644,1.762,-2.417
-0.241,0.682,4.179,0.638,1.762,-2.417
-0.237,0.673,4.179,0.63,1.762,-2.417
-0.226,0.651,4.179,0.61,1.762,-2.417
-0.207,0.628,4.179,0.592,1.762,-2.417
-0.205,0.619,4.179,0.585,1.762,-2.417
-0.228,0.609,3.44,0.565,1.024,-2.417
-0.228,0.596,3.44,0.55,1.024,-2.417
-0.198,0.578,3.44,0.543,1.024,-2.417
-0.185,0.566,3.525,0.535,1.108,-2.417
-0.183,0.566,3.525,0.536,1.108,-2.417
-0.192,0.561,3.525,0.528,1.108,-2.417
-0.183,0.55,3.525,0.518,1.108,-2.417
-0.177,0.546,3.525,0.517,1.108,-2.417
-0.163,0.593,5.108,0.57,2.691,-2.417
-0.149,0.56,4.58,0.54,2.691,-1.889
-0.14,0.558,4.58,0.54,2.691,-1.889
-0.141,0.558,4.58,0.54,2.691,-1.889
-0.127,0.549,4.58,0.534,2.691,-1.889
-0.124,0.566,5.15,0.553,2.691,-2.459
-0.094,0.58,5.15,0.572,2.691,-2.459
-0.101,0.6,5.15,0.592,2.691,-2.459
-0.115,0.601,5.15,0.59,2.691,-2.459
-0.105,0.62,5.15,0.611,2.691,-2.459
-0.079,0.639,5.15,0.634,2.691,-2.459
-0.062,0.649,5.15,0.646,2.691,-2.459
-0.036,0.643,5.15,0.642,2.691,-2.459
-0.02,0.638,5.15,0.638,2.691,-2.459
-0.013,0.634,5.15,0.634,2.691,-2.459
-0.028,0.64,5.15,0.64,2.691,-2.459
-0.032,0.642,5.15,0.642,2.691,-2.459
-0.031,0.651,5.15,0.65,2.691,-2.459
-0.029,0.651,5.15,0.651,2.691,-2.459
-0.016,0.663,5.15,0.663,2.691,-2.459
-0.019,0.664,5.15,0.664,2.691,-2.459
0.004,0.655,5.15,0.655,2.691,-2.459
0.023,0.646,5.15,0.646,2.691,-2.459
0.037,0.645,5.15,0.644,2.691,-2.459
0.03,0.643,5.15,0.643,2.691,-2.459
0.029,0.63,5.15,0.629,2.691,-2.459
0.031,0.626,5.15,0.625,2.691,-2.459
0.039,0.621,5.15,0.62,2.691,-2.459
0.032,0.621,5.15,0.621,2.691,-2.459
0.036,0.64,5.15,0.639,2.691,-2.459
0.026,0.595,4.538,0.594,2.079,-2.459
0.024,0.611,4.538,0.61,2.079,-2.459
0.007,0.628,4.538,0.628,2.079,-2.459
0.02,0.631,4.538,0.631,2.079,-2.459
0.034,0.634,4.538,0.633,2.079,-2.459
0.051,0.622,4.306,0.62,2.079,-2.227
0.045,0.606,4.306,0.605,2.079,-2.227
0.06,0.595,4.306,0.592,2.079,-2.227
0.071,0.61,4.306,0.605,2.079,-2.227
0.078,0.592,4.306,0.587,2.079,-2.227
0.051,0.585,4.306,0.583,2.079,-2.227
0.053,0.576,4.306,0.574,2.079,-2.227
0.051,0.564,4.306,0.562,2.079,-2.227
0.053,0.566,4.306,0.564,2.079,-2.227
0.056,0.567,4.306,0.564,2.079,-2.227
0.074,0.563,4.306,0.558,2.079,-2.227
0.088,0.571,4.306,0.564,2.079,-2.227
0.11,0.578,4.306,0.568,2.079,-2.227
0.106,0.587,4.306,0.577,2.079,-2.227
0.091,0.619,4.432,0.613,2.206,-2.227
0.081,0.633,4.432,0.627,2.206,-2.227
0.067,0.631,4.432,0.628,2.206,-2.227
0.052,0.639,4.432,0.637,2.206,-2.227
0.041,0.648,4.432,0.647,2.206,-2.227
0.039,0.657,4.432,0.656,2.206,-2.227
0.032,0.665,4.432,0.664,2.206,-2.227
0.016,0.673,4.432,0.673,2.206,-2.227
0.013,0.673,4.432,0.673,2.206,-2.227
0.003,0.679,4.432,0.679,2.206,-2.227
-0.003,0.661,4.369,0.661,2.206,-2.163
-0.019,0.671,4.369,0.671,2.206,-2.163
-0.011,0.658,4.369,0.658,2.206,-2.163
0.001,0.643,4.369,0.643,2.206,-2.163
-0.005,0.636,4.369,0.635,2.206,-2.163
-0.022,0.657,4.643,0.656,2.206,-2.438
-0.052,0.674,4.643,0.672,2.206,-2.438
-0.095,0.701,4.643,0.695,2.206,-2.438
-0.115,0.727,4.643,0.718,2.206,-2.438
-0.138,0.745,4.643,0.732,2.206,-2.438
-0.15,0.761,4.643,0.746,2.206,-2.438
-0.154,0.75,4.643,0.734,2.206,-2.438
-0.167,0.756,4.643,0.738,2.206,-2.438
