mean,RMS,ptp,std,max,min
0.425,1.046,6.919,0.956,4.042,-2.877
0.426,1.043,6.919,0.952,4.042,-2.877
0.427,1.05,6.919,0.96,4.042,-2.877
0.427,1.053,6.919,0.963,4.042,-2.877
0.418,1.052,6.919,0.965,4.042,-2.877
0.415,1.053,6.919,0.968,4.042,-2.877
0.414,1.054,6.919,0.97,4.042,-2.877
0.407,1.057,6.919,0.975,4.042,-2.877
0.399,1.055,6.919,0.976,4.042,-2.877
0.398,1.054,6.919,0.976,4.042,-2.877
0.398,1.058,6.919,0.98,4.042,-2.877
0.391,1.052,6.919,0.976,4.042,-2.877
0.385,1.045,6.919,0.971,4.042,-2.877
0.375,1.044,6.919,0.974,4.042,-2.877
0.37,1.044,6.919,0.976,4.042,-2.877
0.364,1.041,6.919,0.975,4.042,-2.877
0.352,1.039,6.919,0.977,4.042,-2.877
0.344,1.041,6.919,0.982,4.042,-2.877
0.334,1.04,6.919,0.985,4.042,-2.877
0.325,1.042,6.919,0.99,4.042,-2.877
0.319,1.046,6.919,0.997,4.042,-2.877
0.305,1.043,6.919,0.998,4.042,-2.877
0.291,1.039,6.919,0.997,4.042,-2.877
0.275,1.033,6.919,0.996,4.042,-2.877
0.274,1.036,6.919,0.999,4.042,-2.877
0.265,1.041,6.919,1.007,4.042,-2.877
0.252,1.03,6.919,0.999,4.042,-2.877
0.238,1.031,6.919,1.003,4.042,-2.877
0.23,1.029,6.919,1.003,4.042,-2.877
0.221,1.034,6.919,1.01,4.042,-2.877
0.21,1.028,6.919,1.006,4.042,-2.877
0.203,1.028,6.919,1.007,4.042,-2.877
0.199,1.03,6.919,1.01,4.042,-2.877
0.183,1.03,6.919,1.014,4.042,-2.877
0.175,1.029,6.919,1.014,4.042,-2.877
0.163,1.029,6.919,1.016,4.042,-2.877
0.162,1.032,6.919,1.019,4.042,-2.877
0.152,1.034,6.919,1.023,4.042,-2.877
0.15,1.04,6.919,1.029,4.042,-2.877
0.147,1.042,6.919,1.032,4.042,-2.877
0.134,1.042,6.919,1.034,4.042,-2.877
0.133,1.042,6.919,1.034,4.042,-2.877
0.119,1.046,6.919,1.04,4.042,-2.877
0.116,1.048,6.919,1.042,4.042,-2.877
0.107,1.041,5.348,1.035,2.471,-2.877
0.098,1.043,5.348,1.039,2.471,-2.877
0.087,1.042,5.348,1.039,2.471,-2.877
0.089,1.045,5.348,1.041,2.471,-2.877
0.088,1.047,5.348,1.043,2.471,-2.877
0.089,1.049,5.348,1.045,2.471,-2.877
0.077,1.05,5.348,1.047,2.471,-2.877
0.073,1.048,5.348,1.045,2.471,-2.877
0.065,1.049,5.348,1.047,2.471,-2.877
0.059,1.05,5.348,1.049,2.471,-2.877
0.06,1.053,5.348,1.052,2.471,-2.877
0.059,1.055,5.348,1.053,2.471,-2.877
0.054,1.053,5.348,1.052,2.471,-2.877
0.052,1.052,5.348,1.051,2.471,-2.877
0.051,1.052,5.348,1.05,2.471,-2.877
0.045,1.055,5.348,1.054,2.471,-2.877
0.042,1.057,5.348,1.056,2.471,-2.877
0.032,1.062,5.348,1.062,2.471,-2.877
0.032,1.064,5.348,1.064,2.471,-2.877
0.025,1.066,5.348,1.066,2.471,-2.877
0.018,1.067,5.348,1.067,2.471,-2.877
0.013,1.072,5.348,1.072,2.471,-2.877
0.008,1.075,5.348,1.075,2.471,-2.877
0.013,1.078,5.348,1.078,2.471,-2.877
0.014,1.081,5.348,1.081,2.471,-2.877
0.008,1.082,5.18,1.082,2.303,-2.877
0.005,1.083,5.18,1.083,2.303,-2.877
0.001,1.083,5.18,1.083,2.303,-2.877
-0.004,1.084,5.18,1.084,2.303,-2.877
-0.005,1.086,5.18,1.086,2.303,-2.877
-0.005,1.085,5.18,1.085,2.303,-2.877
-0.006,1.083,5.18,1.083,2.303,-2.877
-0.009,1.083,5.18,1.083,2.303,-2.877
-0.012,1.084,5.18,1.084,2.303,-2.877
-0.011,1.087,5.423,1.086,2.546,-2.877
-0.018,1.09,5.423,1.089,2.546,-2.877
-0.025,1.087,5.423,1.086,2.546,-2.877
-0.026,1.087,5.423,1.087,2.546,-2.877
-0.027,1.087,5.423,1.086,2.546,-2.877
-0.022,1.083,5.423,1.083,2.546,-2.877
-0.021,1.082,5.423,1.082,2.546,-2.877
-0.025,1.078,5.423,1.078,2.546,-2.877
-0.026,1.081,5.517,1.08,2.64,-2.877
-0.026,1.08,5.517,1.08,2.64,-2.877
-0.019,1.078,5.367,1.078,2.64,-2.727
-0.015,1.072,5.367,1.072,2.64,-2.727
-0.018,1.071,5.367,1.071,2.64,-2.727
-0.019,1.072,5.367,1.072,2.64,-2.727
-0.018,1.073,5.367,1.072,2.64,-2.727
-0.014,1.074,5.367,1.074,2.64,-2.727
-0.011,1.078,5.367,1.078,2.64,-2.727
-0.008,1.079,5.367,1.079,2.64,-2.727
-0.008,1.081,5.367,1.081,2.64,-2.727
-0.011,1.084,5.367,1.084,2.64,-2.727
-0.009,1.088,5.367,1.088,2.64,-2.727
-0.009,1.092,5.386,1.092,2.659,-2.727
-0.01,1.094,5.386,1.093,2.659,-2.727
-0.013,1.099,5.386,1.099,2.659,-2.727
-0.013,1.103,5.386,1.103,2.659,-2.727
-0.018,1.104,5.386,1.104,2.659,-2.727
-0.022,1.104,5.386,1.103,2.659,-2.727
-0.023,1.109,5.386,1.109,2.659,-2.727
-0.028,1.109,5.386,1.109,2.659,-2.727
-0.03,1.107,5.274,1.107,2.659,-2.615
-0.027,1.109,5.274,1.109,2.659,-2.615
-0.029,1.111,5.535,1.111,2.92,-2.615
-0.035,1.111,5.535,1.111,2.92,-2.615
-0.031,1.109,5.535,1.109,2.92,-2.615
-0.026,1.111,5.535,1.111,2.92,-2.615
-0.024,1.108,5.517,1.108,2.92,-2.596
-0.027,1.107,5.517,1.107,2.92,-2.596
-0.032,1.108,5.517,1.107,2.92,-2.596
-0.029,1.106,5.517,1.105,2.92,-2.596
-0.027,1.1,5.33,1.1,2.92,-2.409
-0.03,1.099,5.33,1.098,2.92,-2.409
-0.042,1.098,5.33,1.097,2.92,-2.409
-0.045,1.1,5.33,1.099,2.92,-2.409
-0.044,1.105,5.33,1.105,2.92,-2.409
-0.054,1.099,5.33,1.098,2.92,-2.409
-0.06,1.097,5.33,1.095,2.92,-2.409
-0.06,1.096,5.33,1.094,2.92,-2.409
-0.068,1.093,5.33,1.091,2.92,-2.409
-0.079,1.091,5.33,1.088,2.92,-2.409
-0.082,1.083,5.33,1.08,2.92,-2.409
-0.089,1.082,5.33,1.078,2.92,-2.409
-0.089,1.084,5.33,1.08,2.92,-2.409
-0.09,1.079,5.33,1.076,2.92,-2.409
-0.093,1.077,5.33,1.073,2.92,-2.409
-0.094,1.074,5.33,1.07,2.92,-2.409
-0.093,1.071,5.33,1.067,2.92,-2.409
-0.097,1.065,5.33,1.06,2.92,-2.409
-0.096,1.064,5.33,1.059,2.92,-2.409
-0.094,1.063,5.33,1.059,2.92,-2.409
-0.09,1.062,5.33,1.058,2.92,-2.409
-0.085,1.065,5.33,1.061,2.92,-2.409
-0.086,1.063,5.33,1.059,2.92,-2.409
-0.08,1.059,5.33,1.056,2.92,-2.409
-0.077,1.057,5.33,1.054,2.92,-2.409
-0.071,1.057,5.33,1.054,2.92,-2.409
-0.063,1.056,5.33,1.054,2.92,-2.409
-0.062,1.056,5.498,1.054,3.089,-2.409
-0.058,1.049,5.498,1.048,3.089,-2.409
-0.052,1.053,5.498,1.052,3.089,-2.409
-0.042,1.052,5.498,1.051,3.089,-2.409
-0.041,1.053,5.498,1.052,3.089,-2.409
-0.033,1.048,5.498,1.048,3.089,-2.409
-0.033,1.043,5.498,1.043,3.089,-2.409
-0.031,1.044,5.498,1.043,3.089,-2.409
-0.036,1.037,5.124,1.036,3.089,-2.035
-0.028,1.035,5.124,1.035,3.089,-2.035
-0.025,1.04,5.124,1.039,3.089,-2.035
-0.028,1.035,5.124,1.035,3.089,-2.035
-0.034,1.031,5.124,1.031,3.089,-2.035
-0.034,1.03,5.124,1.029,3.089,-2.035
-0.03,1.033,5.124,1.033,3.089,-2.035
-0.036,1.031,5.124,1.03,3.089,-2.035
-0.031,1.029,5.124,1.028,3.089,-2.035
-0.032,1.033,5.124,1.033,3.089,-2.035
-0.022,1.028,5.124,1.028,3.089,-2.035
-0.018,1.027,5.124,1.027,3.089,-2.035
-0.014,1.025,5.124,1.025,3.089,-2.035
-0.012,1.018,5.068,1.018,3.089,-1.979
-0.009,1.015,5.068,1.015,3.089,-1.979
-0.011,1.012,5.068,1.012,3.089,-1.979
-0.019,1.006,5.068,1.006,3.089,-1.979
-0.019,1.003,5.068,1.003,3.089,-1.979
-0.009,1.001,5.068,1.001,3.089,-1.979
-0.009,1.002,5.068,1.002,3.089,-1.979
-0.007,1.0,5.068,1.0,3.089,-1.979
-0.006,0.997,5.012,0.997,3.089,-1.923
-0.011,0.995,5.012,0.995,3.089,-1.923
-0.002,1.004,5.012,1.004,3.089,-1.923
-0.002,1.006,5.012,1.006,3.089,-1.923
-0.008,1.005,5.012,1.005,3.089,-1.923
-0.006,1.008,5.012,1.008,3.089,-1.923
-0.001,1.006,5.012,1.006,3.089,-1.923
-0.0,1.005,5.012,1.005,3.089,-1.923
0.01,1.003,5.012,1.003,3.089,-1.923
0.011,1.005,5.012,1.005,3.089,-1.923
0.023,1.012,5.012,1.012,3.089,-1.923
0.033,1.013,5.012,1.013,3.089,-1.923
0.036,1.01,5.012,1.009,3.089,-1.923
0.041,1.011,5.012,1.011,3.089,-1.923
0.041,1.008,4.825,1.007,3.089,-1.736
0.046,1.01,4.825,1.009,3.089,-1.736
0.055,1.012,4.825,1.011,3.089,-1.736
0.063,1.017,4.825,1.015,3.089,-1.736
0.068,1.017,4.825,1.014,3.089,-1.736
0.076,1.016,4.825,1.013,3.089,-1.736
0.078,1.014,4.825,1.011,3.089,-1.736
0.084,1.018,4.825,1.015,3.089,-1.736
0.089,1.02,4.825,1.016,3.089,-1.736
0.096,1.028,5.236,1.023,3.5,-1.736
0.099,1.032,5.236,1.027,3.5,-1.736
0.099,1.03,5.236,1.026,3.5,-1.736
0.108,1.027,5.143,1.021,3.5,-1.643
0.11,1.03,5.143,1.025,3.5,-1.643
0.113,1.031,5.143,1.025,3.5,-1.643
0.115,1.032,5.143,1.026,3.5,-1.643
0.118,1.032,5.143,1.025,3.5,-1.643
0.125,1.032,5.143,1.024,3.5,-1.643
0.129,1.03,5.143,1.022,3.5,-1.643
0.13,1.029,5.143,1.021,3.5,-1.643
0.128,1.027,5.143,1.019,3.5,-1.643
0.133,1.027,5.143,1.018,3.5,-1.643
0.14,1.03,5.143,1.02,3.5,-1.643
0.147,1.032,5.143,1.022,3.5,-1.643
0.155,1.039,5.143,1.027,3.5,-1.643
0.155,1.042,5.143,1.03,3.5,-1.643
0.16,1.047,5.143,1.035,3.5,-1.643
0.162,1.044,5.143,1.032,3.5,-1.643
0.168,1.049,5.143,1.035,3.5,-1.643
0.172,1.051,5.143,1.036,3.5,-1.643
0.183,1.056,5.143,1.04,3.5,-1.643
0.183,1.055,5.143,1.039,3.5,-1.643
0.192,1.056,5.143,1.038,3.5,-1.643
0.197,1.056,5.143,1.038,3.5,-1.643
0.198,1.054,5.143,1.035,3.5,-1.643
0.205,1.053,5.143,1.033,3.5,-1.643
0.21,1.051,5.143,1.03,3.5,-1.643
0.222,1.056,5.143,1.033,3.5,-1.643
0.221,1.051,5.143,1.028,3.5,-1.643
0.227,1.05,5.143,1.025,3.5,-1.643
0.23,1.048,5.143,1.023,3.5,-1.643
0.236,1.051,5.143,1.024,3.5,-1.643
0.246,1.054,5.143,1.025,3.5,-1.643
0.255,1.054,5.143,1.022,3.5,-1.643
0.259,1.055,5.143,1.023,3.5,-1.643
0.261,1.052,5.143,1.019,3.5,-1.643
0.27,1.053,5.143,1.018,3.5,-1.643
0.278,1.053,5.143,1.015,3.5,-1.643
0.29,1.051,5.143,1.01,3.5,-1.643
0.292,1.051,5.143,1.01,3.5,-1.643
0.296,1.048,5.143,1.005,3.5,-1.643
0.307,1.047,5.143,1.001,3.5,-1.643
0.316,1.046,5.143,0.997,3.5,-1.643
0.32,1.043,5.143,0.993,3.5,-1.643
0.316,1.034,5.143,0.985,3.5,-1.643
0.326,1.035,5.143,0.983,3.5,-1.643
0.332,1.035,5.143,0.981,3.5,-1.643
0.338,1.035,5.143,0.978,3.5,-1.643
0.349,1.035,5.143,0.974,3.5,-1.643
0.358,1.035,5.143,0.97,3.5,-1.643
0.364,1.034,5.143,0.968,3.5,-1.643
0.373,1.034,5.105,0.964,3.5,-1.605
0.377,1.028,5.105,0.957,3.5,-1.605
0.381,1.028,5.105,0.955,3.5,-1.605
0.384,1.029,5.105,0.954,3.5,-1.605
0.39,1.028,5.105,0.951,3.5,-1.605
0.395,1.028,5.105,0.949,3.5,-1.605
0.402,1.028,5.105,0.946,3.5,-1.605
0.406,1.028,5.105,0.944,3.5,-1.605
0.413,1.027,5.105,0.941,3.5,-1.605
0.412,1.028,5.722,0.942,3.5,-2.222
0.418,1.027,5.722,0.938,3.5,-2.222
0.427,1.029,5.722,0.936,3.5,-2.222
0.429,1.028,5.722,0.934,3.5,-2.222
0.435,1.029,5.722,0.933,3.5,-2.222
0.439,1.025,5.722,0.927,3.5,-2.222
0.445,1.025,5.722,0.923,3.5,-2.222
0.451,1.022,5.722,0.917,3.5,-2.222
0.459,1.024,5.722,0.915,3.5,-2.222
0.463,1.021,5.722,0.91,3.5,-2.222
0.466,1.018,5.722,0.905,3.5,-2.222
0.473,1.015,5.722,0.898,3.5,-2.222
0.478,1.016,5.722,0.896,3.5,-2.222
0.483,1.015,5.722,0.892,3.5,-2.222
0.484,1.01,5.722,0.887,3.5,-2.222
0.49,1.011,5.722,0.884,3.5,-2.222
0.496,1.01,5.722,0.879,3.5,-2.222
0.501,1.003,5.722,0.869,3.5,-2.222
0.513,1.003,5.722,0.862,3.5,-2.222
0.521,1.004,5.722,0.858,3.5,-2.222
0.528,1.002,5.722,0.851,3.5,-2.222
0.532,0.998,5.722,0.845,3.5,-2.222
0.545,1.005,5.835,0.845,3.612,-2.222
0.555,1.014,6.396,0.849,4.173,-2.222
0.564,1.014,6.396,0.842,4.173,-2.222
0.57,1.019,6.396,0.845,4.173,-2.222
0.574,1.022,6.396,0.845,4.173,-2.222
0.578,1.024,6.396,0.846,4.173,-2.222
0.583,1.025,6.396,0.843,4.173,-2.222
0.592,1.029,6.396,0.841,4.173,-2.222
0.596,1.027,6.396,0.837,4.173,-2.222
0.605,1.03,6.396,0.834,4.173,-2.222
0.604,1.029,6.396,0.833,4.173,-2.222
0.602,1.026,6.396,0.83,4.173,-2.222
0.609,1.027,6.396,0.827,4.173,-2.222
0.615,1.027,6.396,0.823,4.173,-2.222
0.616,1.026,6.396,0.82,4.173,-2.222
0.625,1.028,6.396,0.816,4.173,-2.222
0.621,1.02,6.396,0.809,4.173,-2.222
0.628,1.018,6.396,0.802,4.173,-2.222
0.636,1.02,6.396,0.798,4.173,-2.222
0.638,1.017,6.396,0.792,4.173,-2.222
0.648,1.023,6.396,0.792,4.173,-2.222
0.657,1.026,6.396,0.788,4.173,-2.222
0.661,1.026,6.396,0.785,4.173,-2.222
0.663,1.026,6.396,0.783,4.173,-2.222
0.663,1.023,6.396,0.779,4.173,-2.222
0.661,1.019,6.396,0.776,4.173,-2.222
0.664,1.02,6.396,0.775,4.173,-2.222
0.672,1.02,6.396,0.767,4.173,-2.222
0.676,1.019,6.396,0.763,4.173,-2.222
0.678,1.019,6.396,0.76,4.173,-2.222
0.678,1.015,6.396,0.756,4.173,-2.222
0.673,1.011,6.396,0.754,4.173,-2.222
0.677,1.018,6.396,0.761,4.173,-2.222
0.68,1.022,6.396,0.763,4.173,-2.222
0.685,1.025,6.396,0.763,4.173,-2.222
0.681,1.021,6.396,0.761,4.173,-2.222
0.694,1.035,6.396,0.768,4.173,-2.222
0.693,1.028,6.396,0.76,4.173,-2.222
0.696,1.025,6.396,0.752,4.173,-2.222
0.694,1.021,6.396,0.749,4.173,-2.222
0.697,1.021,6.396,0.746,4.173,-2.222
0.696,1.016,6.396,0.741,4.173,-2.222
0.696,1.013,6.396,0.736,4.173,-2.222
0.704,1.025,6.396,0.746,4.173,-2.222
0.712,1.033,6.396,0.748,4.173,-2.222
0.713,1.032,6.396,0.746,4.173,-2.222
0.712,1.03,6.396,0.745,4.173,-2.222
0.72,1.036,6.396,0.744,4.173,-2.222
0.724,1.037,6.396,0.741,4.173,-2.222
0.726,1.042,6.396,0.748,4.173,-2.222
0.72,1.04,6.396,0.75,4.173,-2.222
0.72,1.037,6.396,0.747,4.173,-2.222
0.716,1.029,6.396,0.74,4.173,-2.222
0.718,1.024,6.396,0.731,4.173,-2.222
0.72,1.024,6.396,0.729,4.173,-2.222
0.723,1.025,6.396,0.727,4.173,-2.222
0.721,1.021,6.396,0.722,4.173,-2.222
0.72,1.02,6.396,0.723,4.173,-2.222
0.716,1.013,6.396,0.717,4.173,-2.222
0.717,1.012,6.396,0.715,4.173,-2.222
0.711,1.008,6.396,0.715,4.173,-2.222
0.712,1.011,6.396,0.717,4.173,-2.222
0.716,1.011,6.396,0.713,4.173,-2.222
0.715,1.01,6.396,0.713,4.173,-2.222
0.723,1.019,6.396,0.718,4.173,-2.222
0.716,1.013,6.396,0.717,4.173,-2.222
0.712,1.013,6.396,0.72,4.173,-2.222
0.714,1.014,6.396,0.72,4.173,-2.222
0.716,1.018,6.396,0.723,4.173,-2.222
0.708,1.011,6.396,0.721,4.173,-2.222
0.701,1.005,6.396,0.72,4.173,-2.222
0.7,1.006,6.396,0.723,4.173,-2.222
0.706,1.011,6.396,0.723,4.173,-2.222
0.705,1.013,6.396,0.727,4.173,-2.222
0.703,1.016,6.396,0.734,4.173,-2.222
0.706,1.019,6.396,0.736,4.173,-2.222
0.706,1.021,6.396,0.738,4.173,-2.222
0.709,1.025,6.396,0.74,4.173,-2.222
0.716,1.03,6.396,0.741,4.173,-2.222
0.714,1.03,6.396,0.742,4.173,-2.222
0.717,1.033,6.396,0.743,4.173,-2.222
0.713,1.034,6.396,0.749,4.173,-2.222
0.718,1.042,6.396,0.755,4.173,-2.222
0.717,1.043,6.396,0.758,4.173,-2.222
0.724,1.052,6.396,0.763,4.173,-2.222
0.724,1.05,6.396,0.761,4.173,-2.222
0.724,1.051,6.396,0.762,4.173,-2.222
0.723,1.054,6.396,0.767,4.173,-2.222
0.726,1.056,6.396,0.767,4.173,-2.222
0.724,1.056,6.396,0.769,4.173,-2.222
0.726,1.059,6.396,0.771,4.173,-2.222
0.723,1.065,6.396,0.783,4.173,-2.222
0.72,1.066,6.396,0.786,4.173,-2.222
0.72,1.07,6.396,0.792,4.173,-2.222
0.727,1.08,6.396,0.799,4.173,-2.222
0.728,1.086,6.396,0.806,4.173,-2.222
0.727,1.088,6.396,0.809,4.173,-2.222
0.729,1.09,6.396,0.81,4.173,-2.222
0.732,1.092,5.966,0.81,4.173,-1.792
0.733,1.096,5.966,0.816,4.173,-1.792
0.726,1.098,6.003,0.825,4.173,-1.83
0.724,1.102,6.003,0.831,4.173,-1.83
0.727,1.105,6.003,0.833,4.173,-1.83
0.726,1.107,6.003,0.836,4.173,-1.83
0.726,1.114,6.003,0.845,4.173,-1.83
0.73,1.12,6.003,0.849,4.173,-1.83
0.723,1.12,6.003,0.856,4.173,-1.83
0.718,1.12,6.003,0.859,4.173,-1.83
0.707,1.121,6.003,0.87,4.173,-1.83
0.706,1.125,6.003,0.875,4.173,-1.83
0.705,1.131,6.003,0.884,4.173,-1.83
0.694,1.13,6.003,0.891,4.173,-1.83
0.695,1.134,6.003,0.896,4.173,-1.83
0.694,1.14,6.003,0.904,4.173,-1.83
0.682,1.142,6.003,0.916,4.173,-1.83
0.674,1.143,6.003,0.923,4.173,-1.83
0.668,1.145,6.003,0.931,4.173,-1.83
0.66,1.147,6.003,0.937,4.173,-1.83
0.656,1.149,6.003,0.944,4.173,-1.83
0.647,1.146,6.003,0.945,4.173,-1.83
0.639,1.138,6.003,0.942,4.173,-1.83
0.628,1.133,5.816,0.943,3.986,-1.83
0.621,1.129,5.816,0.943,3.986,-1.83
0.614,1.127,5.816,0.944,3.986,-1.83
0.606,1.122,5.816,0.945,3.986,-1.83
0.594,1.118,5.816,0.947,3.986,-1.83
0.589,1.119,5.816,0.951,3.986,-1.83
0.58,1.115,5.816,0.952,3.986,-1.83
0.572,1.12,6.003,0.963,3.986,-2.017
0.559,1.118,6.003,0.969,3.986,-2.017
0.558,1.12,6.003,0.971,3.986,-2.017
0.55,1.121,6.003,0.976,3.986,-2.017
0.542,1.118,6.003,0.977,3.986,-2.017
0.532,1.119,6.003,0.984,3.986,-2.017
0.522,1.119,6.003,0.99,3.986,-2.017
0.517,1.116,6.003,0.989,3.986,-2.017
0.51,1.115,6.003,0.991,3.986,-2.017
0.502,1.114,6.003,0.994,3.986,-2.017
0.497,1.114,6.003,0.997,3.986,-2.017
0.487,1.113,6.003,1.001,3.986,-2.017
0.483,1.111,6.003,1.001,3.986,-2.017
0.476,1.109,6.003,1.002,3.986,-2.017
0.465,1.108,6.003,1.006,3.986,-2.017
0.457,1.106,6.003,1.007,3.986,-2.017
0.45,1.102,6.003,1.006,3.986,-2.017
0.445,1.103,6.003,1.009,3.986,-2.017
0.44,1.102,6.003,1.01,3.986,-2.017
0.426,1.101,6.003,1.015,3.986,-2.017
0.418,1.1,6.003,1.017,3.986,-2.017
0.406,1.1,6.321,1.022,3.986,-2.335
0.395,1.106,6.676,1.033,3.986,-2.69
0.386,1.112,6.676,1.043,3.986,-2.69
0.372,1.112,6.844,1.048,3.986,-2.858
0.359,1.109,6.844,1.049,3.986,-2.858
0.351,1.106,6.844,1.049,3.986,-2.858
0.354,1.108,6.844,1.05,3.986,-2.858
0.333,1.097,6.844,1.045,3.986,-2.858
0.325,1.1,6.844,1.051,3.986,-2.858
0.316,1.104,6.901,1.058,3.986,-2.914
0.315,1.11,6.901,1.064,3.986,-2.914
0.307,1.115,6.901,1.072,3.986,-2.914
0.302,1.118,6.901,1.077,3.986,-2.914
0.292,1.12,6.901,1.081,3.986,-2.914
0.275,1.112,6.77,1.077,3.855,-2.914
0.264,1.11,6.77,1.078,3.855,-2.914
0.258,1.111,6.77,1.08,3.855,-2.914
0.259,1.117,6.77,1.086,3.855,-2.914
0.241,1.119,6.77,1.092,3.855,-2.914
0.232,1.122,6.77,1.098,3.855,-2.914
0.225,1.114,6.096,1.091,3.182,-2.914
0.222,1.116,6.096,1.093,3.182,-2.914
0.216,1.117,6.096,1.096,3.182,-2.914
0.213,1.121,6.096,1.1,3.182,-2.914
0.215,1.127,6.096,1.106,3.182,-2.914
0.204,1.124,6.096,1.106,3.182,-2.914
0.196,1.126,6.096,1.109,3.182,-2.914
0.187,1.128,6.096,1.112,3.182,-2.914
0.186,1.129,6.096,1.113,3.182,-2.914
0.177,1.133,6.096,1.119,3.182,-2.914
0.169,1.132,6.096,1.119,3.182,-2.914
0.169,1.133,6.096,1.12,3.182,-2.914
0.164,1.133,6.096,1.121,3.182,-2.914
0.16,1.135,6.096,1.123,3.182,-2.914
0.154,1.134,6.096,1.123,3.182,-2.914
0.148,1.128,5.666,1.118,2.752,-2.914
0.149,1.129,5.666,1.119,2.752,-2.914
0.148,1.132,5.666,1.122,2.752,-2.914
0.14,1.134,5.666,1.125,2.752,-2.914
0.137,1.136,5.666,1.127,2.752,-2.914
0.137,1.138,5.666,1.13,2.752,-2.914
0.136,1.139,5.666,1.131,2.752,-2.914
0.134,1.142,5.666,1.135,2.752,-2.914
0.124,1.14,5.666,1.133,2.752,-2.914
0.117,1.139,5.666,1.133,2.752,-2.914
0.109,1.139,5.666,1.134,2.752,-2.914
0.098,1.139,5.666,1.134,2.752,-2.914
0.092,1.141,5.666,1.137,2.752,-2.914
0.074,1.146,5.666,1.143,2.752,-2.914
0.063,1.147,5.666,1.146,2.752,-2.914
0.054,1.149,5.666,1.148,2.752,-2.914
0.046,1.15,5.666,1.149,2.752,-2.914
0.037,1.153,5.666,1.152,2.752,-2.914
0.024,1.152,5.666,1.151,2.752,-2.914
0.01,1.162,5.666,1.162,2.752,-2.914
-0.007,1.159,5.666,1.159,2.752,-2.914
-0.021,1.162,5.666,1.162,2.752,-2.914
-0.028,1.168,5.666,1.168,2.752,-2.914
-0.035,1.165,5.666,1.165,2.752,-2.914
-0.035,1.168,5.666,1.167,2.752,-2.914
-0.037,1.17,5.666,1.169,2.752,-2.914
-0.048,1.169,5.666,1.168,2.752,-2.914
-0.058,1.167,5.666,1.166,2.752,-2.914
-0.066,1.175,5.76,1.173,2.752,-3.008
-0.076,1.174,5.76,1.172,2.752,-3.008
-0.087,1.168,5.76,1.165,2.752,-3.008
-0.094,1.169,5.76,1.165,2.752,-3.008
-0.098,1.169,5.76,1.165,2.752,-3.008
-0.101,1.169,5.76,1.165,2.752,-3.008
-0.111,1.166,5.76,1.161,2.752,-3.008
-0.121,1.161,5.76,1.154,2.752,-3.008
-0.125,1.161,5.76,1.154,2.752,-3.008
-0.135,1.164,5.76,1.156,2.752,-3.008
-0.144,1.162,5.76,1.153,2.752,-3.008
-0.155,1.163,5.76,1.152,2.752,-3.008
-0.165,1.162,5.76,1.15,2.752,-3.008
-0.184,1.161,5.76,1.146,2.752,-3.008
-0.188,1.159,5.76,1.144,2.752,-3.008
-0.192,1.158,5.76,1.142,2.752,-3.008
-0.191,1.156,5.76,1.14,2.752,-3.008
-0.199,1.153,5.76,1.136,2.752,-3.008
-0.21,1.153,5.76,1.133,2.752,-3.008
-0.207,1.154,5.76,1.135,2.752,-3.008
-0.218,1.155,5.76,1.134,2.752,-3.008
-0.219,1.151,5.76,1.13,2.752,-3.008
-0.222,1.15,5.76,1.129,2.752,-3.008
-0.225,1.153,5.76,1.131,2.752,-3.008
-0.228,1.154,5.76,1.132,2.752,-3.008
-0.226,1.156,5.76,1.134,2.752,-3.008
-0.228,1.156,5.76,1.133,2.752,-3.008
-0.23,1.157,5.76,1.134,2.752,-3.008
-0.234,1.16,5.76,1.137,2.752,-3.008
-0.237,1.158,5.76,1.134,2.752,-3.008
-0.243,1.16,5.76,1.134,2.752,-3.008
-0.252,1.158,5.704,1.13,2.696,-3.008
-0.25,1.162,5.704,1.135,2.696,-3.008
-0.249,1.166,5.704,1.139,2.696,-3.008
-0.249,1.168,5.704,1.141,2.696,-3.008
-0.245,1.17,5.704,1.144,2.696,-3.008
-0.243,1.17,5.704,1.144,2.696,-3.008
-0.234,1.17,5.704,1.146,2.696,-3.008
-0.242,1.173,5.704,1.148,2.696,-3.008
-0.245,1.176,5.704,1.15,2.696,-3.008
-0.25,1.179,5.704,1.153,2.696,-3.008
-0.246,1.178,5.704,1.152,2.696,-3.008
-0.247,1.178,5.704,1.152,2.696,-3.008
-0.246,1.18,5.704,1.154,2.696,-3.008
-0.244,1.182,5.704,1.157,2.696,-3.008
-0.24,1.184,5.704,1.159,2.696,-3.008
-0.244,1.184,5.704,1.159,2.696,-3.008
-0.242,1.184,5.704,1.159,2.696,-3.008
-0.254,1.185,5.217,1.157,2.21,-3.008
-0.25,1.188,5.217,1.161,2.21,-3.008
-0.244,1.187,5.217,1.161,2.21,-3.008
-0.239,1.189,5.217,1.165,2.21,-3.008
-0.248,1.191,5.217,1.165,2.21,-3.008
-0.253,1.193,5.217,1.166,2.21,-3.008
-0.254,1.196,5.217,1.168,2.21,-3.008
-0.247,1.195,5.217,1.169,2.21,-3.008
-0.25,1.197,5.217,1.17,2.21,-3.008
-0.251,1.196,5.217,1.17,2.21,-3.008
-0.248,1.193,5.217,1.166,2.21,-3.008
-0.248,1.187,5.217,1.161,2.21,-3.008
-0.241,1.182,5.217,1.157,2.21,-3.008
-0.237,1.184,5.217,1.16,2.21,-3.008
-0.239,1.185,5.217,1.161,2.21,-3.008
-0.246,1.184,5.217,1.158,2.21,-3.008
-0.241,1.183,5.217,1.158,2.21,-3.008
-0.242,1.179,5.217,1.154,2.21,-3.008
-0.243,1.175,5.217,1.15,2.21,-3.008
-0.246,1.171,5.217,1.145,2.21,-3.008
-0.244,1.167,5.217,1.141,2.21,-3.008
-0.249,1.169,5.217,1.142,2.21,-3.008
-0.244,1.167,5.217,1.141,2.21,-3.008
-0.238,1.163,5.217,1.138,2.21,-3.008
-0.236,1.159,5.217,1.134,2.21,-3.008
-0.236,1.157,5.217,1.133,2.21,-3.008
-0.24,1.155,5.217,1.13,2.21,-3.008
-0.235,1.148,5.217,1.123,2.21,-3.008
-0.233,1.143,5.217,1.119,2.21,-3.008
-0.238,1.145,5.217,1.12,2.21,-3.008
-0.238,1.143,5.217,1.118,2.21,-3.008
-0.239,1.143,5.217,1.118,2.21,-3.008
-0.243,1.142,5.217,1.116,2.21,-3.008
-0.248,1.138,5.217,1.11,2.21,-3.008
-0.244,1.135,5.217,1.108,2.21,-3.008
-0.246,1.132,5.217,1.105,2.21,-3.008
-0.245,1.129,5.217,1.102,2.21,-3.008
-0.254,1.128,5.217,1.099,2.21,-3.008
-0.252,1.124,5.217,1.095,2.21,-3.008
-0.248,1.125,5.217,1.097,2.21,-3.008
-0.255,1.127,5.217,1.098,2.21,-3.008
-0.262,1.128,5.217,1.097,2.21,-3.008
-0.261,1.127,5.217,1.096,2.21,-3.008
-0.265,1.126,5.217,1.094,2.21,-3.008
-0.268,1.122,5.217,1.09,2.21,-3.008
-0.271,1.123,5.217,1.09,2.21,-3.008
-0.275,1.121,5.217,1.087,2.21,-3.008
-0.276,1.118,5.217,1.084,2.21,-3.008
-0.283,1.115,5.217,1.079,2.21,-3.008
-0.286,1.114,5.217,1.077,2.21,-3.008
-0.29,1.114,5.217,1.075,2.21,-3.008
-0.29,1.11,5.217,1.072,2.21,-3.008
-0.291,1.107,5.217,1.068,2.21,-3.008
-0.288,1.106,5.217,1.067,2.21,-3.008
-0.285,1.102,5.217,1.065,2.21,-3.008
-0.284,1.101,5.217,1.064,2.21,-3.008
-0.286,1.096,5.217,1.058,2.21,-3.008
-0.278,1.087,5.217,1.051,2.21,-3.008
-0.278,1.083,5.217,1.046,2.21,-3.008
-0.275,1.08,5.217,1.044,2.21,-3.008
-0.277,1.077,5.217,1.041,2.21,-3.008
-0.272,1.072,5.217,1.037,2.21,-3.008
-0.271,1.066,5.217,1.031,2.21,-3.008
-0.26,1.053,5.217,1.02,2.21,-3.008
-0.256,1.047,5.217,1.015,2.21,-3.008
-0.252,1.043,5.217,1.012,2.21,-3.008
-0.252,1.035,5.217,1.004,2.21,-3.008
-0.257,1.04,5.217,1.008,2.21,-3.008
-0.268,1.041,5.217,1.006,2.21,-3.008
-0.27,1.039,5.217,1.003,2.21,-3.008
-0.27,1.038,5.217,1.003,2.21,-3.008
-0.263,1.035,5.217,1.001,2.21,-3.008
-0.264,1.028,4.993,0.993,2.21,-2.783
-0.258,1.024,4.993,0.991,2.21,-2.783
-0.262,1.024,4.993,0.99,2.21,-2.783
-0.262,1.018,4.993,0.983,2.21,-2.783
-0.266,1.015,4.993,0.979,2.21,-2.783
-0.265,1.015,4.993,0.979,2.21,-2.783
-0.267,1.016,4.993,0.98,2.21,-2.783
-0.264,1.016,4.993,0.981,2.21,-2.783
-0.262,1.013,4.993,0.979,2.21,-2.783
-0.261,1.005,4.993,0.971,2.21,-2.783
-0.26,1.003,4.993,0.969,2.21,-2.783
-0.254,1.0,4.993,0.967,2.21,-2.783
-0.257,0.993,4.993,0.959,2.21,-2.783
-0.249,0.987,4.993,0.955,2.21,-2.783
-0.253,0.991,4.993,0.959,2.21,-2.783
-0.253,0.991,4.993,0.958,2.21,-2.783
-0.253,0.991,4.993,0.958,2.21,-2.783
-0.257,0.992,4.993,0.958,2.21,-2.783
-0.25,0.986,4.993,0.954,2.21,-2.783
-0.251,0.984,4.993,0.952,2.21,-2.783
-0.248,0.978,4.993,0.946,2.21,-2.783
-0.254,0.979,4.993,0.945,2.21,-2.783
-0.251,0.974,4.993,0.941,2.21,-2.783
-0.248,0.97,4.993,0.938,2.21,-2.783
-0.249,0.965,4.993,0.932,2.21,-2.783
-0.252,0.966,4.993,0.932,2.21,-2.783
-0.251,0.962,4.993,0.929,2.21,-2.783
-0.248,0.96,4.993,0.927,2.21,-2.783
-0.25,0.957,4.993,0.924,2.21,-2.783
-0.253,0.963,4.993,0.93,2.21,-2.783
-0.254,0.961,4.993,0.926,2.21,-2.783
-0.249,0.958,4.993,0.926,2.21,-2.783
-0.249,0.956,4.956,0.923,2.172,-2.783
-0.252,0.955,4.956,0.921,2.172,-2.783
-0.253,0.95,4.956,0.916,2.172,-2.783
-0.256,0.947,4.956,0.912,2.172,-2.783
-0.253,0.941,4.956,0.906,2.172,-2.783
-0.258,0.939,4.956,0.903,2.172,-2.783
-0.255,0.939,4.956,0.903,2.172,-2.783
-0.253,0.935,4.956,0.9,2.172,-2.783
-0.251,0.932,4.956,0.898,2.172,-2.783
-0.248,0.931,4.956,0.898,2.172,-2.783
-0.241,0.932,4.956,0.9,2.172,-2.783
-0.245,0.933,4.956,0.9,2.172,-2.783
-0.247,0.93,4.956,0.897,2.172,-2.783
-0.249,0.928,4.956,0.893,2.172,-2.783
-0.246,0.926,4.956,0.893,2.172,-2.783
-0.247,0.929,4.956,0.895,2.172,-2.783
-0.239,0.925,4.956,0.894,2.172,-2.783
-0.241,0.92,4.787,0.887,2.004,-2.783
-0.25,0.926,4.787,0.891,2.004,-2.783
-0.256,0.927,4.638,0.891,1.854,-2.783
-0.254,0.931,4.638,0.896,1.854,-2.783
-0.253,0.932,4.638,0.897,1.854,-2.783
-0.254,0.932,4.638,0.897,1.854,-2.783
-0.255,0.932,4.638,0.896,1.854,-2.783
-0.25,0.932,4.638,0.897,1.854,-2.783
-0.254,0.932,4.638,0.897,1.854,-2.783
-0.254,0.928,4.638,0.893,1.854,-2.783
-0.253,0.928,4.638,0.893,1.854,-2.783
-0.257,0.929,4.638,0.893,1.854,-2.783
-0.257,0.925,4.638,0.888,1.854,-2.783
-0.261,0.926,4.638,0.889,1.854,-2.783
-0.266,0.929,4.638,0.89,1.854,-2.783
-0.267,0.925,4.638,0.885,1.854,-2.783
-0.263,0.925,4.638,0.887,1.854,-2.783
-0.264,0.926,4.638,0.888,1.854,-2.783
-0.268,0.929,4.638,0.889,1.854,-2.783
-0.271,0.934,4.638,0.894,1.854,-2.783
-0.268,0.936,4.638,0.897,1.854,-2.783
-0.278,0.947,4.638,0.905,1.854,-2.783
-0.285,0.95,4.638,0.906,1.854,-2.783
-0.28,0.95,4.638,0.908,1.854,-2.783
-0.286,0.955,4.638,0.911,1.854,-2.783
-0.285,0.953,4.638,0.91,1.854,-2.783
-0.281,0.955,4.638,0.913,1.854,-2.783
-0.284,0.956,4.638,0.913,1.854,-2.783
-0.283,0.955,4.638,0.912,1.854,-2.783
-0.285,0.958,4.638,0.914,1.854,-2.783
-0.285,0.959,4.638,0.916,1.854,-2.783
-0.283,0.958,4.638,0.915,1.854,-2.783
-0.286,0.957,4.638,0.913,1.854,-2.783
-0.288,0.958,4.638,0.913,1.854,-2.783
-0.285,0.957,4.638,0.913,1.854,-2.783
-0.284,0.957,4.638,0.914,1.854,-2.783
-0.282,0.957,4.638,0.914,1.854,-2.783
-0.286,0.963,4.638,0.919,1.854,-2.783
-0.288,0.961,4.638,0.917,1.854,-2.783
-0.286,0.96,4.638,0.917,1.854,-2.783
-0.284,0.957,4.638,0.914,1.854,-2.783
-0.287,0.957,4.638,0.914,1.854,-2.783
-0.288,0.957,4.638,0.913,1.854,-2.783
-0.29,0.959,4.638,0.914,1.854,-2.783
-0.288,0.958,4.638,0.914,1.854,-2.783
-0.287,0.958,4.638,0.914,1.854,-2.783
-0.287,0.963,4.638,0.919,1.854,-2.783
-0.28,0.961,4.638,0.919,1.854,-2.783
-0.279,0.961,4.638,0.919,1.854,-2.783
-0.28,0.965,4.638,0.924,1.854,-2.783
-0.281,0.967,4.638,0.926,1.854,-2.783
-0.285,0.97,4.638,0.927,1.854,-2.783
-0.283,0.968,4.563,0.926,1.78,-2.783
-0.288,0.969,4.563,0.925,1.78,-2.783
-0.289,0.968,4.563,0.924,1.78,-2.783
-0.289,0.969,4.563,0.925,1.78,-2.783
-0.288,0.969,4.563,0.925,1.78,-2.783
-0.286,0.97,4.563,0.926,1.78,-2.783
-0.289,0.974,4.563,0.93,1.78,-2.783
-0.287,0.976,4.563,0.933,1.78,-2.783
-0.287,0.979,4.563,0.936,1.78,-2.783
-0.286,0.979,4.563,0.936,1.78,-2.783
-0.289,0.981,4.563,0.938,1.78,-2.783
-0.29,0.985,4.563,0.942,1.78,-2.783
-0.286,0.988,4.563,0.945,1.78,-2.783
-0.292,0.993,4.563,0.949,1.78,-2.783
-0.283,0.991,4.563,0.949,1.78,-2.783
-0.281,0.985,4.526,0.945,1.78,-2.746
-0.277,0.983,4.526,0.943,1.78,-2.746
-0.274,0.985,4.526,0.946,1.78,-2.746
-0.279,0.989,4.526,0.949,1.78,-2.746
-0.274,0.985,4.526,0.946,1.78,-2.746
-0.279,0.989,4.526,0.949,1.78,-2.746
-0.282,0.99,4.526,0.949,1.78,-2.746
-0.282,0.989,4.526,0.948,1.78,-2.746
-0.28,0.989,4.526,0.949,1.78,-2.746
-0.283,0.989,4.413,0.948,1.667,-2.746
-0.28,0.988,4.413,0.948,1.667,-2.746
-0.289,0.996,4.413,0.953,1.667,-2.746
-0.293,1.003,4.413,0.959,1.667,-2.746
-0.29,1.003,4.413,0.961,1.667,-2.746
-0.292,1.006,4.413,0.963,1.667,-2.746
-0.295,1.011,4.413,0.967,1.667,-2.746
-0.293,1.011,4.413,0.968,1.667,-2.746
-0.295,1.013,4.413,0.969,1.667,-2.746
-0.293,1.011,4.413,0.968,1.667,-2.746
-0.293,1.012,4.432,0.969,1.686,-2.746
-0.292,1.012,4.432,0.969,1.686,-2.746
-0.284,1.011,4.432,0.97,1.686,-2.746
-0.283,1.011,4.469,0.97,1.723,-2.746
-0.283,1.011,4.469,0.97,1.723,-2.746
-0.29,1.014,4.469,0.972,1.723,-2.746
-0.284,1.011,4.469,0.97,1.723,-2.746
-0.281,1.011,4.469,0.972,1.723,-2.746
-0.28,1.011,4.469,0.971,1.723,-2.746
-0.282,1.019,4.469,0.979,1.723,-2.746
-0.282,1.017,4.469,0.977,1.723,-2.746
-0.281,1.021,4.469,0.981,1.723,-2.746
-0.292,1.029,4.469,0.987,1.723,-2.746
-0.293,1.034,4.469,0.991,1.723,-2.746
-0.288,1.029,4.469,0.988,1.723,-2.746
-0.286,1.034,4.469,0.994,1.723,-2.746
-0.289,1.036,4.469,0.995,1.723,-2.746
-0.295,1.039,4.469,0.996,1.723,-2.746
-0.292,1.04,4.469,0.998,1.723,-2.746
-0.294,1.043,4.469,1.001,1.723,-2.746
-0.298,1.048,4.469,1.005,1.723,-2.746
-0.306,1.051,4.469,1.005,1.723,-2.746
-0.308,1.053,4.469,1.007,1.723,-2.746
-0.313,1.056,4.469,1.008,1.723,-2.746
-0.31,1.055,4.469,1.008,1.723,-2.746
-0.306,1.055,4.469,1.01,1.723,-2.746
-0.307,1.058,4.469,1.012,1.723,-2.746
-0.314,1.06,4.469,1.013,1.723,-2.746
-0.312,1.063,4.563,1.016,1.817,-2.746
-0.311,1.065,4.563,1.019,1.817,-2.746
-0.317,1.074,4.563,1.026,1.817,-2.746
-0.321,1.077,4.694,1.028,1.948,-2.746
-0.324,1.079,4.694,1.029,1.948,-2.746
-0.324,1.084,4.694,1.034,1.948,-2.746
-0.326,1.089,4.694,1.039,1.948,-2.746
-0.323,1.084,4.694,1.035,1.948,-2.746
-0.322,1.081,4.694,1.032,1.948,-2.746
-0.323,1.081,4.694,1.032,1.948,-2.746
-0.323,1.083,4.694,1.034,1.948,-2.746
-0.327,1.083,4.694,1.033,1.948,-2.746
-0.33,1.088,4.694,1.037,1.948,-2.746
-0.335,1.09,4.694,1.037,1.948,-2.746
-0.33,1.092,4.694,1.041,1.948,-2.746
-0.329,1.093,4.694,1.043,1.948,-2.746
-0.324,1.095,4.694,1.046,1.948,-2.746
-0.321,1.094,4.694,1.046,1.948,-2.746
-0.325,1.098,4.694,1.049,1.948,-2.746
-0.325,1.1,4.694,1.051,1.948,-2.746
-0.322,1.103,4.694,1.055,1.948,-2.746
-0.324,1.107,4.694,1.059,1.948,-2.746
-0.329,1.115,4.75,1.066,1.948,-2.802
-0.325,1.114,4.75,1.065,1.948,-2.802
-0.325,1.114,4.75,1.065,1.948,-2.802
-0.323,1.111,4.75,1.063,1.948,-2.802
-0.325,1.109,4.75,1.06,1.948,-2.802
-0.316,1.104,4.75,1.058,1.948,-2.802
-0.314,1.102,4.75,1.057,1.948,-2.802
-0.316,1.102,4.75,1.056,1.948,-2.802
-0.312,1.097,4.75,1.052,1.948,-2.802
-0.316,1.1,4.75,1.053,1.948,-2.802
-0.315,1.098,4.75,1.052,1.948,-2.802
-0.31,1.099,4.75,1.054,1.948,-2.802
-0.313,1.1,4.75,1.054,1.948,-2.802
-0.317,1.102,4.75,1.056,1.948,-2.802
-0.315,1.098,4.75,1.052,1.948,-2.802
-0.32,1.102,4.75,1.054,1.948,-2.802
-0.322,1.103,4.75,1.055,1.948,-2.802
-0.324,1.104,4.75,1.055,1.948,-2.802
-0.328,1.106,4.75,1.056,1.948,-2.802
-0.33,1.106,4.75,1.056,1.948,-2.802
-0.326,1.107,4.75,1.058,1.948,-2.802
-0.321,1.102,4.75,1.055,1.948,-2.802
-0.328,1.107,4.75,1.058,1.948,-2.802
-0.327,1.107,4.75,1.058,1.948,-2.802
-0.321,1.109,4.75,1.062,1.948,-2.802
-0.327,1.11,4.75,1.06,1.948,-2.802
-0.321,1.109,4.75,1.062,1.948,-2.802
-0.322,1.11,4.75,1.062,1.948,-2.802
-0.328,1.11,4.75,1.06,1.948,-2.802
-0.331,1.111,4.75,1.06,1.948,-2.802
-0.324,1.107,4.75,1.058,1.948,-2.802
-0.328,1.11,4.75,1.06,1.948,-2.802
-0.327,1.112,4.75,1.063,1.948,-2.802
-0.322,1.11,4.75,1.062,1.948,-2.802
-0.317,1.11,4.75,1.064,1.948,-2.802
-0.311,1.109,4.75,1.064,1.948,-2.802
-0.31,1.111,4.75,1.066,1.948,-2.802
-0.308,1.109,4.75,1.066,1.948,-2.802
-0.304,1.113,4.75,1.07,1.948,-2.802
-0.304,1.112,4.75,1.07,1.948,-2.802
-0.304,1.113,4.75,1.071,1.948,-2.802
-0.305,1.113,4.75,1.071,1.948,-2.802
-0.304,1.117,4.862,1.075,2.06,-2.802
-0.302,1.115,4.862,1.074,2.06,-2.802
-0.302,1.116,4.862,1.074,2.06,-2.802
-0.302,1.118,4.862,1.076,2.06,-2.802
-0.3,1.123,4.862,1.082,2.06,-2.802
-0.294,1.123,4.862,1.084,2.06,-2.802
-0.297,1.123,4.862,1.083,2.06,-2.802
-0.293,1.12,4.862,1.081,2.06,-2.802
-0.291,1.119,4.862,1.08,2.06,-2.802
-0.287,1.12,5.087,1.082,2.284,-2.802
-0.29,1.127,5.087,1.089,2.284,-2.802
-0.288,1.13,5.087,1.093,2.284,-2.802
-0.278,1.129,5.087,1.094,2.284,-2.802
-0.276,1.134,5.087,1.1,2.284,-2.802
-0.265,1.133,5.087,1.101,2.284,-2.802
-0.259,1.128,5.087,1.098,2.284,-2.802
-0.258,1.134,5.087,1.104,2.284,-2.802
-0.266,1.141,5.087,1.109,2.284,-2.802
-0.268,1.142,5.087,1.11,2.284,-2.802
-0.268,1.142,5.087,1.11,2.284,-2.802
-0.263,1.139,5.087,1.108,2.284,-2.802
-0.255,1.136,5.087,1.107,2.284,-2.802
-0.252,1.141,5.124,1.113,2.322,-2.802
-0.247,1.142,5.124,1.115,2.322,-2.802
-0.247,1.139,5.124,1.112,2.322,-2.802
-0.242,1.142,5.124,1.116,2.322,-2.802
-0.245,1.147,5.124,1.12,2.322,-2.802
-0.243,1.149,5.124,1.123,2.322,-2.802
-0.236,1.15,5.124,1.125,2.322,-2.802
-0.232,1.15,5.124,1.126,2.322,-2.802
-0.229,1.153,5.124,1.13,2.322,-2.802
-0.225,1.155,5.124,1.133,2.322,-2.802
-0.22,1.158,5.124,1.137,2.322,-2.802
-0.206,1.16,5.124,1.142,2.322,-2.802
-0.202,1.164,5.124,1.146,2.322,-2.802
-0.203,1.167,5.124,1.149,2.322,-2.802
-0.208,1.174,5.124,1.156,2.322,-2.802
-0.2,1.17,5.124,1.153,2.322,-2.802
-0.193,1.17,5.124,1.154,2.322,-2.802
-0.189,1.172,5.124,1.156,2.322,-2.802
-0.172,1.165,5.124,1.152,2.322,-2.802
-0.16,1.164,5.124,1.153,2.322,-2.802
-0.156,1.165,5.124,1.154,2.322,-2.802
-0.147,1.163,5.124,1.153,2.322,-2.802
-0.144,1.166,5.124,1.157,2.322,-2.802
-0.144,1.167,5.124,1.158,2.322,-2.802
-0.138,1.166,5.124,1.158,2.322,-2.802
-0.137,1.163,5.124,1.155,2.322,-2.802
-0.128,1.162,5.124,1.155,2.322,-2.802
-0.117,1.161,5.124,1.155,2.322,-2.802
-0.111,1.163,5.124,1.158,2.322,-2.802
-0.097,1.161,5.124,1.157,2.322,-2.802
-0.091,1.165,5.124,1.162,2.322,-2.802
-0.088,1.166,5.124,1.162,2.322,-2.802
-0.082,1.166,5.124,1.163,2.322,-2.802
-0.074,1.162,5.124,1.16,2.322,-2.802
-0.077,1.157,5.124,1.155,2.322,-2.802
-0.072,1.156,5.124,1.154,2.322,-2.802
-0.059,1.154,5.124,1.152,2.322,-2.802
-0.05,1.15,5.124,1.149,2.322,-2.802
-0.039,1.147,5.124,1.146,2.322,-2.802
-0.035,1.145,5.124,1.145,2.322,-2.802
-0.03,1.141,5.124,1.141,2.322,-2.802
-0.024,1.143,5.124,1.142,2.322,-2.802
-0.016,1.144,5.124,1.144,2.322,-2.802
-0.008,1.139,5.124,1.139,2.322,-2.802
0.001,1.134,5.124,1.134,2.322,-2.802
0.013,1.132,5.124,1.132,2.322,-2.802
0.021,1.127,5.124,1.127,2.322,-2.802
0.03,1.123,5.124,1.123,2.322,-2.802
0.039,1.119,5.124,1.118,2.322,-2.802
0.046,1.119,5.124,1.118,2.322,-2.802
0.05,1.117,5.124,1.116,2.322,-2.802
0.053,1.115,5.124,1.114,2.322,-2.802
0.062,1.111,5.124,1.109,2.322,-2.802
0.07,1.108,5.124,1.106,2.322,-2.802
0.072,1.107,5.124,1.105,2.322,-2.802
0.075,1.105,5.124,1.103,2.322,-2.802
0.089,1.099,4.974,1.095,2.322,-2.652
0.09,1.1,4.974,1.096,2.322,-2.652
0.101,1.099,4.974,1.094,2.322,-2.652
0.105,1.1,4.974,1.095,2.322,-2.652
0.114,1.097,4.974,1.091,2.322,-2.652
0.118,1.093,4.974,1.087,2.322,-2.652
0.122,1.092,4.974,1.085,2.322,-2.652
0.128,1.092,4.974,1.085,2.322,-2.652
0.131,1.092,4.974,1.084,2.322,-2.652
0.135,1.09,4.974,1.082,2.322,-2.652
0.137,1.091,4.974,1.082,2.322,-2.652
0.138,1.09,4.974,1.081,2.322,-2.652
0.145,1.088,4.974,1.078,2.322,-2.652
0.154,1.083,4.974,1.072,2.322,-2.652
0.158,1.086,5.012,1.074,2.322,-2.69
0.163,1.084,5.012,1.071,2.322,-2.69
0.171,1.082,5.012,1.069,2.322,-2.69
0.176,1.081,5.012,1.067,2.322,-2.69
0.183,1.08,5.012,1.064,2.322,-2.69
0.191,1.079,5.012,1.062,2.322,-2.69
0.195,1.077,5.012,1.06,2.322,-2.69
0.204,1.077,5.012,1.058,2.322,-2.69
0.209,1.074,5.012,1.054,2.322,-2.69
0.214,1.072,5.012,1.05,2.322,-2.69
0.22,1.068,5.012,1.046,2.322,-2.69
0.228,1.067,5.012,1.043,2.322,-2.69
0.228,1.067,5.012,1.043,2.322,-2.69
0.238,1.066,5.012,1.039,2.322,-2.69
0.245,1.067,5.012,1.038,2.322,-2.69
0.253,1.066,5.012,1.035,2.322,-2.69
0.249,1.066,5.012,1.036,2.322,-2.69
0.255,1.062,5.012,1.031,2.322,-2.69
0.261,1.06,5.012,1.027,2.322,-2.69
0.263,1.057,5.012,1.024,2.322,-2.69
0.262,1.054,5.012,1.021,2.322,-2.69
0.266,1.053,5.012,1.019,2.322,-2.69
0.263,1.052,5.012,1.019,2.322,-2.69
0.268,1.052,5.012,1.017,2.322,-2.69
0.274,1.048,5.012,1.012,2.322,-2.69
0.283,1.048,5.012,1.009,2.322,-2.69
0.286,1.046,5.012,1.006,2.322,-2.69
0.293,1.045,5.012,1.003,2.322,-2.69
0.3,1.036,5.012,0.992,2.322,-2.69
0.304,1.036,5.012,0.99,2.322,-2.69
0.312,1.033,5.012,0.985,2.322,-2.69
0.318,1.031,5.012,0.981,2.322,-2.69
0.319,1.023,5.012,0.972,2.322,-2.69
0.32,1.019,5.012,0.967,2.322,-2.69
0.327,1.016,5.012,0.962,2.322,-2.69
0.331,1.015,5.012,0.959,2.322,-2.69
0.336,1.013,5.012,0.956,2.322,-2.69
0.332,1.015,5.012,0.959,2.322,-2.69
0.34,1.008,5.012,0.949,2.322,-2.69
0.339,1.006,5.012,0.947,2.322,-2.69
0.34,1.002,5.012,0.943,2.322,-2.69
0.345,0.997,5.012,0.936,2.322,-2.69
0.339,0.996,5.012,0.936,2.322,-2.69
0.341,0.996,5.012,0.936,2.322,-2.69
0.344,0.989,5.012,0.927,2.322,-2.69
0.352,0.979,5.012,0.914,2.322,-2.69
0.357,0.976,5.012,0.908,2.322,-2.69
0.365,0.97,5.012,0.899,2.322,-2.69
0.371,0.965,5.012,0.891,2.322,-2.69
0.371,0.959,5.012,0.884,2.322,-2.69
0.367,0.954,4.806,0.88,2.116,-2.69
0.366,0.951,4.806,0.877,2.116,-2.69
0.373,0.949,4.806,0.873,2.116,-2.69
0.374,0.942,4.806,0.865,2.116,-2.69
0.383,0.936,4.806,0.854,2.116,-2.69
0.388,0.932,4.806,0.847,2.116,-2.69
0.384,0.929,4.806,0.845,2.116,-2.69
0.383,0.927,4.806,0.844,2.116,-2.69
0.383,0.923,4.806,0.84,2.116,-2.69
0.377,0.92,4.806,0.839,2.116,-2.69
0.375,0.915,4.806,0.834,2.116,-2.69
0.369,0.909,4.806,0.831,2.116,-2.69
0.369,0.902,4.806,0.824,2.116,-2.69
0.37,0.897,4.806,0.817,2.116,-2.69
0.374,0.889,4.806,0.806,2.116,-2.69
0.376,0.883,4.806,0.799,2.116,-2.69
0.374,0.88,4.806,0.797,2.116,-2.69
0.371,0.873,4.806,0.79,2.116,-2.69
0.365,0.87,4.806,0.79,2.116,-2.69
0.359,0.866,4.806,0.788,2.116,-2.69
0.358,0.86,4.806,0.782,2.116,-2.69
0.357,0.856,4.806,0.778,2.116,-2.69
0.359,0.85,4.806,0.771,2.116,-2.69
0.367,0.841,4.806,0.757,2.116,-2.69
0.366,0.836,4.806,0.752,2.116,-2.69
0.37,0.836,4.806,0.75,2.116,-2.69
0.368,0.83,4.806,0.744,2.116,-2.69
0.364,0.828,4.806,0.744,2.116,-2.69
0.362,0.82,4.806,0.736,2.116,-2.69
0.354,0.815,4.806,0.734,2.116,-2.69
0.349,0.808,4.806,0.729,2.116,-2.69
0.346,0.805,4.806,0.727,2.116,-2.69
0.341,0.8,4.806,0.724,2.116,-2.69
0.339,0.798,4.806,0.723,2.116,-2.69
0.342,0.799,4.806,0.722,2.116,-2.69
0.34,0.796,4.806,0.72,2.116,-2.69
0.336,0.788,4.301,0.713,1.611,-2.69
0.334,0.786,4.301,0.711,1.611,-2.69
0.329,0.782,4.301,0.71,1.611,-2.69
0.325,0.777,4.301,0.706,1.611,-2.69
0.325,0.775,4.301,0.703,1.611,-2.69
0.325,0.769,4.301,0.697,1.611,-2.69
0.321,0.765,4.301,0.694,1.611,-2.69
0.317,0.763,4.301,0.694,1.611,-2.69
0.315,0.761,4.301,0.693,1.611,-2.69
0.309,0.759,4.301,0.693,1.611,-2.69
0.306,0.757,4.301,0.693,1.611,-2.69
0.305,0.754,4.301,0.689,1.611,-2.69
0.298,0.754,4.301,0.692,1.611,-2.69
0.291,0.752,4.301,0.694,1.611,-2.69
0.29,0.751,4.301,0.693,1.611,-2.69
0.284,0.752,4.301,0.696,1.611,-2.69
0.282,0.751,4.301,0.696,1.611,-2.69
0.278,0.753,4.301,0.7,1.611,-2.69
0.278,0.748,4.301,0.694,1.611,-2.69
0.276,0.743,4.301,0.69,1.611,-2.69
0.27,0.742,4.152,0.691,1.462,-2.69
0.268,0.741,4.152,0.691,1.462,-2.69
0.265,0.738,4.152,0.689,1.462,-2.69
0.266,0.731,4.152,0.681,1.462,-2.69
0.265,0.736,4.152,0.687,1.462,-2.69
0.263,0.739,4.114,0.69,1.424,-2.69
0.264,0.741,4.114,0.693,1.424,-2.69
0.262,0.74,4.114,0.692,1.424,-2.69
0.26,0.742,4.114,0.695,1.424,-2.69
0.264,0.747,4.451,0.698,1.424,-3.027
0.263,0.745,4.451,0.697,1.424,-3.027
0.258,0.746,4.451,0.7,1.424,-3.027
0.255,0.746,4.469,0.701,1.443,-3.027
0.252,0.751,4.469,0.707,1.443,-3.027
0.257,0.75,4.469,0.705,1.443,-3.027
0.259,0.75,4.469,0.704,1.443,-3.027
0.258,0.752,4.675,0.706,1.649,-3.027
0.257,0.755,4.675,0.71,1.649,-3.027
0.256,0.755,4.675,0.71,1.649,-3.027
0.259,0.755,4.675,0.709,1.649,-3.027
0.26,0.754,4.675,0.708,1.649,-3.027
0.257,0.755,4.675,0.71,1.649,-3.027
0.262,0.754,4.675,0.707,1.649,-3.027
0.261,0.755,4.675,0.709,1.649,-3.027
0.255,0.755,4.675,0.711,1.649,-3.027
0.257,0.755,4.675,0.71,1.649,-3.027
0.254,0.754,4.675,0.71,1.649,-3.027
0.25,0.754,4.675,0.711,1.649,-3.027
0.247,0.756,4.675,0.715,1.649,-3.027
0.248,0.754,4.675,0.712,1.649,-3.027
0.253,0.756,4.675,0.712,1.649,-3.027
0.253,0.76,5.816,0.717,2.789,-3.027
0.252,0.762,5.816,0.719,2.789,-3.027
0.254,0.763,5.816,0.72,2.789,-3.027
0.252,0.763,5.816,0.72,2.789,-3.027
0.253,0.762,5.816,0.719,2.789,-3.027
0.255,0.761,5.816,0.717,2.789,-3.027
0.253,0.761,5.816,0.718,2.789,-3.027
0.25,0.761,5.816,0.719,2.789,-3.027
0.248,0.763,5.816,0.721,2.789,-3.027
0.245,0.763,5.816,0.723,2.789,-3.027
0.245,0.762,5.816,0.722,2.789,-3.027
0.241,0.763,5.816,0.724,2.789,-3.027
0.241,0.768,5.816,0.729,2.789,-3.027
0.238,0.766,5.816,0.728,2.789,-3.027
0.241,0.772,5.816,0.733,2.789,-3.027
0.244,0.771,5.816,0.732,2.789,-3.027
0.247,0.78,5.816,0.74,2.789,-3.027
0.249,0.782,5.816,0.742,2.789,-3.027
0.251,0.785,5.816,0.744,2.789,-3.027
0.248,0.787,5.816,0.747,2.789,-3.027
0.256,0.79,5.816,0.747,2.789,-3.027
0.254,0.789,5.816,0.748,2.789,-3.027
0.257,0.784,5.816,0.74,2.789,-3.027
0.255,0.782,5.816,0.739,2.789,-3.027
0.255,0.785,5.816,0.742,2.789,-3.027
0.259,0.79,5.816,0.746,2.789,-3.027
0.265,0.797,5.816,0.752,2.789,-3.027
0.263,0.799,5.816,0.754,2.789,-3.027
0.264,0.798,5.816,0.753,2.789,-3.027
0.269,0.805,6.04,0.759,3.014,-3.027
0.27,0.808,6.04,0.761,3.014,-3.027
0.27,0.81,6.04,0.763,3.014,-3.027
0.271,0.81,6.04,0.763,3.014,-3.027
0.273,0.808,6.04,0.76,3.014,-3.027
0.275,0.805,6.04,0.757,3.014,-3.027
0.277,0.809,6.04,0.76,3.014,-3.027
0.283,0.816,6.04,0.765,3.014,-3.027
0.284,0.82,6.04,0.769,3.014,-3.027
0.286,0.823,6.04,0.772,3.014,-3.027
0.286,0.828,6.04,0.777,3.014,-3.027
0.293,0.836,6.04,0.782,3.014,-3.027
0.292,0.837,6.04,0.784,3.014,-3.027
0.297,0.836,6.04,0.782,3.014,-3.027
0.3,0.838,6.04,0.782,3.014,-3.027
0.301,0.836,6.04,0.78,3.014,-3.027
0.308,0.844,6.04,0.786,3.014,-3.027
0.315,0.849,6.04,0.788,3.014,-3.027
0.322,0.85,6.04,0.787,3.014,-3.027
0.329,0.86,6.04,0.794,3.014,-3.027
0.336,0.871,6.826,0.803,3.799,-3.027
0.341,0.875,6.826,0.806,3.799,-3.027
0.348,0.878,6.826,0.806,3.799,-3.027
0.353,0.878,6.826,0.804,3.799,-3.027
0.359,0.884,6.826,0.808,3.799,-3.027
0.357,0.883,6.826,0.808,3.799,-3.027
0.364,0.889,6.826,0.811,3.799,-3.027
0.365,0.889,6.826,0.811,3.799,-3.027
0.366,0.889,6.826,0.81,3.799,-3.027
0.366,0.889,6.826,0.81,3.799,-3.027
0.366,0.889,6.826,0.81,3.799,-3.027
0.372,0.892,6.826,0.811,3.799,-3.027
0.376,0.894,6.826,0.811,3.799,-3.027
0.384,0.895,6.826,0.808,3.799,-3.027
0.389,0.896,6.826,0.807,3.799,-3.027
0.397,0.901,6.826,0.809,3.799,-3.027
0.404,0.906,6.826,0.812,3.799,-3.027
0.407,0.907,6.826,0.81,3.799,-3.027
0.413,0.908,6.826,0.809,3.799,-3.027
0.417,0.91,6.826,0.809,3.799,-3.027
0.42,0.913,6.826,0.81,3.799,-3.027
0.424,0.916,6.826,0.812,3.799,-3.027
0.431,0.923,6.826,0.816,3.799,-3.027
0.436,0.924,6.826,0.815,3.799,-3.027
0.439,0.926,6.826,0.816,3.799,-3.027
0.44,0.929,6.826,0.818,3.799,-3.027
0.442,0.93,6.826,0.818,3.799,-3.027
0.449,0.933,6.826,0.818,3.799,-3.027
0.453,0.937,6.826,0.82,3.799,-3.027
0.458,0.94,6.826,0.821,3.799,-3.027
0.463,0.944,6.826,0.823,3.799,-3.027
0.465,0.946,6.826,0.824,3.799,-3.027
0.471,0.947,6.826,0.821,3.799,-3.027
0.476,0.946,6.826,0.818,3.799,-3.027
0.476,0.947,6.826,0.818,3.799,-3.027
0.482,0.948,6.826,0.816,3.799,-3.027
0.492,0.958,6.826,0.822,3.799,-3.027
0.497,0.956,6.826,0.816,3.799,-3.027
0.502,0.956,6.826,0.814,3.799,-3.027
0.507,0.957,6.826,0.811,3.799,-3.027
0.507,0.957,6.826,0.811,3.799,-3.027
0.511,0.956,6.826,0.809,3.799,-3.027
0.514,0.957,6.826,0.808,3.799,-3.027
0.516,0.959,6.826,0.809,3.799,-3.027
0.523,0.958,6.826,0.802,3.799,-3.027
0.525,0.956,6.826,0.799,3.799,-3.027
0.527,0.955,6.826,0.796,3.799,-3.027
0.528,0.957,6.826,0.798,3.799,-3.027
0.531,0.959,6.826,0.799,3.799,-3.027
0.536,0.957,6.433,0.792,3.799,-2.634
0.541,0.958,6.433,0.791,3.799,-2.634
0.549,0.958,6.433,0.785,3.799,-2.634
0.549,0.958,6.433,0.785,3.799,-2.634
0.556,0.956,6.433,0.777,3.799,-2.634
0.553,0.955,6.433,0.778,3.799,-2.634
0.55,0.955,6.433,0.781,3.799,-2.634
0.546,0.955,6.433,0.783,3.799,-2.634
0.545,0.954,6.433,0.783,3.799,-2.634
0.541,0.954,6.433,0.786,3.799,-2.634
0.54,0.954,6.433,0.787,3.799,-2.634
0.537,0.953,6.433,0.787,3.799,-2.634
0.533,0.953,6.433,0.79,3.799,-2.634
0.532,0.951,6.433,0.788,3.799,-2.634
0.532,0.95,6.433,0.786,3.799,-2.634
0.531,0.95,6.433,0.788,3.799,-2.634
0.525,0.952,6.433,0.795,3.799,-2.634
0.528,0.952,6.433,0.793,3.799,-2.634
0.527,0.952,6.433,0.793,3.799,-2.634
0.526,0.954,6.938,0.796,3.799,-3.139
0.526,0.954,6.938,0.796,3.799,-3.139
0.522,0.956,6.938,0.801,3.799,-3.139
0.512,0.964,6.938,0.816,3.799,-3.139
0.505,0.965,6.938,0.822,3.799,-3.139
0.496,0.971,6.938,0.835,3.799,-3.139
0.494,0.97,6.938,0.835,3.799,-3.139
0.49,0.971,6.938,0.838,3.799,-3.139
0.484,0.973,6.938,0.845,3.799,-3.139
0.48,0.978,6.938,0.852,3.799,-3.139
0.474,0.978,6.938,0.855,3.799,-3.139
0.47,0.977,6.938,0.857,3.799,-3.139
0.469,0.981,6.938,0.862,3.799,-3.139
0.457,0.988,6.938,0.876,3.799,-3.139
0.454,0.992,6.938,0.882,3.799,-3.139
0.45,0.99,6.938,0.882,3.799,-3.139
0.446,0.995,6.938,0.889,3.799,-3.139
0.436,0.991,6.938,0.89,3.799,-3.139
0.432,0.995,6.938,0.896,3.799,-3.139
0.427,0.992,6.938,0.895,3.799,-3.139
0.421,0.992,6.938,0.898,3.799,-3.139
0.42,0.991,6.938,0.898,3.799,-3.139
0.413,0.993,6.938,0.903,3.799,-3.139
0.409,0.988,6.938,0.9,3.799,-3.139
0.401,0.994,6.938,0.91,3.799,-3.139
0.395,0.995,6.938,0.913,3.799,-3.139
0.394,0.997,6.938,0.916,3.799,-3.139
0.394,0.997,6.938,0.916,3.799,-3.139
0.387,0.991,6.938,0.913,3.799,-3.139
0.377,0.989,6.938,0.915,3.799,-3.139
0.368,0.991,6.938,0.92,3.799,-3.139
0.365,0.992,6.938,0.923,3.799,-3.139
0.351,0.995,6.938,0.931,3.799,-3.139
0.345,0.998,6.938,0.936,3.799,-3.139
0.341,0.996,6.938,0.936,3.799,-3.139
0.338,0.999,6.938,0.94,3.799,-3.139
0.335,1.002,6.938,0.944,3.799,-3.139
0.33,1.006,6.938,0.951,3.799,-3.139
0.318,1.006,6.938,0.955,3.799,-3.139
0.308,1.007,6.938,0.959,3.799,-3.139
0.305,1.007,6.938,0.96,3.799,-3.139
0.302,1.005,6.938,0.958,3.799,-3.139
0.297,1.006,6.938,0.961,3.799,-3.139
0.286,1.005,6.938,0.963,3.799,-3.139
0.281,1.005,6.938,0.965,3.799,-3.139
0.274,1.007,6.938,0.969,3.799,-3.139
0.265,1.011,6.938,0.976,3.799,-3.139
0.26,1.016,6.938,0.982,3.799,-3.139
0.252,1.011,6.938,0.979,3.799,-3.139
0.243,1.009,6.938,0.98,3.799,-3.139
0.24,1.008,6.938,0.979,3.799,-3.139
0.229,1.002,6.938,0.975,3.799,-3.139
0.217,0.995,5.928,0.971,2.789,-3.139
0.203,1.001,5.928,0.98,2.789,-3.139
0.193,1.004,5.928,0.986,2.789,-3.139
0.185,1.007,5.928,0.99,2.789,-3.139
0.173,1.007,5.928,0.992,2.789,-3.139
0.162,1.018,5.928,1.005,2.789,-3.139
0.151,1.019,5.928,1.007,2.789,-3.139
0.145,1.02,5.928,1.009,2.789,-3.139
0.141,1.021,5.928,1.011,2.789,-3.139
0.13,1.03,5.928,1.021,2.789,-3.139
0.123,1.034,5.928,1.026,2.789,-3.139
0.116,1.037,5.928,1.03,2.789,-3.139
0.108,1.038,5.928,1.032,2.789,-3.139
0.094,1.041,5.928,1.036,2.789,-3.139
0.08,1.047,5.928,1.044,2.789,-3.139
0.073,1.044,5.928,1.041,2.789,-3.139
0.061,1.043,5.928,1.041,2.789,-3.139
0.052,1.045,5.928,1.044,2.789,-3.139
0.044,1.048,5.928,1.047,2.789,-3.139
0.041,1.05,5.928,1.049,2.789,-3.139
0.03,1.052,5.928,1.051,2.789,-3.139
0.028,1.05,5.928,1.05,2.789,-3.139
0.017,1.05,5.928,1.05,2.789,-3.139
0.005,1.051,5.928,1.051,2.789,-3.139
-0.004,1.051,5.928,1.051,2.789,-3.139
-0.012,1.05,5.928,1.05,2.789,-3.139
-0.02,1.054,5.928,1.054,2.789,-3.139
-0.025,1.054,5.928,1.054,2.789,-3.139
-0.038,1.056,5.928,1.055,2.789,-3.139
-0.053,1.057,5.928,1.055,2.789,-3.139
-0.066,1.06,5.928,1.058,2.789,-3.139
-0.078,1.067,5.928,1.064,2.789,-3.139
-0.085,1.067,5.928,1.064,2.789,-3.139
-0.086,1.072,5.928,1.068,2.789,-3.139
-0.095,1.075,5.928,1.071,2.789,-3.139
-0.101,1.075,5.928,1.07,2.789,-3.139
-0.119,1.068,5.498,1.062,2.359,-3.139
-0.127,1.07,5.292,1.062,2.154,-3.139
-0.133,1.07,5.292,1.062,2.154,-3.139
-0.141,1.076,5.311,1.067,2.172,-3.139
-0.147,1.079,5.311,1.068,2.172,-3.139
-0.152,1.08,5.311,1.069,2.172,-3.139
-0.161,1.081,5.311,1.069,2.172,-3.139
-0.17,1.08,5.311,1.066,2.172,-3.139
-0.176,1.079,5.311,1.064,2.172,-3.139
-0.182,1.081,5.311,1.066,2.172,-3.139
-0.185,1.081,5.311,1.065,2.172,-3.139
-0.196,1.082,5.311,1.064,2.172,-3.139
-0.203,1.079,5.311,1.06,2.172,-3.139
-0.212,1.079,5.311,1.058,2.172,-3.139
-0.221,1.079,5.311,1.056,2.172,-3.139
-0.226,1.08,5.311,1.056,2.172,-3.139
-0.23,1.081,5.311,1.056,2.172,-3.139
-0.24,1.08,5.311,1.053,2.172,-3.139
-0.247,1.081,5.311,1.052,2.172,-3.139
-0.248,1.08,5.311,1.051,2.172,-3.139
-0.25,1.08,5.311,1.051,2.172,-3.139
-0.25,1.077,5.311,1.048,2.172,-3.139
-0.254,1.076,5.311,1.046,2.172,-3.139
-0.262,1.077,5.311,1.045,2.172,-3.139
-0.27,1.077,5.311,1.043,2.172,-3.139
-0.271,1.079,5.311,1.044,2.172,-3.139
-0.279,1.081,5.311,1.044,2.172,-3.139
-0.288,1.083,5.311,1.044,2.172,-3.139
-0.286,1.081,5.311,1.043,2.172,-3.139
-0.286,1.078,5.311,1.039,2.172,-3.139
-0.29,1.08,5.311,1.04,2.172,-3.139
-0.292,1.082,5.311,1.042,2.172,-3.139
-0.293,1.08,5.143,1.039,2.172,-2.97
-0.296,1.08,5.143,1.038,2.172,-2.97
-0.3,1.08,5.143,1.038,2.172,-2.97
-0.297,1.072,5.143,1.03,2.172,-2.97
-0.3,1.073,5.143,1.03,2.172,-2.97
-0.3,1.07,5.049,1.027,2.172,-2.877
-0.304,1.07,5.049,1.026,2.172,-2.877
-0.306,1.071,5.049,1.026,2.172,-2.877
-0.306,1.07,5.049,1.025,2.172,-2.877
-0.305,1.068,5.049,1.023,2.172,-2.877
-0.306,1.073,5.049,1.028,2.172,-2.877
-0.313,1.077,5.049,1.031,2.172,-2.877
-0.315,1.076,5.049,1.029,2.172,-2.877
-0.311,1.07,5.049,1.024,2.172,-2.877
-0.312,1.067,5.049,1.021,2.172,-2.877
-0.316,1.07,5.049,1.022,2.172,-2.877
-0.324,1.069,5.049,1.019,2.172,-2.877
-0.324,1.071,5.049,1.021,2.172,-2.877
-0.327,1.072,5.049,1.021,2.172,-2.877
-0.331,1.069,5.049,1.017,2.172,-2.877
-0.334,1.07,5.049,1.017,2.172,-2.877
-0.338,1.07,5.049,1.015,2.172,-2.877
-0.335,1.065,5.049,1.011,2.172,-2.877
-0.342,1.068,5.049,1.012,2.172,-2.877
-0.345,1.065,5.03,1.008,2.172,-2.858
-0.343,1.065,5.03,1.008,2.172,-2.858
-0.346,1.065,5.03,1.008,2.172,-2.858
-0.35,1.063,5.03,1.004,2.172,-2.858
-0.352,1.064,5.03,1.004,2.172,-2.858
-0.353,1.062,5.03,1.002,2.172,-2.858
-0.348,1.058,5.03,1.0,2.172,-2.858
-0.35,1.06,5.03,1.0,2.172,-2.858
-0.347,1.052,5.03,0.993,2.172,-2.858
-0.355,1.054,5.03,0.992,2.172,-2.858
-0.36,1.056,5.03,0.992,2.172,-2.858
-0.365,1.055,5.03,0.99,2.172,-2.858
-0.364,1.051,5.03,0.986,2.172,-2.858
-0.364,1.048,5.03,0.982,2.172,-2.858
-0.359,1.047,5.03,0.983,2.172,-2.858
-0.359,1.044,5.03,0.98,2.172,-2.858
-0.362,1.04,5.03,0.976,2.172,-2.858
-0.366,1.039,5.03,0.972,2.172,-2.858
-0.366,1.035,5.03,0.968,2.172,-2.858
-0.363,1.034,5.03,0.968,2.172,-2.858
-0.363,1.033,5.03,0.967,2.172,-2.858
-0.363,1.033,5.03,0.967,2.172,-2.858
-0.364,1.029,5.03,0.962,2.172,-2.858
-0.367,1.028,5.03,0.96,2.172,-2.858
-0.378,1.033,5.03,0.962,2.172,-2.858
-0.386,1.037,5.03,0.963,2.172,-2.858
-0.393,1.036,5.03,0.958,2.172,-2.858
-0.395,1.038,5.03,0.96,2.172,-2.858
-0.395,1.036,5.03,0.958,2.172,-2.858
-0.391,1.031,5.03,0.954,2.172,-2.858
-0.39,1.025,5.03,0.948,2.172,-2.858
-0.393,1.024,5.03,0.945,2.172,-2.858
-0.392,1.019,5.03,0.941,2.172,-2.858
-0.385,1.011,5.03,0.934,2.172,-2.858
-0.388,1.008,5.03,0.931,2.172,-2.858
-0.387,1.008,5.03,0.931,2.172,-2.858
-0.389,1.012,5.03,0.934,2.172,-2.858
-0.386,1.005,5.03,0.928,2.172,-2.858
-0.389,1.006,5.03,0.928,2.172,-2.858
-0.391,1.002,5.03,0.922,2.172,-2.858
-0.389,0.999,5.03,0.92,2.172,-2.858
-0.378,0.995,5.03,0.921,2.172,-2.858
-0.371,0.989,5.03,0.917,2.172,-2.858
-0.372,0.989,5.03,0.916,2.172,-2.858
-0.366,0.99,5.03,0.919,2.172,-2.858
-0.364,0.989,5.03,0.92,2.172,-2.858
-0.366,0.99,5.03,0.92,2.172,-2.858
-0.372,0.987,5.03,0.915,2.172,-2.858
-0.369,0.985,5.03,0.914,2.172,-2.858
-0.378,0.986,5.03,0.91,2.172,-2.858
-0.382,0.982,5.03,0.905,2.172,-2.858
-0.379,0.98,5.03,0.904,2.172,-2.858
-0.382,0.981,5.03,0.904,2.172,-2.858
-0.381,0.984,5.03,0.907,2.172,-2.858
-0.378,0.982,5.03,0.906,2.172,-2.858
-0.378,0.978,5.03,0.902,2.172,-2.858
-0.367,0.977,5.03,0.906,2.172,-2.858
-0.363,0.973,5.03,0.903,2.172,-2.858
-0.359,0.97,5.03,0.901,2.172,-2.858
-0.354,0.961,5.03,0.894,2.172,-2.858
-0.356,0.96,5.03,0.892,2.172,-2.858
-0.363,0.955,5.03,0.884,2.172,-2.858
-0.359,0.951,5.03,0.881,2.172,-2.858
-0.362,0.95,5.03,0.879,2.172,-2.858
-0.356,0.948,5.03,0.878,2.172,-2.858
-0.353,0.944,5.03,0.875,2.172,-2.858
-0.353,0.943,5.03,0.874,2.172,-2.858
-0.353,0.934,4.787,0.865,1.929,-2.858
-0.35,0.93,4.787,0.861,1.929,-2.858
-0.351,0.93,4.787,0.861,1.929,-2.858
-0.351,0.927,4.787,0.857,1.929,-2.858
-0.351,0.926,4.787,0.857,1.929,-2.858
-0.355,0.924,4.787,0.853,1.929,-2.858
-0.357,0.921,4.787,0.849,1.929,-2.858
-0.361,0.92,4.787,0.846,1.929,-2.858
-0.355,0.917,4.787,0.845,1.929,-2.858
-0.357,0.917,4.787,0.845,1.929,-2.858
-0.359,0.916,4.787,0.843,1.929,-2.858
-0.356,0.921,6.04,0.85,3.182,-2.858
-0.353,0.923,6.04,0.853,3.182,-2.858
-0.354,0.922,6.04,0.851,3.182,-2.858
-0.353,0.922,6.04,0.851,3.182,-2.858
-0.349,0.922,6.04,0.854,3.182,-2.858
-0.343,0.924,6.04,0.858,3.182,-2.858
-0.345,0.924,6.04,0.857,3.182,-2.858
-0.349,0.924,6.04,0.856,3.182,-2.858
-0.35,0.925,6.04,0.857,3.182,-2.858
-0.347,0.924,6.04,0.856,3.182,-2.858
-0.348,0.924,6.04,0.856,3.182,-2.858
-0.347,0.918,6.04,0.85,3.182,-2.858
-0.344,0.915,6.04,0.848,3.182,-2.858
-0.334,0.915,6.04,0.852,3.182,-2.858
-0.337,0.915,6.04,0.851,3.182,-2.858
-0.331,0.919,6.04,0.857,3.182,-2.858
-0.328,0.919,6.04,0.859,3.182,-2.858
-0.334,0.917,6.04,0.854,3.182,-2.858
-0.331,0.918,6.04,0.856,3.182,-2.858
-0.332,0.918,6.04,0.856,3.182,-2.858
-0.328,0.916,5.909,0.856,3.182,-2.727
-0.327,0.918,5.909,0.857,3.182,-2.727
-0.328,0.916,5.909,0.855,3.182,-2.727
-0.324,0.912,5.909,0.853,3.182,-2.727
-0.325,0.912,5.909,0.853,3.182,-2.727
-0.328,0.909,5.909,0.848,3.182,-2.727
-0.327,0.908,5.909,0.847,3.182,-2.727
-0.326,0.905,5.909,0.845,3.182,-2.727
-0.316,0.909,5.909,0.852,3.182,-2.727
-0.307,0.902,5.909,0.848,3.182,-2.727
-0.306,0.901,5.909,0.847,3.182,-2.727
-0.31,0.902,5.909,0.847,3.182,-2.727
-0.312,0.902,5.909,0.846,3.182,-2.727
-0.308,0.897,5.909,0.843,3.182,-2.727
-0.3,0.895,5.909,0.843,3.182,-2.727
-0.302,0.892,5.909,0.839,3.182,-2.727
-0.304,0.889,5.909,0.835,3.182,-2.727
-0.302,0.889,5.909,0.836,3.182,-2.727
-0.303,0.889,5.909,0.836,3.182,-2.727
-0.3,0.888,5.909,0.835,3.182,-2.727
-0.301,0.889,5.909,0.837,3.182,-2.727
-0.296,0.889,5.909,0.838,3.182,-2.727
-0.295,0.888,5.909,0.838,3.182,-2.727
-0.29,0.897,5.909,0.849,3.182,-2.727
-0.29,0.899,5.909,0.85,3.182,-2.727
-0.288,0.908,5.909,0.862,3.182,-2.727
-0.286,0.907,5.909,0.861,3.182,-2.727
-0.286,0.907,5.909,0.861,3.182,-2.727
-0.285,0.909,5.909,0.863,3.182,-2.727
-0.285,0.908,5.909,0.862,3.182,-2.727
-0.285,0.91,5.909,0.865,3.182,-2.727
-0.275,0.909,5.909,0.866,3.182,-2.727
-0.27,0.907,5.909,0.865,3.182,-2.727
-0.265,0.91,5.909,0.871,3.182,-2.727
-0.267,0.913,5.909,0.873,3.182,-2.727
-0.269,0.92,5.909,0.879,3.182,-2.727
-0.275,0.92,5.909,0.878,3.182,-2.727
-0.274,0.919,5.909,0.878,3.182,-2.727
-0.274,0.922,5.909,0.881,3.182,-2.727
-0.269,0.924,5.909,0.884,3.182,-2.727
-0.266,0.924,5.909,0.885,3.182,-2.727
-0.266,0.921,5.909,0.882,3.182,-2.727
-0.268,0.921,5.909,0.881,3.182,-2.727
-0.265,0.926,5.909,0.888,3.182,-2.727
-0.265,0.927,5.909,0.888,3.182,-2.727
-0.265,0.927,5.909,0.889,3.182,-2.727
-0.253,0.922,5.76,0.887,3.182,-2.578
-0.245,0.921,5.76,0.888,3.182,-2.578
-0.239,0.925,5.76,0.893,3.182,-2.578
-0.238,0.924,5.76,0.893,3.182,-2.578
-0.232,0.929,5.76,0.9,3.182,-2.578
-0.229,0.928,5.76,0.899,3.182,-2.578
-0.223,0.932,5.76,0.905,3.182,-2.578
-0.215,0.938,5.76,0.913,3.182,-2.578
-0.214,0.941,5.76,0.916,3.182,-2.578
-0.211,0.946,5.76,0.922,3.182,-2.578
-0.202,0.948,5.76,0.926,3.182,-2.578
-0.202,0.95,5.76,0.929,3.182,-2.578
-0.195,0.953,5.76,0.933,3.182,-2.578
-0.192,0.951,5.76,0.932,3.182,-2.578
-0.189,0.949,5.629,0.93,3.182,-2.447
-0.189,0.95,5.629,0.931,3.182,-2.447
-0.193,0.952,5.629,0.932,3.182,-2.447
-0.192,0.953,5.629,0.933,3.182,-2.447
-0.193,0.954,5.629,0.935,3.182,-2.447
-0.194,0.958,5.629,0.938,3.182,-2.447
-0.196,0.959,5.629,0.939,3.182,-2.447
-0.193,0.961,5.629,0.941,3.182,-2.447
-0.188,0.959,5.629,0.94,3.182,-2.447
-0.183,0.962,5.629,0.944,3.182,-2.447
-0.186,0.961,5.629,0.943,3.182,-2.447
-0.181,0.961,5.629,0.944,3.182,-2.447
-0.176,0.959,5.629,0.943,3.182,-2.447
-0.174,0.959,5.629,0.943,3.182,-2.447
-0.168,0.957,5.629,0.942,3.182,-2.447
-0.167,0.956,5.629,0.941,3.182,-2.447
-0.164,0.955,5.629,0.941,3.182,-2.447
-0.164,0.955,5.629,0.941,3.182,-2.447
-0.166,0.952,5.629,0.937,3.182,-2.447
-0.164,0.952,5.629,0.938,3.182,-2.447
-0.159,0.951,4.937,0.938,3.182,-1.755
-0.157,0.955,4.937,0.941,3.182,-1.755
-0.154,0.954,4.937,0.941,3.182,-1.755
-0.149,0.954,4.937,0.942,3.182,-1.755
-0.146,0.955,4.937,0.944,3.182,-1.755
-0.139,0.959,4.937,0.949,3.182,-1.755
-0.14,0.959,4.937,0.949,3.182,-1.755
-0.137,0.961,5.18,0.952,3.182,-1.998
-0.136,0.962,5.18,0.952,3.182,-1.998
-0.129,0.965,5.18,0.956,3.182,-1.998
-0.127,0.968,5.18,0.96,3.182,-1.998
-0.123,0.966,5.18,0.958,3.182,-1.998
-0.115,0.966,5.18,0.959,3.182,-1.998
-0.112,0.966,5.18,0.959,3.182,-1.998
-0.107,0.967,5.18,0.962,3.182,-1.998
-0.1,0.968,5.18,0.963,3.182,-1.998
-0.094,0.969,5.18,0.964,3.182,-1.998
-0.088,0.968,5.18,0.964,3.182,-1.998
-0.078,0.967,5.18,0.964,3.182,-1.998
-0.071,0.971,5.18,0.969,3.182,-1.998
-0.068,0.964,4.806,0.961,2.808,-1.998
-0.071,0.959,4.806,0.956,2.808,-1.998
-0.065,0.959,4.806,0.956,2.808,-1.998
-0.06,0.96,4.806,0.958,2.808,-1.998
-0.056,0.957,4.806,0.956,2.808,-1.998
-0.058,0.956,4.806,0.954,2.808,-1.998
-0.05,0.955,4.806,0.953,2.808,-1.998
-0.048,0.955,4.806,0.954,2.808,-1.998
-0.043,0.956,4.806,0.955,2.808,-1.998
-0.045,0.957,4.806,0.956,2.808,-1.998
-0.043,0.959,4.806,0.958,2.808,-1.998
-0.041,0.963,4.806,0.962,2.808,-1.998
-0.037,0.966,4.806,0.965,2.808,-1.998
-0.04,0.966,4.806,0.965,2.808,-1.998
-0.037,0.968,4.806,0.967,2.808,-1.998
-0.037,0.965,4.806,0.964,2.808,-1.998
-0.037,0.966,4.806,0.966,2.808,-1.998
-0.035,0.966,4.806,0.966,2.808,-1.998
-0.033,0.963,4.806,0.963,2.808,-1.998
-0.027,0.963,4.806,0.963,2.808,-1.998
-0.027,0.96,4.806,0.96,2.808,-1.998
-0.023,0.96,4.806,0.959,2.808,-1.998
-0.018,0.959,4.806,0.959,2.808,-1.998
-0.017,0.958,4.806,0.958,2.808,-1.998
-0.01,0.957,4.806,0.957,2.808,-1.998
-0.006,0.958,4.806,0.958,2.808,-1.998
0.0,0.959,4.806,0.959,2.808,-1.998
-0.0,0.959,4.806,0.959,2.808,-1.998
-0.008,0.95,4.806,0.95,2.808,-1.998
-0.009,0.95,4.806,0.95,2.808,-1.998
-0.005,0.949,4.806,0.949,2.808,-1.998
0.0,0.95,4.974,0.95,2.808,-2.166
0.006,0.951,4.974,0.951,2.808,-2.166
0.003,0.949,4.974,0.949,2.808,-2.166
0.008,0.948,4.974,0.948,2.808,-2.166
0.014,0.946,4.974,0.946,2.808,-2.166
0.024,0.945,4.974,0.945,2.808,-2.166
0.024,0.943,4.974,0.943,2.808,-2.166
0.031,0.939,4.974,0.939,2.808,-2.166
0.035,0.938,4.974,0.937,2.808,-2.166
0.037,0.937,4.974,0.936,2.808,-2.166
0.039,0.934,4.974,0.934,2.808,-2.166
0.046,0.933,4.974,0.932,2.808,-2.166
0.045,0.925,4.937,0.924,2.771,-2.166
0.051,0.922,4.937,0.92,2.771,-2.166
0.051,0.913,4.937,0.912,2.771,-2.166
0.057,0.913,4.937,0.912,2.771,-2.166
0.062,0.909,4.937,0.907,2.771,-2.166
0.063,0.909,4.937,0.907,2.771,-2.166
0.066,0.909,4.937,0.907,2.771,-2.166
0.069,0.909,5.217,0.906,2.771,-2.447
0.072,0.905,5.217,0.902,2.771,-2.447
0.074,0.908,5.573,0.905,2.771,-2.802
0.075,0.905,5.573,0.902,2.771,-2.802
0.074,0.91,5.573,0.907,2.771,-2.802
0.077,0.906,5.573,0.903,2.771,-2.802
0.08,0.907,5.648,0.903,2.771,-2.877
0.078,0.907,5.648,0.904,2.771,-2.877
0.076,0.903,5.648,0.9,2.771,-2.877
0.074,0.907,5.947,0.904,2.771,-3.176
0.074,0.905,5.947,0.902,2.771,-3.176
0.072,0.906,5.947,0.903,2.771,-3.176
0.079,0.905,5.947,0.902,2.771,-3.176
0.081,0.898,5.947,0.894,2.771,-3.176
0.082,0.9,5.947,0.896,2.771,-3.176
0.09,0.897,5.947,0.893,2.771,-3.176
0.09,0.895,5.947,0.89,2.771,-3.176
0.09,0.892,5.947,0.888,2.771,-3.176
0.088,0.891,5.947,0.887,2.771,-3.176
0.086,0.893,5.947,0.889,2.771,-3.176
0.084,0.888,5.947,0.884,2.771,-3.176
0.085,0.888,5.947,0.883,2.771,-3.176
0.08,0.884,5.947,0.88,2.771,-3.176
0.074,0.878,5.947,0.875,2.771,-3.176
0.075,0.876,5.947,0.873,2.771,-3.176
0.078,0.87,5.947,0.866,2.771,-3.176
0.075,0.862,5.947,0.859,2.771,-3.176
0.074,0.858,5.947,0.855,2.771,-3.176
0.069,0.852,5.947,0.849,2.771,-3.176
0.073,0.853,5.947,0.85,2.771,-3.176
0.078,0.85,5.947,0.847,2.771,-3.176
0.086,0.847,5.947,0.843,2.771,-3.176
0.095,0.846,5.947,0.84,2.771,-3.176
0.087,0.851,5.947,0.846,2.771,-3.176
0.094,0.848,5.779,0.843,2.602,-3.176
0.093,0.846,5.779,0.841,2.602,-3.176
0.097,0.84,5.779,0.835,2.602,-3.176
0.099,0.84,5.779,0.834,2.602,-3.176
0.102,0.835,5.779,0.829,2.602,-3.176
0.1,0.833,5.779,0.827,2.602,-3.176
0.1,0.833,5.779,0.827,2.602,-3.176
0.101,0.834,5.779,0.828,2.602,-3.176
0.101,0.838,5.779,0.832,2.602,-3.176
0.1,0.845,5.779,0.839,2.602,-3.176
0.101,0.847,5.779,0.841,2.602,-3.176
0.108,0.844,5.779,0.837,2.602,-3.176
0.108,0.842,5.779,0.835,2.602,-3.176
0.106,0.845,5.779,0.839,2.602,-3.176
0.102,0.847,5.779,0.841,2.602,-3.176
0.106,0.849,5.779,0.842,2.602,-3.176
0.105,0.847,5.779,0.84,2.602,-3.176
0.106,0.845,5.779,0.839,2.602,-3.176
0.108,0.845,5.779,0.838,2.602,-3.176
0.109,0.844,5.779,0.836,2.602,-3.176
0.113,0.842,5.779,0.834,2.602,-3.176
0.115,0.837,5.779,0.83,2.602,-3.176
0.118,0.838,5.779,0.83,2.602,-3.176
0.112,0.841,5.779,0.833,2.602,-3.176
0.112,0.842,5.779,0.834,2.602,-3.176
0.11,0.839,5.779,0.831,2.602,-3.176
0.107,0.837,5.779,0.83,2.602,-3.176
0.106,0.839,5.779,0.832,2.602,-3.176
0.101,0.841,5.779,0.835,2.602,-3.176
0.104,0.839,5.779,0.833,2.602,-3.176
0.105,0.835,5.779,0.829,2.602,-3.176
0.106,0.834,5.779,0.827,2.602,-3.176
0.103,0.832,5.779,0.825,2.602,-3.176
0.099,0.829,5.779,0.824,2.602,-3.176
0.093,0.828,5.779,0.823,2.602,-3.176
0.092,0.822,5.517,0.817,2.341,-3.176
0.091,0.822,5.517,0.817,2.341,-3.176
0.089,0.82,5.517,0.815,2.341,-3.176
0.089,0.817,5.517,0.812,2.341,-3.176
0.087,0.814,5.517,0.809,2.341,-3.176
0.083,0.811,5.517,0.807,2.341,-3.176
0.085,0.809,5.517,0.804,2.341,-3.176
0.083,0.808,5.517,0.804,2.341,-3.176
0.086,0.805,5.517,0.801,2.341,-3.176
0.094,0.812,5.517,0.806,2.341,-3.176
0.104,0.812,5.517,0.805,2.341,-3.176
0.11,0.811,5.517,0.804,2.341,-3.176
0.113,0.808,5.517,0.801,2.341,-3.176
0.112,0.804,5.517,0.797,2.341,-3.176
0.115,0.804,5.517,0.795,2.341,-3.176
0.117,0.802,5.367,0.793,2.191,-3.176
0.115,0.799,5.367,0.791,2.191,-3.176
0.115,0.794,5.367,0.786,2.191,-3.176
0.119,0.793,5.367,0.784,2.191,-3.176
0.118,0.791,5.367,0.782,2.191,-3.176
0.114,0.788,5.367,0.78,2.191,-3.176
0.116,0.788,5.367,0.78,2.191,-3.176
0.117,0.787,5.367,0.778,2.191,-3.176
0.122,0.786,5.367,0.776,2.191,-3.176
0.131,0.79,5.367,0.779,2.191,-3.176
0.129,0.791,5.367,0.781,2.191,-3.176
0.13,0.789,5.367,0.778,2.191,-3.176
0.129,0.788,5.367,0.777,2.191,-3.176
0.128,0.785,5.367,0.775,2.191,-3.176
0.131,0.783,5.367,0.772,2.191,-3.176
0.13,0.781,5.367,0.77,2.191,-3.176
0.129,0.779,5.367,0.768,2.191,-3.176
0.131,0.773,5.367,0.762,2.191,-3.176
0.133,0.773,5.367,0.762,2.191,-3.176
0.137,0.774,5.367,0.762,2.191,-3.176
0.131,0.773,5.367,0.762,2.191,-3.176
0.131,0.772,5.367,0.761,2.191,-3.176
0.125,0.77,5.367,0.759,2.191,-3.176
0.124,0.768,5.367,0.758,2.191,-3.176
0.124,0.77,5.367,0.76,2.191,-3.176
0.121,0.769,5.367,0.759,2.191,-3.176
0.121,0.767,5.367,0.758,2.191,-3.176
0.117,0.765,5.367,0.756,2.191,-3.176
0.118,0.766,5.423,0.757,2.247,-3.176
0.118,0.767,5.423,0.758,2.247,-3.176
0.115,0.767,5.423,0.758,2.247,-3.176
0.112,0.765,5.423,0.756,2.247,-3.176
0.108,0.763,5.423,0.756,2.247,-3.176
0.107,0.763,5.423,0.756,2.247,-3.176
0.106,0.761,5.423,0.754,2.247,-3.176
0.106,0.758,5.423,0.75,2.247,-3.176
0.109,0.756,5.423,0.748,2.247,-3.176
0.106,0.752,5.423,0.745,2.247,-3.176
0.107,0.746,5.423,0.738,2.247,-3.176
0.105,0.742,5.423,0.734,2.247,-3.176
0.111,0.731,5.423,0.723,2.247,-3.176
0.113,0.729,5.423,0.72,2.247,-3.176
0.118,0.722,5.423,0.712,2.247,-3.176
0.122,0.717,5.423,0.707,2.247,-3.176
0.126,0.714,5.423,0.703,2.247,-3.176
0.124,0.709,5.274,0.698,2.247,-3.027
0.127,0.706,5.274,0.694,2.247,-3.027
0.128,0.704,5.274,0.692,2.247,-3.027
0.124,0.706,5.274,0.695,2.247,-3.027
0.121,0.704,5.274,0.693,2.247,-3.027
0.122,0.697,5.274,0.686,2.247,-3.027
0.118,0.695,5.274,0.685,2.247,-3.027
0.11,0.702,5.274,0.694,2.247,-3.027
0.112,0.698,5.274,0.689,2.247,-3.027
0.11,0.694,5.274,0.685,2.247,-3.027
0.112,0.689,5.18,0.68,2.247,-2.933
0.111,0.687,5.18,0.678,2.247,-2.933
0.107,0.686,5.18,0.677,2.247,-2.933
0.107,0.684,5.18,0.675,2.247,-2.933
0.105,0.681,5.18,0.673,2.247,-2.933
0.101,0.681,5.18,0.673,2.247,-2.933
0.095,0.679,5.18,0.672,2.247,-2.933
0.092,0.68,5.18,0.674,2.247,-2.933
0.095,0.68,5.18,0.674,2.247,-2.933
0.093,0.678,5.18,0.672,2.247,-2.933
0.085,0.683,5.18,0.678,2.247,-2.933
0.081,0.684,5.18,0.679,2.247,-2.933
0.077,0.683,5.18,0.678,2.247,-2.933
0.074,0.68,5.18,0.676,2.247,-2.933
0.076,0.674,5.18,0.67,2.247,-2.933
0.07,0.672,5.18,0.668,2.247,-2.933
0.069,0.672,5.18,0.669,2.247,-2.933
0.06,0.674,5.18,0.671,2.247,-2.933
0.056,0.672,5.18,0.669,2.247,-2.933
0.05,0.673,5.18,0.671,2.247,-2.933
0.046,0.674,5.18,0.672,2.247,-2.933
0.049,0.676,5.18,0.674,2.247,-2.933
0.044,0.676,5.18,0.674,2.247,-2.933
0.04,0.674,5.18,0.673,2.247,-2.933
0.037,0.671,5.18,0.67,2.247,-2.933
0.031,0.673,5.18,0.672,2.247,-2.933
0.02,0.676,5.18,0.676,2.247,-2.933
0.017,0.68,5.18,0.679,2.247,-2.933
0.017,0.675,5.18,0.675,2.247,-2.933
0.02,0.674,5.18,0.674,2.247,-2.933
0.013,0.676,5.18,0.676,2.247,-2.933
0.011,0.675,5.18,0.675,2.247,-2.933
0.013,0.675,5.18,0.675,2.247,-2.933
0.008,0.679,5.18,0.679,2.247,-2.933
0.0,0.684,5.18,0.684,2.247,-2.933
-0.004,0.69,5.311,0.69,2.247,-3.064
-0.012,0.692,5.311,0.692,2.247,-3.064
-0.012,0.69,5.311,0.69,2.247,-3.064
-0.007,0.685,5.311,0.685,2.247,-3.064
-0.014,0.698,5.442,0.697,2.247,-3.195
-0.016,0.7,5.442,0.7,2.247,-3.195
-0.015,0.7,5.442,0.7,2.247,-3.195
-0.023,0.708,5.442,0.707,2.247,-3.195
-0.025,0.706,5.442,0.706,2.247,-3.195
-0.033,0.715,5.442,0.714,2.247,-3.195
-0.042,0.721,5.442,0.72,2.247,-3.195
-0.05,0.724,5.442,0.723,2.247,-3.195
-0.058,0.728,5.442,0.726,2.247,-3.195
-0.067,0.738,5.442,0.735,2.247,-3.195
-0.07,0.743,5.442,0.74,2.247,-3.195
-0.076,0.749,5.442,0.745,2.247,-3.195
-0.087,0.761,5.442,0.756,2.247,-3.195
-0.086,0.763,5.442,0.759,2.247,-3.195
-0.093,0.775,5.442,0.77,2.247,-3.195
-0.101,0.79,5.442,0.783,2.247,-3.195
-0.105,0.797,5.442,0.79,2.247,-3.195
-0.119,0.817,5.442,0.808,2.247,-3.195
-0.128,0.832,5.479,0.822,2.247,-3.232
-0.137,0.842,5.479,0.831,2.247,-3.232
-0.151,0.839,5.479,0.825,2.247,-3.232
-0.163,0.838,5.479,0.822,2.247,-3.232
-0.17,0.841,5.479,0.823,2.247,-3.232
-0.173,0.841,5.479,0.823,2.247,-3.232
-0.179,0.85,5.479,0.831,2.247,-3.232
-0.186,0.852,5.479,0.831,2.247,-3.232
-0.198,0.858,5.479,0.835,2.247,-3.232
-0.199,0.861,5.479,0.838,2.247,-3.232
-0.206,0.87,5.479,0.846,2.247,-3.232
-0.211,0.88,5.479,0.855,2.247,-3.232
-0.221,0.89,5.479,0.862,2.247,-3.232
-0.226,0.898,5.479,0.869,2.247,-3.232
-0.23,0.898,5.479,0.869,2.247,-3.232
-0.233,0.902,5.479,0.871,2.247,-3.232
-0.243,0.904,5.479,0.871,2.247,-3.232
-0.254,0.906,5.479,0.869,2.247,-3.232
-0.262,0.912,5.479,0.874,2.247,-3.232
-0.266,0.918,5.479,0.878,2.247,-3.232
-0.271,0.923,5.479,0.882,2.247,-3.232
-0.275,0.928,5.479,0.886,2.247,-3.232
-0.278,0.931,5.479,0.888,2.247,-3.232
-0.283,0.938,5.479,0.894,2.247,-3.232
-0.284,0.941,5.479,0.897,2.247,-3.232
-0.293,0.952,5.479,0.906,2.247,-3.232
-0.297,0.953,5.479,0.906,2.247,-3.232
-0.302,0.955,5.479,0.906,2.247,-3.232
-0.306,0.96,5.479,0.91,2.247,-3.232
-0.303,0.962,5.479,0.913,2.247,-3.232
-0.303,0.964,5.479,0.915,2.247,-3.232
-0.299,0.966,5.479,0.919,2.247,-3.232
-0.303,0.965,5.479,0.916,2.247,-3.232
-0.304,0.968,5.479,0.919,2.247,-3.232
-0.306,0.971,5.479,0.921,2.247,-3.232
-0.303,0.972,5.479,0.924,2.247,-3.232
-0.315,0.979,5.105,0.927,1.873,-3.232
-0.324,0.981,5.105,0.926,1.873,-3.232
-0.335,0.987,5.03,0.929,1.798,-3.232
-0.335,0.99,5.03,0.932,1.798,-3.232
-0.345,0.997,5.03,0.935,1.798,-3.232
-0.35,1.002,5.03,0.939,1.798,-3.232
-0.355,1.013,5.03,0.949,1.798,-3.232
-0.354,1.016,5.03,0.952,1.798,-3.232
-0.366,1.022,5.03,0.954,1.798,-3.232
-0.371,1.028,5.03,0.958,1.798,-3.232
-0.371,1.03,5.03,0.961,1.798,-3.232
-0.382,1.04,5.03,0.967,1.798,-3.232
-0.387,1.047,5.03,0.972,1.798,-3.232
-0.39,1.049,5.03,0.973,1.798,-3.232
-0.398,1.055,5.03,0.977,1.798,-3.232
-0.403,1.059,5.03,0.979,1.798,-3.232
-0.409,1.062,5.03,0.98,1.798,-3.232
-0.413,1.064,5.03,0.981,1.798,-3.232
-0.424,1.072,5.143,0.985,1.798,-3.344
-0.426,1.074,5.143,0.986,1.798,-3.344
-0.426,1.074,5.143,0.986,1.798,-3.344
-0.43,1.08,5.143,0.991,1.798,-3.344
-0.435,1.083,5.143,0.992,1.798,-3.344
-0.438,1.085,5.143,0.993,1.798,-3.344
-0.436,1.082,5.143,0.99,1.798,-3.344
-0.441,1.083,5.143,0.989,1.798,-3.344
-0.443,1.085,5.143,0.99,1.798,-3.344
-0.445,1.086,5.143,0.991,1.798,-3.344
-0.448,1.091,5.143,0.994,1.798,-3.344
-0.455,1.094,5.143,0.995,1.798,-3.344
-0.457,1.094,5.143,0.994,1.798,-3.344
-0.457,1.095,5.143,0.994,1.798,-3.344
-0.461,1.098,5.143,0.997,1.798,-3.344
-0.464,1.1,5.143,0.998,1.798,-3.344
-0.465,1.101,5.049,0.998,1.705,-3.344
-0.473,1.107,5.049,1.001,1.705,-3.344
-0.475,1.112,5.049,1.006,1.705,-3.344
-0.478,1.115,5.049,1.007,1.705,-3.344
-0.481,1.117,5.049,1.008,1.705,-3.344
-0.485,1.122,5.049,1.012,1.705,-3.344
-0.488,1.126,5.049,1.015,1.705,-3.344
-0.49,1.131,5.049,1.02,1.705,-3.344
-0.496,1.133,5.049,1.019,1.705,-3.344
-0.497,1.134,5.049,1.019,1.705,-3.344
-0.498,1.136,5.049,1.021,1.705,-3.344
-0.499,1.136,5.049,1.02,1.705,-3.344
-0.502,1.138,5.049,1.021,1.705,-3.344
-0.501,1.139,5.049,1.023,1.705,-3.344
-0.505,1.139,5.049,1.021,1.705,-3.344
-0.504,1.139,5.049,1.021,1.705,-3.344
-0.506,1.141,5.049,1.023,1.705,-3.344
-0.502,1.141,5.049,1.025,1.705,-3.344
-0.493,1.141,5.049,1.029,1.705,-3.344
-0.496,1.143,5.049,1.029,1.705,-3.344
-0.498,1.143,5.049,1.028,1.705,-3.344
-0.499,1.144,5.049,1.029,1.705,-3.344
-0.501,1.149,5.049,1.034,1.705,-3.344
-0.495,1.147,5.049,1.034,1.705,-3.344
-0.502,1.149,5.049,1.034,1.705,-3.344
-0.505,1.151,5.049,1.034,1.705,-3.344
-0.511,1.154,5.049,1.035,1.705,-3.344
-0.511,1.157,5.049,1.038,1.705,-3.344
-0.518,1.157,5.049,1.035,1.705,-3.344
-0.52,1.158,5.049,1.035,1.705,-3.344
-0.523,1.157,5.049,1.032,1.705,-3.344
-0.528,1.157,5.049,1.03,1.705,-3.344
-0.521,1.149,5.049,1.024,1.705,-3.344
-0.528,1.15,4.9,1.022,1.555,-3.344
-0.526,1.15,4.9,1.023,1.555,-3.344
-0.518,1.145,4.9,1.021,1.555,-3.344
-0.516,1.145,4.9,1.022,1.555,-3.344
-0.516,1.142,4.9,1.019,1.555,-3.344
-0.518,1.143,4.9,1.019,1.555,-3.344
-0.515,1.143,4.9,1.02,1.555,-3.344
-0.512,1.142,4.9,1.021,1.555,-3.344
-0.509,1.138,4.9,1.018,1.555,-3.344
-0.51,1.136,4.9,1.015,1.555,-3.344
-0.508,1.135,4.9,1.015,1.555,-3.344
-0.506,1.128,4.9,1.009,1.555,-3.344
-0.507,1.128,4.9,1.008,1.555,-3.344
-0.505,1.124,4.9,1.004,1.555,-3.344
-0.503,1.115,4.9,0.996,1.555,-3.344
-0.504,1.112,4.9,0.992,1.555,-3.344
-0.498,1.101,4.9,0.982,1.555,-3.344
-0.491,1.09,4.9,0.973,1.555,-3.344
-0.486,1.083,4.9,0.967,1.555,-3.344
-0.483,1.08,4.9,0.966,1.555,-3.344
-0.48,1.079,4.9,0.967,1.555,-3.344
-0.482,1.08,4.9,0.967,1.555,-3.344
-0.488,1.086,4.9,0.97,1.555,-3.344
-0.488,1.083,4.9,0.967,1.555,-3.344
-0.49,1.085,4.9,0.968,1.555,-3.344
-0.485,1.082,4.9,0.967,1.555,-3.344
-0.485,1.082,4.9,0.967,1.555,-3.344
-0.48,1.076,4.9,0.963,1.555,-3.344
-0.482,1.072,4.9,0.958,1.555,-3.344
-0.473,1.065,4.9,0.954,1.555,-3.344
-0.475,1.061,4.9,0.949,1.555,-3.344
-0.479,1.066,4.9,0.952,1.555,-3.344
-0.477,1.063,4.9,0.949,1.555,-3.344
-0.472,1.061,4.9,0.95,1.555,-3.344
-0.47,1.056,4.9,0.945,1.555,-3.344
-0.465,1.05,4.9,0.941,1.555,-3.344
-0.467,1.046,4.9,0.936,1.555,-3.344
-0.467,1.045,4.9,0.935,1.555,-3.344
-0.468,1.044,4.9,0.933,1.555,-3.344
-0.463,1.043,4.9,0.935,1.555,-3.344
-0.457,1.04,4.9,0.934,1.555,-3.344
-0.463,1.04,4.9,0.932,1.555,-3.344
-0.462,1.034,4.9,0.925,1.555,-3.344
-0.463,1.036,4.9,0.927,1.555,-3.344
-0.465,1.036,4.9,0.925,1.555,-3.344
-0.463,1.031,4.9,0.922,1.555,-3.344
-0.468,1.036,4.9,0.924,1.555,-3.344
-0.471,1.035,4.9,0.921,1.555,-3.344
-0.477,1.034,4.9,0.918,1.555,-3.344
-0.48,1.038,4.9,0.921,1.555,-3.344
-0.484,1.037,4.9,0.917,1.555,-3.344
-0.487,1.039,4.918,0.918,1.574,-3.344
-0.489,1.04,4.974,0.918,1.63,-3.344
-0.483,1.034,4.974,0.915,1.63,-3.344
-0.475,1.036,5.741,0.921,2.397,-3.344
-0.469,1.035,5.741,0.923,2.397,-3.344
-0.476,1.038,5.741,0.923,2.397,-3.344
-0.473,1.037,5.741,0.922,2.397,-3.344
-0.465,1.035,5.741,0.924,2.397,-3.344
-0.462,1.026,5.741,0.916,2.397,-3.344
-0.462,1.027,5.741,0.917,2.397,-3.344
-0.459,1.025,5.741,0.917,2.397,-3.344
-0.452,1.022,5.741,0.917,2.397,-3.344
-0.455,1.022,5.741,0.915,2.397,-3.344
-0.445,1.013,5.741,0.91,2.397,-3.344
-0.447,1.01,5.741,0.906,2.397,-3.344
-0.447,1.009,5.741,0.904,2.397,-3.344
-0.447,1.007,5.741,0.902,2.397,-3.344
-0.446,1.004,5.741,0.9,2.397,-3.344
-0.446,1.004,5.741,0.9,2.397,-3.344
-0.44,1.002,5.741,0.9,2.397,-3.344
-0.433,0.994,5.18,0.895,2.397,-2.783
-0.438,0.996,5.18,0.895,2.397,-2.783
-0.445,1.001,5.18,0.897,2.397,-2.783
-0.444,0.996,5.18,0.892,2.397,-2.783
-0.439,0.996,5.18,0.894,2.397,-2.783
-0.44,0.995,5.18,0.892,2.397,-2.783
-0.441,0.993,5.18,0.89,2.397,-2.783
-0.44,0.993,5.18,0.89,2.397,-2.783
-0.44,0.992,5.18,0.889,2.397,-2.783
-0.439,0.992,5.18,0.89,2.397,-2.783
-0.442,0.992,5.18,0.888,2.397,-2.783
-0.438,0.988,5.18,0.886,2.397,-2.783
-0.436,0.989,5.18,0.888,2.397,-2.783
-0.437,0.989,5.18,0.888,2.397,-2.783
-0.432,0.983,5.18,0.883,2.397,-2.783
-0.431,0.981,5.18,0.881,2.397,-2.783
-0.435,0.982,5.18,0.881,2.397,-2.783
-0.431,0.976,5.18,0.875,2.397,-2.783
-0.43,0.969,5.18,0.869,2.397,-2.783
-0.424,0.962,5.18,0.863,2.397,-2.783
-0.423,0.96,5.18,0.862,2.397,-2.783
-0.416,0.955,5.18,0.859,2.397,-2.783
-0.417,0.953,5.18,0.857,2.397,-2.783
-0.416,0.947,5.18,0.851,2.397,-2.783
-0.407,0.945,5.18,0.853,2.397,-2.783
-0.403,0.941,5.18,0.85,2.397,-2.783
-0.402,0.936,5.18,0.846,2.397,-2.783
-0.396,0.935,5.18,0.847,2.397,-2.783
-0.393,0.931,5.18,0.844,2.397,-2.783
-0.393,0.928,5.18,0.841,2.397,-2.783
-0.385,0.926,5.18,0.842,2.397,-2.783
-0.387,0.925,5.18,0.841,2.397,-2.783
-0.384,0.92,5.18,0.836,2.397,-2.783
-0.381,0.917,5.18,0.834,2.397,-2.783
-0.389,0.915,5.18,0.828,2.397,-2.783
-0.382,0.91,5.18,0.826,2.397,-2.783
-0.379,0.91,5.18,0.827,2.397,-2.783
-0.38,0.909,5.18,0.825,2.397,-2.783
-0.381,0.9,5.18,0.816,2.397,-2.783
-0.384,0.902,5.18,0.816,2.397,-2.783
-0.381,0.898,5.18,0.813,2.397,-2.783
-0.379,0.896,5.18,0.812,2.397,-2.783
-0.377,0.894,5.18,0.81,2.397,-2.783
-0.373,0.886,5.18,0.803,2.397,-2.783
-0.366,0.881,5.18,0.801,2.397,-2.783
-0.361,0.88,5.18,0.802,2.397,-2.783
-0.362,0.883,5.18,0.805,2.397,-2.783
-0.359,0.885,5.18,0.809,2.397,-2.783
-0.359,0.888,5.18,0.812,2.397,-2.783
-0.358,0.884,5.18,0.809,2.397,-2.783
-0.363,0.885,5.18,0.807,2.397,-2.783
-0.366,0.885,5.18,0.806,2.397,-2.783
-0.367,0.885,5.18,0.805,2.397,-2.783
-0.362,0.883,5.18,0.806,2.397,-2.783
-0.357,0.878,5.18,0.802,2.397,-2.783
-0.357,0.879,5.18,0.803,2.397,-2.783
-0.361,0.881,5.18,0.804,2.397,-2.783
-0.358,0.883,5.18,0.808,2.397,-2.783
-0.355,0.883,5.18,0.808,2.397,-2.783
-0.357,0.884,5.18,0.808,2.397,-2.783
-0.356,0.884,5.18,0.809,2.397,-2.783
-0.359,0.886,5.18,0.81,2.397,-2.783
-0.361,0.885,5.18,0.809,2.397,-2.783
-0.358,0.885,5.18,0.81,2.397,-2.783
-0.356,0.884,5.18,0.81,2.397,-2.783
-0.354,0.881,5.18,0.806,2.397,-2.783
-0.352,0.884,5.236,0.811,2.453,-2.783
-0.354,0.887,5.236,0.814,2.453,-2.783
-0.357,0.889,5.236,0.815,2.453,-2.783
-0.36,0.894,5.236,0.818,2.453,-2.783
-0.36,0.89,5.236,0.814,2.453,-2.783
-0.359,0.887,5.236,0.811,2.453,-2.783
-0.359,0.885,5.236,0.809,2.453,-2.783
-0.353,0.882,5.236,0.808,2.453,-2.783
-0.353,0.881,5.236,0.807,2.453,-2.783
-0.357,0.881,5.236,0.805,2.453,-2.783
-0.36,0.883,5.236,0.806,2.453,-2.783
-0.359,0.88,5.236,0.804,2.453,-2.783
-0.361,0.882,5.236,0.805,2.453,-2.783
-0.357,0.88,5.236,0.804,2.453,-2.783
-0.355,0.875,5.236,0.8,2.453,-2.783
-0.356,0.879,5.498,0.804,2.715,-2.783
-0.36,0.88,5.498,0.803,2.715,-2.783
-0.357,0.883,5.498,0.808,2.715,-2.783
-0.353,0.889,5.498,0.815,2.715,-2.783
-0.346,0.895,5.853,0.826,3.07,-2.783
-0.343,0.895,5.853,0.827,3.07,-2.783
-0.34,0.892,5.853,0.825,3.07,-2.783
-0.343,0.892,5.853,0.824,3.07,-2.783
-0.344,0.892,5.853,0.823,3.07,-2.783
-0.341,0.89,5.853,0.822,3.07,-2.783
-0.333,0.887,5.853,0.822,3.07,-2.783
-0.33,0.886,5.853,0.822,3.07,-2.783
-0.326,0.883,5.853,0.821,3.07,-2.783
-0.332,0.888,5.853,0.824,3.07,-2.783
