mean,RMS,ptp,std,max,min
0.335,1.078,3.114,1.025,1.464,-1.65
-0.149,1.138,3.332,1.128,1.099,-2.233
-0.085,1.424,4.378,1.421,1.634,-2.744
-0.219,1.636,4.524,1.621,2.267,-2.258
0.313,1.396,3.941,1.361,1.878,-2.063
0.467,1.146,2.651,1.047,1.878,-0.774
0.306,1.272,4.111,1.235,2.048,-2.063
-0.292,1.309,3.843,1.276,1.513,-2.331
-0.613,0.997,2.992,0.786,1.026,-1.966
0.98,1.51,3.041,1.149,2.242,-0.798
0.583,1.554,3.916,1.44,2.096,-1.82
0.987,1.389,2.943,0.977,1.999,-0.944
0.659,1.241,3.405,1.052,2.023,-1.382
-0.134,1.279,4.281,1.272,1.999,-2.282
0.545,1.422,4.062,1.313,2.34,-1.722
0.343,0.925,2.068,0.859,1.707,-0.36
0.613,1.487,3.843,1.355,1.829,-2.014
0.389,1.345,4.014,1.288,1.853,-2.16
0.267,1.344,3.527,1.317,1.951,-1.577
0.102,1.412,3.868,1.408,1.756,-2.112
0.576,1.083,2.505,0.917,1.926,-0.579
-0.324,1.447,4.378,1.41,2.048,-2.331
0.294,1.373,3.819,1.341,1.853,-1.966
0.474,0.978,2.457,0.855,1.926,-0.531
0.778,1.354,3.332,1.109,2.169,-1.163
0.924,1.347,2.627,0.98,2.169,-0.458
0.917,1.301,2.7,0.923,2.048,-0.652
-0.37,1.365,4.159,1.313,2.121,-2.039
0.046,0.708,2.408,0.707,1.707,-0.701
0.165,0.653,2.043,0.632,1.659,-0.385
0.474,1.564,3.892,1.49,2.121,-1.771
0.841,1.717,4.841,1.496,2.826,-2.014
0.073,1.073,3.527,1.071,1.61,-1.917
-0.217,1.496,4.5,1.48,2.023,-2.477
-0.861,1.482,4.135,1.205,2.048,-2.087
-1.022,1.538,3.649,1.149,1.659,-1.99
0.335,1.202,3.332,1.154,1.951,-1.382
-0.533,1.793,4.889,1.712,2.169,-2.72
-0.112,1.026,3.187,1.02,1.44,-1.747
0.121,0.989,3.503,0.981,2.121,-1.382
0.824,1.257,2.505,0.949,2.242,-0.263
-0.299,1.087,3.235,1.045,1.61,-1.625
0.559,1.529,4.184,1.423,2.194,-1.99
0.654,1.367,3.503,1.201,1.926,-1.577
0.905,1.275,2.408,0.899,2.023,-0.385
0.812,1.512,3.868,1.275,2.194,-1.674
0.036,1.43,3.989,1.429,2.048,-1.941
0.165,1.598,4.232,1.589,2.364,-1.868
0.051,1.385,4.111,1.384,2.242,-1.868
0.248,1.302,4.524,1.278,2.023,-2.501
0.26,1.266,3.916,1.239,2.413,-1.504
0.664,1.102,2.797,0.879,2.461,-0.336
-0.387,1.375,4.038,1.319,2.461,-1.577
0.751,1.208,2.943,0.946,1.902,-1.041
-0.428,0.767,2.019,0.636,0.442,-1.577
-0.392,1.175,3.819,1.108,1.926,-1.893
-0.616,0.963,2.141,0.74,0.078,-2.063
0.423,1.337,4.087,1.269,2.194,-1.893
0.197,1.418,4.087,1.405,2.267,-1.82
-0.151,0.485,1.654,0.461,0.467,-1.187
0.087,0.961,4.184,0.957,2.023,-2.16
0.462,1.016,2.87,0.905,1.78,-1.09
0.102,0.794,3.308,0.787,1.926,-1.382
1.179,1.754,3.697,1.298,2.753,-0.944
-0.025,1.06,3.624,1.06,2.607,-1.017
-0.557,1.572,4.184,1.47,2.072,-2.112
0.017,1.391,3.916,1.391,2.291,-1.625
-0.338,1.472,3.868,1.433,2.242,-1.625
0.858,1.387,3.405,1.09,2.194,-1.212
0.085,1.342,3.624,1.34,1.926,-1.698
0.024,0.656,2.432,0.656,1.78,-0.652
-0.137,0.827,3.138,0.816,1.586,-1.552
-0.455,0.898,1.97,0.774,0.126,-1.844
-0.044,0.906,3.357,0.905,1.853,-1.504
-0.285,1.237,4.354,1.204,2.34,-2.014
-0.419,1.221,4.184,1.147,2.023,-2.16
0.197,1.09,4.111,1.073,2.048,-2.063
0.233,1.05,3.649,1.024,2.121,-1.528
0.788,1.356,4.135,1.103,2.826,-1.309
0.107,0.766,3.235,0.758,2.048,-1.187
-0.064,0.875,3.576,0.873,2.145,-1.431
0.34,1.039,3.211,0.981,2.169,-1.041
0.245,1.266,4.257,1.242,2.461,-1.795
0.241,1.05,3.065,1.022,2.218,-0.847
0.768,1.235,2.992,0.967,2.072,-0.92
0.255,1.167,3.868,1.139,1.975,-1.893
-0.562,1.022,2.457,0.854,0.272,-2.185
0.148,1.201,3.892,1.192,2.388,-1.504
-0.178,1.51,4.111,1.499,2.315,-1.795
-0.822,1.107,1.873,0.742,0.199,-1.674
-0.102,0.647,2.189,0.639,0.71,-1.479
0.153,0.379,1.216,0.347,0.783,-0.433
0.048,0.938,3.381,0.937,1.999,-1.382
0.238,0.836,3.357,0.801,2.242,-1.114
0.493,1.238,4.232,1.136,2.607,-1.625
0.114,1.089,3.235,1.083,1.829,-1.406
0.109,1.287,3.43,1.282,1.975,-1.455
0.272,0.819,2.749,0.773,2.559,-0.19
0.545,0.802,1.873,0.589,1.756,-0.117
0.693,0.966,1.897,0.673,2.023,0.126
-0.239,0.665,1.824,0.621,0.734,-1.09
-0.302,1.352,4.5,1.318,2.705,-1.795
-0.1,0.616,2.408,0.608,0.588,-1.82
0.496,0.938,3.065,0.797,2.607,-0.458
0.245,0.851,3.259,0.814,1.513,-1.747
0.009,0.564,1.678,0.563,0.588,-1.09
0.581,1.068,3.43,0.896,2.218,-1.212
0.172,1.037,3.478,1.023,1.926,-1.552
0.523,0.774,2.092,0.57,2.145,0.053
0.124,0.497,1.678,0.481,0.71,-0.968
0.282,0.897,3.065,0.852,2.656,-0.409
0.871,1.4,2.87,1.097,2.461,-0.409
1.016,1.746,4.5,1.42,3.142,-1.358
0.061,0.888,3.381,0.886,2.072,-1.309
-0.112,0.41,1.484,0.394,0.345,-1.139
-0.346,0.946,2.968,0.88,1.075,-1.893
0.384,1.136,3.454,1.069,2.559,-0.895
-0.285,0.926,2.7,0.881,1.415,-1.285
0.275,0.417,1.168,0.314,0.953,-0.214
-0.151,0.543,1.824,0.522,0.418,-1.406
0.248,1.209,4.451,1.183,3.021,-1.431
0.321,1.117,3.892,1.07,2.315,-1.577
0.087,1.029,4.014,1.025,2.267,-1.747
-0.285,1.051,2.749,1.012,1.245,-1.504
0.282,0.868,3.381,0.821,2.023,-1.358
0.331,0.661,2.043,0.572,0.686,-1.358
-0.244,1.405,4.281,1.384,2.34,-1.941
0.756,1.14,2.335,0.853,2.437,0.102
0.601,0.928,2.505,0.708,2.632,0.126
0.493,0.799,2.481,0.629,1.367,-1.114
0.362,0.404,0.511,0.18,0.686,0.175
0.686,1.034,2.457,0.774,2.169,-0.287
0.046,0.317,1.07,0.313,0.734,-0.336
-0.015,0.649,2.238,0.649,0.491,-1.747
0.07,0.6,1.776,0.596,0.759,-1.017
0.282,0.645,1.873,0.581,0.905,-0.968
0.455,0.773,2.359,0.625,2.218,-0.141
0.389,0.909,2.286,0.822,1.975,-0.312
0.53,0.844,1.946,0.656,1.829,-0.117
0.267,0.703,2.189,0.651,1.951,-0.239
0.418,0.515,1.07,0.301,0.856,-0.214
0.114,0.908,3.187,0.901,1.975,-1.212
0.248,0.941,3.527,0.907,2.388,-1.139
0.386,1.103,3.284,1.033,2.218,-1.066
0.301,0.552,1.776,0.463,0.856,-0.92
-0.059,0.757,2.019,0.755,0.759,-1.26
0.438,0.729,2.019,0.583,1.999,-0.02
0.27,0.588,1.922,0.523,0.807,-1.114
0.433,0.478,0.559,0.204,0.734,0.175
0.056,0.311,1.07,0.306,0.807,-0.263
0.214,0.324,0.803,0.244,0.491,-0.312
0.557,0.891,1.873,0.696,1.878,0.005
0.277,0.937,2.797,0.896,2.34,-0.458
0.34,0.419,0.949,0.245,0.71,-0.239
0.114,0.599,2.043,0.588,0.953,-1.09
0.158,0.85,2.53,0.835,1.269,-1.26
0.411,1.045,3.892,0.961,2.826,-1.066
0.311,0.544,1.557,0.447,0.637,-0.92
-0.012,0.335,0.949,0.335,0.491,-0.458
0.253,0.364,0.851,0.261,0.613,-0.239
0.163,0.289,0.876,0.239,0.734,-0.141
0.061,0.199,0.705,0.189,0.442,-0.263
0.116,0.551,1.97,0.538,1.683,-0.287
-0.071,0.274,0.803,0.265,0.248,-0.555
0.223,0.326,0.827,0.237,0.564,-0.263
0.267,0.727,2.7,0.676,1.245,-1.455
0.321,0.695,2.384,0.617,0.978,-1.406
0.328,0.713,1.946,0.633,0.856,-1.09
0.386,0.761,2.457,0.656,1.051,-1.406
0.372,0.675,1.581,0.563,0.807,-0.774
-0.005,0.851,2.189,0.851,0.978,-1.212
0.469,0.816,2.019,0.668,1.269,-0.749
0.518,0.576,0.827,0.251,0.953,0.126
0.43,0.506,0.876,0.266,0.807,-0.068
0.433,0.587,1.314,0.397,1.075,-0.239
0.659,0.781,1.411,0.419,1.367,-0.044
0.664,0.754,1.386,0.358,1.367,-0.02
0.165,0.545,1.849,0.52,0.637,-1.212
0.479,0.533,0.803,0.235,0.856,0.053
-0.061,0.735,2.092,0.733,0.978,-1.114
0.496,0.592,0.973,0.324,1.123,0.151
0.284,0.374,0.754,0.243,0.734,-0.02
0.445,0.808,1.873,0.675,1.196,-0.677
0.489,0.852,1.946,0.698,1.245,-0.701
0.438,0.733,1.508,0.589,1.099,-0.409
0.345,0.893,2.189,0.824,1.537,-0.652
0.26,0.781,2.043,0.736,1.537,-0.506
0.523,1.139,3.795,1.011,3.021,-0.774
0.114,0.841,2.408,0.833,1.44,-0.968
-0.229,0.647,1.849,0.605,0.929,-0.92
0.379,0.788,1.873,0.69,1.269,-0.604
0.109,0.602,2.019,0.592,1.367,-0.652
0.591,0.966,2.068,0.764,1.561,-0.506
0.034,0.657,1.654,0.656,1.051,-0.604
0.518,1.182,3.624,1.062,2.802,-0.822
0.715,0.977,1.922,0.666,1.367,-0.555
0.241,0.489,1.192,0.426,1.051,-0.141
1.279,1.959,3.819,1.483,3.094,-0.725
0.846,1.141,2.822,0.765,2.607,-0.214
0.729,0.933,1.605,0.581,1.172,-0.433
0.238,0.843,2.189,0.808,1.44,-0.749
0.287,0.84,2.457,0.789,1.342,-1.114
0.564,0.771,1.362,0.526,1.075,-0.287
0.138,0.685,1.873,0.671,1.269,-0.604
0.211,0.667,1.995,0.632,1.196,-0.798
0.275,0.858,2.554,0.813,1.878,-0.677
0.211,0.795,2.019,0.766,1.488,-0.531
-0.01,0.432,1.581,0.432,1.148,-0.433
0.194,0.696,1.97,0.669,1.342,-0.628
0.581,1.05,2.214,0.875,1.513,-0.701
0.705,1.181,3.308,0.948,2.51,-0.798
0.525,0.869,2.068,0.693,1.415,-0.652
-0.076,0.827,2.505,0.823,1.415,-1.09
-0.071,0.758,2.384,0.755,1.586,-0.798
0.832,1.132,2.116,0.768,1.586,-0.531
1.038,1.217,1.97,0.635,1.902,-0.068
0.467,0.974,2.408,0.855,1.61,-0.798
0.399,0.962,2.627,0.876,1.902,-0.725
0.316,0.704,1.581,0.63,1.148,-0.433
0.328,0.776,1.97,0.703,1.464,-0.506
0.428,0.824,2.092,0.704,1.415,-0.677
0.377,0.77,2.262,0.672,1.318,-0.944
0.652,1.498,3.868,1.348,3.021,-0.847
0.311,0.717,2.019,0.646,1.513,-0.506
0.311,1.029,2.53,0.981,1.61,-0.92
0.722,1.072,2.311,0.792,1.829,-0.482
0.824,1.094,2.068,0.719,1.537,-0.531
0.824,1.378,3.892,1.105,3.167,-0.725
0.107,0.689,2.53,0.681,2.023,-0.506
0.457,0.945,2.384,0.827,1.999,-0.385
0.046,0.897,2.53,0.896,1.561,-0.968
0.712,1.25,3.916,1.027,3.142,-0.774
0.729,1.228,3.649,0.988,2.996,-0.652
0.547,0.83,1.654,0.624,1.294,-0.36
0.62,0.975,1.922,0.752,1.561,-0.36
0.223,0.735,2.092,0.701,1.513,-0.579
0.345,1.014,2.457,0.953,2.023,-0.433
0.287,0.958,2.627,0.915,1.415,-1.212
0.374,0.816,2.238,0.726,1.586,-0.652
0.588,1.206,3.454,1.053,2.753,-0.701
0.929,1.056,1.532,0.503,1.464,-0.068
0.54,0.785,1.581,0.57,1.026,-0.555
-0.239,0.709,2.214,0.668,1.196,-1.017
1.068,1.714,3.868,1.341,3.288,-0.579
0.549,0.835,1.63,0.629,1.245,-0.385
0.948,1.126,2.116,0.606,1.634,-0.482
0.391,0.979,2.262,0.897,1.805,-0.458
0.579,1.007,2.311,0.824,1.537,-0.774
0.756,1.059,2.335,0.742,1.464,-0.871
0.355,0.938,2.214,0.868,1.488,-0.725
0.185,0.919,2.895,0.901,2.072,-0.822
0.652,1.037,2.53,0.806,2.072,-0.458
0.126,0.837,2.141,0.827,1.391,-0.749
0.605,1.299,3.819,1.149,3.069,-0.749
1.196,1.635,3.259,1.114,2.851,-0.409
0.661,0.874,1.532,0.571,1.318,-0.214
0.603,0.958,2.262,0.745,1.61,-0.652
0.744,0.897,1.703,0.501,1.488,-0.214
-0.034,0.862,2.384,0.861,1.148,-1.236
0.479,1.072,3.016,0.959,2.34,-0.677
0.065,0.604,1.751,0.6,1.099,-0.652
0.688,0.729,0.754,0.24,1.099,0.345
0.951,1.683,4.33,1.389,3.751,-0.579
-0.241,0.593,1.995,0.541,1.026,-0.968
0.613,1.282,3.527,1.127,2.729,-0.798
0.715,1.012,2.311,0.717,1.78,-0.531
0.7,1.021,2.214,0.743,1.586,-0.628
0.824,1.523,3.673,1.28,3.069,-0.604
-0.27,0.681,1.8,0.625,0.71,-1.09
0.151,0.71,2.141,0.694,1.537,-0.604
-0.416,0.739,1.8,0.611,0.637,-1.163
0.214,0.871,2.165,0.844,1.367,-0.798
0.438,0.907,2.846,0.795,1.999,-0.847
0.588,0.945,1.751,0.739,1.099,-0.652
0.805,1.207,2.7,0.899,2.315,-0.385
0.389,0.902,2.019,0.814,1.537,-0.482
0.236,0.814,2.554,0.779,1.683,-0.871
0.026,0.615,1.824,0.614,1.148,-0.677
0.739,0.957,2.141,0.608,1.488,-0.652
0.659,0.855,1.897,0.546,1.196,-0.701
0.586,0.784,2.043,0.521,1.269,-0.774
0.729,1.239,3.697,1.002,2.705,-0.993
0.024,0.855,2.286,0.854,1.342,-0.944
0.875,1.165,2.165,0.769,1.659,-0.506
0.243,0.868,2.384,0.834,1.464,-0.92
0.53,0.881,1.849,0.703,1.342,-0.506
0.459,0.794,2.116,0.648,1.172,-0.944
0.498,1.028,2.773,0.899,1.902,-0.871
0.625,0.949,2.359,0.714,1.61,-0.749
0.523,0.851,2.043,0.672,1.172,-0.871
0.367,1.083,3.527,1.019,2.632,-0.895
0.299,0.692,1.63,0.624,0.905,-0.725
0.061,0.649,1.8,0.646,1.026,-0.774
0.457,0.982,2.165,0.869,1.318,-0.847
-0.081,0.643,1.849,0.638,1.002,-0.847
0.391,0.857,2.505,0.763,1.78,-0.725
0.693,1.072,3.065,0.817,2.145,-0.92
0.258,0.863,2.311,0.823,1.196,-1.114
0.248,0.906,2.724,0.872,1.513,-1.212
0.216,0.701,2.068,0.667,0.953,-1.114
0.114,0.794,2.165,0.786,1.002,-1.163
-0.129,0.787,2.189,0.777,1.172,-1.017
-0.282,0.722,2.189,0.664,1.099,-1.09
0.649,1.267,3.381,1.088,2.534,-0.847
0.523,0.886,2.214,0.715,1.464,-0.749
-0.071,0.801,2.214,0.798,1.294,-0.92
0.384,0.882,2.116,0.794,1.44,-0.677
0.048,0.792,2.068,0.791,1.075,-0.993
0.652,0.757,1.484,0.385,1.269,-0.214
0.386,0.804,2.238,0.705,1.245,-0.993
0.284,0.841,2.238,0.791,1.221,-1.017
0.214,0.87,2.238,0.843,1.245,-0.993
0.331,0.842,2.238,0.775,1.245,-0.993
0.457,0.879,2.481,0.751,1.172,-1.309
0.44,0.6,1.435,0.408,1.172,-0.263
0.262,0.84,2.457,0.798,1.513,-0.944
0.79,1.014,2.311,0.635,1.367,-0.944
0.71,0.85,1.849,0.467,1.391,-0.458
0.338,0.884,2.359,0.817,1.123,-1.236
0.034,0.866,2.505,0.865,0.978,-1.528
0.024,0.574,1.63,0.573,0.661,-0.968
0.873,1.118,2.968,0.699,2.607,-0.36
0.002,0.705,2.335,0.705,1.683,-0.652
0.345,0.701,1.849,0.611,1.051,-0.798
0.457,0.751,1.824,0.596,0.978,-0.847
0.223,0.746,2.141,0.712,1.561,-0.579
0.542,0.848,1.873,0.652,1.221,-0.652
0.798,0.931,1.824,0.481,1.391,-0.433
0.348,0.904,2.189,0.835,1.099,-1.09
0.175,0.627,1.727,0.602,0.929,-0.798
0.165,0.766,1.824,0.748,0.929,-0.895
0.17,0.726,1.873,0.706,0.88,-0.993
0.399,1.051,2.578,0.972,1.367,-1.212
0.362,0.679,2.165,0.574,1.075,-1.09
-0.005,0.909,2.165,0.909,1.123,-1.041
0.416,1.004,2.432,0.913,1.391,-1.041
0.642,0.991,2.554,0.755,1.829,-0.725
0.608,1.089,3.187,0.903,2.51,-0.677
0.537,0.934,2.043,0.764,1.294,-0.749
0.078,0.644,1.824,0.639,1.026,-0.798
0.345,0.806,2.068,0.729,1.342,-0.725
-0.034,0.813,2.262,0.813,1.245,-1.017
0.323,0.647,1.727,0.56,1.099,-0.628
0.024,0.76,2.384,0.759,1.172,-1.212
0.333,0.788,2.335,0.714,1.537,-0.798
0.545,0.887,2.019,0.7,1.269,-0.749
0.236,0.722,1.727,0.682,1.196,-0.531
0.051,0.746,2.359,0.744,1.318,-1.041
0.289,0.763,1.97,0.706,1.245,-0.725
0.382,0.83,2.189,0.737,1.245,-0.944
1.029,1.078,1.07,0.323,1.561,0.491
0.17,1.096,3.235,1.083,1.367,-1.868
0.189,1.029,3.43,1.012,1.513,-1.917
0.603,0.939,2.262,0.72,1.732,-0.531
0.649,0.972,2.165,0.723,1.878,-0.287
0.391,1.069,2.968,0.995,1.805,-1.163
0.369,0.79,1.849,0.699,1.221,-0.628
0.515,0.882,1.897,0.716,1.245,-0.652
0.034,0.616,2.262,0.615,1.659,-0.604
0.372,0.797,1.849,0.705,1.44,-0.409
0.868,1.094,2.141,0.666,1.415,-0.725
0.282,1.109,3.405,1.073,1.391,-2.014
0.369,0.801,1.776,0.711,1.294,-0.482
0.588,0.997,2.286,0.804,1.561,-0.725
0.102,0.964,2.335,0.959,1.391,-0.944
0.642,1.144,2.7,0.947,1.926,-0.774
0.116,0.722,2.019,0.713,1.488,-0.531
0.099,0.774,2.7,0.768,1.951,-0.749
-0.137,0.562,1.654,0.545,0.953,-0.701
0.396,1.149,3.235,1.079,2.267,-0.968
0.012,0.691,1.97,0.691,1.342,-0.628
0.615,0.886,1.727,0.638,1.513,-0.214
0.116,0.523,1.776,0.51,1.634,-0.141
0.778,1.455,3.819,1.23,3.264,-0.555
0.177,0.768,2.578,0.747,1.707,-0.871
0.647,0.963,2.043,0.714,1.756,-0.287
1.294,1.892,4.087,1.381,3.532,-0.555
0.326,0.872,2.505,0.809,1.999,-0.506
0.362,0.794,2.116,0.707,1.683,-0.433
0.231,0.657,1.849,0.615,1.172,-0.677
0.727,1.286,4.087,1.061,3.142,-0.944
0.304,1.318,4.33,1.283,3.142,-1.187
0.832,1.168,3.114,0.82,2.632,-0.482
0.693,1.027,2.214,0.758,1.294,-0.92
0.43,0.859,2.165,0.743,1.44,-0.725
0.16,0.824,2.214,0.808,1.269,-0.944
0.605,1.215,3.624,1.054,2.851,-0.774
0.763,1.377,3.843,1.146,3.264,-0.579
0.827,1.51,3.527,1.264,3.069,-0.458
0.379,1.081,3.405,1.012,2.875,-0.531
0.155,0.773,2.286,0.758,1.537,-0.749
1.289,1.87,3.697,1.355,3.288,-0.409
-0.064,0.377,1.338,0.371,1.002,-0.336
1.043,1.344,2.603,0.847,2.023,-0.579
0.919,1.216,2.165,0.796,1.878,-0.287
0.729,1.089,2.384,0.808,1.902,-0.482
0.583,0.883,1.897,0.662,1.44,-0.458
0.092,0.748,2.432,0.742,1.78,-0.652
0.34,1.047,2.432,0.99,1.61,-0.822
0.16,0.991,2.578,0.978,1.659,-0.92
0.34,1.019,2.457,0.961,1.902,-0.555
0.644,1.043,2.53,0.82,2.34,-0.19
0.759,0.992,1.8,0.639,1.805,0.005
0.771,1.064,1.97,0.733,1.951,-0.02
0.518,0.904,1.849,0.741,1.659,-0.19
1.291,1.828,3.697,1.294,3.653,-0.044
0.211,0.938,2.773,0.914,1.61,-1.163
-0.265,0.664,2.238,0.609,1.294,-0.944
-0.499,0.836,2.651,0.671,1.367,-1.285
0.253,1.211,3.114,1.185,2.291,-0.822
-0.448,0.753,2.311,0.605,1.318,-0.993
-0.428,0.492,0.778,0.242,0.005,-0.774
0.043,1.154,3.77,1.153,2.778,-0.993
-0.46,0.785,2.432,0.636,1.318,-1.114
-0.044,0.61,1.873,0.609,1.123,-0.749
1.42,1.879,3.308,1.23,2.68,-0.628
-0.526,0.949,2.895,0.79,1.683,-1.212
-0.448,0.693,1.824,0.529,0.88,-0.944
-0.317,0.593,1.824,0.502,1.099,-0.725
0.002,1.221,4.451,1.221,3.313,-1.139
0.202,0.796,2.335,0.77,1.634,-0.701
-0.38,0.745,2.432,0.641,1.464,-0.968
0.294,0.729,1.849,0.667,1.367,-0.482
0.024,1.08,3.746,1.079,2.778,-0.968
-0.251,0.659,2.505,0.61,1.294,-1.212
-0.448,0.697,1.995,0.534,0.929,-1.066
-0.329,0.941,2.968,0.882,1.634,-1.333
-0.324,0.664,1.776,0.58,0.71,-1.066
-0.569,0.658,1.143,0.33,0.005,-1.139
0.099,1.228,4.184,1.223,3.094,-1.09
-0.382,0.463,0.949,0.261,-0.093,-1.041
0.116,0.373,1.022,0.354,0.807,-0.214
-0.263,0.36,0.681,0.245,0.005,-0.677
-0.336,0.588,1.314,0.482,0.369,-0.944
-0.227,0.518,1.678,0.466,0.929,-0.749
-0.265,0.371,0.803,0.259,0.005,-0.798
-0.244,0.581,1.849,0.527,1.051,-0.798
-0.591,0.725,1.362,0.42,0.102,-1.26
-0.248,0.689,2.141,0.643,0.953,-1.187
-0.178,0.627,1.484,0.601,0.71,-0.774
0.323,0.618,1.654,0.526,1.099,-0.555
-0.577,0.71,1.581,0.414,0.369,-1.212
0.369,0.793,2.043,0.702,1.196,-0.847
0.206,0.626,1.678,0.591,1.002,-0.677
-0.487,0.744,2.043,0.563,1.002,-1.041
-0.368,0.712,1.727,0.61,0.759,-0.968
-0.487,0.907,2.603,0.766,1.537,-1.066
-0.01,0.636,1.873,0.636,0.978,-0.895
0.068,0.729,2.165,0.726,1.075,-1.09
-0.29,0.697,2.116,0.634,1.221,-0.895
0.138,0.509,1.532,0.49,1.075,-0.458
-0.124,0.519,1.362,0.504,0.807,-0.555
-0.448,0.779,2.238,0.637,1.148,-1.09
-0.533,0.988,3.041,0.832,0.832,-2.209
-0.154,0.679,1.727,0.661,0.905,-0.822
-0.462,0.654,1.508,0.463,0.467,-1.041
-0.122,0.686,1.849,0.675,1.075,-0.774
-0.467,0.655,1.703,0.459,0.807,-0.895
-0.419,0.639,1.605,0.483,0.734,-0.871
0.08,0.649,1.751,0.644,1.051,-0.701
-0.09,0.683,1.946,0.677,1.075,-0.871
-0.195,0.616,1.849,0.584,0.88,-0.968
-0.487,0.525,0.535,0.196,-0.19,-0.725
-0.394,0.71,2.141,0.59,0.807,-1.333
-0.596,0.627,0.608,0.192,-0.36,-0.968
-1.027,1.325,2.457,0.837,-0.263,-2.72
-0.278,0.588,1.849,0.519,0.759,-1.09
-0.042,0.639,1.824,0.638,1.075,-0.749
-0.793,1.058,2.554,0.7,-0.141,-2.695
0.009,0.6,1.678,0.6,0.88,-0.798
-0.861,1.016,2.068,0.539,-0.336,-2.404
-0.173,0.909,3.041,0.892,0.856,-2.185
-0.202,0.777,2.092,0.75,0.978,-1.114
-0.642,0.776,1.605,0.435,0.442,-1.163
-0.426,0.55,1.241,0.348,0.369,-0.871
-0.625,1.043,3.041,0.834,1.026,-2.014
-0.638,0.703,0.851,0.296,-0.19,-1.041
-0.134,0.661,1.703,0.647,0.905,-0.798
-0.146,0.742,2.092,0.727,0.953,-1.139
-0.397,0.579,1.265,0.422,0.369,-0.895
-0.74,0.925,1.97,0.555,0.613,-1.358
-0.343,0.761,2.286,0.679,0.905,-1.382
-0.927,1.1,1.849,0.592,0.394,-1.455
-0.847,0.906,0.973,0.323,-0.409,-1.382
-0.183,0.776,2.068,0.754,0.953,-1.114
-0.805,1.126,3.332,0.787,0.953,-2.379
-0.307,0.69,2.286,0.619,1.051,-1.236
-0.292,0.769,1.995,0.711,0.978,-1.017
-0.404,0.646,1.946,0.504,0.88,-1.066
-0.441,0.974,3.187,0.869,0.783,-2.404
-0.538,0.621,1.046,0.31,0.272,-0.774
-0.55,0.725,1.849,0.473,0.71,-1.139
-0.767,0.8,0.803,0.227,-0.239,-1.041
-0.38,0.58,1.557,0.438,0.759,-0.798
-0.715,0.969,2.311,0.654,-0.068,-2.379
-0.295,0.382,0.827,0.243,0.223,-0.604
-0.762,1.571,3.965,1.374,1.464,-2.501
-0.497,0.918,3.308,0.773,0.953,-2.355
-0.185,0.357,1.095,0.305,0.491,-0.604
-0.852,1.102,2.53,0.699,-0.117,-2.647
-0.752,1.012,2.53,0.677,0.005,-2.525
-0.297,0.364,0.778,0.21,0.175,-0.604
-0.781,1.057,2.676,0.713,-0.068,-2.744
-0.543,0.697,1.459,0.438,0.102,-1.358
-0.372,0.459,0.657,0.269,0.005,-0.652
-0.501,0.668,1.338,0.441,0.296,-1.041
-0.207,0.283,0.705,0.193,0.199,-0.506
-0.343,0.459,1.046,0.305,0.199,-0.847
-0.168,0.371,1.241,0.331,0.637,-0.604
-0.355,0.689,1.824,0.59,0.467,-1.358
-0.431,0.548,0.997,0.339,0.005,-0.993
-0.477,0.585,0.924,0.339,-0.141,-1.066
-0.635,0.649,0.438,0.131,-0.482,-0.92
-0.757,0.923,2.043,0.529,-0.214,-2.258
-0.647,0.695,0.657,0.254,-0.433,-1.09
-0.574,0.685,1.168,0.373,0.102,-1.066
-0.613,0.73,1.241,0.396,-0.044,-1.285
-0.256,0.367,0.851,0.264,0.005,-0.847
-0.582,0.66,1.022,0.313,-0.068,-1.09
-0.735,0.827,1.411,0.378,-0.117,-1.528
-0.633,0.775,1.922,0.448,0.126,-1.795
-0.696,0.884,1.508,0.544,-0.166,-1.674
-0.638,0.755,1.435,0.404,-0.141,-1.577
-0.426,0.753,2.335,0.621,0.321,-2.014
-0.983,1.326,2.262,0.89,0.467,-1.795
-0.577,0.862,1.97,0.64,0.272,-1.698
-0.207,0.794,2.943,0.767,0.978,-1.966
-0.499,0.565,0.851,0.265,-0.068,-0.92
-0.611,0.921,2.189,0.69,0.102,-2.087
-0.482,0.536,0.657,0.235,-0.19,-0.847
-0.786,0.922,1.751,0.481,-0.385,-2.136
-0.91,1.11,1.995,0.635,-0.02,-2.014
-0.718,0.911,1.678,0.561,-0.287,-1.966
-0.278,0.598,1.97,0.53,1.148,-0.822
-0.455,0.547,0.9,0.303,-0.02,-0.92
-0.292,0.688,2.359,0.623,0.321,-2.039
0.168,1.062,2.554,1.049,1.805,-0.749
-0.572,0.814,2.238,0.58,0.053,-2.185
-1.127,1.361,2.141,0.765,-0.239,-2.379
-0.871,0.892,0.681,0.194,-0.458,-1.139
-0.2,0.867,2.627,0.843,1.634,-0.993
-0.591,0.828,2.165,0.579,-0.02,-2.185
-0.19,1.295,4.159,1.28,1.878,-2.282
-0.115,0.826,2.919,0.818,0.467,-2.452
0.034,0.318,0.827,0.316,0.467,-0.36
0.328,0.504,1.216,0.383,0.856,-0.36
0.377,0.502,1.241,0.331,0.905,-0.336
0.309,0.618,1.873,0.535,0.856,-1.017
-0.375,1.021,3.065,0.95,0.369,-2.695
0.206,0.691,2.554,0.66,0.978,-1.577
0.07,0.723,2.676,0.72,0.686,-1.99
-0.008,0.716,2.408,0.716,0.588,-1.82
0.277,0.444,0.997,0.347,0.613,-0.385
-0.219,0.505,1.605,0.454,0.053,-1.552
-0.025,0.728,2.627,0.728,0.54,-2.087
0.175,0.761,2.554,0.74,0.54,-2.014
0.168,0.347,0.924,0.304,0.71,-0.214
-0.078,0.747,1.849,0.743,0.613,-1.236
0.333,0.415,0.778,0.247,0.637,-0.141
-0.353,0.828,2.141,0.749,0.467,-1.674
-0.389,0.889,2.554,0.799,0.467,-2.087
0.223,0.307,0.681,0.21,0.637,-0.044
-0.538,1.074,2.214,0.929,0.345,-1.868
0.078,0.504,1.897,0.498,0.686,-1.212
0.326,0.497,1.289,0.375,1.051,-0.239
-0.005,0.696,2.214,0.696,0.686,-1.528
-0.324,0.96,2.262,0.903,0.418,-1.844
0.377,0.45,0.827,0.246,0.759,-0.068
-0.01,0.298,0.876,0.298,0.369,-0.506
-0.436,0.88,2.505,0.765,0.345,-2.16
0.102,0.266,1.046,0.246,0.588,-0.458
-0.338,0.715,1.776,0.63,0.248,-1.528
0.078,0.624,2.359,0.619,0.759,-1.601
-0.253,1.04,2.943,1.009,0.71,-2.233
0.204,0.674,2.432,0.643,0.856,-1.577
0.131,0.634,2.189,0.621,0.564,-1.625
0.119,0.294,0.876,0.268,0.637,-0.239
-0.499,0.751,2.092,0.561,0.078,-2.014
-0.458,1.135,3.624,1.038,1.245,-2.379
0.07,0.605,2.286,0.601,1.464,-0.822
-0.531,1.274,3.551,1.158,0.88,-2.671
0.197,0.76,1.946,0.734,1.391,-0.555
-0.28,1.419,4.451,1.391,1.756,-2.695
-0.117,1.047,3.162,1.04,1.342,-1.82
-0.166,0.301,0.754,0.252,0.223,-0.531
0.112,0.244,0.754,0.217,0.613,-0.141
-0.321,1.009,3.138,0.957,1.075,-2.063
0.151,0.704,2.286,0.688,1.513,-0.774
-0.161,0.949,3.308,0.935,0.978,-2.331
-0.467,0.85,2.7,0.71,0.272,-2.428
-0.263,0.956,2.87,0.919,1.269,-1.601
-0.163,0.941,3.892,0.927,1.707,-2.185
-0.027,0.766,2.749,0.765,1.221,-1.528
-0.438,0.863,2.749,0.744,0.248,-2.501
0.199,0.591,1.581,0.556,0.978,-0.604
-0.188,0.609,2.335,0.579,0.905,-1.431
-0.156,1.122,4.184,1.111,1.586,-2.598
-0.261,0.922,3.77,0.885,1.464,-2.306
-0.229,1.036,3.746,1.011,1.245,-2.501
-0.129,0.707,2.214,0.695,1.221,-0.993
-0.46,1.024,3.065,0.915,0.953,-2.112
0.131,0.529,1.605,0.513,1.075,-0.531
0.058,0.305,0.949,0.299,0.467,-0.482
0.073,0.478,1.362,0.473,0.953,-0.409
-0.256,0.64,1.727,0.587,0.296,-1.431
0.116,0.544,1.922,0.531,0.515,-1.406
-0.158,0.714,2.214,0.696,0.783,-1.431
-0.217,0.425,1.241,0.366,0.442,-0.798
-0.312,0.495,1.241,0.385,0.175,-1.066
-0.652,0.948,2.116,0.688,0.005,-2.112
-0.528,0.931,2.895,0.767,0.199,-2.695
-0.409,0.76,2.043,0.64,0.296,-1.747
-0.149,0.57,2.019,0.55,0.613,-1.406
-0.453,0.969,2.286,0.857,0.223,-2.063
-0.594,0.914,2.238,0.695,0.345,-1.893
-0.531,1.123,2.651,0.989,0.151,-2.501
-0.056,0.434,1.532,0.43,0.564,-0.968
-0.497,0.716,1.995,0.516,0.272,-1.722
-0.348,0.545,1.459,0.419,0.807,-0.652
-0.46,0.624,1.654,0.422,0.637,-1.017
-0.494,0.63,1.022,0.391,-0.068,-1.09
-0.394,0.428,0.511,0.168,-0.093,-0.604
0.012,0.386,1.216,0.386,0.637,-0.579
-0.171,0.45,1.338,0.416,0.613,-0.725
-0.0,0.755,2.7,0.755,1.221,-1.479
-0.051,0.239,0.754,0.234,0.272,-0.482
-0.321,0.6,1.678,0.507,0.223,-1.455
-0.251,0.351,0.876,0.246,0.102,-0.774
-0.343,0.85,2.432,0.777,0.759,-1.674
-0.205,0.511,1.289,0.469,0.418,-0.871
-0.786,1.199,2.846,0.905,0.345,-2.501
-0.735,1.092,2.262,0.808,0.199,-2.063
-0.523,0.807,1.824,0.614,0.345,-1.479
-0.46,1.045,2.943,0.939,0.807,-2.136
-0.934,1.467,3.089,1.132,1.075,-2.014
-0.137,0.593,2.311,0.577,0.759,-1.552
-0.47,1.23,3.649,1.137,1.683,-1.966
-0.09,0.979,2.87,0.974,0.661,-2.209
0.009,0.891,3.503,0.891,1.999,-1.504
-0.236,0.924,2.968,0.893,1.367,-1.601
-0.83,1.304,2.603,1.006,0.442,-2.16
-0.385,0.866,2.335,0.776,0.394,-1.941
-0.025,1.307,3.795,1.307,2.121,-1.674
-0.844,1.448,2.968,1.176,0.613,-2.355
-0.295,1.258,3.722,1.223,1.659,-2.063
-0.647,1.577,3.892,1.439,2.096,-1.795
-0.438,1.019,3.576,0.92,1.294,-2.282
-0.579,1.311,3.162,1.177,1.002,-2.16
-0.475,1.494,4.159,1.417,1.513,-2.647
-0.569,1.327,3.357,1.199,1.075,-2.282
-1.029,1.407,2.7,0.96,0.126,-2.574
-0.854,1.695,3.795,1.464,1.586,-2.209
-0.008,1.294,3.697,1.294,1.464,-2.233
0.129,1.18,4.159,1.173,1.926,-2.233
0.89,1.131,1.849,0.698,1.78,-0.068
0.043,1.089,3.405,1.088,1.391,-2.014
-1.214,1.463,2.457,0.815,0.175,-2.282
-0.835,1.328,3.6,1.034,1.44,-2.16
0.141,0.811,2.797,0.799,1.805,-0.993
-0.951,1.561,3.016,1.238,0.686,-2.331
-0.601,1.412,3.941,1.278,1.464,-2.477
-0.324,0.462,1.095,0.329,0.175,-0.92
-0.718,0.948,1.922,0.619,0.078,-1.844
-0.066,0.904,3.381,0.902,1.269,-2.112
-1.01,1.518,3.697,1.134,1.245,-2.452
0.289,0.96,2.87,0.915,1.391,-1.479
-0.044,1.101,3.892,1.1,1.44,-2.452
-0.642,1.323,3.454,1.157,1.075,-2.379
-0.329,1.101,3.843,1.051,0.88,-2.963
-0.954,1.307,2.554,0.893,0.175,-2.379
-0.209,1.201,3.673,1.182,1.342,-2.331
-0.292,1.191,3.527,1.154,1.513,-2.014
-0.156,0.991,3.989,0.978,1.634,-2.355
0.756,1.2,2.481,0.932,1.707,-0.774
-0.331,1.379,4.111,1.339,1.586,-2.525
-0.071,1.081,3.624,1.079,1.051,-2.574
-0.81,1.463,3.843,1.218,1.221,-2.622
-0.282,0.967,2.919,0.925,1.221,-1.698
-0.436,1.153,3.576,1.067,1.367,-2.209
-0.183,1.072,3.989,1.056,1.342,-2.647
-0.112,1.026,3.916,1.02,1.44,-2.477
-0.759,1.582,3.697,1.388,1.513,-2.185
-0.168,1.468,4.257,1.458,1.926,-2.331
0.365,0.918,2.384,0.842,1.951,-0.433
0.046,0.964,3.6,0.963,1.367,-2.233
0.418,0.791,1.946,0.671,1.634,-0.312
0.165,1.041,2.943,1.028,1.391,-1.552
0.095,0.998,3.284,0.993,1.415,-1.868
-0.29,1.484,3.965,1.455,1.342,-2.622
-0.348,1.423,3.478,1.38,1.488,-1.99
-1.431,1.65,2.797,0.822,0.199,-2.598
0.053,0.516,1.776,0.513,1.026,-0.749
-0.582,1.329,4.427,1.195,1.951,-2.477
-0.715,1.334,3.43,1.126,1.245,-2.185
-0.047,1.286,4.159,1.286,1.975,-2.185
-0.399,0.896,3.162,0.803,1.002,-2.16
-0.088,0.656,2.578,0.65,1.002,-1.577
-1.129,1.406,2.286,0.838,0.078,-2.209
-0.292,1.063,2.992,1.022,1.196,-1.795
0.639,0.937,2.043,0.684,1.878,-0.166
-0.02,1.093,2.822,1.093,1.415,-1.406
-0.042,1.37,4.135,1.37,1.756,-2.379
-0.616,1.093,2.335,0.903,0.248,-2.087
0.007,0.887,3.795,0.887,1.853,-1.941
0.075,1.137,4.184,1.134,1.853,-2.331
-0.382,1.391,3.916,1.338,1.756,-2.16
-0.295,1.043,3.308,1.0,1.148,-2.16
-0.424,0.99,3.162,0.895,1.051,-2.112
0.192,1.245,4.257,1.23,1.829,-2.428
0.669,1.122,2.238,0.901,1.488,-0.749
-0.263,1.408,3.868,1.383,1.44,-2.428
0.046,0.831,2.092,0.829,1.415,-0.677
-0.436,1.26,4.403,1.182,1.61,-2.793
-0.752,1.229,2.724,0.972,0.296,-2.428
-0.523,0.914,2.53,0.749,0.053,-2.477
0.18,0.814,2.116,0.794,1.561,-0.555
0.075,0.572,2.359,0.567,1.415,-0.944
-0.209,0.705,2.943,0.673,1.245,-1.698
-0.256,0.758,2.578,0.713,0.613,-1.966
-0.404,1.383,4.087,1.323,1.78,-2.306
-0.173,0.828,3.114,0.809,1.221,-1.893
-0.287,1.079,3.527,1.04,1.367,-2.16
-0.085,0.306,0.949,0.294,0.418,-0.531
-0.326,0.891,3.454,0.829,1.294,-2.16
-0.025,0.48,1.727,0.479,1.245,-0.482
0.063,0.671,1.97,0.668,1.415,-0.555
0.686,1.105,2.773,0.867,2.194,-0.579
-0.9,1.427,3.6,1.107,0.953,-2.647
-0.694,1.319,3.722,1.122,1.537,-2.185
-0.484,1.001,3.138,0.876,1.051,-2.087
0.202,1.085,3.77,1.066,1.269,-2.501
-0.506,1.249,3.722,1.142,1.051,-2.671
0.092,0.522,1.922,0.514,1.513,-0.409
0.226,0.479,1.314,0.423,0.88,-0.433
-0.299,1.329,3.989,1.295,1.586,-2.404
0.031,1.075,3.649,1.074,1.051,-2.598
-0.265,1.116,3.576,1.084,1.269,-2.306
0.292,0.738,2.043,0.678,1.634,-0.409
-0.903,1.267,2.408,0.889,0.369,-2.039
0.009,1.018,3.357,1.018,1.221,-2.136
-0.934,1.326,2.53,0.941,0.248,-2.282
-0.584,1.023,2.408,0.84,0.248,-2.16
-0.253,0.623,2.262,0.569,0.418,-1.844
-0.511,0.843,2.384,0.67,0.418,-1.966
-0.059,0.955,3.624,0.954,1.318,-2.306
-0.227,1.202,3.868,1.181,1.44,-2.428
-0.552,1.049,3.138,0.891,0.005,-3.133
-0.275,0.659,2.214,0.599,0.905,-1.309
0.282,1.048,2.87,1.01,1.44,-1.431
-0.173,0.914,3.235,0.898,1.221,-2.014
-0.022,0.872,2.968,0.872,0.856,-2.112
-0.565,1.258,3.454,1.124,1.294,-2.16
-0.37,0.691,1.97,0.584,0.978,-0.993
-0.839,1.359,3.722,1.069,0.88,-2.841
-0.535,1.203,3.478,1.078,1.123,-2.355
0.012,0.883,2.7,0.883,1.415,-1.285
-0.122,0.599,1.605,0.586,0.637,-0.968
-0.394,1.002,3.527,0.921,1.415,-2.112
-0.29,0.778,2.554,0.722,1.245,-1.309
0.099,1.192,3.284,1.188,1.318,-1.966
-0.017,0.902,2.408,0.902,1.391,-1.017
-0.73,1.436,3.77,1.236,1.342,-2.428
0.54,1.325,4.087,1.21,1.537,-2.55
-0.382,0.973,2.749,0.895,1.537,-1.212
-0.229,0.963,2.603,0.936,1.196,-1.406
-0.642,1.391,3.941,1.233,1.391,-2.55
-0.095,0.742,2.481,0.736,0.637,-1.844
-0.19,1.111,3.138,1.095,0.929,-2.209
-0.601,1.321,4.5,1.176,1.123,-3.377
-0.528,1.164,2.943,1.037,1.245,-1.698
-0.419,1.215,3.478,1.14,1.172,-2.306
-0.012,0.791,2.53,0.791,0.953,-1.577
-0.577,1.017,2.603,0.838,0.588,-2.014
0.231,0.612,1.922,0.567,1.172,-0.749
0.258,0.756,2.505,0.711,1.245,-1.26
-0.616,1.321,3.43,1.168,1.148,-2.282
-0.015,0.686,1.97,0.685,1.075,-0.895
-0.01,0.954,3.43,0.954,1.196,-2.233
-0.008,0.787,2.408,0.787,1.44,-0.968
0.202,1.092,2.968,1.073,1.148,-1.82
-0.28,1.078,3.527,1.041,1.318,-2.209
0.729,0.824,1.192,0.383,1.148,-0.044
0.258,0.822,2.141,0.781,1.196,-0.944
-0.501,0.644,1.095,0.404,0.005,-1.09
0.506,0.959,2.286,0.815,1.415,-0.871
0.175,0.681,1.508,0.658,1.026,-0.482
-0.034,0.855,3.259,0.854,1.318,-1.941
0.102,1.276,3.454,1.272,1.172,-2.282
0.185,1.005,3.503,0.988,1.659,-1.844
0.219,0.927,2.676,0.9,1.221,-1.455
0.099,0.633,2.189,0.625,0.929,-1.26
-0.74,1.513,3.819,1.32,1.099,-2.72
0.036,0.869,2.724,0.868,1.221,-1.504
-0.436,0.859,2.141,0.74,0.905,-1.236
-0.263,1.185,4.038,1.155,1.196,-2.841
-0.309,0.823,3.089,0.762,1.099,-1.99
0.253,0.823,2.457,0.783,1.391,-1.066
0.065,0.772,2.846,0.769,1.756,-1.09
-0.107,1.101,3.795,1.096,1.318,-2.477
0.362,0.914,1.873,0.84,1.391,-0.482
0.099,1.078,3.649,1.074,1.196,-2.452
0.124,0.659,2.068,0.647,1.513,-0.555
-0.217,0.735,1.97,0.703,1.172,-0.798
0.642,0.987,1.897,0.75,1.586,-0.312
-0.494,1.388,3.551,1.297,1.172,-2.379
0.199,0.971,2.627,0.951,1.318,-1.309
-0.475,0.866,2.505,0.724,0.491,-2.014
0.343,0.721,1.897,0.635,1.026,-0.871
0.323,0.991,2.797,0.937,1.634,-1.163
-0.139,0.717,1.873,0.703,0.953,-0.92
-0.209,0.973,3.357,0.951,0.953,-2.404
0.211,0.687,1.751,0.654,0.929,-0.822
-0.236,0.853,2.359,0.82,1.172,-1.187
-0.514,0.878,2.676,0.713,1.586,-1.09
-0.336,1.129,3.843,1.078,1.221,-2.622
-0.389,0.992,2.895,0.912,0.637,-2.258
0.031,1.533,4.403,1.533,1.561,-2.841
-1.234,1.913,3.624,1.462,0.905,-2.72
-0.098,1.212,3.454,1.208,1.391,-2.063
-0.003,0.57,1.849,0.57,1.123,-0.725
-0.158,0.736,1.776,0.719,0.905,-0.871
-0.161,1.406,4.33,1.397,1.415,-2.914
-0.083,0.753,2.505,0.749,1.002,-1.504
0.537,0.883,2.165,0.701,1.367,-0.798
0.029,0.813,2.773,0.813,1.707,-1.066
0.009,0.733,2.262,0.733,1.707,-0.555
-0.543,1.077,3.503,0.93,1.391,-2.112
-0.149,0.908,2.335,0.896,1.172,-1.163
0.642,1.055,2.554,0.837,1.707,-0.847
0.316,0.868,2.432,0.809,1.391,-1.041
-0.149,0.856,2.457,0.843,1.002,-1.455
-0.798,1.651,3.649,1.445,0.588,-3.06
-0.779,1.241,3.332,0.967,0.54,-2.793
0.299,1.247,4.354,1.211,1.756,-2.598
0.912,0.967,1.046,0.321,1.488,0.442
0.07,1.307,3.77,1.305,1.123,-2.647
0.019,0.823,2.238,0.823,1.075,-1.163
-0.484,1.295,3.941,1.2,1.269,-2.671
1.031,1.167,1.849,0.546,1.561,-0.287
-0.465,0.946,3.162,0.824,1.148,-2.014
0.511,0.787,1.897,0.599,1.318,-0.579
-0.368,1.018,3.332,0.95,1.367,-1.966
0.525,0.973,2.019,0.819,1.342,-0.677
-0.149,0.727,2.627,0.712,1.683,-0.944
0.041,0.983,3.138,0.982,1.756,-1.382
0.085,0.743,2.846,0.738,1.464,-1.382
0.698,1.164,2.603,0.931,1.805,-0.798
-0.465,1.415,3.576,1.337,1.221,-2.355
0.856,0.991,1.776,0.5,1.44,-0.336
-0.192,0.958,2.651,0.939,1.026,-1.625
0.348,0.837,2.335,0.762,1.294,-1.041
0.231,0.748,2.262,0.712,1.415,-0.847
0.841,0.982,1.873,0.507,1.367,-0.506
0.272,0.679,1.581,0.622,1.123,-0.458
0.362,0.935,2.384,0.862,1.269,-1.114
-0.005,0.988,3.235,0.988,0.856,-2.379
0.226,1.203,3.843,1.182,1.342,-2.501
0.326,0.916,2.384,0.856,1.44,-0.944
0.45,0.933,2.238,0.818,1.415,-0.822
0.245,0.873,3.065,0.838,1.099,-1.966
0.155,0.914,2.749,0.9,1.829,-0.92
-0.039,0.652,1.824,0.651,1.002,-0.822
-0.102,1.336,3.624,1.332,1.318,-2.306
0.095,0.919,2.262,0.914,1.075,-1.187
0.372,0.701,1.849,0.594,1.026,-0.822
-0.312,1.429,3.916,1.394,1.221,-2.695
0.131,1.221,4.792,1.214,1.756,-3.036
-0.655,1.315,3.576,1.141,1.221,-2.355
0.146,1.136,4.014,1.127,1.415,-2.598
0.082,0.919,3.503,0.915,1.488,-2.014
-0.127,0.766,2.408,0.756,0.832,-1.577
-0.837,1.563,3.989,1.32,1.123,-2.866
-0.261,1.242,3.138,1.215,1.196,-1.941
-0.01,1.368,3.624,1.368,1.099,-2.525
0.129,1.413,4.111,1.407,1.561,-2.55
0.328,1.05,3.284,0.998,1.44,-1.844
0.535,0.896,2.068,0.719,1.148,-0.92
-0.475,0.891,2.359,0.754,1.172,-1.187
0.046,1.192,4.014,1.191,1.342,-2.671
-0.691,1.75,4.062,1.608,1.318,-2.744
0.168,0.785,2.214,0.767,1.221,-0.993
-0.326,1.402,4.135,1.363,1.44,-2.695
-0.175,1.444,3.697,1.433,1.342,-2.355
1.024,1.054,0.754,0.25,1.44,0.686
-0.008,1.527,4.524,1.527,1.756,-2.768
0.165,0.692,1.849,0.672,1.294,-0.555
-0.346,0.9,3.381,0.831,1.051,-2.331
-0.146,1.014,3.868,1.004,1.415,-2.452
0.189,0.777,1.995,0.754,1.148,-0.847
0.464,0.917,1.97,0.791,1.342,-0.628
0.243,1.346,3.77,1.323,1.488,-2.282
0.506,0.906,2.092,0.752,1.391,-0.701
-0.455,1.278,3.795,1.194,0.856,-2.939
-0.056,0.815,2.286,0.813,1.367,-0.92
0.17,1.297,3.503,1.286,1.586,-1.917
0.511,1.037,2.238,0.902,1.634,-0.604
-0.039,0.801,2.165,0.8,1.245,-0.92
0.231,1.291,3.868,1.27,1.561,-2.306
0.095,0.718,1.776,0.711,1.269,-0.506
0.479,0.921,2.432,0.787,1.464,-0.968
-0.411,1.298,3.941,1.232,1.391,-2.55
0.294,0.971,2.481,0.926,1.367,-1.114
0.292,0.806,2.627,0.751,1.391,-1.236
0.418,1.0,2.578,0.908,1.342,-1.236
-0.095,0.707,2.092,0.701,0.978,-1.114
-0.526,1.218,3.989,1.099,1.586,-2.404
-0.312,1.572,3.989,1.541,1.415,-2.574
-0.012,1.229,3.284,1.229,1.148,-2.136
0.511,1.013,3.041,0.875,1.391,-1.65
0.005,0.857,2.968,0.857,1.318,-1.65
-0.034,0.914,3.308,0.913,1.464,-1.844
-0.628,0.9,2.408,0.645,0.296,-2.112
0.639,1.001,2.432,0.77,1.634,-0.798
-0.278,0.589,1.922,0.52,0.832,-1.09
0.785,0.963,1.63,0.557,1.318,-0.312
0.35,1.234,3.965,1.184,1.391,-2.574
0.63,0.995,2.238,0.771,1.634,-0.604
-0.022,0.974,3.211,0.973,0.88,-2.331
0.746,1.2,2.724,0.94,1.878,-0.847
0.194,1.346,3.77,1.331,1.488,-2.282
-0.105,1.394,3.77,1.39,1.513,-2.258
0.185,1.145,3.941,1.13,1.44,-2.501
0.474,1.19,3.673,1.091,1.805,-1.868
0.005,1.044,3.576,1.044,1.464,-2.112
0.669,1.065,2.846,0.829,1.488,-1.358
0.097,0.823,2.749,0.818,1.318,-1.431
0.061,1.025,3.649,1.024,1.537,-2.112
-0.129,0.639,2.53,0.626,1.367,-1.163
0.209,0.88,2.7,0.855,1.634,-1.066
-0.251,0.578,1.849,0.521,0.272,-1.577
-0.042,0.692,2.505,0.691,1.878,-0.628
-0.137,0.901,3.722,0.89,1.391,-2.331
0.063,0.939,3.211,0.937,1.269,-1.941
-0.083,0.868,3.454,0.864,1.245,-2.209
0.727,1.272,3.259,1.044,1.61,-1.65
0.292,0.873,2.724,0.823,1.829,-0.895
0.046,1.25,3.843,1.249,1.61,-2.233
0.827,1.043,2.043,0.636,1.78,-0.263
0.109,0.802,2.214,0.794,1.342,-0.871
-0.222,1.074,3.697,1.051,1.44,-2.258
0.206,0.63,2.116,0.596,1.488,-0.628
-0.302,0.891,3.478,0.839,1.148,-2.331
0.63,1.105,2.432,0.908,1.561,-0.871
0.095,0.567,2.068,0.559,1.683,-0.385
0.296,0.933,2.554,0.885,1.853,-0.701
0.627,0.861,1.727,0.589,1.513,-0.214
-0.292,0.705,2.384,0.642,0.223,-2.16
-0.119,0.735,2.919,0.725,1.075,-1.844
-0.073,1.092,3.259,1.089,1.391,-1.868
-0.117,1.141,3.43,1.135,1.245,-2.185
-0.197,1.265,3.551,1.25,1.294,-2.258
-0.475,1.06,3.308,0.948,1.148,-2.16
0.528,0.941,2.311,0.78,1.269,-1.041
0.384,0.945,2.141,0.863,1.391,-0.749
-0.149,0.664,2.408,0.647,0.686,-1.722
0.661,0.949,1.849,0.681,1.707,-0.141
0.596,1.026,2.481,0.835,1.659,-0.822
0.014,1.564,3.77,1.564,1.488,-2.282
-0.064,1.212,3.357,1.211,1.44,-1.917
-0.511,0.915,2.384,0.758,0.248,-2.136
0.352,1.09,3.478,1.031,1.78,-1.698
0.138,0.937,3.187,0.927,1.245,-1.941
-0.448,1.54,4.33,1.474,1.926,-2.404
-0.205,1.057,3.77,1.037,1.488,-2.282
0.496,0.882,1.995,0.729,1.561,-0.433
0.082,1.284,4.281,1.282,2.048,-2.233
-0.698,1.53,4.5,1.361,2.048,-2.452
-0.672,1.265,3.77,1.072,1.805,-1.966
0.158,0.829,2.408,0.814,1.926,-0.482
-0.584,1.469,3.722,1.348,1.318,-2.404
0.328,1.016,3.527,0.961,1.732,-1.795
-0.18,0.733,2.578,0.71,0.321,-2.258
0.822,1.201,2.092,0.876,1.999,-0.093
0.043,0.777,3.284,0.776,1.367,-1.917
-1.202,1.52,2.773,0.93,0.54,-2.233
-0.309,1.081,4.208,1.036,1.926,-2.282
-0.0,1.035,3.819,1.035,1.537,-2.282
0.262,0.871,2.116,0.831,1.537,-0.579
-0.295,0.65,1.849,0.58,0.832,-1.017
-0.251,0.973,3.357,0.94,1.075,-2.282
-0.492,1.211,3.503,1.107,1.269,-2.233
0.085,0.503,1.727,0.495,1.415,-0.312
-0.278,0.91,2.505,0.866,1.026,-1.479
-0.771,1.485,3.259,1.269,0.783,-2.477
-0.178,0.929,3.819,0.912,1.659,-2.16
-0.287,0.708,2.238,0.647,0.856,-1.382
-0.273,0.617,1.995,0.554,0.929,-1.066
0.221,0.826,1.946,0.796,1.172,-0.774
0.026,0.809,2.068,0.809,0.88,-1.187
-0.246,1.07,3.673,1.041,1.148,-2.525
0.126,0.992,3.308,0.984,1.075,-2.233
-0.02,1.177,3.746,1.177,1.634,-2.112
-0.185,0.98,3.405,0.962,1.051,-2.355
-0.942,1.513,3.892,1.184,1.123,-2.768
-0.976,1.225,2.019,0.741,-0.312,-2.331
-0.197,1.307,3.77,1.292,1.002,-2.768
0.012,0.64,1.946,0.64,1.123,-0.822
-0.19,0.894,3.381,0.874,1.051,-2.331
-0.054,1.186,3.308,1.184,1.051,-2.258
-0.664,1.054,3.357,0.818,0.661,-2.695
-0.175,1.224,3.941,1.212,1.269,-2.671
-0.312,1.117,3.381,1.073,1.075,-2.306
-0.324,0.949,3.187,0.892,0.953,-2.233
-1.555,1.839,2.481,0.983,-0.19,-2.671
-0.939,1.856,3.916,1.601,0.953,-2.963
-0.304,1.046,3.308,1.001,1.075,-2.233
-0.825,1.142,3.114,0.79,0.564,-2.55
0.226,0.718,1.703,0.682,0.978,-0.725
-1.005,1.374,2.238,0.937,-0.263,-2.501
-0.443,1.304,4.208,1.227,1.756,-2.452
-0.071,1.012,3.6,1.01,1.196,-2.404
-0.587,1.565,3.697,1.451,1.269,-2.428
0.031,1.253,4.208,1.252,1.586,-2.622
-0.231,1.626,4.5,1.609,1.756,-2.744
-0.642,1.371,3.819,1.211,1.294,-2.525
-0.993,1.693,3.941,1.372,1.415,-2.525
-0.161,1.413,4.354,1.404,1.513,-2.841
-0.672,1.354,3.308,1.176,0.953,-2.355
0.221,1.307,3.795,1.288,1.415,-2.379
-0.068,1.382,4.378,1.38,1.853,-2.525
-0.008,1.227,3.6,1.227,1.318,-2.282
0.039,1.011,3.722,1.01,1.44,-2.282
0.394,0.866,1.97,0.772,1.44,-0.531
-0.942,1.308,3.211,0.907,0.88,-2.331
-0.788,1.256,3.357,0.978,0.832,-2.525
-0.793,1.189,2.943,0.885,0.442,-2.501
-0.175,0.877,2.505,0.86,0.856,-1.65
-0.263,1.088,3.916,1.056,1.051,-2.866
-0.319,1.208,3.527,1.165,1.196,-2.331
-0.19,0.826,2.846,0.804,0.759,-2.087
-1.258,1.64,2.943,1.052,0.102,-2.841
-0.606,1.248,3.357,1.091,0.953,-2.404
-0.134,1.441,4.135,1.435,1.123,-3.012
-1.338,1.775,3.357,1.166,0.613,-2.744
-0.455,1.381,3.77,1.304,1.148,-2.622
0.141,1.086,3.6,1.077,1.148,-2.452
-0.998,1.613,3.478,1.267,1.051,-2.428
-0.674,1.341,3.77,1.159,1.221,-2.55
-0.74,1.664,4.087,1.49,1.342,-2.744
0.739,0.96,1.995,0.612,1.367,-0.628
-0.161,1.14,3.722,1.129,0.929,-2.793
-0.132,1.361,3.843,1.354,1.391,-2.452
-1.024,1.356,3.114,0.889,0.54,-2.574
-2.087,2.461,4.354,1.303,0.905,-3.45
-0.487,1.048,3.381,0.928,0.71,-2.671
-0.346,0.804,2.384,0.726,0.71,-1.674
-0.538,1.316,3.357,1.201,0.978,-2.379
-0.402,0.865,1.873,0.766,0.491,-1.382
-0.577,1.463,3.965,1.344,0.978,-2.987
-0.959,1.745,3.795,1.458,1.075,-2.72
-0.886,1.843,4.378,1.616,1.269,-3.109
0.102,0.804,2.286,0.797,1.026,-1.26
-0.72,1.267,3.551,1.043,0.88,-2.671
-0.372,0.798,1.776,0.706,0.613,-1.163
-0.745,1.417,3.941,1.205,0.905,-3.036
-0.025,1.278,4.524,1.278,1.148,-3.377
-1.134,1.619,3.503,1.155,0.807,-2.695
-0.557,1.473,3.892,1.363,1.099,-2.793
-0.842,1.814,4.159,1.607,0.905,-3.255
0.017,0.916,3.697,0.916,1.123,-2.574
-0.404,0.778,1.751,0.664,0.588,-1.163
-0.822,1.657,4.5,1.439,1.123,-3.377
-0.19,0.62,1.605,0.591,0.637,-0.968
-0.723,1.363,3.259,1.155,0.467,-2.793
-0.973,1.547,4.159,1.202,0.71,-3.45
-0.854,1.327,3.576,1.016,0.759,-2.817
0.087,0.785,2.359,0.78,1.051,-1.309
-0.324,0.667,1.508,0.584,0.369,-1.139
-1.333,1.695,3.259,1.047,-0.068,-3.328
-1.29,1.835,3.624,1.305,0.345,-3.279
-0.599,1.08,2.895,0.899,0.394,-2.501
-0.433,0.763,2.116,0.628,0.151,-1.966
-0.835,1.48,3.77,1.222,0.394,-3.377
-1.124,1.751,4.281,1.343,0.71,-3.571
-0.912,1.459,3.211,1.138,0.321,-2.89
-0.224,0.986,3.722,0.961,0.734,-2.987
-0.944,1.454,3.235,1.106,0.199,-3.036
-0.672,0.957,1.8,0.682,0.078,-1.722
-1.007,1.393,3.6,0.962,0.126,-3.474
-1.005,1.229,1.873,0.707,0.053,-1.82
-0.657,1.267,3.551,1.084,0.442,-3.109
-0.718,1.213,3.284,0.977,0.832,-2.452
-0.861,1.306,2.943,0.982,0.637,-2.306
-0.847,0.994,1.703,0.52,0.126,-1.577
-0.932,1.263,3.235,0.853,0.369,-2.866
-1.007,1.489,3.819,1.097,0.369,-3.45
-0.742,1.426,3.892,1.217,0.564,-3.328
-0.579,1.088,3.089,0.922,0.078,-3.012
-1.161,1.775,4.135,1.343,0.467,-3.668
-0.209,0.591,1.678,0.552,0.345,-1.333
-1.521,1.821,2.992,1.001,-0.044,-3.036
-0.499,1.11,2.797,0.992,0.564,-2.233
-0.511,1.579,3.77,1.494,0.783,-2.987
-0.696,1.385,3.892,1.197,0.637,-3.255
-0.664,1.423,3.357,1.258,0.515,-2.841
-0.625,1.034,3.041,0.823,0.88,-2.16
-0.652,0.997,1.8,0.754,0.321,-1.479
-0.202,0.789,2.092,0.763,0.515,-1.577
-0.769,1.224,3.041,0.953,0.442,-2.598
-0.832,1.299,2.895,0.997,0.588,-2.306
-0.521,0.794,1.995,0.599,0.856,-1.139
-0.302,0.894,2.773,0.841,0.759,-2.014
-0.942,1.015,1.289,0.379,0.053,-1.236
-0.978,1.018,0.876,0.28,-0.458,-1.333
-1.112,1.469,2.797,0.959,0.442,-2.355
-0.949,1.183,2.165,0.707,0.248,-1.917
-0.557,1.059,2.238,0.9,0.442,-1.795
-1.333,1.606,3.697,0.894,0.783,-2.914
-0.983,1.133,1.63,0.563,-0.093,-1.722
-0.878,1.169,2.019,0.771,0.175,-1.844
-0.718,1.165,3.357,0.917,0.442,-2.914
-0.453,0.892,2.505,0.768,0.686,-1.82
-0.708,1.035,1.946,0.754,0.175,-1.771
-0.715,0.988,1.8,0.681,0.175,-1.625
-0.874,1.103,2.043,0.673,0.199,-1.844
-0.618,0.843,1.849,0.573,0.223,-1.625
-0.864,1.073,1.654,0.637,0.029,-1.625
-0.611,0.912,1.873,0.677,0.369,-1.504
-0.489,0.715,2.019,0.521,0.783,-1.236
-0.594,0.794,1.459,0.526,0.369,-1.09
-0.516,0.76,1.435,0.558,0.199,-1.236
-0.857,1.107,2.286,0.702,0.734,-1.552
-0.424,0.712,1.751,0.572,0.199,-1.552
-0.912,1.327,3.089,0.964,0.272,-2.817
-1.36,1.548,2.068,0.74,-0.214,-2.282
-0.718,1.041,2.116,0.754,0.588,-1.528
-0.47,0.843,1.654,0.7,0.248,-1.406
-0.976,1.125,1.727,0.561,-0.166,-1.893
-0.737,1.093,2.043,0.807,-0.02,-2.063
-0.886,1.225,2.627,0.846,0.637,-1.99
-0.922,1.201,2.676,0.769,-0.141,-2.817
-0.282,0.692,1.97,0.632,0.491,-1.479
-0.912,1.231,1.995,0.826,0.151,-1.844
-0.56,0.838,1.63,0.624,0.005,-1.625
-1.236,1.465,2.286,0.786,0.345,-1.941
-0.74,1.011,2.141,0.689,-0.117,-2.258
-0.161,0.684,2.311,0.665,0.807,-1.504
-0.127,0.609,1.97,0.596,0.734,-1.236
-0.336,0.629,2.092,0.531,0.734,-1.358
-0.477,0.793,1.751,0.634,0.126,-1.625
0.002,0.47,1.751,0.47,0.661,-1.09
-0.866,1.038,1.459,0.572,-0.068,-1.528
-1.002,1.165,1.727,0.594,0.005,-1.722
-0.742,1.067,2.043,0.766,0.345,-1.698
-0.805,0.937,1.751,0.478,0.321,-1.431
-0.711,0.981,2.238,0.677,0.54,-1.698
-0.747,1.096,2.286,0.803,0.467,-1.82
-0.484,0.871,2.019,0.724,0.734,-1.285
-0.518,0.75,1.532,0.542,0.053,-1.479
-0.514,0.956,2.068,0.806,0.491,-1.577
-0.621,1.035,2.408,0.828,0.832,-1.577
-0.197,0.74,2.359,0.713,1.002,-1.358
-0.667,0.973,1.8,0.709,0.223,-1.577
-0.407,0.912,2.457,0.816,0.686,-1.771
-0.268,0.648,1.97,0.59,0.418,-1.552
-0.441,0.902,2.214,0.788,0.491,-1.722
-0.499,0.802,1.97,0.627,0.321,-1.65
-0.309,0.815,2.335,0.754,0.759,-1.577
-0.409,0.891,2.676,0.792,0.832,-1.844
-0.314,0.823,2.7,0.76,1.051,-1.65
-0.752,0.949,1.532,0.579,-0.068,-1.601
-0.368,0.669,1.678,0.559,0.223,-1.455
-0.088,0.469,1.654,0.46,0.783,-0.871
-0.419,0.738,2.019,0.608,0.345,-1.674
-0.343,0.839,2.676,0.765,0.613,-2.063
-0.543,0.808,1.8,0.598,0.223,-1.577
-0.72,1.049,2.311,0.762,0.345,-1.966
-0.657,1.111,3.332,0.896,0.418,-2.914
0.07,0.685,2.505,0.682,0.759,-1.747
0.129,0.449,1.265,0.43,0.783,-0.482
-0.246,0.531,1.508,0.471,0.272,-1.236
0.17,0.211,0.438,0.126,0.394,-0.044
-0.511,1.09,2.578,0.963,0.637,-1.941
-1.066,1.473,3.089,1.017,0.053,-3.036
-0.078,0.447,1.241,0.44,0.637,-0.604
-0.569,0.893,2.214,0.688,0.832,-1.382
0.009,0.313,1.265,0.312,0.734,-0.531
-0.621,1.033,2.238,0.826,0.686,-1.552
-0.533,0.961,2.165,0.799,0.637,-1.528
0.114,0.25,0.803,0.222,0.613,-0.19
-0.132,0.758,2.286,0.747,0.783,-1.504
-0.45,0.961,3.016,0.849,0.345,-2.671
-0.341,0.663,1.63,0.569,0.175,-1.455
-0.241,0.474,1.532,0.408,0.491,-1.041
-0.273,0.743,2.238,0.691,0.418,-1.82
0.116,0.331,0.973,0.31,0.613,-0.36
0.129,0.313,0.924,0.285,0.613,-0.312
-0.022,0.438,1.63,0.437,0.783,-0.847
-0.494,0.941,2.7,0.8,0.588,-2.112
-0.224,0.728,2.092,0.693,0.418,-1.674
-0.334,0.622,1.63,0.525,0.418,-1.212
-0.134,0.494,1.581,0.475,0.637,-0.944
-0.36,0.598,1.703,0.477,0.029,-1.674
-0.056,0.186,0.584,0.177,0.272,-0.312
-0.219,0.329,0.827,0.245,0.151,-0.677
0.304,0.759,1.897,0.696,1.61,-0.287
-0.477,0.916,2.335,0.782,0.394,-1.941
-0.042,0.205,0.73,0.201,0.151,-0.579
0.112,0.616,2.092,0.605,0.588,-1.504
0.163,0.427,1.435,0.395,0.637,-0.798
0.121,0.31,0.827,0.285,0.442,-0.385
-0.127,0.337,0.876,0.312,0.321,-0.555
-0.309,0.507,1.532,0.402,0.199,-1.333
-0.256,0.676,1.8,0.626,0.442,-1.358
0.102,0.371,1.022,0.357,0.613,-0.409
-0.144,0.558,1.727,0.539,0.661,-1.066
-0.273,0.642,1.605,0.581,0.442,-1.163
-0.073,0.651,1.824,0.647,0.613,-1.212
-0.151,0.622,1.751,0.603,0.515,-1.236
-0.397,1.219,3.697,1.153,0.783,-2.914
-0.706,1.033,1.922,0.755,0.151,-1.771
-0.567,1.16,3.162,1.012,0.394,-2.768
-0.171,0.524,1.897,0.496,0.369,-1.528
-0.09,0.469,1.824,0.461,0.491,-1.333
-0.051,0.251,0.754,0.246,0.369,-0.385
-0.149,0.546,1.873,0.526,0.248,-1.625
0.046,0.179,0.705,0.173,0.369,-0.336
-0.122,0.433,1.508,0.415,0.248,-1.26
-0.098,0.613,1.824,0.606,0.515,-1.309
-0.253,0.592,2.068,0.535,0.394,-1.674
-0.217,0.34,0.851,0.262,0.126,-0.725
-0.29,0.47,1.459,0.37,0.151,-1.309
-0.414,0.655,1.849,0.507,0.151,-1.698
-0.341,0.93,2.554,0.865,0.661,-1.893
-0.129,0.538,1.63,0.523,0.345,-1.285
-0.239,0.524,1.654,0.466,0.442,-1.212
-0.078,1.089,4.378,1.087,2.315,-2.063
-0.246,0.62,1.751,0.569,0.223,-1.528
-0.351,1.16,3.551,1.105,1.926,-1.625
-0.443,0.807,1.946,0.675,0.588,-1.358
-0.149,0.624,1.751,0.606,0.491,-1.26
-0.105,0.872,3.43,0.866,1.707,-1.722
0.318,0.705,2.7,0.629,1.586,-1.114
-0.341,0.902,2.408,0.836,0.637,-1.771
-0.479,0.892,1.995,0.752,0.54,-1.455
-0.295,0.596,1.703,0.519,0.151,-1.552
-0.372,0.708,1.751,0.602,0.272,-1.479
-0.185,1.121,3.916,1.105,2.218,-1.698
-0.555,0.972,2.141,0.798,0.394,-1.747
0.005,0.771,2.846,0.771,1.464,-1.382
-0.132,0.754,1.995,0.742,0.661,-1.333
-0.659,0.947,1.727,0.68,0.296,-1.431
-0.0,0.915,2.457,0.915,0.807,-1.65
-0.475,0.781,1.727,0.621,0.272,-1.455
-0.689,0.958,2.214,0.666,0.686,-1.528
-0.229,0.912,2.384,0.883,0.71,-1.674
-0.786,1.12,2.116,0.799,0.369,-1.747
-0.292,1.044,3.065,1.002,1.732,-1.333
-0.389,0.897,2.116,0.808,0.442,-1.674
-0.343,1.214,3.965,1.164,2.486,-1.479
-0.574,1.18,3.405,1.031,1.732,-1.674
-0.436,0.981,2.457,0.879,1.075,-1.382
-0.039,0.662,1.727,0.661,0.905,-0.822
0.092,1.237,4.378,1.234,2.607,-1.771
-0.548,0.799,1.776,0.581,0.832,-0.944
-0.543,0.802,1.678,0.591,0.515,-1.163
-0.397,0.863,1.897,0.766,0.686,-1.212
-0.202,1.285,3.697,1.269,2.315,-1.382
-0.56,1.019,2.432,0.851,1.026,-1.406
-0.071,1.092,3.211,1.089,1.926,-1.285
-0.874,1.112,1.946,0.688,-0.02,-1.966
-0.1,0.674,1.824,0.667,0.613,-1.212
-0.966,1.077,1.751,0.475,0.394,-1.358
-0.173,0.675,1.995,0.652,0.807,-1.187
-0.453,0.943,2.238,0.828,0.686,-1.552
0.029,0.63,2.043,0.629,0.661,-1.382
0.231,0.879,3.527,0.848,2.048,-1.479
-0.56,0.9,1.776,0.705,0.418,-1.358
-0.368,1.149,3.843,1.088,2.291,-1.552
-0.341,0.902,2.189,0.835,0.613,-1.577
0.211,0.683,2.068,0.65,0.905,-1.163
-0.319,0.784,2.189,0.716,0.832,-1.358
-0.445,0.824,2.068,0.693,0.807,-1.26
-0.606,0.926,2.116,0.7,0.807,-1.309
-0.859,0.966,1.654,0.442,0.296,-1.358
-0.752,1.012,1.751,0.677,0.223,-1.528
-0.587,0.874,1.897,0.648,0.734,-1.163
-0.2,0.716,1.97,0.688,0.588,-1.382
-0.861,1.028,1.63,0.562,0.029,-1.601
-0.635,0.794,1.824,0.477,0.394,-1.431
-0.56,0.902,2.043,0.708,0.832,-1.212
-0.479,0.87,2.068,0.726,0.588,-1.479
-0.02,0.842,2.724,0.842,1.269,-1.455
0.377,0.84,2.554,0.751,1.269,-1.285
-0.219,0.916,3.235,0.889,1.561,-1.674
-0.55,1.141,3.187,0.999,1.513,-1.674
0.09,0.901,3.187,0.896,2.291,-0.895
-0.543,0.997,2.068,0.837,0.613,-1.455
0.352,1.209,3.576,1.156,2.315,-1.26
-0.606,0.984,2.165,0.775,0.588,-1.577
-0.635,0.88,2.214,0.609,1.099,-1.114
-0.706,0.84,1.873,0.455,0.369,-1.504
-0.241,0.657,1.751,0.611,0.564,-1.187
-0.212,0.511,1.63,0.465,0.418,-1.212
-0.139,1.045,3.357,1.036,1.805,-1.552
-0.489,0.944,2.505,0.808,0.783,-1.722
-0.402,0.927,2.651,0.835,1.123,-1.528
-0.424,1.083,2.749,0.997,0.661,-2.087
-0.582,0.868,2.043,0.644,0.345,-1.698
0.289,1.54,4.378,1.513,2.948,-1.431
0.041,0.528,1.678,0.526,0.637,-1.041
-0.375,0.844,2.092,0.756,1.026,-1.066
0.007,0.915,3.016,0.915,2.194,-0.822
-0.487,0.894,2.165,0.749,0.467,-1.698
-0.871,1.008,1.581,0.508,-0.02,-1.601
-0.587,0.962,1.849,0.763,0.515,-1.333
-0.655,1.141,3.454,0.935,1.926,-1.528
0.046,1.499,4.208,1.499,2.559,-1.65
-0.324,0.789,2.019,0.72,0.442,-1.577
-0.287,0.72,1.995,0.661,0.686,-1.309
-0.195,1.211,4.281,1.196,3.069,-1.212
-0.129,0.915,2.7,0.906,1.342,-1.358
0.153,0.745,2.019,0.729,1.002,-1.017
0.104,1.317,3.649,1.313,2.315,-1.333
-0.302,1.223,3.624,1.185,2.169,-1.455
-0.154,0.558,1.727,0.536,0.564,-1.163
-0.667,1.023,2.262,0.776,0.491,-1.771
-0.212,1.108,3.478,1.088,2.072,-1.406
-0.076,1.031,3.965,1.029,2.413,-1.552
-0.55,0.943,2.019,0.766,0.491,-1.528
-0.012,0.516,1.605,0.516,0.661,-0.944
-0.484,1.155,3.405,1.048,1.951,-1.455
-0.034,1.149,3.576,1.148,1.999,-1.577
-0.363,0.752,1.873,0.659,0.564,-1.309
-0.472,0.82,1.97,0.671,0.661,-1.309
0.029,1.121,3.746,1.121,2.023,-1.722
-0.518,0.931,2.262,0.773,0.54,-1.722
-0.022,0.655,2.262,0.655,1.002,-1.26
-0.093,0.633,1.703,0.626,0.637,-1.066
-0.441,0.808,2.189,0.678,0.832,-1.358
-0.141,0.642,2.043,0.627,1.026,-1.017
-0.45,0.666,1.289,0.491,0.199,-1.09
0.005,0.527,1.654,0.527,0.734,-0.92
-0.375,0.774,1.897,0.677,0.734,-1.163
-0.044,0.862,2.7,0.861,1.099,-1.601
-0.212,0.634,1.703,0.597,0.564,-1.139
-0.331,0.8,1.946,0.729,0.807,-1.139
0.026,1.068,3.138,1.068,2.291,-0.847
-0.171,0.738,1.751,0.718,0.734,-1.017
-0.482,0.77,1.824,0.601,0.637,-1.187
-0.287,0.699,1.897,0.638,0.807,-1.09
-0.18,0.748,1.97,0.726,1.051,-0.92
-0.407,0.511,1.289,0.31,0.418,-0.871
-0.45,0.864,2.238,0.738,0.929,-1.309
-0.28,0.76,1.97,0.706,0.661,-1.309
-0.504,0.709,1.824,0.499,0.613,-1.212
-0.331,0.653,1.459,0.563,0.491,-0.968
-0.864,0.994,1.727,0.492,0.296,-1.431
-0.329,0.727,2.116,0.648,1.075,-1.041
-0.134,0.842,2.432,0.831,1.099,-1.333
-0.591,0.792,1.63,0.527,0.369,-1.26
0.168,0.698,2.165,0.678,0.759,-1.406
0.014,0.745,1.946,0.745,0.759,-1.187
-0.2,0.562,1.824,0.525,0.856,-0.968
-0.299,0.783,2.092,0.723,0.88,-1.212
-0.28,0.822,1.946,0.773,0.734,-1.212
0.367,1.128,3.916,1.067,2.826,-1.09
-0.321,0.853,2.359,0.79,1.123,-1.236
-0.338,0.774,2.286,0.696,1.051,-1.236
0.092,0.847,2.651,0.842,1.464,-1.187
-0.38,0.719,1.873,0.611,0.759,-1.114
-0.244,0.949,2.773,0.917,1.488,-1.285
0.16,0.674,2.335,0.655,0.832,-1.504
0.095,0.889,2.092,0.884,1.026,-1.066
-0.686,1.075,2.651,0.828,1.051,-1.601
0.221,0.803,2.238,0.772,1.196,-1.041
-0.127,0.766,2.092,0.755,1.391,-0.701
0.294,0.767,2.262,0.708,1.221,-1.041
-0.227,0.69,1.97,0.652,0.929,-1.041
-0.574,0.776,1.508,0.522,0.467,-1.041
-0.005,0.798,2.238,0.798,0.88,-1.358
-0.287,0.72,1.995,0.66,0.953,-1.041
-0.501,0.84,1.922,0.674,0.71,-1.212
-0.448,0.814,1.703,0.68,0.637,-1.066
0.012,0.778,2.092,0.778,0.929,-1.163
0.204,0.727,1.897,0.698,0.978,-0.92
-0.426,0.776,1.776,0.649,0.783,-0.993
0.292,0.896,2.408,0.847,1.488,-0.92
-0.596,0.81,1.581,0.548,0.491,-1.09
-0.402,0.918,2.068,0.825,0.613,-1.455
0.226,1.281,3.673,1.261,2.388,-1.285
-0.085,0.654,2.092,0.649,0.783,-1.309
0.075,0.622,1.922,0.617,0.905,-1.017
0.343,0.83,2.359,0.756,1.367,-0.993
-0.093,0.742,2.505,0.736,0.929,-1.577
-0.207,0.669,1.8,0.636,0.832,-0.968
0.092,0.882,2.53,0.878,1.196,-1.333
-0.752,0.922,2.238,0.534,0.515,-1.722
0.455,0.585,1.411,0.369,1.051,-0.36
-0.227,0.693,1.873,0.655,0.856,-1.017
-0.334,0.741,1.727,0.662,0.88,-0.847
0.267,0.753,2.019,0.704,1.075,-0.944
-0.112,0.899,2.7,0.892,1.367,-1.333
-0.552,0.756,2.019,0.517,0.588,-1.431
-0.314,0.632,2.019,0.549,1.002,-1.017
-0.433,1.031,3.284,0.936,0.734,-2.55
-0.681,1.444,3.746,1.273,0.88,-2.866
-0.835,0.937,1.386,0.426,0.102,-1.285
0.102,0.723,1.8,0.716,0.783,-1.017
-0.343,0.706,1.776,0.617,0.321,-1.455
-0.329,0.968,2.7,0.91,1.075,-1.625
0.031,0.875,2.335,0.875,1.123,-1.212
-0.19,0.956,2.335,0.937,1.075,-1.26
0.031,0.806,2.214,0.805,0.905,-1.309
0.355,0.737,1.727,0.646,1.148,-0.579
-0.197,0.647,1.8,0.616,0.759,-1.041
0.168,0.706,2.457,0.686,1.513,-0.944
0.053,0.578,1.776,0.576,0.856,-0.92
-0.351,0.864,2.432,0.79,0.783,-1.65
-0.416,1.002,2.676,0.911,1.051,-1.625
0.318,0.513,1.459,0.402,0.661,-0.798
0.043,0.751,2.019,0.749,0.88,-1.139
-0.076,0.79,2.141,0.786,1.221,-0.92
-0.545,0.738,1.435,0.497,0.467,-0.968
0.012,0.686,1.922,0.685,0.88,-1.041
-0.295,0.812,2.043,0.757,0.807,-1.236
-0.497,1.189,3.673,1.08,0.807,-2.866
0.284,0.828,2.432,0.777,1.075,-1.358
-0.253,0.698,2.165,0.65,0.856,-1.309
0.365,0.842,2.068,0.76,0.978,-1.09
0.313,0.77,2.311,0.704,1.586,-0.725
0.532,0.98,2.335,0.823,1.44,-0.895
0.557,0.903,1.8,0.711,1.221,-0.579
-0.061,0.74,2.165,0.738,1.148,-1.017
-0.248,0.764,2.286,0.722,1.123,-1.163
0.486,0.802,1.727,0.638,1.051,-0.677
0.005,0.65,2.286,0.65,1.075,-1.212
-0.655,1.221,3.235,1.031,0.807,-2.428
0.386,0.682,1.678,0.562,0.88,-0.798
0.528,0.743,1.922,0.523,1.002,-0.92
0.005,0.789,2.189,0.789,1.269,-0.92
0.248,0.702,2.019,0.657,0.929,-1.09
-0.261,0.705,2.116,0.655,0.929,-1.187
-0.127,0.747,1.897,0.736,0.783,-1.114
0.262,0.634,1.897,0.577,0.929,-0.968
-0.302,0.61,1.678,0.53,0.613,-1.066
0.119,0.948,2.627,0.941,1.464,-1.163
-0.231,1.479,3.941,1.461,1.099,-2.841
-0.11,0.72,1.946,0.711,1.099,-0.847
0.399,0.96,2.068,0.873,1.367,-0.701
0.326,0.747,1.97,0.672,1.464,-0.506
0.168,0.71,1.946,0.69,1.172,-0.774
-0.095,0.827,2.214,0.821,1.051,-1.163
0.45,0.841,2.214,0.71,1.415,-0.798
-0.098,1.002,2.335,0.997,1.148,-1.187
-0.0,0.737,1.946,0.737,0.88,-1.066
-0.375,0.854,1.946,0.767,0.856,-1.09
-0.258,0.681,1.727,0.63,0.564,-1.163
-0.122,0.768,2.214,0.759,1.196,-1.017
-0.054,0.732,2.311,0.73,1.464,-0.847
0.141,0.667,1.581,0.652,0.856,-0.725
0.258,0.754,1.824,0.709,1.051,-0.774
-0.105,0.463,1.362,0.451,0.661,-0.701
0.228,0.682,1.97,0.643,1.367,-0.604
0.114,0.957,2.603,0.951,1.464,-1.139
-0.212,1.137,3.892,1.118,1.245,-2.647
0.197,0.662,1.751,0.632,1.123,-0.628
0.622,1.317,3.819,1.16,1.294,-2.525
-0.309,0.53,1.459,0.43,0.686,-0.774
0.143,0.802,2.116,0.789,1.391,-0.725
0.343,0.877,2.141,0.807,1.342,-0.798
0.311,0.708,1.824,0.637,1.488,-0.336
0.019,0.472,1.654,0.472,1.051,-0.604
-0.003,0.536,1.8,0.536,0.929,-0.871
-0.183,0.611,2.116,0.583,1.245,-0.871
0.408,0.668,1.63,0.529,1.294,-0.336
0.43,0.691,1.776,0.541,1.367,-0.409
0.287,0.826,2.116,0.774,1.342,-0.774
0.082,0.602,1.849,0.596,1.294,-0.555
0.194,0.763,2.53,0.738,1.342,-1.187
0.248,0.92,3.114,0.886,2.388,-0.725
0.287,1.034,3.576,0.994,2.632,-0.944
0.428,0.782,1.897,0.655,1.367,-0.531
-0.117,0.522,1.751,0.508,1.026,-0.725
-0.073,0.641,2.359,0.637,0.929,-1.431
0.301,0.722,1.678,0.656,1.075,-0.604
0.489,0.921,2.481,0.781,1.367,-1.114
0.231,1.23,4.159,1.208,2.729,-1.431
0.022,0.522,1.897,0.522,1.342,-0.555
-0.2,0.396,0.949,0.342,0.248,-0.701
-0.178,0.298,0.632,0.239,0.272,-0.36
0.153,0.906,2.603,0.893,1.829,-0.774
0.399,0.917,2.749,0.825,1.999,-0.749
-0.083,1.0,2.87,0.996,1.488,-1.382
0.136,0.546,1.484,0.529,0.953,-0.531
-0.049,0.764,2.262,0.762,1.026,-1.236
0.72,1.523,4.184,1.343,2.851,-1.333
0.226,1.141,3.357,1.119,2.534,-0.822
0.099,0.912,2.992,0.906,2.096,-0.895
0.965,1.437,3.77,1.064,2.923,-0.847
0.095,0.788,2.116,0.782,1.367,-0.749
0.54,1.413,3.697,1.305,2.923,-0.774
0.214,1.279,3.308,1.261,2.267,-1.041
0.591,1.495,3.722,1.373,2.388,-1.333
0.447,1.188,3.673,1.1,2.729,-0.944
0.16,1.258,3.454,1.247,2.51,-0.944
0.36,1.017,3.162,0.951,2.267,-0.895
-0.324,0.853,2.749,0.789,1.44,-1.309
0.107,1.006,2.651,1.0,1.878,-0.774
-0.317,0.789,2.749,0.722,1.732,-1.017
0.868,1.473,3.551,1.19,2.583,-0.968
-0.037,0.778,2.676,0.778,1.683,-0.993
-0.29,0.576,1.703,0.498,0.832,-0.871
0.095,1.138,3.576,1.134,2.486,-1.09
0.345,1.143,3.065,1.09,2.096,-0.968
0.771,1.16,2.724,0.867,1.975,-0.749
-0.015,1.031,2.603,1.031,1.586,-1.017
0.394,1.018,3.259,0.939,2.194,-1.066
0.508,1.617,4.208,1.535,3.045,-1.163
0.625,1.436,3.989,1.293,2.948,-1.041
-0.029,0.918,2.676,0.917,1.318,-1.358
-0.475,0.893,2.238,0.756,1.051,-1.187
-0.02,0.87,3.089,0.87,2.023,-1.066
0.228,1.34,3.43,1.321,2.534,-0.895
0.975,1.719,3.551,1.416,2.826,-0.725
0.914,1.593,3.624,1.304,2.826,-0.798
0.372,1.026,3.065,0.957,2.461,-0.604
0.829,1.584,3.965,1.35,3.118,-0.847
0.423,1.517,3.673,1.457,2.826,-0.847
0.272,0.835,2.335,0.789,1.805,-0.531
0.219,1.043,3.454,1.019,2.68,-0.774
0.467,1.208,3.746,1.115,2.802,-0.944
-0.037,0.566,1.849,0.565,1.099,-0.749
0.301,0.886,3.016,0.833,1.853,-1.163
-0.365,0.716,1.946,0.616,0.637,-1.309
-0.207,0.634,1.557,0.6,0.783,-0.774
0.326,0.989,2.749,0.934,1.756,-0.993
0.384,1.04,2.578,0.967,1.561,-1.017
0.27,0.993,2.676,0.956,1.878,-0.798
0.975,1.377,3.211,0.972,2.486,-0.725
0.209,1.054,2.919,1.033,1.756,-1.163
0.357,1.646,4.257,1.606,2.972,-1.285
-0.192,0.917,2.578,0.897,1.732,-0.847
-0.088,0.894,2.919,0.89,2.072,-0.847
0.715,1.567,3.819,1.395,2.656,-1.163
0.586,1.232,3.722,1.084,2.607,-1.114
-0.039,1.029,3.016,1.028,1.975,-1.041
0.588,1.219,3.138,1.068,2.194,-0.944
-0.36,0.737,2.214,0.643,1.44,-0.774
0.245,1.009,3.162,0.978,2.486,-0.677
0.596,1.346,3.43,1.207,2.559,-0.871
0.486,1.337,3.649,1.246,2.583,-1.066
-0.261,1.17,3.965,1.141,2.68,-1.285
0.058,0.97,2.676,0.968,1.488,-1.187
0.187,0.921,3.162,0.902,1.951,-1.212
0.992,1.521,3.551,1.152,2.851,-0.701
0.926,1.429,3.624,1.089,3.118,-0.506
0.104,0.673,2.043,0.665,1.099,-0.944
0.097,0.856,2.797,0.85,1.902,-0.895
-0.511,0.775,2.116,0.583,1.123,-0.993
0.058,0.935,2.797,0.934,1.464,-1.333
0.265,0.861,2.286,0.819,1.659,-0.628
0.236,0.519,1.459,0.462,1.002,-0.458
0.673,1.402,3.551,1.23,2.583,-0.968
0.768,1.466,3.868,1.248,2.899,-0.968
0.296,0.931,2.481,0.883,1.245,-1.236
0.185,0.777,2.238,0.755,1.294,-0.944
0.399,0.927,2.627,0.837,1.586,-1.041
-0.102,0.971,2.408,0.966,1.464,-0.944
0.771,1.423,3.624,1.196,2.68,-0.944
0.749,1.498,3.43,1.298,2.583,-0.847
0.654,1.123,3.527,0.912,2.534,-0.993
0.136,0.708,1.946,0.695,1.026,-0.92
-0.231,0.548,1.897,0.497,0.588,-1.309
-0.134,0.912,2.943,0.902,2.194,-0.749
1.204,1.569,3.259,1.006,2.778,-0.482
-0.083,0.753,2.432,0.748,1.367,-1.066
0.085,1.069,3.551,1.066,2.632,-0.92
0.532,0.934,2.092,0.767,1.318,-0.774
-0.326,0.819,2.165,0.751,0.905,-1.26
0.861,1.646,3.989,1.403,2.972,-1.017
0.18,1.168,3.527,1.155,2.607,-0.92
-0.353,0.992,2.505,0.927,1.123,-1.382
0.491,0.863,2.214,0.71,1.561,-0.652
0.535,0.865,2.189,0.68,1.659,-0.531
0.445,0.846,2.019,0.719,1.342,-0.677
0.082,0.84,2.238,0.836,0.978,-1.26
0.099,1.008,2.53,1.003,1.61,-0.92
0.931,1.419,4.038,1.071,3.069,-0.968
0.559,1.301,3.527,1.175,2.705,-0.822
-0.003,0.59,1.8,0.59,1.075,-0.725
0.199,0.73,1.946,0.702,1.415,-0.531
0.438,0.846,2.141,0.724,1.099,-1.041
0.892,1.396,3.308,1.073,2.851,-0.458
0.099,0.733,2.141,0.726,1.196,-0.944
0.508,0.884,1.824,0.723,1.051,-0.774
-0.022,0.627,2.019,0.627,1.245,-0.774
-0.127,0.767,2.214,0.756,1.367,-0.847
0.153,0.997,2.895,0.985,1.367,-1.528
0.462,1.351,3.478,1.269,2.632,-0.847
0.07,0.612,1.459,0.608,0.783,-0.677
0.659,1.094,3.211,0.874,2.364,-0.847
-0.248,0.67,2.043,0.622,1.002,-1.041
0.279,1.088,3.649,1.052,2.559,-1.09
0.063,1.027,3.43,1.025,2.632,-0.798
0.287,0.945,2.432,0.9,1.342,-1.09
0.116,0.863,2.286,0.856,1.44,-0.847
0.124,0.852,2.797,0.843,1.902,-0.895
0.294,0.722,1.751,0.66,1.026,-0.725
0.124,0.725,1.946,0.714,1.123,-0.822
0.635,1.105,3.284,0.904,2.461,-0.822
-0.044,0.825,2.335,0.824,1.148,-1.187
0.063,0.841,2.141,0.839,1.269,-0.871
0.243,0.888,2.311,0.854,1.367,-0.944
-0.416,0.709,1.678,0.574,0.515,-1.163
0.459,0.928,2.141,0.806,1.318,-0.822
0.798,1.254,3.697,0.968,2.996,-0.701
0.411,0.908,2.286,0.81,1.245,-1.041
-0.428,0.841,2.286,0.724,1.051,-1.236
0.185,0.782,1.897,0.76,0.978,-0.92
0.686,1.13,3.211,0.898,2.534,-0.677
0.187,0.757,1.8,0.734,1.099,-0.701
0.442,0.764,2.043,0.622,1.342,-0.701
0.744,0.804,0.973,0.306,1.294,0.321
0.562,0.802,1.97,0.572,1.269,-0.701
0.258,0.876,2.53,0.837,1.294,-1.236
0.654,0.767,1.581,0.401,1.196,-0.385
0.187,0.754,2.068,0.731,1.294,-0.774
0.598,0.959,1.946,0.75,1.488,-0.458
0.043,0.575,1.557,0.573,0.905,-0.652
-0.156,0.805,2.019,0.789,1.026,-0.993
0.323,0.618,1.508,0.527,0.856,-0.652
0.192,1.206,3.989,1.19,3.118,-0.871
0.467,0.972,2.238,0.853,1.342,-0.895
0.586,1.004,2.627,0.815,1.805,-0.822
0.756,1.087,2.311,0.782,1.537,-0.774
0.515,0.981,2.141,0.835,1.659,-0.482
0.683,0.895,1.824,0.578,1.342,-0.482
0.8,0.952,2.116,0.516,1.732,-0.385
0.479,0.627,1.605,0.405,1.221,-0.385
0.79,1.137,3.381,0.817,2.559,-0.822
0.389,0.827,1.922,0.73,1.269,-0.652
0.423,0.716,1.678,0.578,0.905,-0.774
0.591,1.071,2.822,0.894,1.707,-1.114
0.917,1.062,2.019,0.536,1.44,-0.579
0.18,0.803,2.286,0.782,1.683,-0.604
0.608,0.803,1.654,0.525,1.391,-0.263
0.046,0.53,1.849,0.528,1.123,-0.725
0.304,0.968,2.797,0.919,1.732,-1.066
0.012,0.823,2.019,0.823,1.148,-0.871
0.442,0.831,1.946,0.703,1.415,-0.531
0.275,0.768,2.189,0.718,1.44,-0.749
0.367,0.808,2.068,0.72,1.342,-0.725
0.389,0.814,2.384,0.715,1.245,-1.139
-0.195,1.018,3.138,0.999,1.342,-1.795
-0.025,0.45,1.63,0.449,1.245,-0.385
0.408,0.768,1.946,0.651,1.172,-0.774
0.566,0.941,2.068,0.751,1.245,-0.822
0.751,0.978,1.995,0.626,1.634,-0.36
-0.042,0.838,2.603,0.837,1.415,-1.187
0.856,1.032,1.897,0.576,1.756,-0.141
0.085,0.891,2.505,0.886,1.269,-1.236
0.396,0.553,1.435,0.385,0.953,-0.482
0.472,0.832,1.946,0.685,1.221,-0.725
0.277,1.154,3.065,1.121,1.707,-1.358
0.683,1.101,2.505,0.863,1.78,-0.725
0.129,0.919,3.284,0.91,1.537,-1.747
0.878,1.145,2.724,0.736,2.218,-0.506
0.279,1.233,3.649,1.201,1.634,-2.014
1.172,1.308,2.043,0.58,1.513,-0.531
0.576,0.971,1.995,0.782,1.586,-0.409
0.695,0.965,2.068,0.67,1.561,-0.506
0.296,0.683,1.946,0.616,1.245,-0.701
0.683,0.904,2.165,0.592,1.634,-0.531
0.574,0.906,1.849,0.701,1.221,-0.628
0.686,1.228,2.676,1.019,1.61,-1.066
-0.025,1.098,3.77,1.098,1.269,-2.501
0.746,1.03,2.238,0.71,1.464,-0.774
0.695,0.969,2.408,0.674,1.634,-0.774
0.778,1.009,1.849,0.642,1.294,-0.555
-0.144,0.866,3.114,0.854,0.905,-2.209
0.335,1.059,3.843,1.004,1.659,-2.185
-0.134,1.064,3.795,1.056,1.245,-2.55
0.34,0.907,2.214,0.841,1.367,-0.847
0.608,0.885,1.995,0.643,1.342,-0.652
0.586,0.972,2.214,0.776,1.537,-0.677
0.333,0.802,1.995,0.73,1.075,-0.92
0.163,0.708,1.922,0.689,0.88,-1.041
0.041,1.419,3.843,1.419,1.318,-2.525
0.185,0.777,2.019,0.755,1.245,-0.774
-0.02,0.673,2.165,0.672,1.221,-0.944
-0.078,0.766,2.262,0.762,1.221,-1.041
0.815,0.925,1.605,0.439,1.342,-0.263
0.63,1.0,2.87,0.777,1.659,-1.212
0.428,0.945,2.189,0.842,1.342,-0.847
0.309,0.764,1.995,0.699,1.318,-0.677
-0.0,1.244,4.038,1.244,1.221,-2.817
0.034,0.746,2.262,0.745,1.464,-0.798
0.26,0.724,2.189,0.676,1.051,-1.139
-0.81,1.183,2.797,0.862,0.759,-2.039
0.35,0.933,2.651,0.865,1.294,-1.358
-0.368,1.215,3.624,1.158,1.196,-2.428
0.705,1.183,2.822,0.95,1.61,-1.212
-0.068,1.244,3.746,1.243,1.805,-1.941
-0.55,1.192,3.697,1.057,1.148,-2.55
0.481,0.838,1.605,0.686,1.342,-0.263
0.413,0.869,1.97,0.764,1.415,-0.555
0.72,1.291,3.673,1.071,1.391,-2.282
0.241,1.084,3.041,1.057,1.537,-1.504
-0.068,0.651,2.068,0.647,1.196,-0.871
0.085,1.016,3.6,1.013,1.196,-2.404
0.304,1.167,3.941,1.127,1.537,-2.404
0.62,0.97,2.457,0.745,1.853,-0.604
0.338,1.383,3.6,1.342,1.269,-2.331
0.391,1.146,3.77,1.077,1.513,-2.258
0.902,1.363,3.673,1.022,1.707,-1.966
0.27,0.757,2.238,0.707,1.342,-0.895
0.566,0.927,1.873,0.734,1.196,-0.677
0.523,1.073,2.432,0.937,1.537,-0.895
0.223,0.814,1.873,0.782,1.099,-0.774
-0.29,1.049,3.332,1.008,1.269,-2.063
0.698,0.842,1.484,0.471,1.269,-0.214
0.304,0.968,2.968,0.919,1.513,-1.455
0.158,0.807,2.092,0.791,1.391,-0.701
0.481,0.777,1.581,0.609,1.196,-0.385
0.579,0.934,1.8,0.733,1.172,-0.628
0.455,0.943,2.141,0.827,1.367,-0.774
0.102,0.763,2.019,0.756,1.026,-0.993
-0.083,1.239,3.722,1.236,1.342,-2.379
0.326,0.864,1.849,0.8,1.123,-0.725
-0.059,0.864,2.554,0.862,1.391,-1.163
0.851,1.14,2.238,0.758,1.586,-0.652
0.484,0.996,2.578,0.871,1.464,-1.114
0.756,0.995,1.824,0.646,1.391,-0.433
0.79,1.005,2.141,0.621,1.44,-0.701
0.399,0.84,2.335,0.739,1.44,-0.895
-0.017,0.709,1.922,0.709,1.051,-0.871
0.795,0.998,1.751,0.603,1.513,-0.239
0.214,0.808,2.238,0.779,1.415,-0.822
0.209,0.828,1.824,0.802,1.245,-0.579
0.999,1.154,2.092,0.576,1.513,-0.579
0.309,1.25,3.965,1.211,1.537,-2.428
0.112,1.016,3.381,1.01,1.391,-1.99
0.43,0.82,1.946,0.698,1.367,-0.579
0.836,1.205,2.068,0.868,1.634,-0.433
0.537,0.829,1.873,0.631,1.148,-0.725
0.688,1.213,2.992,0.999,2.048,-0.944
-0.236,1.043,3.284,1.016,1.294,-1.99
-0.105,0.888,2.992,0.881,1.026,-1.966
0.206,0.772,2.043,0.743,1.342,-0.701
0.202,0.796,2.214,0.77,1.245,-0.968
-0.154,1.563,3.697,1.556,1.196,-2.501
-0.083,1.396,3.989,1.394,1.634,-2.355
-0.102,1.135,3.868,1.131,1.488,-2.379
-0.336,1.139,3.454,1.089,1.513,-1.941
0.727,1.002,2.092,0.689,1.537,-0.555
0.36,0.936,2.87,0.864,1.318,-1.552
0.608,0.891,2.189,0.652,1.44,-0.749
0.498,0.866,2.214,0.708,1.561,-0.652
0.148,0.788,2.116,0.774,1.148,-0.968
0.211,1.087,3.697,1.066,1.196,-2.501
0.112,1.239,3.722,1.234,1.415,-2.306
-0.107,1.095,3.916,1.09,1.464,-2.452
-0.166,1.396,4.135,1.386,1.78,-2.355
0.248,0.75,1.897,0.708,1.123,-0.774
-0.443,1.514,3.989,1.448,1.391,-2.598
0.715,1.063,2.554,0.787,2.096,-0.458
0.318,0.844,2.262,0.781,1.026,-1.236
0.126,0.717,1.849,0.706,1.002,-0.847
-0.141,1.011,3.478,1.001,0.734,-2.744
0.022,0.849,2.943,0.849,1.123,-1.82
0.151,0.836,2.311,0.822,1.318,-0.993
1.036,1.172,1.727,0.547,1.561,-0.166
0.579,1.421,4.403,1.298,1.659,-2.744
1.002,1.164,1.995,0.592,1.732,-0.263
0.909,1.017,1.776,0.454,1.513,-0.263
0.318,0.81,1.995,0.745,1.415,-0.579
-0.003,1.005,2.359,1.005,1.148,-1.212
0.182,0.753,2.165,0.731,1.342,-0.822
0.374,1.629,5.132,1.585,2.632,-2.501
0.406,0.837,2.043,0.732,1.415,-0.628
0.618,1.083,2.505,0.89,1.659,-0.847
0.995,1.203,2.432,0.676,1.902,-0.531
0.905,1.144,2.068,0.7,1.634,-0.433
0.331,1.11,2.846,1.06,1.464,-1.382
0.211,1.275,3.503,1.257,1.683,-1.82
0.788,1.032,2.214,0.666,1.513,-0.701
0.348,1.191,3.649,1.139,1.586,-2.063
0.807,1.25,3.454,0.954,1.488,-1.966
0.326,1.003,3.259,0.949,1.342,-1.917
-0.1,1.322,3.892,1.318,1.318,-2.574
0.637,0.893,1.605,0.626,1.318,-0.287
0.795,0.928,1.824,0.478,1.513,-0.312
0.206,1.063,3.649,1.043,1.294,-2.355
0.844,1.094,1.873,0.697,1.415,-0.458
0.472,0.928,2.262,0.799,1.367,-0.895
0.89,1.142,2.043,0.716,1.634,-0.409
0.026,1.306,3.43,1.306,1.367,-2.063
0.26,1.281,3.965,1.255,1.148,-2.817
0.087,1.146,3.746,1.143,1.318,-2.428
-0.083,1.248,4.281,1.245,1.586,-2.695
-0.141,1.568,4.427,1.561,2.072,-2.355
0.051,1.707,4.062,1.707,1.683,-2.379
0.61,0.866,1.824,0.615,1.586,-0.239
0.255,1.134,3.503,1.105,1.342,-2.16
0.311,1.173,3.551,1.131,1.513,-2.039
0.537,0.954,2.627,0.789,1.707,-0.92
0.523,1.41,3.892,1.309,1.829,-2.063
-0.117,1.28,3.892,1.274,1.415,-2.477
0.377,0.844,2.238,0.755,1.659,-0.579
0.141,1.348,3.795,1.341,1.78,-2.014
0.574,0.952,1.849,0.76,1.44,-0.409
0.464,1.264,3.624,1.175,1.659,-1.966
-1.02,1.272,2.189,0.76,0.223,-1.966
0.296,1.002,2.846,0.957,1.513,-1.333
0.7,1.041,2.384,0.77,1.464,-0.92
0.457,0.976,2.286,0.862,1.61,-0.677
0.781,1.139,2.797,0.83,1.44,-1.358
0.457,0.749,1.654,0.594,1.391,-0.263
0.311,0.936,2.505,0.883,1.732,-0.774
0.474,0.777,1.97,0.616,1.245,-0.725
0.705,1.468,4.111,1.287,2.023,-2.087
0.761,0.941,1.459,0.553,1.294,-0.166
0.732,1.061,2.481,0.768,1.78,-0.701
0.194,0.86,2.335,0.838,1.586,-0.749
0.615,0.988,2.165,0.773,1.853,-0.312
0.518,0.952,2.286,0.799,1.367,-0.92
0.523,0.971,2.262,0.818,1.732,-0.531
-0.246,0.922,2.87,0.888,1.294,-1.577
-0.168,1.462,4.135,1.453,1.586,-2.55
0.999,1.135,2.043,0.538,1.683,-0.36
0.52,1.272,4.038,1.161,2.121,-1.917
0.768,0.971,1.897,0.594,1.537,-0.36
0.153,0.783,2.651,0.768,2.048,-0.604
-0.329,1.058,3.308,1.005,1.269,-2.039
0.158,0.668,1.897,0.65,1.172,-0.725
0.681,0.927,2.238,0.629,1.44,-0.798
0.119,0.973,2.773,0.966,1.294,-1.479
0.078,1.329,4.038,1.327,1.707,-2.331
0.121,0.795,2.141,0.785,1.391,-0.749
0.455,1.142,3.041,1.047,1.464,-1.577
1.024,1.125,1.362,0.467,1.488,0.126
0.109,0.787,2.384,0.779,1.488,-0.895
0.613,0.963,2.019,0.743,1.537,-0.482
-0.02,0.934,3.308,0.934,1.269,-2.039
-0.134,0.974,2.53,0.965,1.367,-1.163
0.326,0.928,2.554,0.869,1.196,-1.358
0.253,0.803,2.214,0.763,1.051,-1.163
0.078,0.723,2.335,0.718,1.513,-0.822
0.532,1.164,2.895,1.035,1.756,-1.139
0.766,1.045,2.141,0.711,1.659,-0.482
0.778,1.02,1.995,0.66,1.659,-0.336
-0.1,0.946,3.138,0.94,1.513,-1.625
0.279,0.694,1.8,0.636,1.196,-0.604
0.202,0.809,2.043,0.783,1.075,-0.968
0.265,0.864,2.262,0.823,1.245,-1.017
0.209,0.831,2.141,0.805,0.905,-1.236
-0.679,1.157,3.551,0.937,0.759,-2.793
0.189,0.768,2.068,0.745,1.148,-0.92
0.693,1.081,2.432,0.83,1.683,-0.749
0.238,0.805,2.092,0.769,1.342,-0.749
0.35,0.852,1.873,0.777,1.026,-0.847
0.158,1.008,2.578,0.996,1.245,-1.333
0.369,1.267,3.357,1.212,1.732,-1.625
0.43,0.953,2.53,0.85,1.756,-0.774
0.061,0.705,1.703,0.703,0.953,-0.749
0.52,0.827,1.995,0.643,1.221,-0.774
0.885,1.343,2.943,1.01,2.68,-0.263
0.413,0.834,2.238,0.724,1.075,-1.163
1.014,1.245,2.238,0.722,2.559,0.321
0.416,0.816,2.238,0.702,1.415,-0.822
0.421,0.832,2.457,0.718,1.488,-0.968
-0.365,0.939,2.749,0.865,1.172,-1.577
0.547,0.793,1.605,0.574,1.245,-0.36
0.618,1.022,3.162,0.814,2.559,-0.604
0.022,0.849,2.797,0.849,1.683,-1.114
-0.01,0.836,2.432,0.836,1.513,-0.92
0.058,0.849,2.359,0.847,1.269,-1.09
0.513,0.991,2.943,0.847,2.096,-0.847
0.321,0.761,2.141,0.69,1.196,-0.944
-0.1,0.751,1.922,0.745,0.953,-0.968
-0.28,0.991,2.992,0.951,1.488,-1.504
-0.073,1.039,3.503,1.036,2.486,-1.017
-0.222,0.822,2.238,0.792,1.099,-1.139
-0.122,1.099,3.041,1.093,1.342,-1.698
0.418,0.995,3.138,0.902,2.291,-0.847
0.046,0.812,2.286,0.811,0.832,-1.455
0.489,1.268,4.038,1.17,2.437,-1.601
-0.015,1.027,3.381,1.027,2.072,-1.309
0.168,0.669,2.189,0.647,1.051,-1.139
0.051,1.179,3.77,1.178,2.632,-1.139
0.019,0.575,1.751,0.575,0.807,-0.944
0.158,1.094,3.357,1.083,1.951,-1.406
0.501,1.105,3.649,0.985,2.267,-1.382
-0.407,1.088,2.457,1.009,1.002,-1.455
0.031,1.203,4.232,1.203,2.851,-1.382
-0.394,1.235,3.624,1.17,2.096,-1.528
0.27,0.734,2.286,0.683,1.634,-0.652
1.036,1.368,2.895,0.894,2.972,0.078
0.185,1.108,3.843,1.092,2.923,-0.92
-0.117,0.55,1.532,0.537,0.88,-0.652
0.491,1.208,3.527,1.104,2.437,-1.09
-0.11,0.636,1.97,0.626,1.026,-0.944
-0.02,1.038,3.114,1.038,1.975,-1.139
0.386,0.692,1.63,0.574,0.832,-0.798
0.107,0.849,2.627,0.842,1.683,-0.944
-0.083,0.639,1.532,0.634,0.759,-0.774
-0.338,0.86,2.189,0.791,1.002,-1.187
0.355,0.895,2.7,0.821,1.391,-1.309
0.729,1.494,3.843,1.304,2.972,-0.871
-0.042,0.805,2.554,0.804,1.294,-1.26
0.029,0.73,2.359,0.73,1.099,-1.26
-0.278,0.743,1.897,0.69,0.978,-0.92
-0.119,1.096,3.235,1.089,2.023,-1.212
0.075,0.77,2.432,0.766,1.659,-0.774
-0.567,0.786,1.532,0.544,0.515,-1.017
-0.543,1.009,2.457,0.851,1.294,-1.163
0.35,1.109,3.478,1.052,2.559,-0.92
-0.112,0.788,1.995,0.78,1.026,-0.968
0.421,0.937,2.481,0.838,1.488,-0.993
0.092,0.739,1.873,0.734,1.172,-0.701
-0.348,0.74,2.068,0.653,0.929,-1.139
1.226,1.897,3.746,1.447,2.948,-0.798
1.17,1.636,3.697,1.144,2.632,-1.066
0.338,1.325,3.6,1.281,2.559,-1.041
0.501,1.413,3.649,1.321,2.802,-0.847
-0.244,0.803,2.189,0.765,0.88,-1.309
0.282,0.665,1.897,0.602,1.196,-0.701
0.98,1.563,3.478,1.218,2.705,-0.774
0.798,1.39,3.77,1.138,2.705,-1.066
0.092,0.628,1.63,0.621,0.807,-0.822
-0.185,0.701,2.116,0.676,1.221,-0.895
0.331,1.006,2.773,0.951,1.902,-0.871
1.194,1.556,3.673,0.998,3.021,-0.652
0.793,1.18,3.405,0.874,2.851,-0.555
0.258,0.968,2.846,0.933,1.391,-1.455
0.228,0.913,2.359,0.884,1.342,-1.017
0.824,1.555,3.989,1.318,2.851,-1.139
0.511,0.887,1.995,0.726,1.342,-0.652
0.374,1.011,2.384,0.939,1.707,-0.677
0.36,1.295,4.062,1.244,3.021,-1.041
0.746,1.587,3.649,1.401,2.632,-1.017
0.085,1.008,2.724,1.005,1.44,-1.285
-0.205,0.659,1.654,0.626,0.734,-0.92
0.043,1.026,3.503,1.025,2.632,-0.871
0.476,1.109,3.746,1.002,2.607,-1.139
0.078,0.638,1.727,0.634,1.123,-0.604
0.177,1.074,3.868,1.059,2.851,-1.017
0.082,0.794,2.724,0.79,1.488,-1.236
1.535,2.041,4.062,1.346,2.972,-1.09
-0.017,0.768,2.043,0.768,1.002,-1.041
0.751,1.469,3.795,1.262,2.826,-0.968
0.056,0.848,2.335,0.846,1.123,-1.212
0.194,0.834,2.238,0.811,1.464,-0.774
0.571,0.83,2.189,0.601,1.172,-1.017
0.943,1.482,3.673,1.143,2.923,-0.749
0.262,1.024,3.551,0.989,2.607,-0.944
0.895,1.38,3.405,1.051,2.778,-0.628
0.316,0.892,2.262,0.834,1.61,-0.652
0.121,1.238,3.843,1.232,2.632,-1.212
0.907,1.453,3.868,1.135,2.778,-1.09
-0.049,0.78,2.165,0.779,1.051,-1.114
0.326,0.97,2.505,0.913,1.269,-1.236
0.046,0.64,1.727,0.638,1.026,-0.701
0.36,0.974,2.724,0.905,2.169,-0.555
0.844,1.734,3.965,1.514,3.094,-0.871
0.532,1.071,3.478,0.929,2.753,-0.725
0.608,0.879,1.703,0.634,1.294,-0.409
0.065,0.789,2.165,0.786,1.367,-0.798
0.318,1.097,3.576,1.049,2.802,-0.774
1.325,1.535,3.259,0.775,2.802,-0.458
0.311,0.872,2.189,0.815,1.196,-0.993
0.574,0.915,1.849,0.712,1.464,-0.385
-0.081,0.91,2.432,0.906,1.391,-1.041
0.783,1.198,2.627,0.906,1.61,-1.017
0.564,0.861,1.97,0.651,1.196,-0.774
-0.161,0.953,2.7,0.939,1.294,-1.406
0.121,1.039,2.627,1.032,1.415,-1.212
-0.791,1.212,2.627,0.918,1.099,-1.528
-0.988,1.048,1.289,0.349,-0.385,-1.674
-0.433,0.95,2.408,0.846,0.929,-1.479
-0.453,1.053,2.7,0.95,1.245,-1.455
-0.071,0.831,2.262,0.828,0.88,-1.382
-0.647,0.928,1.751,0.665,0.442,-1.309
0.165,1.087,3.405,1.074,2.291,-1.114
-0.034,1.007,3.405,1.007,2.34,-1.066
-0.45,1.067,3.454,0.967,2.291,-1.163
-0.38,1.037,2.432,0.965,0.978,-1.455
-0.562,0.878,1.873,0.675,0.734,-1.139
0.272,1.34,3.6,1.312,2.267,-1.333
-0.287,1.397,4.014,1.367,2.51,-1.504
-0.358,1.379,3.795,1.332,2.121,-1.674
-0.231,1.185,3.478,1.162,1.853,-1.625
-0.45,0.91,2.189,0.791,0.613,-1.577
-0.299,0.924,2.846,0.874,1.245,-1.601
-0.231,1.142,3.284,1.118,1.902,-1.382
0.36,1.217,2.943,1.163,1.902,-1.041
0.085,1.239,4.014,1.236,2.315,-1.698
-0.404,0.881,2.651,0.783,1.269,-1.382
-0.696,1.009,2.286,0.73,0.832,-1.455
0.243,1.524,4.403,1.505,2.996,-1.406
-0.523,1.229,3.551,1.112,2.023,-1.528
-0.076,1.013,3.454,1.011,2.194,-1.26
-0.355,1.003,2.262,0.938,0.905,-1.358
-0.827,0.972,1.897,0.51,0.54,-1.358
-0.261,1.035,3.405,1.002,1.878,-1.528
-0.188,1.171,3.259,1.156,1.878,-1.382
-0.774,1.171,2.822,0.878,1.196,-1.625
-0.078,1.491,4.111,1.489,2.534,-1.577
-0.433,1.01,3.114,0.912,1.853,-1.26
-0.776,0.906,1.216,0.467,-0.141,-1.358
-0.355,1.286,4.524,1.236,2.948,-1.577
0.168,1.376,4.014,1.365,2.875,-1.139
-0.577,0.784,1.654,0.531,0.637,-1.017
-0.346,1.267,3.041,1.219,1.245,-1.795
-0.171,0.848,2.116,0.831,1.099,-1.017
-0.499,0.999,2.384,0.865,1.196,-1.187
-0.027,1.197,3.576,1.197,2.218,-1.358
-0.642,0.857,1.678,0.567,0.564,-1.114
-0.382,0.83,2.262,0.736,0.856,-1.406
-0.171,0.829,2.359,0.811,1.123,-1.236
0.153,0.771,2.335,0.756,1.367,-0.968
0.394,1.543,3.624,1.492,2.607,-1.017
-0.115,1.054,3.211,1.048,2.242,-0.968
-0.141,0.711,1.97,0.696,0.637,-1.333
-0.268,0.772,2.165,0.724,1.099,-1.066
-0.372,0.94,2.554,0.863,1.464,-1.09
-0.317,1.104,2.724,1.057,1.537,-1.187
-0.514,0.814,2.092,0.632,0.88,-1.212
-0.482,0.886,2.262,0.743,1.075,-1.187
-0.475,1.018,2.481,0.9,1.415,-1.066
-0.531,0.811,1.824,0.613,0.613,-1.212
-0.363,0.775,1.946,0.685,0.661,-1.285
-0.36,0.647,1.605,0.537,0.54,-1.066
-0.497,1.071,2.481,0.949,0.905,-1.577
0.627,0.912,1.922,0.663,1.537,-0.385
0.138,0.722,2.019,0.708,1.099,-0.92
0.104,0.893,2.408,0.887,1.586,-0.822
0.43,0.767,1.776,0.635,1.294,-0.482
0.175,0.849,2.238,0.83,1.61,-0.628
0.306,0.826,2.359,0.767,1.464,-0.895
0.372,0.831,2.214,0.743,1.78,-0.433
0.009,0.634,1.922,0.634,1.196,-0.725
0.296,0.921,2.578,0.872,1.537,-1.041
-0.047,0.411,1.484,0.408,0.686,-0.798
0.228,0.809,2.141,0.776,1.318,-0.822
0.155,0.915,2.359,0.902,1.245,-1.114
0.384,0.854,2.505,0.763,1.342,-1.163
0.053,0.808,2.068,0.806,0.905,-1.163
0.17,0.822,2.335,0.804,1.634,-0.701
1.007,1.118,1.751,0.486,1.318,-0.433
0.017,0.793,1.97,0.793,1.051,-0.92
0.168,0.719,1.873,0.699,1.245,-0.628
0.457,0.742,1.63,0.584,1.099,-0.531
-0.441,1.019,2.603,0.918,1.051,-1.552
0.506,0.88,2.141,0.72,1.172,-0.968
0.078,1.001,2.773,0.998,1.61,-1.163
0.143,1.014,3.211,1.003,2.534,-0.677
1.019,1.112,1.435,0.445,1.634,0.199
0.221,0.605,2.092,0.563,1.002,-1.09
0.43,0.664,1.605,0.506,0.88,-0.725
0.043,0.852,2.53,0.85,1.221,-1.309
0.569,1.267,3.916,1.132,2.802,-1.114
0.194,1.121,3.478,1.104,2.51,-0.968
0.126,0.738,1.897,0.727,0.953,-0.944
-0.088,0.629,1.776,0.622,0.832,-0.944
0.352,0.837,2.141,0.76,1.245,-0.895
0.138,0.895,3.041,0.885,1.707,-1.333
0.394,0.541,1.338,0.371,1.026,-0.312
-0.372,0.884,2.457,0.802,1.002,-1.455
-0.029,0.677,1.8,0.676,0.88,-0.92
-0.01,0.934,3.211,0.934,2.388,-0.822
0.372,0.872,2.189,0.788,1.342,-0.847
-0.348,0.892,2.335,0.821,1.026,-1.309
0.078,0.733,2.238,0.729,0.978,-1.26
0.25,0.736,1.849,0.692,0.929,-0.92
-0.258,0.858,2.432,0.818,1.123,-1.309
-0.526,0.867,2.043,0.689,0.88,-1.163
0.326,0.976,3.041,0.92,1.561,-1.479
0.403,0.911,2.359,0.817,1.367,-0.993
-0.088,0.793,2.189,0.788,0.905,-1.285
-0.679,0.898,2.432,0.588,0.394,-2.039
-0.302,0.802,1.873,0.743,0.832,-1.041
-0.942,1.467,3.138,1.125,0.564,-2.574
-0.304,0.964,2.87,0.915,1.318,-1.552
-0.11,0.695,2.432,0.686,1.659,-0.774
-0.268,0.767,2.141,0.718,0.88,-1.26
-0.574,0.622,0.754,0.239,-0.214,-0.968
0.554,0.835,2.068,0.624,1.123,-0.944
0.26,0.621,1.824,0.564,1.172,-0.652
-0.115,0.703,1.97,0.693,0.734,-1.236
0.292,1.042,3.211,1.0,1.318,-1.893
-0.171,1.213,4.038,1.2,1.78,-2.258
-0.404,0.887,3.089,0.789,1.464,-1.625
0.119,0.744,2.043,0.734,1.415,-0.628
0.07,0.738,1.873,0.735,0.905,-0.968
-0.115,0.461,1.338,0.447,0.734,-0.604
-0.244,0.545,1.581,0.487,0.807,-0.774
-0.144,0.695,1.727,0.68,0.929,-0.798
-0.241,0.506,1.581,0.445,0.759,-0.822
-0.029,0.934,3.235,0.934,1.221,-2.014
0.141,0.577,1.605,0.56,1.002,-0.604
-0.205,0.887,2.432,0.864,1.269,-1.163
-0.02,0.866,2.457,0.866,1.513,-0.944
-0.324,0.469,1.095,0.339,0.223,-0.871
-0.504,0.664,1.557,0.432,0.345,-1.212
-0.351,0.468,1.119,0.31,0.491,-0.628
-0.073,0.874,2.919,0.871,2.242,-0.677
-0.29,0.696,2.384,0.632,0.686,-1.698
0.348,0.901,2.335,0.832,1.586,-0.749
0.121,0.659,2.165,0.648,1.294,-0.871
-0.389,0.852,2.335,0.757,1.172,-1.163
-0.453,0.854,2.676,0.724,0.807,-1.868
0.223,0.487,1.459,0.433,1.123,-0.336
0.131,0.97,3.478,0.961,1.537,-1.941
-0.428,1.155,3.722,1.073,0.978,-2.744
-0.441,1.505,4.232,1.44,1.586,-2.647
0.063,1.188,3.576,1.186,1.44,-2.136
-0.462,0.83,1.946,0.689,0.102,-1.844
0.345,1.367,3.649,1.322,1.513,-2.136
0.362,0.858,1.995,0.778,1.342,-0.652
-0.141,0.875,2.408,0.864,1.294,-1.114
-0.441,1.586,3.868,1.523,1.172,-2.695
-0.088,1.083,3.6,1.079,1.294,-2.306
0.005,1.01,3.576,1.01,1.221,-2.355
-0.348,1.502,3.381,1.461,1.002,-2.379
-0.479,1.565,3.965,1.49,1.342,-2.622
-0.171,1.265,3.527,1.253,1.245,-2.282
0.051,0.63,2.043,0.628,1.148,-0.895
-0.494,1.401,3.843,1.311,1.342,-2.501
0.219,1.13,3.795,1.109,1.269,-2.525
-0.085,0.834,2.311,0.83,0.88,-1.431
-0.703,1.4,4.257,1.211,1.172,-3.085
-0.475,0.892,2.238,0.755,1.172,-1.066
0.506,1.014,2.505,0.879,1.342,-1.163
-0.947,1.345,2.919,0.956,0.053,-2.866
-0.903,1.615,3.989,1.34,1.123,-2.866
0.357,1.01,2.87,0.945,1.732,-1.139
0.321,0.692,1.557,0.613,1.196,-0.36
-0.064,1.197,4.087,1.196,1.732,-2.355
-0.224,1.217,3.503,1.196,1.342,-2.16
-0.569,1.386,3.624,1.263,1.221,-2.404
-0.428,0.945,2.87,0.842,1.026,-1.844
-1.08,1.551,4.281,1.112,1.707,-2.574
0.058,0.966,3.162,0.965,1.707,-1.455
0.326,1.045,3.114,0.993,1.853,-1.26
0.591,1.072,2.408,0.894,1.853,-0.555
-0.684,1.555,4.305,1.396,1.659,-2.647
-0.691,1.788,3.892,1.649,1.561,-2.331
-0.487,0.839,2.846,0.683,0.759,-2.087
0.481,0.805,1.654,0.645,1.342,-0.312
-0.399,1.157,3.478,1.086,1.488,-1.99
-0.511,0.856,2.87,0.686,0.686,-2.185
-0.166,1.21,3.332,1.199,1.221,-2.112
0.073,1.157,3.649,1.154,1.488,-2.16
-0.484,1.077,3.527,0.962,1.245,-2.282
-0.285,1.338,3.6,1.307,1.148,-2.452
-1.117,1.684,4.038,1.261,1.294,-2.744
-1.44,1.899,3.989,1.238,0.661,-3.328
-0.839,1.646,4.646,1.415,1.61,-3.036
-0.613,1.25,3.697,1.089,0.515,-3.182
-0.968,1.399,3.187,1.01,0.661,-2.525
-0.319,1.01,2.797,0.958,0.978,-1.82
0.421,0.793,1.727,0.672,1.221,-0.506
0.294,0.714,1.922,0.65,0.905,-1.017
-0.251,0.837,2.286,0.798,0.978,-1.309
-0.037,0.891,2.481,0.891,1.026,-1.455
-0.574,1.127,3.503,0.969,0.637,-2.866
-0.064,0.793,2.043,0.791,0.978,-1.066
-0.46,1.064,3.089,0.96,0.588,-2.501
