mean,RMS,ptp,std,max,min
-0.676,0.699,0.561,0.179,-0.296,-0.857
-0.669,0.705,0.609,0.223,-0.393,-1.003
-0.725,1.012,2.218,0.707,-0.052,-2.27
-1.125,1.574,2.56,1.102,-0.052,-2.612
-0.708,1.102,2.462,0.845,0.387,-2.075
-0.822,1.251,2.584,0.943,0.338,-2.246
-0.147,0.996,2.486,0.985,0.85,-1.637
0.038,0.835,2.706,0.834,0.777,-1.929
-0.435,0.997,2.755,0.897,0.728,-2.027
-0.579,1.117,2.608,0.956,0.825,-1.783
-0.449,1.02,2.413,0.916,0.387,-2.027
-0.732,1.178,2.56,0.923,0.825,-1.734
-0.618,1.168,2.56,0.991,0.655,-1.905
-1.091,1.366,2.194,0.823,0.192,-2.002
-0.752,1.158,2.194,0.88,0.314,-1.88
-0.527,1.346,3.071,1.239,0.801,-2.27
-0.213,1.0,2.608,0.977,0.923,-1.685
0.297,0.678,2.438,0.61,1.069,-1.368
0.162,0.891,2.608,0.876,1.264,-1.344
0.075,0.912,2.511,0.909,1.069,-1.442
0.009,0.783,2.413,0.783,0.85,-1.563
-0.025,1.019,2.998,1.019,1.386,-1.612
-0.169,1.097,2.755,1.084,1.045,-1.71
0.004,0.825,2.584,0.825,0.825,-1.758
0.038,0.923,2.584,0.922,0.728,-1.856
-0.61,1.28,2.73,1.125,1.021,-1.71
-0.232,1.077,2.511,1.052,0.752,-1.758
-0.303,1.249,3.364,1.211,1.24,-2.124
0.055,0.999,3.071,0.998,1.118,-1.953
-0.705,0.98,1.95,0.68,0.362,-1.588
-0.301,1.107,2.681,1.065,1.069,-1.612
-0.291,0.987,2.023,0.943,0.679,-1.344
-0.925,1.158,2.194,0.698,0.509,-1.685
-1.042,1.097,1.268,0.344,-0.393,-1.661
-0.995,1.056,1.243,0.352,-0.32,-1.563
-0.267,0.976,2.584,0.939,0.947,-1.637
-0.347,0.893,2.121,0.823,0.679,-1.442
-0.523,0.962,2.096,0.808,0.825,-1.271
-0.479,1.108,2.511,0.999,1.118,-1.393
-0.537,0.835,2.438,0.639,1.24,-1.198
-0.63,0.688,0.975,0.278,0.021,-0.954
-0.796,0.842,1.121,0.275,-0.198,-1.32
-0.44,0.817,2.17,0.688,0.947,-1.222
-0.681,1.12,3.486,0.89,1.703,-1.783
-1.052,1.223,2.121,0.624,0.338,-1.783
-0.815,1.11,2.462,0.753,0.801,-1.661
-0.757,1.166,2.511,0.887,1.191,-1.32
-0.891,1.146,2.438,0.721,0.923,-1.515
-1.083,1.141,1.097,0.359,-0.418,-1.515
-0.562,0.859,2.17,0.651,0.874,-1.295
-0.388,0.912,2.681,0.826,1.508,-1.173
-0.705,0.761,0.999,0.284,-0.052,-1.052
-0.783,0.808,0.536,0.2,-0.491,-1.027
-0.379,0.794,2.267,0.697,1.24,-1.027
-1.061,1.083,0.78,0.217,-0.686,-1.466
-0.73,0.973,2.56,0.644,0.874,-1.685
-1.142,1.156,0.634,0.182,-0.832,-1.466
-0.783,0.868,1.341,0.375,0.24,-1.1
-0.34,0.829,2.316,0.756,1.069,-1.247
-0.63,0.97,2.95,0.738,1.386,-1.563
-0.44,0.752,2.316,0.61,1.313,-1.003
-0.559,0.598,0.561,0.211,-0.296,-0.857
-0.418,0.87,2.828,0.764,1.825,-1.003
-0.369,0.998,2.803,0.927,1.362,-1.442
0.289,1.168,2.925,1.132,1.776,-1.149
-0.686,0.941,2.389,0.645,1.069,-1.32
-0.306,0.881,2.267,0.826,0.947,-1.32
-0.837,0.883,1.097,0.282,-0.345,-1.442
-0.618,0.888,2.267,0.638,1.216,-1.052
0.245,1.079,2.803,1.05,1.581,-1.222
0.796,1.091,2.218,0.745,1.508,-0.71
0.206,0.76,2.17,0.732,1.532,-0.637
-0.379,0.789,2.584,0.692,1.435,-1.149
0.019,0.924,2.34,0.924,1.264,-1.076
-0.284,0.88,2.072,0.833,1.045,-1.027
1.077,1.328,2.925,0.777,1.776,-1.149
-0.627,0.699,0.853,0.307,-0.247,-1.1
0.289,0.964,2.584,0.919,1.557,-1.027
0.15,0.96,2.267,0.949,1.484,-0.783
0.414,1.107,2.73,1.027,1.411,-1.32
1.152,1.171,0.512,0.211,1.459,0.947
0.172,1.043,2.828,1.028,1.703,-1.125
0.214,0.776,2.145,0.746,1.606,-0.54
1.008,1.172,2.17,0.596,1.484,-0.686
0.523,1.109,2.511,0.978,1.581,-0.93
0.645,1.056,2.267,0.836,1.484,-0.783
0.513,0.972,2.145,0.825,1.313,-0.832
0.835,1.146,2.145,0.785,1.386,-0.759
1.111,1.14,0.829,0.256,1.557,0.728
0.119,1.01,2.389,1.003,1.532,-0.857
0.194,0.9,2.486,0.879,1.508,-0.978
0.172,0.962,2.535,0.946,1.557,-0.978
0.44,1.044,2.706,0.947,1.996,-0.71
0.392,0.946,2.316,0.861,1.63,-0.686
-0.096,0.933,2.828,0.928,1.703,-1.125
0.726,1.085,2.243,0.807,1.898,-0.345
1.096,1.277,2.535,0.654,1.825,-0.71
0.299,0.985,2.486,0.939,1.679,-0.808
0.004,0.822,2.389,0.822,1.459,-0.93
0.192,1.062,2.876,1.044,1.727,-1.149
0.187,0.884,2.34,0.864,1.532,-0.808
0.75,1.177,2.34,0.907,1.532,-0.808
0.618,1.169,2.925,0.993,2.093,-0.832
0.509,1.136,2.608,1.015,1.898,-0.71
1.345,1.528,2.657,0.726,1.971,-0.686
0.477,1.093,2.34,0.983,1.557,-0.783
-0.159,0.896,2.706,0.881,1.825,-0.881
-0.086,0.863,2.218,0.859,1.313,-0.905
-0.067,0.722,2.145,0.719,1.386,-0.759
0.796,1.145,2.072,0.823,1.459,-0.613
0.428,1.165,2.852,1.083,1.776,-1.076
0.277,0.818,2.096,0.77,1.679,-0.418
0.694,1.1,2.413,0.853,1.606,-0.808
-0.157,0.919,3.047,0.905,1.825,-1.222
0.209,0.961,2.803,0.938,1.703,-1.1
-0.084,0.67,2.145,0.665,1.484,-0.662
0.609,1.19,2.73,1.023,2.02,-0.71
0.289,0.926,2.413,0.88,1.63,-0.783
-0.301,0.784,2.584,0.725,1.752,-0.832
-0.479,0.559,0.804,0.288,-0.125,-0.93
0.606,1.178,2.901,1.01,1.947,-0.954
0.201,0.891,2.096,0.868,1.337,-0.759
0.006,0.55,1.828,0.55,1.216,-0.613
0.443,0.931,1.926,0.819,1.459,-0.466
0.743,1.213,2.535,0.959,1.776,-0.759
0.153,0.949,2.803,0.936,2.093,-0.71
0.609,1.071,2.121,0.882,1.752,-0.369
0.431,0.943,2.34,0.839,1.801,-0.54
0.872,1.137,1.804,0.731,1.703,-0.101
0.282,1.059,2.876,1.021,1.898,-0.978
0.184,1.091,2.706,1.075,1.703,-1.003
-0.237,0.702,2.365,0.661,1.63,-0.735
-0.003,0.566,1.731,0.566,0.85,-0.881
0.387,1.149,2.828,1.082,1.776,-1.052
-0.359,0.782,2.511,0.694,1.606,-0.905
0.345,1.004,2.389,0.943,1.727,-0.662
0.267,0.885,2.486,0.844,1.849,-0.637
0.911,1.343,2.828,0.987,2.117,-0.71
0.396,1.024,2.925,0.944,2.239,-0.686
0.862,1.257,2.121,0.915,1.849,-0.271
0.611,1.141,2.56,0.964,2.069,-0.491
0.143,0.888,2.365,0.877,1.606,-0.759
-0.064,0.61,1.828,0.607,1.216,-0.613
-0.152,0.547,1.975,0.526,1.264,-0.71
-0.513,0.537,0.512,0.159,-0.223,-0.735
-0.242,0.706,2.706,0.663,1.63,-1.076
-0.362,0.444,0.999,0.257,0.167,-0.832
-0.25,0.313,0.634,0.189,0.045,-0.588
-0.235,0.321,0.731,0.219,0.094,-0.637
-0.162,0.336,1.024,0.294,0.338,-0.686
-0.367,0.391,0.39,0.135,-0.15,-0.54
-1.066,1.435,2.462,0.96,-0.125,-2.587
-1.015,1.373,2.462,0.925,-0.101,-2.563
-0.637,0.926,2.413,0.672,-0.076,-2.49
-1.473,1.726,2.511,0.899,0.143,-2.368
-1.483,1.732,2.145,0.894,-0.515,-2.66
-1.32,1.651,2.828,0.992,-0.028,-2.855
-0.876,1.209,2.803,0.833,0.07,-2.734
-0.179,1.243,4.339,1.23,2.093,-2.246
0.628,1.073,2.633,0.87,2.044,-0.588
0.004,0.904,3.925,0.904,1.922,-2.002
-1.005,1.517,2.925,1.136,0.192,-2.734
-1.229,1.67,2.828,1.13,0.362,-2.465
-0.262,0.394,0.829,0.295,0.094,-0.735
-0.666,0.91,2.243,0.62,-0.15,-2.392
-0.688,0.972,2.511,0.686,-0.15,-2.66
-0.269,0.342,0.609,0.212,0.07,-0.54
-0.259,0.445,1.194,0.361,0.289,-0.905
-0.995,1.458,3.218,1.065,0.314,-2.904
-0.164,0.319,0.829,0.273,0.094,-0.735
-0.608,1.03,2.681,0.831,0.509,-2.173
-0.135,0.289,0.731,0.256,0.192,-0.54
-0.172,0.289,0.78,0.233,0.24,-0.54
0.116,0.596,2.121,0.585,1.801,-0.32
0.406,1.019,2.657,0.935,2.044,-0.613
0.872,1.37,2.779,1.057,2.02,-0.759
0.396,1.123,2.852,1.051,1.752,-1.1
0.684,1.195,2.389,0.979,1.776,-0.613
0.338,1.048,2.608,0.992,1.922,-0.686
0.396,1.322,3.413,1.261,2.483,-0.93
0.209,0.936,2.828,0.912,1.947,-0.881
0.818,1.329,2.779,1.048,2.191,-0.588
0.401,1.152,2.828,1.08,2.215,-0.613
-0.145,0.454,1.414,0.43,0.655,-0.759
1.135,1.47,2.925,0.934,2.093,-0.832
0.379,1.091,2.535,1.023,1.801,-0.735
-0.145,1.04,3.047,1.03,1.971,-1.076
0.523,1.117,2.511,0.986,1.922,-0.588
-0.235,0.673,1.95,0.631,0.947,-1.003
0.877,1.264,2.17,0.911,1.922,-0.247
0.596,1.16,2.413,0.995,2.02,-0.393
0.511,1.097,2.73,0.971,1.898,-0.832
0.333,1.035,2.828,0.98,2.215,-0.613
0.838,1.19,2.584,0.846,1.874,-0.71
0.601,1.22,2.486,1.062,1.947,-0.54
0.935,1.351,2.803,0.975,2.069,-0.735
-0.145,0.69,2.486,0.674,1.654,-0.832
0.426,0.803,1.731,0.681,1.337,-0.393
0.216,1.024,2.779,1.001,2.02,-0.759
0.47,1.135,2.389,1.034,1.63,-0.759
0.426,0.93,2.121,0.827,1.703,-0.418
0.392,1.019,2.657,0.941,2.264,-0.393
0.533,1.12,2.413,0.985,1.752,-0.662
0.662,0.989,1.926,0.735,1.606,-0.32
1.052,1.388,2.657,0.906,2.191,-0.466
0.258,0.757,2.194,0.712,1.581,-0.613
1.021,1.295,2.511,0.798,2.142,-0.369
0.896,1.221,2.438,0.829,1.801,-0.637
-0.235,0.815,2.462,0.781,1.508,-0.954
0.336,0.949,2.267,0.888,1.581,-0.686
0.86,1.274,2.486,0.941,1.849,-0.637
0.716,1.24,2.681,1.013,2.142,-0.54
0.262,0.814,2.633,0.771,1.898,-0.735
0.401,1.131,2.633,1.058,1.898,-0.735
0.06,0.709,2.438,0.707,1.727,-0.71
0.27,1.044,2.584,1.008,2.02,-0.564
0.265,0.865,2.316,0.823,1.606,-0.71
0.177,0.83,2.218,0.811,1.679,-0.54
0.626,1.107,2.535,0.913,2.02,-0.515
0.511,1.121,2.73,0.998,2.02,-0.71
0.238,0.829,2.243,0.794,1.386,-0.857
0.64,1.154,2.828,0.96,1.996,-0.832
0.075,0.792,2.511,0.788,1.776,-0.735
0.248,0.892,2.511,0.857,1.922,-0.588
0.158,0.995,2.779,0.983,2.191,-0.588
0.453,1.119,2.608,1.023,1.947,-0.662
0.784,1.287,2.633,1.021,2.215,-0.418
0.589,0.976,2.413,0.778,1.727,-0.686
0.258,1.034,2.779,1.001,1.874,-0.905
0.231,1.135,3.047,1.112,2.069,-0.978
0.752,1.191,2.316,0.924,1.849,-0.466
0.462,1.128,2.681,1.029,1.63,-1.052
0.601,1.066,2.291,0.88,1.484,-0.808
0.306,0.932,2.511,0.88,1.898,-0.613
0.894,1.342,2.413,1.002,2.215,-0.198
0.067,0.98,3.071,0.977,2.239,-0.832
0.265,0.977,3.12,0.94,2.02,-1.1
0.938,1.295,2.608,0.893,1.849,-0.759
1.145,1.344,2.462,0.705,1.776,-0.686
0.414,1.124,2.56,1.045,1.581,-0.978
-0.033,0.919,2.194,0.919,1.313,-0.881
0.15,0.986,2.755,0.975,1.776,-0.978
0.416,1.029,2.316,0.941,1.508,-0.808
0.084,0.897,3.023,0.893,1.971,-1.052
0.182,0.913,2.316,0.894,1.411,-0.905
-0.184,0.796,2.438,0.775,1.484,-0.954
0.043,0.79,2.023,0.789,1.435,-0.588
0.172,0.976,2.365,0.96,1.508,-0.857
-0.218,0.638,2.243,0.6,1.435,-0.808
0.216,0.744,2.048,0.712,1.094,-0.954
0.002,1.061,2.755,1.061,1.776,-0.978
0.082,0.928,2.218,0.925,1.289,-0.93
-0.062,0.634,2.048,0.631,1.313,-0.735
0.65,1.147,2.584,0.945,1.606,-0.978
-0.271,0.795,2.218,0.747,1.24,-0.978
0.165,0.863,2.121,0.848,1.484,-0.637
0.175,0.804,2.34,0.785,1.532,-0.808
0.36,1.019,2.438,0.953,1.727,-0.71
0.487,1.032,2.438,0.91,1.63,-0.808
-0.259,1.012,2.486,0.978,1.435,-1.052
0.218,1.157,2.876,1.136,1.606,-1.271
-0.535,0.746,1.999,0.52,0.923,-1.076
-0.345,1.033,2.681,0.974,1.337,-1.344
-0.52,0.597,0.951,0.292,0.07,-0.881
-0.001,0.802,2.462,0.802,1.581,-0.881
0.567,1.065,2.072,0.901,1.654,-0.418
0.872,1.289,2.56,0.95,2.093,-0.466
0.37,1.155,2.706,1.094,1.801,-0.905
0.16,0.935,2.779,0.921,1.849,-0.93
-0.237,0.823,2.243,0.788,1.264,-0.978
0.472,0.886,2.218,0.749,1.411,-0.808
-0.037,1.052,2.73,1.051,1.508,-1.222
-0.076,0.821,2.462,0.818,1.484,-0.978
0.394,1.137,2.511,1.066,1.703,-0.808
0.609,1.014,2.096,0.812,1.727,-0.369
0.37,0.898,2.511,0.819,1.581,-0.93
0.526,1.023,2.218,0.878,1.825,-0.393
0.699,1.192,2.389,0.966,1.752,-0.637
0.25,1.073,2.535,1.043,1.703,-0.832
0.033,0.715,2.389,0.715,1.557,-0.832
0.916,1.262,3.023,0.868,1.971,-1.052
0.689,1.121,2.779,0.884,1.849,-0.93
0.287,1.134,2.974,1.097,1.679,-1.295
0.365,0.804,1.828,0.716,1.191,-0.637
0.318,1.041,2.243,0.992,1.508,-0.735
0.233,1.208,2.755,1.185,1.703,-1.052
0.306,0.949,2.535,0.899,1.776,-0.759
0.148,0.874,2.34,0.861,1.581,-0.759
1.106,1.295,2.121,0.673,1.849,-0.271
-0.081,0.878,2.316,0.874,1.386,-0.93
0.255,1.005,2.535,0.972,1.654,-0.881
-0.203,0.871,2.438,0.846,1.508,-0.93
0.301,1.038,2.681,0.993,1.508,-1.173
0.084,1.036,2.633,1.033,1.679,-0.954
0.548,0.944,2.267,0.769,1.362,-0.905
0.211,0.891,2.462,0.866,1.606,-0.857
0.311,0.998,2.438,0.949,1.727,-0.71
0.338,0.982,2.218,0.922,1.435,-0.783
-0.052,0.89,2.462,0.888,1.776,-0.686
0.326,0.942,2.145,0.884,1.459,-0.686
0.34,1.046,2.486,0.989,1.313,-1.173
0.662,1.086,2.316,0.86,1.63,-0.686
0.599,0.866,1.853,0.626,1.264,-0.588
0.711,0.868,1.804,0.498,1.167,-0.637
0.287,1.087,2.974,1.049,1.703,-1.271
0.282,1.136,2.974,1.101,1.654,-1.32
0.401,0.901,2.072,0.806,1.362,-0.71
0.896,1.169,2.267,0.751,1.752,-0.515
0.128,0.838,2.048,0.828,1.435,-0.613
0.06,0.787,2.194,0.785,1.264,-0.93
0.95,1.296,2.291,0.882,1.727,-0.564
0.153,1.041,2.511,1.03,1.557,-0.954
0.64,0.973,2.048,0.733,1.63,-0.418
-0.091,0.805,2.194,0.8,1.289,-0.905
0.25,1.177,2.706,1.15,1.557,-1.149
0.238,0.816,1.926,0.78,1.142,-0.783
-0.052,0.943,2.267,0.941,1.337,-0.93
1.391,1.403,0.609,0.184,1.63,1.021
0.531,1.19,2.755,1.065,1.727,-1.027
0.877,1.233,2.365,0.867,1.874,-0.491
-0.118,0.804,2.267,0.796,1.386,-0.881
0.318,1.034,2.633,0.984,1.435,-1.198
0.014,0.819,2.072,0.819,1.094,-0.978
-0.135,0.795,2.389,0.783,1.216,-1.173
-0.142,0.954,2.34,0.943,1.191,-1.149
0.284,1.057,2.657,1.018,1.849,-0.808
0.501,0.937,2.389,0.792,1.459,-0.93
0.304,1.058,2.535,1.013,1.679,-0.857
0.545,1.15,2.95,1.012,1.703,-1.247
0.879,1.267,3.12,0.913,1.606,-1.515
0.918,1.152,2.706,0.696,1.874,-0.832
0.218,0.869,2.267,0.841,1.435,-0.832
0.56,1.17,2.803,1.027,1.411,-1.393
1.113,1.158,0.926,0.321,1.581,0.655
0.204,0.881,2.608,0.857,1.386,-1.222
0.294,0.841,2.291,0.788,1.069,-1.222
0.094,1.129,3.145,1.125,1.532,-1.612
0.57,1.018,2.73,0.843,1.581,-1.149
0.701,0.935,2.365,0.619,1.362,-1.003
0.431,0.889,2.145,0.777,1.337,-0.808
1.14,1.164,0.756,0.237,1.532,0.777
0.567,1.042,2.584,0.875,1.24,-1.344
0.457,0.955,2.218,0.838,1.362,-0.857
0.713,1.088,2.413,0.822,1.508,-0.905
0.56,0.833,2.096,0.617,1.411,-0.686
0.453,0.915,2.413,0.795,1.216,-1.198
0.426,0.879,2.56,0.769,1.094,-1.466
0.211,0.932,2.681,0.908,1.069,-1.612
0.679,0.874,2.096,0.55,1.459,-0.637
0.701,0.884,2.17,0.539,1.532,-0.637
0.494,0.785,2.291,0.611,1.142,-1.149
0.828,1.009,2.048,0.577,1.216,-0.832
0.869,1.042,2.194,0.575,1.435,-0.759
0.253,1.088,2.681,1.058,1.435,-1.247
0.769,0.962,2.145,0.578,1.337,-0.808
0.187,0.891,2.145,0.871,0.972,-1.173
0.014,0.879,2.413,0.879,1.289,-1.125
0.479,0.844,1.926,0.694,0.996,-0.93
0.972,0.993,0.756,0.205,1.362,0.606
0.962,0.994,0.78,0.252,1.362,0.582
0.687,1.079,2.535,0.833,1.484,-1.052
1.391,1.445,1.17,0.391,1.801,0.63
0.182,0.955,2.925,0.937,1.801,-1.125
0.955,1.184,2.584,0.7,1.679,-0.905
0.757,1.118,2.755,0.822,1.63,-1.125
0.645,0.823,2.072,0.511,1.289,-0.783
-0.059,1.035,2.73,1.033,1.167,-1.563
0.638,0.838,1.999,0.544,1.167,-0.832
0.589,0.874,2.413,0.646,1.24,-1.173
0.238,0.928,2.438,0.897,0.899,-1.539
0.913,0.974,1.243,0.34,1.386,0.143
0.825,1.077,2.584,0.691,1.508,-1.076
1.028,1.054,0.658,0.232,1.411,0.752
0.455,0.99,2.462,0.879,1.508,-0.954
0.994,1.045,0.951,0.325,1.459,0.509
0.531,0.879,2.56,0.701,1.313,-1.247
1.045,1.1,1.024,0.343,1.63,0.606
0.718,0.993,2.608,0.685,1.508,-1.1
0.738,0.979,2.56,0.644,1.825,-0.735
1.062,1.089,0.951,0.242,1.532,0.582
0.326,1.074,2.681,1.023,1.313,-1.368
0.128,1.149,2.852,1.142,1.752,-1.1
0.648,1.489,3.973,1.341,2.069,-1.905
-0.291,0.968,2.608,0.923,1.264,-1.344
-0.008,1.096,2.681,1.096,1.557,-1.125
0.287,1.177,2.657,1.142,1.606,-1.052
0.435,1.165,3.267,1.08,1.825,-1.442
0.796,1.195,2.608,0.891,1.411,-1.198
0.121,1.32,3.632,1.315,1.874,-1.758
0.006,1.072,2.462,1.072,1.24,-1.222
0.165,1.217,2.95,1.206,1.557,-1.393
0.694,1.116,2.438,0.875,1.337,-1.1
0.665,1.223,2.56,1.027,1.606,-0.954
0.911,1.48,3.267,1.167,2.117,-1.149
0.314,0.964,2.438,0.912,1.459,-0.978
1.347,1.366,0.78,0.223,1.825,1.045
0.601,1.257,2.998,1.104,2.093,-0.905
0.323,1.24,3.169,1.198,1.801,-1.368
0.114,0.944,2.535,0.937,1.435,-1.1
-0.835,0.886,1.048,0.299,-0.345,-1.393
-1.071,1.125,1.048,0.344,-0.588,-1.637
-0.91,0.918,0.439,0.119,-0.735,-1.173
-0.686,1.075,2.974,0.828,1.727,-1.247
-0.849,0.924,1.17,0.365,-0.271,-1.442
-0.527,0.592,0.975,0.269,-0.052,-1.027
-0.588,1.09,3.315,0.917,2.044,-1.271
-0.505,0.624,1.341,0.366,0.094,-1.247
-0.591,0.691,1.389,0.359,0.167,-1.222
-0.737,0.769,0.731,0.218,-0.369,-1.1
-0.73,0.774,0.902,0.257,-0.125,-1.027
-0.842,0.919,1.389,0.368,-0.247,-1.637
-0.883,0.919,0.829,0.254,-0.515,-1.344
-0.815,0.883,0.926,0.34,-0.32,-1.247
-0.715,0.73,0.536,0.147,-0.418,-0.954
-0.871,0.905,0.853,0.247,-0.515,-1.368
-0.63,0.682,0.902,0.261,-0.174,-1.076
-0.701,0.729,0.561,0.2,-0.418,-0.978
-0.752,0.796,0.829,0.261,-0.223,-1.052
-0.423,0.774,2.267,0.649,1.484,-0.783
-0.917,0.986,1.146,0.361,-0.491,-1.637
-0.893,0.946,1.073,0.313,-0.369,-1.442
-0.644,0.839,2.096,0.537,0.85,-1.247
-0.83,0.847,0.512,0.171,-0.515,-1.027
-0.62,1.027,2.462,0.819,0.996,-1.466
-0.569,0.898,2.706,0.695,1.24,-1.466
-0.798,0.82,0.561,0.19,-0.466,-1.027
-0.686,0.725,0.707,0.236,-0.369,-1.076
-0.435,0.759,2.243,0.623,1.264,-0.978
-0.647,0.659,0.439,0.124,-0.466,-0.905
-0.596,0.71,1.365,0.386,0.46,-0.905
-0.574,0.945,2.218,0.751,0.947,-1.271
-0.749,0.983,2.462,0.636,0.923,-1.539
-0.849,0.861,0.488,0.14,-0.54,-1.027
-1.066,1.122,0.975,0.349,-0.613,-1.588
-0.844,0.887,0.829,0.27,-0.345,-1.173
-0.337,0.983,2.657,0.923,1.289,-1.368
-0.459,0.834,2.048,0.696,0.777,-1.271
-0.776,0.817,0.902,0.255,-0.418,-1.32
-1.103,1.155,1.414,0.342,-0.32,-1.734
-0.752,0.975,2.438,0.621,0.947,-1.49
-0.674,1.057,2.462,0.814,0.874,-1.588
-0.91,1.171,2.876,0.737,0.972,-1.905
-0.874,1.021,1.975,0.528,0.655,-1.32
-0.949,1.164,2.438,0.674,0.899,-1.539
-1.208,1.231,0.804,0.239,-0.783,-1.588
-0.878,0.923,1.024,0.285,-0.369,-1.393
-0.73,0.779,0.707,0.274,-0.345,-1.052
-0.671,0.723,0.804,0.269,-0.345,-1.149
-1.069,1.136,1.219,0.384,-0.491,-1.71
-0.886,0.932,1.048,0.291,-0.564,-1.612
-1.064,1.092,0.683,0.246,-0.832,-1.515
-0.869,0.915,1.097,0.286,-0.418,-1.515
-0.754,1.344,3.169,1.113,1.386,-1.783
-0.937,1.079,1.975,0.535,0.411,-1.563
-1.227,1.429,2.755,0.732,0.582,-2.173
-0.554,1.013,2.462,0.848,1.167,-1.295
-1.186,1.23,1.194,0.327,-0.491,-1.685
-0.893,1.187,2.95,0.781,1.167,-1.783
-1.286,1.314,0.756,0.27,-0.93,-1.685
-0.908,1.142,2.56,0.692,0.972,-1.588
-0.562,0.968,3.096,0.788,1.654,-1.442
-1.066,1.087,0.78,0.212,-0.613,-1.393
-0.859,1.033,2.267,0.573,0.509,-1.758
-0.73,1.32,3.34,1.099,1.581,-1.758
-0.683,1.389,3.096,1.209,1.191,-1.905
-1.032,1.448,3.12,1.015,1.167,-1.953
-1.105,1.317,2.511,0.715,0.752,-1.758
-1.095,1.318,2.681,0.733,0.874,-1.807
-0.345,1.078,2.876,1.021,1.313,-1.563
-0.837,1.374,3.169,1.09,1.289,-1.88
-1.066,1.119,1.292,0.339,-0.466,-1.758
-0.593,1.114,2.633,0.943,0.996,-1.637
-1.015,1.278,2.876,0.776,1.094,-1.783
-0.754,1.104,2.755,0.806,0.972,-1.783
-0.766,1.3,2.706,1.05,0.655,-2.051
-0.537,1.172,3.12,1.042,1.069,-2.051
-0.766,1.329,2.803,1.086,0.85,-1.953
-1.22,1.259,0.999,0.312,-0.662,-1.661
-0.64,1.216,2.803,1.035,1.216,-1.588
-0.133,0.977,2.779,0.968,1.337,-1.442
-0.674,0.987,2.023,0.721,0.752,-1.271
-1.108,1.355,2.828,0.78,1.142,-1.685
-0.837,1.191,2.657,0.848,0.85,-1.807
-0.991,1.343,2.925,0.906,0.996,-1.929
-0.978,1.309,3.071,0.87,1.094,-1.978
-0.176,1.205,2.779,1.192,1.264,-1.515
-0.822,1.359,2.706,1.081,0.606,-2.1
-0.876,1.411,2.974,1.106,0.801,-2.173
-0.537,1.197,3.096,1.069,1.094,-2.002
-0.803,1.1,2.511,0.752,0.557,-1.953
-1.268,1.459,2.681,0.72,0.728,-1.953
-1.052,1.411,2.706,0.941,0.923,-1.783
-0.376,1.253,2.95,1.196,1.264,-1.685
-0.983,1.493,3.388,1.124,1.24,-2.148
-1.044,1.4,2.755,0.933,0.972,-1.783
-0.637,1.456,3.023,1.309,0.825,-2.197
-0.554,1.297,3.437,1.173,1.386,-2.051
-0.961,1.515,3.145,1.17,1.191,-1.953
-0.586,1.229,2.633,1.081,0.923,-1.71
-0.549,1.153,2.706,1.014,0.996,-1.71
-1.086,1.367,2.365,0.83,0.679,-1.685
-0.827,1.159,2.096,0.812,0.582,-1.515
-0.449,1.144,2.706,1.052,1.216,-1.49
-0.949,1.229,2.243,0.78,0.63,-1.612
-0.398,1.364,3.388,1.305,1.411,-1.978
-1.049,1.274,2.584,0.722,1.045,-1.539
-0.72,1.369,2.998,1.164,1.216,-1.783
-0.844,1.344,2.486,1.045,0.752,-1.734
-1.149,1.584,2.876,1.091,1.021,-1.856
-0.028,1.094,2.95,1.094,1.045,-1.905
-0.642,1.293,2.535,1.123,0.728,-1.807
-0.332,1.212,2.998,1.166,1.142,-1.856
0.094,0.984,2.511,0.98,0.947,-1.563
-1.056,1.23,2.243,0.629,0.704,-1.539
-0.922,1.491,3.071,1.172,0.996,-2.075
-0.552,1.369,3.096,1.253,0.923,-2.173
-0.832,1.476,3.12,1.219,1.045,-2.075
-0.598,1.329,2.974,1.187,0.947,-2.027
-1.268,1.462,2.56,0.727,0.825,-1.734
-1.022,1.426,2.657,0.994,0.947,-1.71
-1.21,1.346,2.291,0.591,0.411,-1.88
-0.798,1.278,2.633,0.998,0.704,-1.929
-0.93,1.314,2.925,0.929,1.167,-1.758
-0.905,1.227,2.365,0.828,0.801,-1.563
-1.005,1.396,2.828,0.969,1.021,-1.807
-0.454,1.249,2.681,1.164,1.094,-1.588
-1.315,1.408,1.877,0.505,0.07,-1.807
-1.283,1.295,0.488,0.175,-1.1,-1.588
-0.664,1.296,3.023,1.113,1.264,-1.758
-0.579,1.215,3.096,1.068,1.264,-1.832
-1.432,1.655,2.925,0.829,1.021,-1.905
-0.761,1.208,2.365,0.938,0.728,-1.637
-0.747,1.427,3.071,1.216,1.045,-2.027
-0.108,1.023,2.486,1.017,1.167,-1.32
-0.713,1.253,3.071,1.031,1.557,-1.515
-0.847,1.247,2.608,0.915,1.094,-1.515
-0.574,1.137,2.486,0.981,0.923,-1.563
-0.137,1.166,3.193,1.158,1.313,-1.88
-0.388,1.053,2.974,0.978,1.24,-1.734
-0.808,1.476,3.632,1.235,1.581,-2.051
-0.825,1.332,3.023,1.046,1.142,-1.88
-0.32,1.077,2.56,1.028,0.704,-1.856
-0.715,1.189,2.486,0.95,0.777,-1.71
-0.527,1.27,2.755,1.155,1.069,-1.685
-0.501,1.086,2.365,0.964,0.996,-1.368
-0.742,1.18,2.535,0.918,0.63,-1.905
-0.939,1.397,3.267,1.034,1.216,-2.051
0.148,1.198,3.242,1.189,1.289,-1.953
-0.435,1.269,3.12,1.192,0.972,-2.148
-1.151,1.293,2.17,0.589,0.289,-1.88
-1.156,1.37,1.999,0.734,0.338,-1.661
-0.947,1.402,2.852,1.034,0.679,-2.173
-1.105,1.413,2.633,0.881,0.509,-2.124
-1.229,1.542,2.486,0.931,0.509,-1.978
-1.178,1.529,3.315,0.974,1.337,-1.978
-0.406,1.048,2.291,0.967,0.509,-1.783
-0.408,1.196,2.998,1.124,0.777,-2.222
-0.649,1.079,2.511,0.862,0.728,-1.783
-1.086,1.302,2.316,0.719,0.484,-1.832
-0.922,1.354,2.657,0.991,0.85,-1.807
-0.301,1.354,3.218,1.321,1.118,-2.1
-0.493,1.156,3.047,1.045,1.021,-2.027
-0.018,0.79,2.218,0.79,0.533,-1.685
-0.701,1.049,2.145,0.781,0.435,-1.71
-0.518,1.078,2.316,0.945,0.484,-1.832
-0.708,1.226,2.681,1.001,0.777,-1.905
-0.44,1.121,2.633,1.031,0.704,-1.929
-0.966,1.114,1.999,0.554,0.338,-1.661
-0.632,1.195,2.633,1.015,0.606,-2.027
-0.42,0.929,2.365,0.829,0.825,-1.539
-0.805,1.219,2.316,0.915,0.679,-1.637
-0.913,1.33,2.511,0.968,0.582,-1.929
-0.766,1.168,2.389,0.881,0.752,-1.637
-0.53,1.289,3.047,1.175,0.996,-2.051
-0.725,1.24,2.535,1.007,0.777,-1.758
-1.11,1.368,2.413,0.799,0.509,-1.905
-0.566,1.125,2.145,0.972,0.484,-1.661
-1.144,1.256,1.877,0.518,0.24,-1.637
-0.566,1.164,2.291,1.017,0.801,-1.49
-0.925,1.205,2.121,0.772,0.435,-1.685
-0.886,1.297,2.706,0.948,0.606,-2.1
-0.983,1.35,2.438,0.925,0.338,-2.1
-0.666,1.134,2.218,0.918,0.411,-1.807
-0.198,0.891,2.974,0.869,0.679,-2.295
-0.715,0.945,1.536,0.618,0.143,-1.393
-0.942,1.386,2.876,1.017,0.655,-2.222
-1.459,1.531,1.658,0.466,-0.32,-1.978
-0.927,1.292,2.535,0.9,0.338,-2.197
0.467,0.495,0.561,0.163,0.679,0.119
-0.206,0.907,2.267,0.883,0.752,-1.515
-0.579,1.183,2.267,1.032,0.704,-1.563
-0.067,0.858,2.535,0.855,0.825,-1.71
-0.41,1.256,2.779,1.187,0.825,-1.953
-0.354,0.864,2.316,0.788,0.63,-1.685
-0.815,1.219,2.218,0.906,0.362,-1.856
-0.837,1.301,2.34,0.996,0.411,-1.929
-0.688,1.093,2.34,0.849,0.289,-2.051
-0.479,1.023,2.681,0.905,0.63,-2.051
-0.881,1.366,2.73,1.044,0.777,-1.953
-1.205,1.394,2.023,0.701,0.314,-1.71
-0.91,1.354,2.755,1.002,0.63,-2.124
-0.576,1.137,2.291,0.98,0.557,-1.734
-0.252,1.017,2.438,0.985,0.582,-1.856
-0.659,1.053,2.267,0.821,0.533,-1.734
-0.998,1.303,2.145,0.838,0.338,-1.807
-1.134,1.314,2.291,0.664,0.167,-2.124
-1.286,1.479,2.048,0.732,-0.198,-2.246
-1.654,1.818,2.511,0.756,0.167,-2.344
-0.827,1.213,2.535,0.887,0.314,-2.222
-1.649,1.745,1.999,0.572,-0.076,-2.075
0.065,0.272,0.975,0.264,0.606,-0.369
0.44,0.865,2.706,0.745,2.556,-0.15
0.206,0.286,0.536,0.197,0.46,-0.076
-0.281,0.825,2.389,0.776,0.411,-1.978
-0.011,0.616,2.145,0.615,0.46,-1.685
-0.418,0.928,2.291,0.829,0.509,-1.783
-0.05,0.587,2.121,0.585,0.362,-1.758
-0.003,0.282,0.999,0.282,0.46,-0.54
-0.508,0.97,2.462,0.827,0.387,-2.075
-0.006,0.688,2.73,0.688,0.923,-1.807
-0.262,0.811,2.73,0.768,0.582,-2.148
0.021,0.833,2.413,0.833,0.704,-1.71
0.109,0.64,2.218,0.63,0.728,-1.49
-0.679,1.156,2.365,0.936,0.484,-1.88
-0.067,0.301,0.829,0.294,0.265,-0.564
-0.766,1.251,2.511,0.989,0.46,-2.051
-0.206,0.571,1.975,0.533,0.265,-1.71
0.133,0.453,1.292,0.433,0.704,-0.588
-0.332,0.925,2.072,0.864,0.387,-1.685
0.155,0.221,0.463,0.158,0.387,-0.076
-0.264,0.73,2.243,0.681,0.411,-1.832
-0.267,0.91,2.218,0.87,0.606,-1.612
0.25,0.682,2.267,0.634,0.728,-1.539
-0.896,1.397,2.779,1.072,0.265,-2.514
-0.471,1.08,2.462,0.971,0.533,-1.929
-0.308,0.913,2.535,0.86,0.557,-1.978
-0.252,0.985,2.876,0.952,0.728,-2.148
-1.069,1.42,2.389,0.935,0.338,-2.051
-0.91,1.297,2.779,0.924,0.289,-2.49
0.031,0.313,0.78,0.311,0.484,-0.296
-0.203,0.896,2.876,0.873,1.069,-1.807
-0.016,0.858,2.633,0.858,0.728,-1.905
0.216,0.371,1.024,0.302,0.704,-0.32
0.275,0.335,0.683,0.192,0.582,-0.101
0.058,0.647,2.243,0.644,0.411,-1.832
0.665,0.838,1.414,0.511,1.654,0.24
0.172,0.305,0.658,0.252,0.484,-0.174
-0.02,0.234,0.853,0.233,0.509,-0.345
-0.069,0.197,0.512,0.184,0.167,-0.345
-0.042,0.569,2.048,0.567,0.582,-1.466
-0.396,1.039,2.73,0.96,0.509,-2.222
0.292,0.362,0.561,0.215,0.557,-0.003
0.226,0.423,1.146,0.357,0.923,-0.223
0.06,0.239,0.707,0.231,0.509,-0.198
0.282,0.461,0.975,0.365,0.606,-0.369
0.27,0.376,0.707,0.262,0.606,-0.101
0.089,0.227,0.804,0.209,0.435,-0.369
0.031,0.645,2.267,0.644,1.849,-0.418
-0.05,0.26,0.78,0.255,0.362,-0.418
0.08,0.653,2.365,0.648,1.874,-0.491
0.292,0.776,2.535,0.719,2.044,-0.491
0.031,0.377,1.316,0.376,0.435,-0.881
0.443,0.781,2.34,0.643,2.312,-0.028
0.231,0.398,0.926,0.325,0.704,-0.223
0.189,0.347,0.756,0.291,0.63,-0.125
0.221,0.393,0.951,0.326,0.704,-0.247
0.806,1.359,2.608,1.095,2.239,-0.369
-0.037,0.179,0.561,0.176,0.265,-0.296
0.623,0.982,2.194,0.759,1.971,-0.223
0.306,0.819,2.291,0.76,1.801,-0.491
0.177,0.61,2.072,0.584,1.703,-0.369
0.136,0.374,0.999,0.348,0.509,-0.491
0.27,0.693,2.291,0.638,2.02,-0.271
0.058,0.223,0.658,0.216,0.484,-0.174
0.228,0.741,2.681,0.705,2.117,-0.564
0.416,0.72,2.121,0.588,1.947,-0.174
0.043,0.235,0.756,0.231,0.362,-0.393
0.121,0.34,0.926,0.318,0.679,-0.247
0.253,0.832,2.34,0.793,1.752,-0.588
-0.15,0.284,0.609,0.242,0.167,-0.442
0.189,0.535,1.828,0.501,1.654,-0.174
-0.033,0.23,0.829,0.228,0.484,-0.345
0.08,0.198,0.585,0.181,0.411,-0.174
0.228,0.306,0.683,0.204,0.63,-0.052
0.223,0.288,0.634,0.182,0.435,-0.198
0.387,0.74,2.194,0.63,2.142,-0.052
0.131,0.3,0.878,0.27,0.606,-0.271
0.179,0.662,2.316,0.637,1.947,-0.369
0.109,0.388,1.073,0.372,0.752,-0.32
0.301,0.664,2.194,0.592,2.02,-0.174
0.043,0.277,0.878,0.273,0.533,-0.345
0.184,0.28,0.804,0.211,0.533,-0.271
0.236,0.337,0.878,0.241,0.679,-0.198
0.197,0.272,0.756,0.188,0.63,-0.125
0.46,0.939,2.852,0.818,2.532,-0.32
0.387,0.487,1.024,0.297,0.752,-0.271
0.06,0.44,1.56,0.436,0.655,-0.905
0.44,0.639,1.926,0.463,1.606,-0.32
0.021,0.25,0.975,0.249,0.63,-0.345
0.197,0.586,2.023,0.552,1.752,-0.271
0.055,0.311,1.073,0.306,0.362,-0.71
0.175,0.737,2.535,0.716,2.191,-0.345
0.292,0.651,2.121,0.583,1.996,-0.125
0.131,0.284,1.024,0.252,0.728,-0.296
-0.011,0.305,0.78,0.305,0.435,-0.345
0.399,0.776,2.511,0.665,2.288,-0.223
0.669,1.163,2.267,0.952,2.117,-0.15
0.233,0.334,0.804,0.239,0.509,-0.296
0.101,0.233,0.561,0.209,0.46,-0.101
0.162,0.467,1.292,0.437,0.972,-0.32
0.277,0.87,2.438,0.825,1.849,-0.588
0.006,0.497,1.755,0.497,1.045,-0.71
-0.03,0.119,0.366,0.116,0.192,-0.174
0.075,0.376,1.097,0.369,0.679,-0.418
0.07,0.161,0.463,0.145,0.314,-0.15
0.379,0.884,2.95,0.799,2.605,-0.345
-0.03,0.22,0.585,0.218,0.24,-0.345
0.333,0.783,2.511,0.708,2.264,-0.247
0.194,0.578,1.999,0.544,1.752,-0.247
0.158,0.56,1.95,0.537,1.532,-0.418
0.216,0.733,2.608,0.7,2.117,-0.491
0.155,0.935,2.657,0.922,2.191,-0.466
-0.042,0.246,0.683,0.242,0.314,-0.369
0.511,0.951,2.291,0.802,2.02,-0.271
0.155,0.33,0.902,0.291,0.533,-0.369
0.282,0.412,0.804,0.301,0.63,-0.174
0.133,0.325,1.073,0.296,0.509,-0.564
0.055,0.278,0.951,0.272,0.362,-0.588
-0.013,0.096,0.268,0.095,0.143,-0.125
0.362,0.826,2.511,0.743,2.142,-0.369
-0.011,0.298,1.097,0.298,0.777,-0.32
-0.003,0.489,1.755,0.489,1.362,-0.393
0.065,0.639,2.267,0.636,1.898,-0.369
0.311,0.778,2.73,0.713,2.312,-0.418
0.952,1.291,2.17,0.872,2.117,-0.052
0.243,0.403,1.097,0.321,0.825,-0.271
0.399,0.769,2.438,0.657,2.215,-0.223
0.487,0.994,2.511,0.867,2.166,-0.345
-0.011,0.214,0.585,0.214,0.216,-0.369
0.026,0.195,0.756,0.193,0.387,-0.369
0.214,0.703,1.926,0.67,1.63,-0.296
0.028,0.675,2.34,0.675,1.801,-0.54
-0.05,0.217,0.658,0.211,0.362,-0.296
-0.037,0.236,0.731,0.233,0.411,-0.32
0.15,0.52,1.78,0.497,1.557,-0.223
0.331,0.676,2.194,0.59,1.922,-0.271
0.355,0.887,2.608,0.813,2.069,-0.54
0.123,0.781,2.852,0.771,2.264,-0.588
0.143,0.406,1.438,0.38,0.996,-0.442
0.47,0.792,2.389,0.638,2.239,-0.15
-0.011,0.374,1.097,0.374,0.484,-0.613
0.682,1.201,2.389,0.988,1.898,-0.491
0.197,0.739,2.56,0.713,2.093,-0.466
0.474,1.041,2.535,0.926,2.069,-0.466
0.233,0.622,1.999,0.577,1.825,-0.174
0.031,0.366,1.268,0.365,0.655,-0.613
0.894,1.305,2.608,0.951,2.581,-0.028
0.477,0.815,2.145,0.661,1.849,-0.296
0.55,0.977,2.365,0.807,2.239,-0.125
0.218,0.626,2.121,0.587,1.752,-0.369
0.379,1.024,3.486,0.951,2.434,-1.052
0.718,1.243,2.511,1.015,2.02,-0.491
0.511,1.093,2.608,0.966,2.069,-0.54
-0.115,0.239,0.658,0.21,0.167,-0.491
-0.279,0.358,0.658,0.224,0.094,-0.564
-0.055,0.489,1.706,0.486,1.142,-0.564
0.17,0.642,2.121,0.619,1.776,-0.345
0.282,0.722,1.926,0.665,1.581,-0.345
0.679,1.133,2.365,0.907,2.142,-0.223
0.645,1.036,2.194,0.811,1.898,-0.296
0.289,0.73,2.316,0.67,2.02,-0.296
0.404,0.901,2.048,0.805,1.63,-0.418
0.443,1.065,3.023,0.969,2.581,-0.442
0.17,0.863,2.657,0.846,1.971,-0.686
0.041,0.641,2.194,0.64,1.557,-0.637
-0.318,0.368,0.609,0.186,0.07,-0.54
0.226,0.737,1.926,0.702,1.532,-0.393
0.621,1.038,1.999,0.832,1.679,-0.32
0.825,1.239,2.291,0.924,2.02,-0.271
0.501,1.098,2.438,0.976,1.996,-0.442
0.57,0.985,1.999,0.803,1.825,-0.174
0.465,1.027,2.316,0.916,1.898,-0.418
0.218,0.873,2.706,0.845,2.215,-0.491
0.818,1.33,2.706,1.049,2.069,-0.637
0.331,0.913,2.633,0.851,1.971,-0.662
0.453,1.163,2.828,1.072,2.191,-0.637
1.13,1.409,2.243,0.841,1.703,-0.54
-0.003,0.89,2.706,0.89,1.849,-0.857
0.301,1.098,2.681,1.056,1.874,-0.808
1.008,1.443,2.511,1.032,2.166,-0.345
1.467,1.581,2.413,0.589,2.312,-0.101
0.964,1.453,2.779,1.087,2.117,-0.662
0.76,1.21,2.438,0.942,1.922,-0.515
0.321,1.0,2.511,0.947,1.654,-0.857
0.591,1.15,2.73,0.987,1.996,-0.735
-0.008,0.728,2.243,0.728,1.654,-0.588
0.925,1.213,2.34,0.785,1.557,-0.783
0.214,1.015,2.657,0.992,1.532,-1.125
0.423,0.914,2.121,0.81,1.508,-0.613
0.099,0.927,2.413,0.921,1.557,-0.857
1.549,1.646,2.145,0.556,2.264,0.119
0.136,0.797,2.535,0.785,1.849,-0.686
1.064,1.446,2.291,0.978,2.069,-0.223
0.511,1.203,2.706,1.089,2.044,-0.662
1.04,1.465,2.803,1.031,1.971,-0.832
1.045,1.391,2.243,0.918,2.166,-0.076
0.479,0.964,2.121,0.836,1.532,-0.588
0.55,1.022,2.389,0.861,1.849,-0.54
0.56,1.174,2.389,1.031,1.776,-0.613
0.643,1.016,2.121,0.787,1.776,-0.345
-0.05,0.698,2.316,0.696,1.459,-0.857
0.794,1.35,2.681,1.092,2.264,-0.418
0.54,1.149,2.56,1.014,2.069,-0.491
0.555,1.185,2.974,1.047,2.312,-0.662
0.855,1.31,2.535,0.993,1.874,-0.662
0.435,1.017,2.096,0.919,1.532,-0.564
0.438,1.064,2.633,0.97,1.752,-0.881
0.633,1.002,2.121,0.777,1.874,-0.247
0.189,0.713,1.901,0.687,1.459,-0.442
0.375,0.722,2.145,0.617,1.362,-0.783
0.253,0.866,2.462,0.828,1.581,-0.881
0.362,0.723,2.438,0.625,2.069,-0.369
0.133,0.284,0.804,0.251,0.484,-0.32
-0.147,0.479,1.219,0.455,0.557,-0.662
0.223,0.386,1.17,0.315,0.752,-0.418
-0.084,0.69,2.316,0.685,0.435,-1.88
-0.325,1.104,3.12,1.055,0.825,-2.295
-0.172,0.833,2.803,0.815,0.216,-2.587
-0.423,0.965,3.12,0.868,0.265,-2.855
-0.349,0.798,2.828,0.718,0.411,-2.417
0.06,0.162,0.463,0.151,0.314,-0.15
-0.296,0.748,2.56,0.687,0.533,-2.027
-0.644,1.24,3.096,1.059,0.387,-2.709
-0.069,0.229,0.756,0.218,0.362,-0.393
-0.44,1.025,3.291,0.925,0.216,-3.075
-0.861,1.399,2.925,1.102,-0.003,-2.929
-0.676,1.252,2.779,1.054,0.24,-2.539
-0.949,1.335,2.73,0.939,-0.028,-2.758
-0.766,1.136,2.925,0.839,0.216,-2.709
-0.722,1.138,2.657,0.879,0.021,-2.636
-0.774,1.263,2.876,0.998,0.289,-2.587
-1.683,2.13,3.169,1.305,0.07,-3.099
-0.549,1.144,2.998,1.003,0.484,-2.514
-0.683,1.279,3.12,1.081,0.387,-2.734
-0.654,1.124,2.511,0.914,0.07,-2.441
-0.688,1.313,2.901,1.118,0.265,-2.636
-0.566,1.141,2.633,0.99,0.411,-2.222
-1.342,1.765,2.681,1.146,-0.125,-2.807
-1.249,1.56,2.535,0.935,-0.052,-2.587
-0.313,0.401,0.731,0.251,0.07,-0.662
-0.876,1.417,2.95,1.114,0.143,-2.807
-1.22,1.584,3.047,1.01,0.192,-2.855
-1.137,1.716,3.388,1.286,0.289,-3.099
-0.418,1.128,2.95,1.048,0.435,-2.514
-0.744,1.408,2.998,1.196,0.533,-2.465
-0.52,0.906,2.145,0.742,0.435,-1.71
-0.513,1.022,2.828,0.884,0.094,-2.734
-0.73,1.038,2.048,0.738,-0.101,-2.148
-1.066,1.551,3.047,1.127,0.314,-2.734
-0.859,1.185,2.243,0.817,-0.223,-2.465
-1.325,1.551,2.365,0.807,-0.296,-2.66
-0.708,1.109,2.56,0.853,0.192,-2.368
-0.827,1.281,2.828,0.978,0.314,-2.514
-1.812,1.961,2.413,0.751,-0.32,-2.734
-1.322,1.66,2.608,1.004,0.484,-2.124
-0.779,1.199,2.17,0.912,0.24,-1.929
-0.952,1.347,2.267,0.953,-0.003,-2.27
-0.584,0.934,2.365,0.729,0.216,-2.148
-0.8,1.087,2.048,0.736,-0.223,-2.27
-1.137,1.414,2.389,0.841,-0.052,-2.441
-1.295,1.603,2.535,0.944,0.07,-2.465
-1.049,1.369,2.535,0.88,0.07,-2.465
-1.551,1.797,2.218,0.908,-0.296,-2.514
-1.566,1.831,2.291,0.949,-0.271,-2.563
-0.761,1.243,2.901,0.982,0.167,-2.734
-0.903,1.209,2.243,0.804,-0.076,-2.319
-1.166,1.43,2.048,0.828,-0.296,-2.344
-0.559,1.271,3.071,1.142,0.63,-2.441
-0.408,0.738,2.267,0.614,0.119,-2.148
-0.852,1.195,2.316,0.838,-0.15,-2.465
-0.81,1.101,2.316,0.745,-0.003,-2.319
-1.785,2.033,2.56,0.972,-0.223,-2.782
-0.847,0.97,1.755,0.473,-0.296,-2.051
-0.974,1.198,2.34,0.698,-0.052,-2.392
-1.149,1.59,3.023,1.099,0.216,-2.807
-1.02,1.384,2.608,0.935,0.216,-2.392
-0.493,0.914,2.779,0.77,0.119,-2.66
-0.683,1.047,2.389,0.794,0.167,-2.222
-0.452,0.471,0.488,0.133,-0.247,-0.735
-0.786,0.932,1.877,0.501,-0.223,-2.1
-0.603,0.677,1.219,0.308,0.07,-1.149
-1.756,1.979,2.462,0.912,-0.223,-2.685
-0.861,1.065,2.511,0.626,-0.052,-2.563
-1.144,1.443,2.365,0.88,-0.198,-2.563
-1.015,1.36,2.657,0.905,0.119,-2.539
-1.134,1.418,2.462,0.851,-0.223,-2.685
-0.944,1.348,2.34,0.963,0.021,-2.319
-0.82,1.12,2.048,0.762,0.143,-1.905
-0.501,0.557,0.829,0.245,-0.028,-0.857
-0.623,0.845,2.218,0.572,0.021,-2.197
-0.779,0.962,2.048,0.566,-0.296,-2.344
-1.03,1.377,2.608,0.914,-0.198,-2.807
-0.552,0.582,0.585,0.184,-0.271,-0.857
-0.701,0.893,1.95,0.554,-0.003,-1.953
-0.527,0.563,0.683,0.197,-0.028,-0.71
-0.715,1.176,2.633,0.933,0.021,-2.612
-0.637,0.708,0.975,0.308,-0.028,-1.003
-0.864,1.377,3.12,1.072,0.07,-3.05
-0.245,0.301,0.683,0.175,0.07,-0.613
-0.462,0.815,2.438,0.671,0.045,-2.392
-0.688,1.053,2.34,0.797,-0.052,-2.392
-1.022,1.437,2.389,1.01,-0.271,-2.66
-0.808,0.959,1.999,0.516,-0.125,-2.124
-0.805,1.037,2.194,0.653,-0.223,-2.417
-0.42,0.466,0.585,0.202,-0.15,-0.735
-0.474,0.499,0.439,0.158,-0.223,-0.662
-0.371,0.49,0.926,0.319,0.045,-0.881
-0.571,0.735,1.438,0.462,0.24,-1.198
-0.559,0.832,1.877,0.616,0.216,-1.661
-0.357,0.418,0.78,0.218,-0.076,-0.857
-0.279,0.352,0.78,0.216,-0.052,-0.832
-0.452,0.53,0.951,0.278,0.045,-0.905
-0.459,0.521,0.804,0.245,-0.052,-0.857
-1.125,1.337,2.413,0.723,-0.101,-2.514
-0.813,0.911,1.414,0.412,-0.369,-1.783
-1.069,1.337,2.243,0.803,-0.369,-2.612
-1.078,1.282,2.121,0.693,-0.076,-2.197
-0.41,0.457,0.707,0.202,-0.247,-0.954
-0.813,1.2,2.73,0.883,-0.003,-2.734
-0.569,0.805,2.194,0.57,0.021,-2.173
-0.793,1.04,1.926,0.672,-0.125,-2.051
-1.364,1.697,2.462,1.01,-0.174,-2.636
-1.12,1.486,2.535,0.977,-0.223,-2.758
-1.088,1.454,2.389,0.964,-0.271,-2.66
-0.908,1.124,2.438,0.663,-0.247,-2.685
-0.547,0.611,0.999,0.273,-0.247,-1.247
-0.896,1.275,2.657,0.907,0.045,-2.612
-0.832,0.993,1.633,0.541,-0.223,-1.856
-1.49,1.779,2.413,0.971,-0.442,-2.855
-0.722,0.955,2.291,0.625,-0.15,-2.441
-0.798,1.142,2.194,0.818,-0.15,-2.344
-0.52,0.672,1.56,0.426,-0.15,-1.71
-0.566,0.981,2.17,0.801,0.045,-2.124
-0.644,0.773,1.584,0.427,-0.271,-1.856
-0.922,1.286,2.633,0.896,-0.076,-2.709
-1.205,1.528,2.755,0.939,-0.125,-2.88
-1.032,1.327,2.803,0.834,-0.003,-2.807
-1.151,1.457,2.608,0.893,-0.198,-2.807
-1.134,1.582,2.706,1.102,-0.101,-2.807
-1.659,2.015,2.876,1.144,0.119,-2.758
-0.33,0.362,0.488,0.149,-0.052,-0.54
-1.261,1.691,3.023,1.126,0.07,-2.953
-0.53,0.844,2.413,0.657,-0.028,-2.441
-0.457,0.555,1.097,0.315,-0.052,-1.149
-0.842,1.403,3.34,1.123,0.338,-3.002
-1.044,1.396,2.828,0.927,-0.15,-2.977
-1.407,1.962,3.169,1.367,-0.003,-3.172
-0.493,0.835,2.34,0.674,-0.15,-2.49
-1.066,1.453,2.828,0.987,-0.32,-3.148
-0.781,1.022,2.486,0.66,-0.174,-2.66
-0.754,1.264,3.047,1.014,0.265,-2.782
-1.398,1.759,3.096,1.068,-0.125,-3.221
-0.452,1.028,3.267,0.924,0.192,-3.075
-0.813,1.297,2.681,1.01,-0.125,-2.807
-0.549,0.953,2.803,0.779,-0.003,-2.807
-0.615,0.911,2.462,0.672,-0.101,-2.563
-0.932,1.487,3.267,1.159,0.045,-3.221
-1.388,1.668,2.486,0.924,-0.564,-3.05
-1.624,1.931,2.584,1.045,-0.515,-3.099
-1.042,1.384,2.608,0.911,-0.174,-2.782
-0.891,1.482,3.291,1.185,0.167,-3.124
-0.584,0.685,1.414,0.358,0.192,-1.222
-1.073,1.599,3.51,1.186,0.362,-3.148
-0.932,1.397,3.071,1.04,0.289,-2.782
-0.406,0.477,0.829,0.251,0.143,-0.686
-0.871,1.108,2.681,0.685,-0.003,-2.685
-0.786,0.844,0.829,0.309,-0.393,-1.222
-0.72,0.746,0.683,0.196,-0.393,-1.076
-0.062,0.918,2.681,0.915,1.63,-1.052
0.372,1.132,2.584,1.07,1.508,-1.076
-0.552,0.619,1.146,0.281,-0.101,-1.247
-0.637,0.719,1.097,0.334,0.07,-1.027
-0.296,0.605,1.633,0.527,0.704,-0.93
-0.276,0.843,2.389,0.796,1.508,-0.881
-0.096,0.548,1.584,0.54,0.874,-0.71
0.023,1.002,2.438,1.002,1.337,-1.1
-0.34,1.126,2.828,1.073,1.484,-1.344
-0.44,0.82,1.853,0.692,0.777,-1.076
-0.367,1.036,2.706,0.969,1.216,-1.49
-0.276,0.865,2.072,0.819,0.85,-1.222
-0.749,0.99,2.389,0.647,1.118,-1.271
0.223,1.023,2.633,0.999,1.654,-0.978
0.245,1.009,2.413,0.979,1.191,-1.222
-0.22,0.946,2.218,0.92,1.24,-0.978
-0.14,0.824,1.901,0.812,1.045,-0.857
-0.125,0.803,2.316,0.793,1.021,-1.295
0.418,1.083,2.486,0.999,1.264,-1.222
0.026,0.873,2.438,0.872,1.532,-0.905
-0.193,0.886,2.316,0.865,1.021,-1.295
-0.081,1.037,2.803,1.033,1.337,-1.466
-0.103,0.994,2.56,0.989,1.167,-1.393
0.35,1.048,2.876,0.988,1.386,-1.49
0.63,1.048,2.584,0.837,1.435,-1.149
0.392,0.887,2.048,0.796,1.313,-0.735
0.716,1.099,2.681,0.834,1.654,-1.027
0.713,1.074,2.34,0.803,1.532,-0.808
-0.215,0.886,2.462,0.859,1.337,-1.125
0.355,0.745,2.243,0.655,1.289,-0.954
0.396,1.12,2.56,1.047,1.362,-1.198
0.119,0.986,2.486,0.979,1.191,-1.295
0.535,1.023,2.365,0.872,1.069,-1.295
0.377,1.018,2.73,0.946,1.362,-1.368
-0.174,0.975,2.194,0.959,1.069,-1.125
0.572,1.131,2.901,0.976,1.727,-1.173
0.521,0.978,2.291,0.828,1.459,-0.832
0.15,1.024,2.706,1.013,1.435,-1.271
0.336,0.972,2.34,0.912,1.264,-1.076
0.611,1.016,2.56,0.812,1.337,-1.222
0.616,1.033,2.486,0.829,1.411,-1.076
0.582,0.838,2.17,0.603,0.996,-1.173
0.245,0.86,2.389,0.824,0.85,-1.539
0.206,1.029,2.779,1.008,1.411,-1.368
-0.055,0.949,2.17,0.947,1.118,-1.052
0.813,1.013,2.316,0.604,1.532,-0.783
0.579,1.002,2.267,0.818,1.606,-0.662
0.504,1.02,2.438,0.887,1.606,-0.832
1.133,1.174,0.975,0.31,1.508,0.533
0.618,1.005,2.218,0.792,1.289,-0.93
0.416,0.821,2.438,0.707,1.411,-1.027
0.131,0.954,2.365,0.945,0.947,-1.417
0.567,1.1,2.608,0.942,1.703,-0.905
0.297,1.024,2.608,0.98,1.703,-0.905
0.37,0.742,2.243,0.643,1.289,-0.954
0.406,1.193,2.73,1.121,1.557,-1.173
0.857,1.343,3.193,1.034,2.02,-1.173
0.903,1.243,2.608,0.854,1.849,-0.759
0.967,1.234,2.779,0.766,1.606,-1.173
0.711,1.101,2.291,0.841,1.337,-0.954
0.518,0.927,2.145,0.769,1.459,-0.686
0.528,0.871,2.121,0.692,1.313,-0.808
0.645,0.887,2.413,0.609,1.435,-0.978
0.379,0.935,2.413,0.854,1.435,-0.978
0.375,0.944,2.828,0.867,1.484,-1.344
0.462,0.96,2.462,0.842,1.24,-1.222
0.63,1.139,2.608,0.948,1.606,-1.003
0.986,1.176,2.365,0.64,1.557,-0.808
0.557,1.27,3.291,1.141,1.654,-1.637
1.25,1.325,1.194,0.442,1.971,0.777
0.414,0.97,2.243,0.877,1.386,-0.857
0.574,0.938,2.34,0.742,1.386,-0.954
0.489,1.003,2.56,0.875,1.581,-0.978
0.189,0.927,2.462,0.907,1.362,-1.1
0.284,0.76,1.853,0.705,0.923,-0.93
-0.04,0.854,1.926,0.853,0.874,-1.052
0.633,1.071,2.511,0.864,1.508,-1.003
0.392,0.933,2.023,0.847,1.191,-0.832
0.57,1.014,2.389,0.839,1.581,-0.808
0.477,0.951,2.389,0.823,1.337,-1.052
0.616,0.908,2.023,0.667,1.313,-0.71
0.423,1.033,2.243,0.942,1.289,-0.954
0.058,0.904,2.584,0.902,1.337,-1.247
0.431,0.97,2.608,0.869,1.411,-1.198
-0.042,0.995,2.56,0.994,1.094,-1.466
-0.123,0.737,2.145,0.727,0.996,-1.149
-0.44,0.955,2.486,0.848,1.069,-1.417
0.236,1.083,2.681,1.057,1.337,-1.344
0.158,0.932,2.267,0.918,1.337,-0.93
0.828,1.227,2.511,0.906,1.557,-0.954
0.318,1.11,2.852,1.063,1.703,-1.149
1.25,1.266,0.585,0.203,1.557,0.972
1.045,1.093,1.121,0.32,1.532,0.411
0.15,0.963,2.243,0.951,1.362,-0.881
0.35,0.922,2.17,0.853,1.24,-0.93
0.73,1.106,2.486,0.83,1.459,-1.027
0.404,0.938,2.56,0.847,1.289,-1.271
0.223,0.946,2.779,0.92,1.459,-1.32
0.284,0.885,2.462,0.838,1.386,-1.076
-0.359,1.019,2.56,0.954,1.216,-1.344
0.316,1.061,2.56,1.013,1.362,-1.198
-0.14,0.947,2.608,0.937,1.216,-1.393
0.143,1.011,2.389,1.001,1.24,-1.149
0.116,0.998,2.56,0.991,1.216,-1.344
0.277,0.929,2.535,0.886,1.386,-1.149
-0.245,1.054,2.413,1.025,1.167,-1.247
0.231,0.98,2.584,0.952,1.337,-1.247
-0.106,0.967,2.365,0.961,1.167,-1.198
-0.003,0.837,2.048,0.837,1.021,-1.027
-0.193,0.829,2.486,0.806,1.411,-1.076
0.348,0.929,2.121,0.861,1.484,-0.637
-0.198,0.946,2.389,0.925,1.386,-1.003
-0.045,0.928,2.316,0.927,1.24,-1.076
-0.291,0.961,2.389,0.916,1.289,-1.1
0.431,1.038,2.681,0.944,1.752,-0.93
-0.259,0.811,2.413,0.768,1.362,-1.052
-0.003,0.964,2.243,0.964,1.264,-0.978
-0.062,1.049,2.852,1.047,1.313,-1.539
-0.771,1.032,2.096,0.685,0.557,-1.539
-0.44,0.804,2.462,0.673,1.435,-1.027
0.067,1.009,2.608,1.006,1.484,-1.125
0.009,0.826,2.291,0.826,1.021,-1.271
0.116,0.938,2.267,0.931,1.386,-0.881
0.494,1.185,2.535,1.077,1.581,-0.954
-0.337,0.771,1.755,0.694,0.752,-1.003
0.067,0.988,2.657,0.986,1.532,-1.125
-0.574,0.864,1.999,0.645,0.972,-1.027
-0.803,0.971,1.901,0.547,0.582,-1.32
-0.374,1.036,2.584,0.966,1.289,-1.295
0.394,1.098,2.706,1.025,1.411,-1.295
0.389,1.053,2.535,0.979,1.216,-1.32
0.189,1.185,3.023,1.17,1.752,-1.271
0.27,0.998,2.316,0.961,1.484,-0.832
-0.081,0.877,2.389,0.873,1.362,-1.027
-0.157,0.837,2.267,0.822,1.313,-0.954
0.284,1.122,2.706,1.085,1.508,-1.198
-0.388,0.868,2.584,0.776,1.045,-1.539
-0.732,1.066,2.828,0.775,1.484,-1.344
0.231,0.951,2.413,0.922,1.264,-1.149
0.357,1.01,2.681,0.945,1.362,-1.32
-0.101,0.818,2.316,0.812,1.069,-1.247
-0.167,0.869,2.291,0.852,1.313,-0.978
0.674,1.187,2.779,0.977,1.63,-1.149
0.582,1.035,2.389,0.856,1.264,-1.125
0.258,1.037,2.657,1.005,1.679,-0.978
0.414,1.017,2.243,0.929,1.411,-0.832
0.289,0.98,2.365,0.936,1.24,-1.125
-0.24,0.875,2.17,0.841,0.972,-1.198
0.297,0.877,2.121,0.826,1.045,-1.076
0.635,0.92,2.365,0.666,1.094,-1.271
-0.34,0.721,1.511,0.636,0.655,-0.857
0.457,0.91,2.267,0.787,1.289,-0.978
0.348,0.851,2.218,0.776,1.264,-0.954
0.645,1.152,2.584,0.955,1.484,-1.1
0.75,1.243,2.681,0.991,1.484,-1.198
0.372,0.928,2.145,0.85,1.63,-0.515
0.126,1.022,2.389,1.014,1.411,-0.978
-0.001,0.995,3.047,0.995,1.606,-1.442
-0.047,1.127,2.56,1.126,1.313,-1.247
0.016,0.867,2.267,0.867,0.801,-1.466
0.504,1.042,2.828,0.912,1.362,-1.466
0.721,1.0,2.486,0.693,1.557,-0.93
0.223,0.887,2.486,0.858,1.264,-1.222
0.162,0.977,2.755,0.963,1.508,-1.247
0.404,0.967,2.438,0.879,1.581,-0.857
0.243,0.959,2.316,0.928,1.484,-0.832
1.008,1.13,1.877,0.51,1.532,-0.345
0.143,0.956,2.218,0.945,1.362,-0.857
0.326,1.063,3.071,1.012,1.532,-1.539
-0.023,1.216,3.047,1.216,1.459,-1.588
0.301,0.958,2.365,0.91,1.264,-1.1
0.384,0.954,2.194,0.873,1.191,-1.003
0.606,1.019,2.535,0.82,1.386,-1.149
0.599,0.968,2.291,0.761,1.191,-1.1
0.492,1.046,2.511,0.924,1.435,-1.076
0.316,1.097,2.803,1.05,1.727,-1.076
1.072,1.267,2.462,0.676,1.63,-0.832
0.665,1.092,2.633,0.866,1.337,-1.295
0.845,1.046,2.243,0.617,1.435,-0.808
0.404,0.958,2.901,0.868,1.386,-1.515
0.294,0.826,2.462,0.772,1.094,-1.368
-0.211,0.956,2.657,0.933,1.484,-1.173
0.574,1.004,2.048,0.823,1.313,-0.735
0.674,1.033,2.218,0.782,1.411,-0.808
0.723,0.985,2.413,0.669,1.386,-1.027
0.323,1.011,3.023,0.958,1.532,-1.49
0.867,0.943,1.194,0.37,1.264,0.07
0.855,1.09,2.511,0.677,1.484,-1.027
0.713,0.904,1.804,0.556,1.313,-0.491
0.479,1.058,2.852,0.943,1.508,-1.344
0.362,0.891,2.828,0.814,1.654,-1.173
-0.108,0.769,2.218,0.761,0.801,-1.417
0.316,0.911,2.828,0.854,1.313,-1.515
0.284,0.859,2.218,0.811,0.947,-1.271
0.623,0.762,1.511,0.439,0.874,-0.637
0.594,0.949,2.048,0.74,1.216,-0.832
0.589,1.158,2.852,0.997,1.679,-1.173
0.562,1.081,2.243,0.924,1.289,-0.954
0.579,1.112,2.218,0.949,1.289,-0.93
0.706,1.093,2.291,0.834,1.313,-0.978
0.44,0.892,2.316,0.776,1.264,-1.052
0.284,0.855,1.95,0.806,0.923,-1.027
0.567,0.936,2.194,0.745,1.191,-1.003
-0.167,1.058,2.73,1.045,1.167,-1.563
0.599,0.791,1.828,0.517,0.996,-0.832
0.435,0.894,2.291,0.781,1.045,-1.247
0.277,1.028,2.584,0.99,1.459,-1.125
0.409,1.08,2.56,1.0,1.386,-1.173
0.009,0.838,2.413,0.838,1.313,-1.1
0.282,0.886,2.511,0.84,1.386,-1.125
0.294,0.895,2.121,0.845,0.972,-1.149
0.404,1.051,2.486,0.971,1.435,-1.052
-0.542,0.997,2.56,0.836,0.874,-1.685
-0.157,0.997,2.535,0.984,1.191,-1.344
-0.076,0.954,2.681,0.951,1.094,-1.588
-0.857,0.931,1.389,0.364,0.119,-1.271
-0.888,1.011,1.804,0.483,0.265,-1.539
-0.715,0.976,2.048,0.665,0.533,-1.515
-0.893,0.921,0.829,0.227,-0.515,-1.344
-0.793,0.965,2.072,0.55,0.752,-1.32
-1.056,1.09,0.999,0.27,-0.613,-1.612
-1.039,1.114,1.146,0.4,-0.564,-1.71
-0.966,1.007,1.146,0.283,-0.54,-1.685
-1.134,1.221,1.316,0.452,-0.418,-1.734
-1.239,1.279,1.194,0.317,-0.564,-1.758
-1.229,1.263,0.951,0.289,-0.881,-1.832
-0.971,0.985,0.463,0.163,-0.759,-1.222
-1.327,1.353,0.829,0.265,-0.857,-1.685
-1.112,1.149,1.097,0.286,-0.491,-1.588
-1.178,1.397,2.852,0.751,-0.32,-3.172
-1.093,1.118,0.878,0.234,-0.466,-1.344
-1.327,1.412,1.828,0.484,-0.759,-2.587
-1.161,1.21,1.341,0.34,-0.296,-1.637
-1.042,1.074,0.731,0.26,-0.735,-1.466
-1.164,1.29,2.096,0.558,-0.588,-2.685
-1.093,1.283,2.438,0.672,-0.515,-2.953
-1.142,1.163,0.609,0.222,-0.808,-1.417
-1.061,1.086,0.78,0.231,-0.662,-1.442
-0.813,0.866,1.097,0.3,-0.15,-1.247
-0.42,1.129,2.876,1.048,1.289,-1.588
0.786,0.987,2.365,0.596,1.459,-0.905
0.618,1.056,2.779,0.856,1.581,-1.198
-0.184,0.906,2.316,0.887,1.094,-1.222
-0.245,0.879,2.243,0.845,1.094,-1.149
0.582,0.966,2.389,0.772,1.264,-1.125
0.236,0.972,2.511,0.943,1.313,-1.198
-0.235,1.031,2.608,1.003,1.313,-1.295
0.55,0.945,2.194,0.769,1.167,-1.027
0.969,1.169,2.486,0.653,1.63,-0.857
0.333,0.879,2.34,0.814,1.069,-1.271
0.899,1.047,1.975,0.537,1.435,-0.54
0.06,0.935,2.803,0.933,1.411,-1.393
0.521,0.885,2.438,0.715,1.264,-1.173
0.706,0.879,1.853,0.523,1.264,-0.588
0.294,0.922,2.438,0.874,1.386,-1.052
0.691,0.713,0.683,0.174,0.947,0.265
0.479,0.879,2.243,0.737,1.24,-1.003
0.228,0.744,2.096,0.708,0.947,-1.149
0.477,0.842,2.048,0.694,1.045,-1.003
1.077,1.103,0.707,0.239,1.362,0.655
0.357,0.884,2.511,0.808,1.435,-1.076
0.343,0.91,2.706,0.843,1.191,-1.515
0.872,0.888,0.463,0.167,1.094,0.63
0.423,1.091,2.73,1.006,1.459,-1.271
0.794,0.826,0.78,0.228,1.216,0.435
0.218,1.028,2.755,1.005,1.313,-1.442
0.499,0.796,2.145,0.62,1.045,-1.1
0.262,0.87,2.218,0.83,1.24,-0.978
0.384,0.993,2.584,0.916,1.069,-1.515
0.216,0.956,2.681,0.931,0.996,-1.685
0.223,0.942,2.389,0.915,1.069,-1.32
0.501,1.048,2.706,0.92,1.264,-1.442
0.545,0.982,2.56,0.817,1.508,-1.052
0.382,0.992,2.486,0.915,1.216,-1.271
0.365,0.703,1.926,0.601,1.021,-0.905
0.053,0.844,2.34,0.843,0.825,-1.515
0.306,0.935,2.462,0.884,1.24,-1.222
0.362,0.781,2.072,0.692,1.216,-0.857
-0.101,0.951,2.389,0.946,1.142,-1.247
0.655,0.933,2.413,0.665,1.386,-1.027
0.989,1.133,1.999,0.554,1.362,-0.637
0.911,1.127,2.535,0.664,1.581,-0.954
0.789,0.958,1.999,0.543,1.24,-0.759
0.967,1.166,2.389,0.651,1.484,-0.905
0.591,0.86,1.804,0.624,1.264,-0.54
0.301,0.957,2.413,0.909,1.191,-1.222
0.265,0.899,2.56,0.859,1.045,-1.515
0.067,0.851,2.072,0.848,0.85,-1.222
0.648,0.997,2.316,0.758,1.484,-0.832
0.721,1.049,2.755,0.762,1.435,-1.32
-0.152,0.921,2.291,0.908,0.923,-1.368
0.218,0.772,2.121,0.741,1.118,-1.003
0.796,0.917,1.56,0.454,1.069,-0.491
0.084,0.838,1.926,0.834,1.167,-0.759
1.128,1.166,0.975,0.296,1.459,0.484
0.409,0.893,2.194,0.794,1.167,-1.027
0.138,0.836,2.072,0.824,1.069,-1.003
0.309,0.757,2.17,0.691,1.167,-1.003
0.07,1.073,2.584,1.071,1.142,-1.442
0.57,0.897,2.584,0.693,1.142,-1.442
0.348,0.881,2.316,0.809,1.142,-1.173
0.404,1.01,2.413,0.925,1.411,-1.003
0.669,0.92,2.267,0.631,1.24,-1.027
-0.325,0.889,2.413,0.827,1.24,-1.173
0.357,1.083,2.657,1.023,1.654,-1.003
0.233,1.147,2.706,1.123,1.337,-1.368
0.297,0.748,2.316,0.686,0.923,-1.393
0.15,1.019,2.779,1.008,1.337,-1.442
0.789,0.984,2.218,0.588,1.362,-0.857
0.34,0.825,2.243,0.752,0.947,-1.295
0.63,0.841,1.975,0.556,0.996,-0.978
0.24,0.953,2.438,0.923,1.069,-1.368
0.167,1.083,2.779,1.07,1.069,-1.71
-0.033,0.702,1.926,0.701,0.923,-1.003
0.599,0.938,2.17,0.722,1.581,-0.588
0.021,0.986,2.365,0.986,1.313,-1.052
0.806,0.91,1.487,0.422,1.142,-0.345
0.757,1.017,2.462,0.679,1.264,-1.198
0.336,0.806,2.365,0.732,1.24,-1.125
0.801,0.85,0.902,0.284,1.142,0.24
0.601,0.929,2.511,0.709,1.045,-1.466
0.162,0.829,2.145,0.813,0.996,-1.149
0.084,1.087,2.925,1.083,1.386,-1.539
0.465,0.9,2.316,0.771,1.362,-0.954
0.331,0.92,2.608,0.858,1.484,-1.125
0.986,1.012,0.658,0.226,1.386,0.728
0.584,0.973,2.291,0.778,1.191,-1.1
0.708,0.999,2.121,0.705,1.289,-0.832
0.621,0.851,2.096,0.583,1.045,-1.052
0.309,0.766,2.194,0.701,0.996,-1.198
0.738,0.789,0.975,0.28,1.216,0.24
0.343,0.766,2.145,0.685,1.191,-0.954
0.613,0.973,2.779,0.755,1.24,-1.539
0.367,0.822,1.926,0.735,0.801,-1.125
0.772,0.897,1.78,0.456,1.289,-0.491
0.665,0.872,2.17,0.564,1.362,-0.808
0.86,1.008,1.975,0.527,1.289,-0.686
0.757,1.106,2.365,0.806,1.411,-0.954
0.706,1.257,3.071,1.04,1.874,-1.198
0.148,0.963,2.365,0.952,1.021,-1.344
0.487,0.747,1.804,0.567,1.191,-0.613
0.401,0.739,2.34,0.62,1.069,-1.271
0.557,0.863,1.975,0.659,1.289,-0.686
0.17,0.763,1.901,0.744,0.874,-1.027
0.577,0.593,0.463,0.14,0.801,0.338
0.845,0.864,0.561,0.182,1.069,0.509
0.626,1.036,2.608,0.826,1.386,-1.222
0.604,0.782,1.706,0.497,1.216,-0.491
0.933,0.965,0.829,0.247,1.289,0.46
0.328,1.08,2.828,1.029,1.435,-1.393
0.687,1.029,2.779,0.767,1.289,-1.49
0.638,0.838,1.975,0.544,1.045,-0.93
0.574,0.92,2.681,0.719,1.216,-1.466
0.667,0.703,0.78,0.223,0.899,0.119
0.418,0.84,2.316,0.729,1.289,-1.027
0.662,0.894,2.194,0.601,1.167,-1.027
0.221,0.899,2.267,0.872,1.069,-1.198
-0.488,0.863,2.121,0.712,0.825,-1.295
0.789,1.04,2.438,0.678,1.411,-1.027
0.684,0.755,1.194,0.32,0.947,-0.247
-0.164,0.907,2.072,0.892,0.825,-1.247
0.209,0.981,2.584,0.958,1.24,-1.344
-0.681,0.847,1.389,0.503,0.362,-1.027
-0.145,1.02,2.584,1.01,1.167,-1.417
0.284,0.881,2.901,0.834,1.24,-1.661
-0.669,1.111,2.511,0.887,0.899,-1.612
-0.291,0.96,2.535,0.914,1.069,-1.466
-0.537,1.171,2.73,1.04,1.386,-1.344
-0.332,0.982,2.633,0.924,1.045,-1.588
0.238,0.923,2.267,0.892,0.972,-1.295
0.638,0.919,2.511,0.662,1.264,-1.247
-0.142,1.091,2.633,1.082,1.264,-1.368
0.062,0.951,2.291,0.949,1.118,-1.173
-0.547,1.082,2.316,0.933,0.557,-1.758
-0.62,1.047,2.365,0.844,1.045,-1.32
-0.133,0.87,2.145,0.86,0.801,-1.344
-0.525,1.072,2.316,0.935,0.777,-1.539
0.428,0.789,2.438,0.663,1.021,-1.417
0.345,0.629,1.877,0.526,0.704,-1.173
0.696,1.025,2.73,0.752,1.24,-1.49
0.477,0.823,1.804,0.671,0.947,-0.857
0.894,0.933,0.804,0.268,1.289,0.484
0.214,0.797,2.121,0.768,0.825,-1.295
0.099,0.728,2.462,0.722,0.972,-1.49
0.667,0.753,1.17,0.35,1.362,0.192
0.323,0.88,2.291,0.819,0.923,-1.368
0.297,0.649,2.243,0.577,1.045,-1.198
0.299,0.793,2.779,0.734,1.045,-1.734
0.253,0.773,2.291,0.731,1.045,-1.247
0.311,0.979,2.925,0.928,1.094,-1.832
0.555,0.811,2.194,0.592,1.094,-1.1
0.862,0.88,0.658,0.176,1.264,0.606
0.616,0.637,0.561,0.163,0.801,0.24
0.635,0.94,2.511,0.693,1.191,-1.32
-0.52,0.918,1.731,0.757,0.435,-1.295
0.265,0.703,2.389,0.651,0.85,-1.539
0.611,0.657,0.975,0.241,1.118,0.143
0.806,0.846,0.999,0.257,1.386,0.387
0.138,0.919,2.389,0.908,0.972,-1.417
0.57,1.074,2.657,0.911,1.484,-1.173
0.762,0.82,0.829,0.303,1.069,0.24
0.899,0.967,1.146,0.356,1.435,0.289
0.613,0.886,2.291,0.639,1.045,-1.247
0.328,0.701,2.267,0.619,0.923,-1.344
-0.016,0.817,2.267,0.816,0.752,-1.515
0.448,0.53,0.853,0.284,0.923,0.07
0.189,0.674,2.633,0.647,1.118,-1.515
0.211,0.927,2.633,0.902,1.069,-1.563
0.131,0.819,2.413,0.809,1.264,-1.149
0.789,0.818,0.756,0.215,1.094,0.338
0.767,0.822,0.999,0.295,1.313,0.314
0.889,0.938,1.048,0.298,1.411,0.362
0.282,0.969,2.486,0.927,1.094,-1.393
0.282,0.908,2.511,0.863,1.289,-1.222
0.643,0.754,1.511,0.395,1.094,-0.418
0.531,0.605,1.073,0.291,1.021,-0.052
0.433,0.664,1.926,0.504,0.947,-0.978
-0.074,0.916,2.486,0.913,1.167,-1.32
0.428,0.786,2.511,0.659,1.216,-1.295
0.409,0.978,2.828,0.889,1.484,-1.344
0.874,0.93,0.829,0.318,1.289,0.46
0.375,0.93,2.852,0.852,1.216,-1.637
1.008,1.041,0.756,0.26,1.459,0.704
0.738,0.96,2.194,0.615,1.191,-1.003
1.042,1.063,0.634,0.206,1.191,0.557
0.226,0.78,2.267,0.747,0.947,-1.32
0.704,0.725,0.536,0.174,0.972,0.435
0.27,0.783,2.389,0.735,0.996,-1.393
0.516,0.655,1.511,0.404,0.947,-0.564
0.282,0.699,2.048,0.64,0.801,-1.247
0.526,0.939,2.511,0.778,1.142,-1.368
0.938,0.973,0.731,0.258,1.386,0.655
0.743,1.007,1.975,0.68,1.386,-0.588
0.95,0.973,0.634,0.21,1.289,0.655
0.487,0.851,2.121,0.699,1.142,-0.978
0.56,0.809,1.731,0.584,1.069,-0.662
0.562,0.785,1.853,0.548,1.021,-0.832
0.262,0.849,2.462,0.807,1.167,-1.295
0.496,0.787,2.34,0.611,1.094,-1.247
0.25,0.802,2.608,0.762,1.094,-1.515
0.501,0.889,2.681,0.734,1.118,-1.563
0.806,0.834,0.731,0.216,1.142,0.411
0.687,0.908,2.121,0.594,1.191,-0.93
0.83,0.96,1.584,0.482,1.313,-0.271
0.782,1.051,2.413,0.702,1.24,-1.173
0.979,1.002,0.634,0.211,1.289,0.655
0.433,0.939,2.608,0.833,1.216,-1.393
0.448,0.76,1.999,0.614,1.069,-0.93
0.253,1.009,2.876,0.977,1.021,-1.856
0.282,0.873,2.389,0.826,1.045,-1.344
0.465,0.719,1.975,0.549,0.899,-1.076
0.282,0.685,1.853,0.625,0.825,-1.027
0.718,0.989,2.389,0.68,1.142,-1.247
0.221,0.855,2.194,0.826,1.094,-1.1
0.26,0.768,2.096,0.723,1.094,-1.003
0.145,0.808,2.291,0.795,1.021,-1.271
-0.22,0.985,2.681,0.96,1.094,-1.588
-0.03,0.812,1.999,0.812,0.947,-1.052
-0.513,0.893,1.853,0.731,0.704,-1.149
-0.761,0.855,1.633,0.388,0.119,-1.515
-1.176,1.223,1.048,0.337,-0.759,-1.807
-1.249,1.263,0.634,0.185,-1.027,-1.661
-1.178,1.21,0.926,0.273,-0.93,-1.856
-0.964,0.984,0.707,0.197,-0.686,-1.393
-0.808,0.833,0.634,0.202,-0.515,-1.149
-1.115,1.134,0.585,0.206,-0.954,-1.539
-0.893,0.975,1.243,0.392,-0.247,-1.49
-0.959,0.991,0.731,0.249,-0.588,-1.32
-0.82,0.862,0.975,0.267,-0.418,-1.393
-1.115,1.147,0.804,0.27,-0.588,-1.393
-1.449,1.614,2.048,0.711,-0.759,-2.807
-1.025,1.081,0.975,0.344,-0.637,-1.612
-1.259,1.401,2.389,0.615,-0.442,-2.831
-1.066,1.22,1.95,0.593,-0.466,-2.417
-0.8,0.817,0.512,0.162,-0.491,-1.003
-1.066,1.109,0.951,0.307,-0.71,-1.661
-0.905,0.972,1.097,0.353,-0.418,-1.515
-1.125,1.382,2.316,0.803,-0.32,-2.636
-1.083,1.213,1.999,0.547,-0.662,-2.66
-1.298,1.473,2.438,0.698,-0.759,-3.197
-1.49,1.695,1.926,0.808,-0.832,-2.758
-1.139,1.16,0.658,0.216,-0.735,-1.393
-0.878,0.938,0.999,0.33,-0.393,-1.393
-1.117,1.275,2.316,0.614,-0.613,-2.929
-1.429,1.732,2.779,0.978,-0.271,-3.05
-1.156,1.299,2.121,0.591,-0.686,-2.807
-0.988,1.047,1.024,0.346,-0.588,-1.612
-1.071,1.416,2.925,0.927,-0.003,-2.929
-1.017,1.087,1.389,0.382,-0.125,-1.515
-1.464,1.662,2.267,0.788,-0.832,-3.099
-0.959,1.034,1.365,0.386,-0.15,-1.515
-1.205,1.226,0.609,0.227,-0.857,-1.466
-1.039,1.065,0.756,0.231,-0.662,-1.417
0.579,0.825,2.096,0.587,1.24,-0.857
0.004,0.829,2.218,0.829,0.85,-1.368
-0.084,1.187,3.12,1.184,1.459,-1.661
0.216,1.12,2.828,1.099,1.411,-1.417
0.218,0.96,2.413,0.935,1.289,-1.125
0.382,1.046,2.608,0.974,1.216,-1.393
-0.25,0.995,2.56,0.964,1.411,-1.149
0.638,1.11,2.633,0.909,1.411,-1.222
-0.31,0.908,2.438,0.854,1.021,-1.417
0.06,0.907,2.267,0.905,1.069,-1.198
-0.215,0.972,2.511,0.947,1.191,-1.32
0.633,0.807,1.828,0.5,1.021,-0.808
-0.22,0.903,2.365,0.876,0.874,-1.49
0.233,0.868,2.365,0.836,1.118,-1.247
0.64,0.798,1.804,0.476,1.069,-0.735
-0.137,1.044,2.56,1.035,1.069,-1.49
0.206,0.974,2.413,0.951,1.289,-1.125
-0.25,1.029,2.316,0.998,1.045,-1.271
-0.045,0.92,2.34,0.919,1.094,-1.247
0.557,1.104,3.145,0.953,1.874,-1.271
0.065,0.843,2.267,0.84,1.045,-1.222
-0.089,0.947,2.486,0.943,0.972,-1.515
0.253,0.849,2.365,0.811,1.069,-1.295
-0.342,1.055,2.34,0.998,0.923,-1.417
0.672,1.064,2.56,0.825,1.581,-0.978
0.796,1.027,2.243,0.649,1.24,-1.003
0.772,1.062,2.511,0.729,1.411,-1.1
-0.018,0.796,2.243,0.796,1.045,-1.198
0.662,1.023,2.243,0.779,1.337,-0.905
0.062,0.866,2.316,0.864,1.289,-1.027
0.743,0.998,2.511,0.667,1.313,-1.198
0.343,0.904,2.34,0.837,1.045,-1.295
0.199,0.929,2.681,0.908,1.337,-1.344
0.762,0.794,0.902,0.225,1.289,0.387
0.738,0.907,1.828,0.527,1.167,-0.662
0.002,0.916,2.584,0.916,1.313,-1.271
0.036,1.035,2.633,1.034,1.386,-1.247
0.045,0.843,2.194,0.842,1.362,-0.832
0.396,1.036,2.365,0.957,1.313,-1.052
-0.271,1.036,2.584,0.999,1.142,-1.442
0.516,0.794,2.194,0.604,1.094,-1.1
0.245,0.864,2.243,0.828,1.142,-1.1
-0.232,1.055,2.535,1.029,1.264,-1.271
0.923,0.96,0.902,0.265,1.313,0.411
0.216,1.006,2.462,0.982,1.069,-1.393
0.811,1.068,2.34,0.695,1.386,-0.954
0.011,0.992,2.584,0.992,1.386,-1.198
0.258,1.026,2.365,0.993,1.362,-1.003
0.267,0.842,2.316,0.799,1.264,-1.052
0.93,0.959,0.707,0.232,1.313,0.606
0.609,1.011,2.535,0.807,1.313,-1.222
0.433,0.901,2.291,0.79,1.167,-1.125
0.253,0.861,2.194,0.823,1.069,-1.125
0.277,0.989,2.486,0.949,1.094,-1.393
0.116,0.977,2.316,0.97,1.216,-1.1
0.557,0.75,1.828,0.503,0.996,-0.832
0.323,1.102,2.706,1.054,1.313,-1.393
-0.135,0.801,2.243,0.789,1.094,-1.149
0.669,1.024,2.34,0.775,1.24,-1.1
-0.203,1.021,2.584,1.001,1.191,-1.393
0.423,0.854,2.243,0.742,1.508,-0.735
0.665,0.979,2.56,0.719,1.216,-1.344
0.031,1.078,2.681,1.078,1.337,-1.344
0.304,1.077,2.876,1.033,1.313,-1.563
0.282,0.841,2.608,0.792,1.045,-1.563
0.053,0.934,2.511,0.932,1.142,-1.368
0.45,0.874,2.243,0.749,1.216,-1.027
0.362,1.046,2.438,0.982,1.313,-1.125
-0.254,0.807,2.194,0.766,1.045,-1.149
0.84,0.975,1.828,0.494,1.411,-0.418
0.401,0.851,1.877,0.751,1.216,-0.662
0.738,0.988,2.072,0.657,1.362,-0.71
0.414,1.002,2.681,0.913,1.411,-1.271
0.479,0.946,2.486,0.816,1.289,-1.198
0.75,0.777,0.585,0.201,1.069,0.484
0.106,0.949,2.34,0.943,1.118,-1.222
0.423,0.79,2.048,0.667,1.167,-0.881
0.092,0.881,2.218,0.877,1.142,-1.076
0.484,1.083,2.633,0.969,1.362,-1.271
0.981,1.093,1.755,0.481,1.386,-0.369
0.633,1.117,2.535,0.92,1.776,-0.759
0.184,0.919,2.291,0.9,0.996,-1.295
0.896,1.071,2.023,0.587,1.264,-0.759
0.131,0.938,2.755,0.928,1.484,-1.271
0.206,0.951,2.218,0.928,0.972,-1.247
0.087,0.861,2.365,0.857,1.191,-1.173
-0.154,1.074,2.633,1.063,1.289,-1.344
0.075,0.913,2.56,0.91,1.167,-1.393
-0.154,1.094,2.389,1.083,1.094,-1.295
0.769,0.912,1.755,0.489,1.411,-0.345
1.03,1.051,0.683,0.207,1.435,0.752
0.428,0.875,2.243,0.763,1.167,-1.076
0.44,0.867,2.511,0.747,1.508,-1.003
0.533,0.874,2.365,0.692,1.386,-0.978
0.528,1.017,2.438,0.869,1.191,-1.247
-0.15,0.816,2.023,0.802,0.996,-1.027
0.228,0.837,2.023,0.805,0.874,-1.149
0.216,0.901,2.218,0.874,1.045,-1.173
-0.454,1.037,2.291,0.932,0.85,-1.442
0.306,0.853,2.365,0.796,1.386,-0.978
0.435,1.062,2.462,0.968,1.289,-1.173
0.74,1.027,2.316,0.712,1.508,-0.808
-0.13,0.895,2.657,0.886,1.362,-1.295
0.689,1.04,2.194,0.779,1.411,-0.783
0.626,0.972,2.365,0.744,1.337,-1.027
-0.081,1.171,2.755,1.168,1.337,-1.417
-0.744,0.955,1.901,0.598,0.411,-1.49
0.377,0.945,2.121,0.867,1.216,-0.905
0.582,0.738,1.682,0.454,1.24,-0.442
0.019,0.898,2.316,0.898,1.386,-0.93
0.825,0.872,1.024,0.282,1.289,0.265
0.328,0.847,2.096,0.781,1.216,-0.881
0.082,1.048,2.755,1.044,1.435,-1.32
0.482,1.146,2.706,1.039,1.411,-1.295
-0.203,1.074,2.657,1.055,1.264,-1.393
0.511,0.895,2.267,0.735,1.386,-0.881
0.338,0.985,2.535,0.925,1.289,-1.247
0.445,0.826,2.608,0.696,1.411,-1.198
-0.403,0.985,2.243,0.899,0.85,-1.393
0.275,0.787,2.023,0.738,1.216,-0.808
0.189,0.904,2.584,0.884,1.435,-1.149
0.37,0.875,2.291,0.793,1.313,-0.978
0.743,0.967,2.34,0.619,1.289,-1.052
0.036,1.032,2.462,1.031,1.191,-1.271
0.716,0.984,2.365,0.675,1.167,-1.198
0.47,0.91,2.633,0.78,1.337,-1.295
0.37,0.986,3.047,0.914,1.557,-1.49
0.289,0.818,2.145,0.765,0.947,-1.198
-0.296,1.112,2.681,1.072,1.142,-1.539
0.206,0.938,2.535,0.915,1.216,-1.32
0.455,0.825,2.267,0.688,0.972,-1.295
0.423,0.835,2.096,0.72,0.996,-1.1
0.197,0.938,2.608,0.917,1.142,-1.466
0.392,0.827,2.267,0.728,1.191,-1.076
0.55,0.741,1.731,0.496,0.972,-0.759
0.204,0.892,2.218,0.868,1.142,-1.076
0.411,0.957,2.462,0.864,1.094,-1.368
0.684,0.978,2.56,0.699,1.337,-1.222
0.414,1.029,2.876,0.942,1.484,-1.393
0.092,0.819,2.438,0.814,0.996,-1.442
0.077,0.696,2.218,0.692,1.045,-1.173
0.487,0.727,1.975,0.541,1.045,-0.93
0.406,0.742,2.438,0.621,1.167,-1.271
-0.291,1.0,2.438,0.956,1.069,-1.368
0.453,1.097,2.584,0.999,1.386,-1.198
0.009,0.853,2.535,0.853,0.947,-1.588
0.101,0.875,2.438,0.869,1.191,-1.247
-0.886,1.132,2.511,0.705,1.167,-1.344
0.477,0.519,0.658,0.205,0.704,0.045
0.279,0.959,2.901,0.918,1.167,-1.734
0.272,0.777,2.852,0.727,1.167,-1.685
0.34,0.982,2.828,0.921,1.216,-1.612
0.267,0.984,2.389,0.947,1.24,-1.149
0.062,0.841,2.121,0.838,1.118,-1.003
0.275,0.934,2.243,0.892,1.167,-1.076
0.687,0.931,2.267,0.629,1.118,-1.149
-0.193,1.072,2.657,1.054,1.167,-1.49
-0.313,0.944,2.462,0.891,0.947,-1.515
0.555,0.84,2.121,0.631,1.069,-1.052
0.162,1.1,2.633,1.088,1.142,-1.49
-0.464,1.144,2.535,1.045,0.85,-1.685
0.031,0.827,2.316,0.827,1.118,-1.198
0.328,0.881,2.828,0.818,1.581,-1.247
-0.037,1.062,2.438,1.062,1.191,-1.247
0.894,0.933,0.878,0.268,1.216,0.338
0.065,0.895,2.365,0.892,1.191,-1.173
-0.133,0.953,2.486,0.944,1.191,-1.295
0.989,1.025,0.902,0.27,1.459,0.557
0.348,0.898,2.316,0.828,1.045,-1.271
-0.313,0.981,2.34,0.93,0.899,-1.442
0.565,0.717,1.536,0.441,1.045,-0.491
0.523,0.854,2.34,0.675,0.947,-1.393
0.153,0.964,2.462,0.952,1.021,-1.442
-0.05,1.02,2.633,1.019,1.459,-1.173
-0.025,0.864,2.486,0.864,1.216,-1.271
0.46,0.823,2.657,0.683,1.191,-1.466
0.604,1.045,2.657,0.853,1.289,-1.368
0.138,1.011,2.584,1.001,1.362,-1.222
0.24,0.907,2.316,0.875,1.045,-1.271
0.131,0.713,2.194,0.701,0.752,-1.442
0.255,0.628,2.34,0.574,1.118,-1.222
-0.157,0.848,2.316,0.833,0.777,-1.539
-0.279,0.91,2.218,0.867,0.874,-1.344
0.138,0.795,2.389,0.783,0.801,-1.588
0.033,0.743,2.17,0.742,0.972,-1.198
0.518,0.85,2.633,0.674,1.216,-1.417
0.421,1.007,2.803,0.915,1.776,-1.027
0.682,0.869,1.853,0.539,0.923,-0.93
0.701,0.829,1.536,0.442,1.264,-0.271
0.223,0.733,1.975,0.699,0.874,-1.1
0.382,0.731,2.438,0.623,1.167,-1.271
0.484,0.747,2.072,0.569,1.094,-0.978
0.17,0.87,2.779,0.854,1.045,-1.734
-0.05,0.882,2.267,0.881,0.825,-1.442
0.192,0.795,2.291,0.772,0.85,-1.442
0.345,0.877,2.73,0.806,1.118,-1.612
0.83,0.85,0.561,0.182,1.118,0.557
0.672,0.696,0.536,0.183,1.045,0.509
0.426,0.799,2.462,0.677,0.923,-1.539
0.45,0.76,2.17,0.612,0.923,-1.247
0.155,0.769,2.243,0.753,0.85,-1.393
0.14,0.903,2.584,0.892,0.874,-1.71
0.014,0.901,2.243,0.901,0.874,-1.368
0.143,0.483,1.755,0.462,0.63,-1.125
-0.337,1.017,2.535,0.96,0.777,-1.758
0.238,0.784,2.706,0.747,1.094,-1.612
0.084,0.842,2.681,0.838,0.874,-1.807
-0.067,1.061,2.633,1.059,1.118,-1.515
-0.388,1.169,2.706,1.102,1.142,-1.563
-0.349,1.076,2.681,1.018,1.069,-1.612
-0.13,1.075,2.779,1.067,1.362,-1.417
-0.347,1.153,2.901,1.099,1.021,-1.88
-0.142,0.881,2.194,0.869,0.825,-1.368
0.394,0.736,2.438,0.622,1.118,-1.32
-0.474,0.98,2.243,0.858,0.533,-1.71
-1.205,1.337,2.096,0.58,0.435,-1.661
-0.306,0.832,2.048,0.774,0.752,-1.295
-0.293,0.87,2.462,0.819,0.923,-1.539
0.331,0.92,2.243,0.859,1.118,-1.125
0.404,0.855,1.999,0.753,1.167,-0.832
0.375,0.719,1.901,0.614,0.972,-0.93
0.021,0.927,2.657,0.926,1.216,-1.442
-0.379,0.969,2.243,0.892,0.85,-1.393
0.109,0.833,2.389,0.826,0.972,-1.417
0.197,0.835,1.999,0.811,0.972,-1.027
0.35,1.015,2.608,0.952,1.045,-1.563
0.238,0.926,2.608,0.895,1.24,-1.368
0.009,0.914,2.145,0.914,0.947,-1.198
-0.028,0.973,2.389,0.972,1.045,-1.344
0.889,0.949,1.194,0.333,1.337,0.143
0.321,1.007,2.633,0.954,1.216,-1.417
0.735,0.977,2.389,0.644,1.557,-0.832
0.24,0.926,2.462,0.895,1.24,-1.222
-0.125,0.957,2.486,0.949,1.167,-1.32
0.377,0.729,2.365,0.624,0.996,-1.368
0.258,0.6,2.048,0.542,0.801,-1.247
0.435,0.746,2.243,0.606,1.045,-1.198
0.387,0.656,2.023,0.53,1.045,-0.978
-0.228,0.937,2.34,0.909,0.996,-1.344
0.226,1.02,2.876,0.994,1.191,-1.685
-0.335,0.928,2.413,0.865,0.874,-1.539
0.304,0.893,2.535,0.84,1.142,-1.393
0.199,0.851,2.316,0.827,1.069,-1.247
0.477,0.875,2.096,0.733,1.142,-0.954
0.382,0.909,2.365,0.825,1.216,-1.149
0.362,0.648,1.658,0.537,0.996,-0.662
0.506,0.723,1.853,0.516,0.923,-0.93
-0.052,0.887,2.584,0.886,1.216,-1.368
0.131,0.942,2.413,0.933,1.191,-1.222
0.489,0.884,2.316,0.737,1.362,-0.954
0.74,0.924,1.95,0.553,1.069,-0.881
0.336,0.853,2.145,0.784,0.947,-1.198
0.221,0.616,1.584,0.575,0.801,-0.783
0.218,0.802,2.316,0.771,0.874,-1.442
0.165,0.906,2.462,0.891,1.094,-1.368
-0.237,0.975,2.706,0.946,0.923,-1.783
-0.357,1.08,2.584,1.02,0.874,-1.71
0.123,0.921,2.267,0.913,0.947,-1.32
0.435,0.979,2.608,0.876,1.045,-1.563
0.499,0.768,2.194,0.583,1.142,-1.052
0.201,0.999,2.462,0.978,1.313,-1.149
0.279,0.917,2.121,0.874,1.167,-0.954
0.496,0.916,2.267,0.77,1.045,-1.222
0.596,1.022,2.681,0.83,1.679,-1.003
0.041,0.94,2.316,0.939,1.045,-1.271
-0.513,0.964,2.243,0.817,0.972,-1.271
0.214,0.876,2.511,0.85,1.045,-1.466
0.119,0.878,2.462,0.87,1.337,-1.125
0.401,0.886,2.95,0.79,1.094,-1.856
0.058,0.961,2.755,0.959,1.094,-1.661
0.767,0.804,0.853,0.24,1.118,0.265
0.496,0.904,2.291,0.756,1.216,-1.076
0.221,0.905,2.267,0.878,1.167,-1.1
0.701,0.754,1.024,0.278,1.094,0.07
0.014,0.824,2.17,0.824,0.825,-1.344
-0.398,1.223,2.755,1.157,1.069,-1.685
0.116,0.829,2.34,0.821,0.85,-1.49
0.523,0.916,2.852,0.752,1.167,-1.685
0.27,0.902,2.608,0.861,0.996,-1.612
0.401,0.781,2.389,0.67,0.874,-1.515
0.399,0.833,2.95,0.732,1.313,-1.637
0.187,0.963,2.56,0.945,1.167,-1.393
0.687,0.864,2.121,0.524,1.411,-0.71
0.433,0.937,2.145,0.831,1.216,-0.93
0.426,0.855,2.462,0.741,1.045,-1.417
0.579,0.648,1.048,0.291,1.191,0.143
0.226,0.767,2.096,0.733,0.85,-1.247
0.226,0.581,1.926,0.535,0.679,-1.247
0.548,0.576,0.609,0.18,0.704,0.094
0.328,0.629,1.877,0.537,0.655,-1.222
-0.303,1.218,3.193,1.179,1.289,-1.905
0.484,0.929,2.218,0.793,1.216,-1.003
0.648,0.732,1.048,0.342,1.362,0.314
0.511,0.749,1.975,0.548,1.216,-0.759
0.099,0.887,2.243,0.881,0.996,-1.247
0.579,0.67,0.975,0.337,1.167,0.192
-0.176,0.937,2.316,0.92,0.752,-1.563
0.484,0.87,2.486,0.722,1.167,-1.32
0.34,0.422,0.756,0.25,0.752,-0.003
0.172,0.688,2.389,0.667,0.63,-1.758
0.504,0.612,1.097,0.348,1.167,0.07
0.477,0.528,0.683,0.226,0.874,0.192
0.799,0.863,1.219,0.326,1.435,0.216
0.648,0.688,0.853,0.233,1.118,0.265
0.343,0.624,1.828,0.521,0.63,-1.198
0.253,0.788,2.17,0.746,0.874,-1.295
0.591,0.61,0.512,0.149,0.874,0.362
0.384,0.556,1.463,0.402,0.801,-0.662
0.253,0.327,0.707,0.208,0.63,-0.076
0.494,0.531,0.683,0.195,0.874,0.192
0.253,0.594,1.975,0.538,0.704,-1.271
0.182,0.716,2.048,0.692,0.899,-1.149
0.596,0.672,1.024,0.311,1.045,0.021
0.562,0.637,0.926,0.3,1.118,0.192
0.706,0.815,1.243,0.406,1.484,0.24
0.318,0.648,1.999,0.565,0.752,-1.247
0.426,0.738,2.316,0.603,1.021,-1.295
0.36,0.441,0.829,0.255,0.825,-0.003
0.065,0.707,2.096,0.704,0.899,-1.198
0.375,0.435,0.561,0.221,0.728,0.167
0.34,0.415,0.878,0.237,0.996,0.119
0.409,0.468,0.829,0.228,0.801,-0.028
0.618,0.694,1.292,0.315,1.216,-0.076
0.365,0.458,1.024,0.277,0.947,-0.076
0.431,0.5,0.926,0.254,0.874,-0.052
0.682,0.963,2.706,0.68,2.459,-0.247
0.772,1.204,2.438,0.924,2.142,-0.296
0.855,1.226,2.681,0.879,2.654,-0.028
0.533,0.564,0.561,0.185,0.801,0.24
0.345,0.418,0.853,0.236,0.85,-0.003
0.301,0.407,0.756,0.273,0.752,-0.003
0.321,0.447,0.999,0.311,0.874,-0.125
0.282,0.437,1.024,0.334,0.825,-0.198
0.272,0.728,2.438,0.676,2.142,-0.296
0.579,0.826,2.194,0.589,2.117,-0.076
0.772,0.973,2.389,0.592,2.41,0.021
0.679,0.969,2.34,0.691,2.264,-0.076
0.674,0.937,2.34,0.651,2.507,0.167
0.726,1.12,2.291,0.853,2.483,0.192
0.462,0.673,1.755,0.489,1.727,-0.028
0.365,0.835,2.681,0.751,2.556,-0.125
-0.367,0.859,1.926,0.777,0.362,-1.563
-0.949,1.34,2.608,0.945,0.435,-2.173
-1.02,1.413,2.413,0.978,0.338,-2.075
-0.593,0.904,1.78,0.682,-0.052,-1.832
-0.488,1.166,3.023,1.059,0.996,-2.027
-0.476,0.999,2.56,0.878,0.582,-1.978
-0.145,0.833,2.34,0.82,0.533,-1.807
-0.569,1.171,2.438,1.023,0.752,-1.685
-1.366,1.5,2.267,0.619,0.435,-1.832
-1.049,1.47,2.633,1.03,0.606,-2.027
-0.966,1.403,2.462,1.017,0.509,-1.953
-0.608,1.013,2.535,0.81,0.557,-1.978
-1.656,1.667,0.658,0.187,-1.393,-2.051
-0.535,1.087,2.413,0.946,0.557,-1.856
-0.427,1.054,2.486,0.963,0.704,-1.783
-0.469,1.183,2.803,1.086,1.24,-1.563
-0.891,1.328,2.56,0.986,0.704,-1.856
-0.876,1.372,2.486,1.056,0.801,-1.685
-0.781,1.158,2.145,0.855,0.338,-1.807
-0.83,1.236,2.779,0.916,0.752,-2.027
-1.183,1.46,2.291,0.855,0.289,-2.002
-0.969,1.33,2.438,0.912,0.362,-2.075
-1.481,1.565,1.999,0.508,-0.198,-2.197
-1.444,1.624,2.267,0.744,0.094,-2.173
-0.903,1.315,2.633,0.956,0.582,-2.051
-1.076,1.296,1.999,0.723,-0.028,-2.027
-1.222,1.418,2.706,0.719,0.679,-2.027
-0.688,1.125,2.17,0.89,0.314,-1.856
-1.005,1.451,2.438,1.046,0.582,-1.856
-0.442,1.121,2.925,1.031,0.825,-2.1
-1.42,1.603,2.803,0.745,0.46,-2.344
-0.781,1.175,2.511,0.878,0.119,-2.392
-0.925,1.309,2.34,0.927,0.557,-1.783
-1.076,1.323,2.096,0.77,0.46,-1.637
-1.195,1.439,2.267,0.802,0.314,-1.953
-0.825,1.169,2.267,0.829,0.435,-1.832
-0.552,1.157,2.681,1.017,0.752,-1.929
-0.018,0.839,2.608,0.838,0.606,-2.002
-0.203,1.114,2.876,1.095,0.777,-2.1
-0.64,1.158,2.291,0.965,0.752,-1.539
-0.674,1.196,2.365,0.989,0.63,-1.734
-1.13,1.373,2.291,0.781,0.411,-1.88
-1.239,1.503,2.56,0.851,0.411,-2.148
-0.603,1.214,2.755,1.053,0.484,-2.27
-0.793,1.334,2.779,1.073,0.704,-2.075
-1.534,1.667,1.999,0.653,-0.125,-2.124
-0.883,1.367,2.56,1.043,0.435,-2.124
-0.084,0.766,2.072,0.761,0.533,-1.539
-1.278,1.509,2.486,0.802,0.509,-1.978
-0.796,1.281,2.438,1.004,0.655,-1.783
-1.108,1.349,2.316,0.77,0.411,-1.905
-0.783,1.231,2.584,0.95,0.752,-1.832
-0.459,1.077,2.657,0.974,0.484,-2.173
-1.127,1.324,2.048,0.694,-0.052,-2.1
-1.451,1.669,2.365,0.825,0.265,-2.1
-1.602,1.754,2.511,0.713,0.387,-2.124
-1.13,1.534,2.608,1.038,0.387,-2.222
-0.671,1.095,2.681,0.865,0.411,-2.27
-1.2,1.391,2.267,0.704,0.46,-1.807
-0.725,1.221,2.413,0.982,0.655,-1.758
-1.115,1.421,2.876,0.881,0.484,-2.392
-0.576,1.099,2.657,0.936,0.752,-1.905
-1.259,1.516,2.706,0.844,0.752,-1.953
-1.522,1.635,1.901,0.597,-0.32,-2.222
-0.564,1.061,2.365,0.899,0.143,-2.222
-0.454,0.729,1.999,0.57,0.314,-1.685
-1.198,1.508,2.852,0.916,0.557,-2.295
-1.617,1.672,1.511,0.426,-0.418,-1.929
-1.017,1.368,2.438,0.915,0.46,-1.978
-0.51,1.032,2.779,0.897,0.728,-2.051
-0.783,1.213,2.291,0.926,0.704,-1.588
-0.842,1.42,2.974,1.143,0.85,-2.124
-0.254,0.718,2.145,0.672,0.435,-1.71
-1.334,1.526,2.438,0.741,0.192,-2.246
-1.147,1.405,2.584,0.811,0.557,-2.027
-0.956,1.438,2.901,1.074,0.533,-2.368
-1.49,1.81,2.56,1.026,0.167,-2.392
-0.966,1.277,2.023,0.835,0.094,-1.929
-1.264,1.602,2.584,0.984,0.362,-2.222
-0.481,1.014,2.681,0.893,0.338,-2.344
-0.362,0.822,2.218,0.738,0.484,-1.734
-0.725,1.271,2.803,1.044,0.655,-2.148
-0.123,0.856,2.316,0.847,0.533,-1.783
-1.147,1.441,2.243,0.873,0.216,-2.027
-0.725,1.227,2.803,0.99,0.509,-2.295
-1.176,1.587,2.681,1.065,0.24,-2.441
-0.41,0.838,2.803,0.731,0.411,-2.392
-0.464,0.952,2.486,0.831,0.314,-2.173
-0.905,1.286,2.34,0.913,0.411,-1.929
-1.161,1.516,2.681,0.974,0.606,-2.075
-1.049,1.438,2.438,0.983,0.216,-2.222
-1.032,1.239,1.78,0.686,0.094,-1.685
-0.596,1.364,2.998,1.227,0.825,-2.173
-0.608,0.958,2.023,0.741,0.167,-1.856
0.099,0.246,0.853,0.225,0.704,-0.15
-0.486,0.988,2.389,0.86,0.216,-2.173
-0.206,0.661,1.682,0.628,0.265,-1.417
-0.013,0.317,0.975,0.316,0.411,-0.564
0.009,0.287,1.073,0.287,0.533,-0.54
0.062,0.225,0.683,0.216,0.435,-0.247
0.099,0.704,2.511,0.697,2.02,-0.491
0.253,0.405,1.073,0.316,0.972,-0.101
0.382,0.404,0.39,0.131,0.533,0.143
0.08,0.271,0.902,0.259,0.606,-0.296
0.34,0.714,2.17,0.628,2.093,-0.076
0.552,0.843,2.072,0.637,1.898,-0.174
0.37,0.883,2.096,0.802,1.776,-0.32
0.111,0.825,2.438,0.817,1.776,-0.662
1.106,1.559,2.755,1.099,2.239,-0.515
0.14,0.334,1.024,0.303,0.387,-0.637
0.343,0.651,2.145,0.553,1.898,-0.247
0.304,0.408,0.902,0.272,0.85,-0.052
0.248,0.554,1.731,0.496,1.337,-0.393
0.584,1.134,3.047,0.972,2.483,-0.564
0.509,0.95,2.267,0.803,2.093,-0.174
0.545,0.964,2.608,0.795,2.361,-0.247
0.492,1.047,2.413,0.925,2.02,-0.393
0.628,0.998,2.608,0.776,2.312,-0.296
0.57,1.073,2.608,0.909,2.142,-0.466
0.184,0.953,2.73,0.935,2.142,-0.588
0.947,1.431,3.096,1.073,2.483,-0.613
0.443,0.819,2.486,0.689,2.483,-0.003
0.362,0.534,1.536,0.392,1.313,-0.223
0.828,1.083,2.072,0.698,2.361,0.289
0.445,0.694,1.975,0.532,1.947,-0.028
0.221,0.285,0.536,0.18,0.46,-0.076
0.294,0.665,2.096,0.597,2.044,-0.052
0.577,0.92,2.121,0.717,1.922,-0.198
0.36,0.75,2.34,0.658,1.874,-0.466
0.306,0.649,2.023,0.572,1.776,-0.247
0.65,1.115,2.194,0.906,2.069,-0.125
0.492,0.882,1.926,0.732,1.947,0.021
0.84,1.344,2.73,1.048,2.556,-0.174
0.377,0.473,0.829,0.286,0.801,-0.028
0.362,0.422,0.609,0.217,0.704,0.094
0.84,1.162,2.34,0.802,2.386,0.045
0.231,0.622,2.145,0.578,1.727,-0.418
0.743,1.18,2.657,0.917,2.459,-0.198
0.204,0.337,0.951,0.268,0.606,-0.345
0.44,0.805,1.975,0.674,1.849,-0.125
0.384,0.691,2.072,0.574,1.898,-0.174
0.214,0.688,2.34,0.654,2.044,-0.296
0.696,1.132,2.681,0.892,2.581,-0.101
0.765,1.136,2.413,0.84,2.361,-0.052
0.421,0.531,1.365,0.323,1.069,-0.296
0.66,1.013,2.56,0.768,2.166,-0.393
0.513,0.9,2.316,0.74,2.117,-0.198
0.265,0.685,2.291,0.632,2.044,-0.247
0.262,0.776,2.633,0.73,2.361,-0.271
0.238,0.336,0.707,0.238,0.557,-0.15
0.411,0.658,2.121,0.514,1.801,-0.32
1.233,1.547,2.438,0.936,2.581,0.143
0.221,0.421,1.316,0.358,0.825,-0.491
0.601,0.822,2.096,0.56,2.191,0.094
0.606,0.752,1.584,0.444,1.801,0.216
0.465,0.526,0.683,0.246,0.801,0.119
0.618,0.954,2.121,0.727,2.166,0.045
1.228,1.62,2.608,1.057,2.654,0.045
0.477,0.921,2.657,0.787,2.117,-0.54
0.414,0.753,2.34,0.63,2.093,-0.247
1.135,1.463,2.243,0.923,2.264,0.021
0.062,0.293,0.853,0.286,0.557,-0.296
0.611,0.996,2.657,0.787,2.824,0.167
0.028,0.301,0.951,0.3,0.484,-0.466
0.406,0.556,1.268,0.38,1.045,-0.223
0.903,1.303,2.511,0.939,2.507,-0.003
0.694,0.871,1.95,0.526,2.142,0.192
0.977,1.359,2.316,0.945,2.483,0.167
0.638,0.889,1.926,0.619,2.02,0.094
0.182,0.253,0.634,0.175,0.582,-0.052
0.355,0.517,1.146,0.375,0.947,-0.198
0.401,0.899,2.413,0.805,2.191,-0.223
0.562,0.895,2.048,0.696,1.898,-0.15
0.255,0.333,0.78,0.215,0.655,-0.125
0.477,0.546,0.878,0.265,0.85,-0.028
0.84,1.166,2.145,0.808,2.288,0.143
1.006,1.263,2.072,0.764,2.581,0.509
0.501,0.855,2.486,0.693,2.483,-0.003
0.46,0.597,1.17,0.38,1.191,0.021
0.782,1.005,2.56,0.632,2.483,-0.076
0.518,0.881,2.755,0.713,2.507,-0.247
0.072,0.262,0.731,0.252,0.338,-0.393
0.47,0.558,0.853,0.301,0.923,0.07
0.233,0.658,2.243,0.615,1.874,-0.369
0.138,0.289,0.78,0.254,0.557,-0.223
0.345,0.507,1.341,0.372,1.094,-0.247
0.462,0.527,0.951,0.254,1.094,0.143
0.433,0.484,0.609,0.217,0.679,0.07
0.582,0.634,1.024,0.253,1.094,0.07
0.487,0.54,0.926,0.233,0.947,0.021
0.406,0.429,0.512,0.138,0.655,0.143
0.365,0.446,0.731,0.256,0.801,0.07
-0.003,0.549,2.072,0.549,0.728,-1.344
0.199,0.392,1.024,0.338,0.582,-0.442
0.248,0.355,0.731,0.254,0.509,-0.223
0.245,0.624,2.023,0.574,0.704,-1.32
0.414,0.471,0.926,0.226,0.972,0.045
0.479,0.577,1.17,0.322,1.142,-0.028
0.565,0.648,1.121,0.318,1.24,0.119
0.655,0.711,0.951,0.276,1.289,0.338
0.643,0.702,1.024,0.283,1.069,0.045
0.377,0.482,0.975,0.3,0.752,-0.223
0.548,0.592,0.707,0.224,0.85,0.143
0.34,0.409,0.609,0.227,0.679,0.07
0.209,0.266,0.609,0.165,0.509,-0.101
0.211,0.675,2.413,0.641,0.825,-1.588
0.394,0.485,0.902,0.282,0.874,-0.028
0.474,0.553,1.024,0.284,1.24,0.216
0.779,0.856,0.951,0.354,1.362,0.411
0.862,1.029,2.048,0.561,2.459,0.411
0.46,0.514,0.658,0.23,0.801,0.143
0.372,0.428,0.804,0.211,0.85,0.045
0.17,0.278,0.756,0.22,0.411,-0.345
0.128,0.275,0.804,0.244,0.557,-0.247
0.048,0.171,0.536,0.164,0.362,-0.174
0.145,0.228,0.707,0.176,0.484,-0.223
0.187,0.306,0.658,0.243,0.46,-0.198
0.57,0.856,2.462,0.639,2.239,-0.223
0.377,0.447,0.78,0.241,0.801,0.021
0.677,1.049,2.267,0.801,2.215,-0.052
0.545,0.984,2.243,0.819,2.191,-0.052
0.499,0.553,0.829,0.238,1.045,0.216
0.119,0.303,1.048,0.279,0.606,-0.442
0.331,0.369,0.585,0.164,0.704,0.119
0.387,0.438,0.609,0.206,0.606,-0.003
0.687,1.128,2.243,0.894,2.142,-0.101
0.275,0.429,0.999,0.329,0.752,-0.247
0.674,1.073,2.34,0.835,2.361,0.021
0.808,1.141,2.462,0.805,2.239,-0.223
0.862,1.236,2.681,0.886,2.678,-0.003
0.696,0.955,1.804,0.654,1.922,0.119
0.372,0.433,0.731,0.221,0.704,-0.028
0.484,0.57,0.902,0.3,0.874,-0.028
0.292,0.376,0.756,0.237,0.728,-0.028
0.375,0.86,2.34,0.774,1.849,-0.491
0.711,1.109,2.17,0.851,2.117,-0.052
0.143,0.252,0.731,0.207,0.46,-0.271
0.243,0.621,2.121,0.571,1.825,-0.296
0.377,0.858,2.657,0.771,2.191,-0.466
0.674,1.02,2.511,0.765,2.532,0.021
0.279,0.387,1.073,0.268,0.899,-0.174
0.46,0.507,0.683,0.213,0.777,0.094
0.372,0.447,0.829,0.247,0.777,-0.052
0.404,0.687,2.145,0.556,1.971,-0.174
0.557,1.031,2.803,0.868,2.532,-0.271
0.496,1.006,2.73,0.875,2.532,-0.198
0.204,0.351,0.804,0.285,0.679,-0.125
0.643,0.908,1.926,0.641,1.898,-0.028
0.548,1.058,2.779,0.905,2.264,-0.515
0.453,0.875,2.925,0.748,2.41,-0.515
0.721,1.164,3.023,0.914,2.581,-0.442
0.272,0.405,1.219,0.3,0.777,-0.442
0.094,0.278,0.707,0.261,0.435,-0.271
0.367,0.473,0.853,0.298,0.752,-0.101
0.453,0.949,3.12,0.835,2.849,-0.271
0.326,0.726,2.389,0.648,2.02,-0.369
0.348,0.537,1.438,0.409,1.459,0.021
0.616,0.988,2.365,0.772,2.434,0.07
0.601,0.988,2.34,0.783,2.191,-0.15
0.47,0.767,2.194,0.607,2.215,0.021
0.177,0.324,0.926,0.272,0.582,-0.345
0.652,0.877,2.145,0.587,2.069,-0.076
0.886,1.059,2.048,0.58,2.434,0.387
0.428,0.614,1.389,0.44,1.435,0.045
0.472,0.888,2.243,0.753,1.752,-0.491
0.648,1.026,2.95,0.796,2.654,-0.296
0.45,1.003,2.56,0.897,2.142,-0.418
1.074,1.552,2.95,1.12,2.507,-0.442
0.416,0.749,2.291,0.623,2.142,-0.15
0.543,0.886,2.73,0.701,2.434,-0.296
0.791,1.108,2.194,0.776,2.312,0.119
0.545,0.873,2.462,0.682,2.507,0.045
0.377,0.647,1.853,0.525,1.825,-0.028
0.487,0.771,2.243,0.598,2.093,-0.15
0.789,1.044,1.78,0.684,1.971,0.192
0.384,0.808,2.633,0.711,2.312,-0.32
0.258,0.74,2.608,0.693,2.142,-0.466
0.031,0.123,0.317,0.119,0.192,-0.125
0.062,0.18,0.585,0.169,0.411,-0.174
0.431,0.826,2.584,0.705,2.507,-0.076
0.996,1.372,2.365,0.943,2.459,0.094
0.538,1.214,3.462,1.088,3.044,-0.418
0.852,1.224,2.486,0.878,2.337,-0.15
0.818,1.275,2.389,0.977,2.361,-0.028
0.674,0.99,2.145,0.725,1.801,-0.345
0.279,0.588,1.975,0.517,1.581,-0.393
0.267,0.671,2.218,0.615,2.02,-0.198
-0.137,0.326,1.048,0.296,0.289,-0.759
0.255,0.301,0.512,0.16,0.557,0.045
-0.574,1.115,2.925,0.956,0.533,-2.392
-0.481,1.038,2.657,0.92,0.411,-2.246
-0.527,1.015,2.389,0.867,0.289,-2.1
-0.576,0.977,2.243,0.788,0.314,-1.929
-1.21,1.522,2.608,0.923,0.704,-1.905
-1.303,1.38,1.365,0.457,-0.466,-1.832
-0.974,1.315,2.803,0.885,0.704,-2.1
-0.954,1.235,1.975,0.784,0.216,-1.758
-1.483,1.541,1.487,0.418,-0.247,-1.734
-1.225,1.472,2.096,0.817,0.045,-2.051
-1.234,1.4,2.462,0.661,0.411,-2.051
-0.337,0.885,2.316,0.818,0.484,-1.832
-0.037,0.304,0.878,0.302,0.435,-0.442
-0.293,0.98,2.535,0.935,0.655,-1.88
-1.186,1.28,1.804,0.483,0.192,-1.612
-0.549,1.06,2.56,0.907,1.069,-1.49
-0.949,1.272,2.755,0.847,0.63,-2.124
-1.166,1.411,2.486,0.794,0.484,-2.002
-0.871,1.197,2.291,0.82,0.582,-1.71
-0.571,1.134,2.779,0.98,0.728,-2.051
-1.371,1.47,1.853,0.532,0.07,-1.783
-1.047,1.366,2.316,0.877,0.411,-1.905
-1.381,1.559,2.462,0.723,0.46,-2.002
-0.752,1.232,2.657,0.976,0.947,-1.71
-1.044,1.23,2.023,0.651,0.509,-1.515
-0.464,1.217,2.901,1.125,1.167,-1.734
0.426,0.57,1.341,0.379,1.045,-0.296
0.34,0.45,1.024,0.294,0.85,-0.174
0.489,0.513,0.512,0.156,0.777,0.265
0.233,0.394,1.024,0.318,0.63,-0.393
0.243,0.289,0.536,0.157,0.582,0.045
0.384,0.478,0.951,0.285,0.85,-0.101
0.331,0.409,0.829,0.24,0.85,0.021
0.067,0.583,2.121,0.58,0.606,-1.515
0.323,0.446,0.78,0.307,0.63,-0.15
0.557,0.591,0.731,0.198,0.899,0.167
0.494,0.531,0.536,0.195,0.752,0.216
0.401,0.454,0.683,0.213,0.777,0.094
0.462,0.519,0.756,0.235,0.777,0.021
0.838,1.228,2.511,0.898,2.41,-0.101
0.523,0.694,1.706,0.456,1.63,-0.076
0.34,0.511,1.17,0.381,0.728,-0.442
0.172,0.341,1.073,0.294,0.679,-0.393
0.375,0.741,2.438,0.639,2.044,-0.393
0.243,0.311,0.756,0.195,0.557,-0.198
0.431,0.598,1.487,0.414,1.021,-0.466
0.301,0.458,1.024,0.345,0.923,-0.101
0.47,0.531,1.024,0.249,0.874,-0.15
0.657,0.7,0.804,0.241,0.972,0.167
0.348,0.413,0.658,0.223,0.728,0.07
0.611,0.786,2.048,0.495,1.922,-0.125
0.421,0.798,2.608,0.678,2.361,-0.247
0.233,0.359,1.048,0.273,0.947,-0.101
0.172,0.286,0.683,0.228,0.435,-0.247
0.36,0.465,1.024,0.295,0.85,-0.174
0.379,0.445,0.756,0.232,0.825,0.07
0.287,0.424,0.999,0.312,0.752,-0.247
0.416,0.482,0.804,0.243,0.752,-0.052
0.487,0.606,1.194,0.361,1.142,-0.052
