mean,RMS,ptp,std,max,min
-0.147,0.977,2.293,0.966,1.167,-1.125
-0.137,1.104,2.324,1.095,1.412,-0.911
0.271,1.182,2.66,1.151,1.871,-0.789
-0.83,0.874,0.581,0.274,-0.636,-1.217
-0.565,0.645,0.703,0.312,-0.3,-1.003
-0.198,0.386,0.703,0.331,0.036,-0.667
0.668,1.639,3.424,1.496,2.757,-0.667
0.281,0.309,0.275,0.13,0.373,0.097
0.077,0.391,0.856,0.384,0.617,-0.239
-0.106,0.376,0.764,0.36,0.403,-0.361
0.505,1.168,2.293,1.053,1.993,-0.3
-0.463,0.524,0.52,0.245,-0.117,-0.636
-0.157,0.289,0.581,0.242,0.097,-0.483
-0.769,0.782,0.306,0.144,-0.667,-0.973
-0.096,1.087,2.629,1.083,1.32,-1.309
0.994,1.61,2.813,1.266,2.023,-0.789
0.22,1.069,2.507,1.046,1.626,-0.881
-0.341,0.341,0.031,0.014,-0.331,-0.361
-0.331,0.526,0.978,0.409,0.097,-0.881
0.077,0.383,0.795,0.375,0.342,-0.453
-0.218,0.35,0.642,0.274,0.159,-0.483
-0.392,0.394,0.092,0.043,-0.331,-0.422
-0.504,0.547,0.52,0.212,-0.239,-0.759
0.281,0.747,1.467,0.692,1.259,-0.208
-0.331,0.385,0.459,0.198,-0.055,-0.514
-0.677,0.681,0.153,0.072,-0.575,-0.728
-0.463,0.545,0.611,0.288,-0.055,-0.667
-0.514,0.53,0.275,0.13,-0.422,-0.697
0.128,0.241,0.489,0.204,0.342,-0.147
-0.443,0.47,0.336,0.159,-0.331,-0.667
0.006,0.132,0.306,0.132,0.128,-0.178
-0.127,0.203,0.336,0.159,0.097,-0.239
0.322,0.975,2.14,0.92,1.595,-0.545
-0.392,0.616,1.009,0.476,0.281,-0.728
-0.066,1.266,2.782,1.264,1.718,-1.064
-0.392,0.413,0.306,0.132,-0.269,-0.575
-0.708,0.869,1.223,0.504,-0.147,-1.37
-0.351,0.372,0.275,0.123,-0.178,-0.453
-0.188,0.31,0.55,0.246,0.159,-0.392
-0.157,0.301,0.611,0.256,0.189,-0.422
-0.269,0.505,1.039,0.427,0.281,-0.759
0.699,1.461,2.782,1.284,2.513,-0.269
-0.157,0.218,0.367,0.15,0.036,-0.331
-0.402,0.547,0.887,0.371,0.097,-0.789
-0.229,0.24,0.153,0.072,-0.178,-0.331
-0.769,0.846,0.764,0.353,-0.269,-1.034
0.311,1.441,3.057,1.407,2.299,-0.759
-0.382,0.425,0.459,0.187,-0.147,-0.606
-0.147,0.337,0.734,0.303,0.189,-0.545
-0.076,0.361,0.764,0.353,0.189,-0.575
-0.178,0.204,0.245,0.1,-0.055,-0.3
0.26,0.619,1.284,0.562,1.045,-0.239
-0.004,0.301,0.734,0.301,0.342,-0.392
-0.239,0.24,0.061,0.025,-0.208,-0.269
-0.086,0.373,0.887,0.363,0.342,-0.545
-0.259,0.372,0.642,0.267,0.097,-0.545
-0.106,0.287,0.581,0.267,0.097,-0.483
-0.341,0.409,0.52,0.227,-0.025,-0.545
-0.137,0.339,0.673,0.31,0.097,-0.575
0.22,0.5,1.101,0.449,0.77,-0.331
-0.076,0.085,0.092,0.038,-0.025,-0.117
-0.096,0.327,0.703,0.312,0.342,-0.361
0.199,0.534,1.162,0.496,0.678,-0.483
-0.331,0.337,0.153,0.066,-0.269,-0.422
-0.188,0.485,0.948,0.447,0.128,-0.82
-0.239,0.568,1.253,0.516,0.342,-0.911
-0.361,0.371,0.183,0.086,-0.239,-0.422
-0.086,0.195,0.428,0.175,0.128,-0.3
-0.351,0.454,0.611,0.288,-0.147,-0.759
0.016,0.143,0.336,0.142,0.159,-0.178
-0.483,0.57,0.642,0.303,-0.055,-0.697
0.138,0.389,0.825,0.364,0.648,-0.178
-0.331,0.42,0.55,0.259,0.036,-0.514
0.118,0.36,0.795,0.34,0.587,-0.208
-0.178,0.178,0.0,0.0,-0.178,-0.178
-0.178,0.297,0.52,0.238,0.159,-0.361
-0.922,0.935,0.336,0.159,-0.697,-1.034
-0.657,0.739,0.825,0.339,-0.269,-1.095
-0.341,0.389,0.397,0.187,-0.208,-0.606
-0.31,0.433,0.703,0.302,-0.025,-0.728
-0.371,0.407,0.367,0.166,-0.239,-0.606
-0.351,0.635,1.284,0.529,0.342,-0.942
-0.443,0.446,0.122,0.052,-0.392,-0.514
-0.331,0.421,0.581,0.261,0.036,-0.545
-0.453,0.461,0.183,0.086,-0.331,-0.514
-0.861,0.972,1.101,0.453,-0.269,-1.37
-0.545,0.546,0.092,0.043,-0.483,-0.575
-0.626,0.684,0.673,0.275,-0.3,-0.973
-0.239,0.243,0.092,0.043,-0.208,-0.3
-0.585,0.643,0.642,0.267,-0.3,-0.942
-0.259,0.834,1.681,0.793,0.862,-0.82
-0.28,0.323,0.397,0.162,-0.086,-0.483
-0.025,0.09,0.183,0.086,0.036,-0.147
-0.331,0.423,0.611,0.264,-0.086,-0.697
-0.351,0.365,0.214,0.101,-0.208,-0.422
-0.361,0.393,0.367,0.156,-0.147,-0.514
-0.249,0.438,0.764,0.36,0.006,-0.759
-0.331,0.374,0.397,0.175,-0.086,-0.483
-0.534,0.544,0.214,0.101,-0.392,-0.606
-0.443,0.522,0.673,0.276,-0.086,-0.759
0.087,1.135,2.415,1.131,1.687,-0.728
-0.392,0.408,0.275,0.114,-0.239,-0.514
0.556,1.401,2.904,1.286,2.36,-0.545
-0.667,0.771,0.948,0.388,-0.178,-1.125
-0.208,0.285,0.428,0.195,-0.055,-0.483
-0.636,0.676,0.55,0.229,-0.392,-0.942
-0.667,0.691,0.428,0.18,-0.422,-0.85
-0.677,0.725,0.611,0.26,-0.422,-1.034
0.301,1.564,3.485,1.535,2.452,-1.034
-0.667,0.762,0.795,0.368,-0.147,-0.942
-0.738,0.98,1.437,0.644,-0.208,-1.645
0.322,1.06,2.354,1.01,1.718,-0.636
-0.443,0.604,0.948,0.41,0.128,-0.82
-0.188,0.332,0.581,0.274,0.006,-0.575
-0.29,0.446,0.734,0.339,0.189,-0.545
-0.208,0.316,0.581,0.238,0.067,-0.514
-0.239,0.328,0.55,0.225,0.036,-0.514
0.576,1.264,2.66,1.125,2.115,-0.545
-0.728,0.767,0.55,0.241,-0.392,-0.942
-0.463,0.616,0.948,0.406,0.097,-0.85
-0.962,1.029,0.825,0.364,-0.453,-1.278
-0.697,0.875,1.223,0.528,-0.208,-1.431
-0.534,0.732,1.162,0.5,0.159,-1.003
-0.708,0.738,0.459,0.209,-0.545,-1.003
0.301,0.369,0.489,0.212,0.495,0.006
-0.3,0.313,0.214,0.09,-0.208,-0.422
-0.218,0.235,0.214,0.088,-0.117,-0.331
-0.341,0.492,0.856,0.354,0.128,-0.728
-0.28,0.33,0.428,0.175,-0.055,-0.483
-0.534,0.556,0.367,0.153,-0.331,-0.697
-0.636,0.726,0.795,0.349,-0.331,-1.125
-0.555,0.601,0.489,0.231,-0.392,-0.881
0.403,0.935,1.834,0.844,1.595,-0.239
-0.351,0.365,0.214,0.101,-0.208,-0.422
0.036,0.329,0.795,0.327,0.403,-0.392
-0.504,0.543,0.428,0.202,-0.361,-0.789
0.75,1.259,2.415,1.011,2.115,-0.3
-0.371,0.461,0.581,0.274,-0.178,-0.759
-0.402,0.45,0.489,0.202,-0.178,-0.667
-0.392,0.413,0.275,0.13,-0.3,-0.575
-0.616,0.826,1.315,0.55,0.128,-1.187
-0.748,0.749,0.061,0.029,-0.728,-0.789
-0.382,0.55,0.856,0.397,-0.086,-0.942
-0.188,0.22,0.245,0.115,-0.025,-0.269
-0.382,0.504,0.795,0.33,-0.025,-0.82
-0.647,0.677,0.428,0.202,-0.361,-0.789
-0.371,0.544,0.887,0.398,0.189,-0.697
-0.229,0.439,0.795,0.375,0.036,-0.759
-0.422,0.491,0.611,0.25,-0.117,-0.728
-0.861,0.903,0.611,0.275,-0.636,-1.248
0.424,1.487,3.332,1.425,2.39,-0.942
-0.677,0.728,0.581,0.267,-0.3,-0.881
-0.514,0.545,0.428,0.18,-0.269,-0.697
-0.361,0.563,0.917,0.432,0.25,-0.667
0.454,1.404,2.904,1.328,2.329,-0.575
-0.096,0.415,0.856,0.404,0.189,-0.667
0.546,1.025,2.018,0.868,1.748,-0.269
0.097,0.162,0.275,0.13,0.281,0.006
-0.178,0.38,0.795,0.336,0.281,-0.514
-0.106,0.516,1.07,0.504,0.25,-0.82
-0.667,0.737,0.764,0.313,-0.3,-1.064
-0.066,0.409,0.856,0.404,0.22,-0.636
-0.555,0.582,0.428,0.177,-0.361,-0.789
-0.534,0.571,0.428,0.202,-0.392,-0.82
-0.32,0.44,0.734,0.301,0.067,-0.667
-0.178,0.28,0.459,0.216,-0.025,-0.483
-0.647,0.664,0.367,0.153,-0.483,-0.85
-0.443,0.471,0.367,0.16,-0.3,-0.667
-0.269,0.503,1.039,0.424,0.25,-0.789
-0.677,0.68,0.153,0.063,-0.606,-0.759
-0.524,0.588,0.581,0.267,-0.147,-0.728
-0.759,0.826,0.795,0.327,-0.331,-1.125
-0.759,0.8,0.611,0.253,-0.483,-1.095
-0.81,0.993,1.406,0.575,-0.086,-1.492
-0.32,0.363,0.397,0.17,-0.086,-0.483
0.75,1.293,2.293,1.053,2.237,-0.055
-0.157,0.201,0.306,0.126,0.006,-0.3
-0.137,0.289,0.581,0.255,0.22,-0.361
-0.269,0.526,1.101,0.451,0.25,-0.85
-0.351,0.454,0.611,0.288,-0.147,-0.759
-0.922,0.959,0.642,0.265,-0.575,-1.217
0.077,1.286,2.935,1.284,1.871,-1.064
-0.575,0.596,0.367,0.156,-0.361,-0.728
1.83,1.861,0.734,0.339,2.085,1.351
-0.198,1.14,2.507,1.123,1.381,-1.125
-0.392,0.442,0.489,0.204,-0.117,-0.606
-0.096,0.368,0.795,0.355,0.403,-0.392
0.474,1.219,2.507,1.123,2.054,-0.453
-0.351,0.39,0.397,0.17,-0.117,-0.514
-0.035,0.252,0.581,0.25,0.311,-0.269
-0.697,0.781,0.856,0.352,-0.239,-1.095
-0.585,0.613,0.397,0.181,-0.331,-0.728
-0.524,0.538,0.275,0.123,-0.422,-0.697
-0.422,0.621,1.009,0.456,0.22,-0.789
-0.351,0.36,0.183,0.08,-0.239,-0.422
-0.422,0.492,0.611,0.253,-0.147,-0.759
-0.524,0.727,1.07,0.504,0.189,-0.881
0.057,0.233,0.55,0.227,0.311,-0.239
-0.106,0.11,0.061,0.029,-0.086,-0.147
-0.025,0.215,0.52,0.213,0.22,-0.3
-0.249,0.487,0.887,0.418,0.342,-0.545
-0.269,0.353,0.55,0.229,0.036,-0.514
-0.585,0.603,0.306,0.144,-0.483,-0.789
-0.218,0.227,0.153,0.063,-0.147,-0.3
0.036,0.135,0.275,0.13,0.22,-0.055
-1.095,1.622,2.69,1.197,-0.086,-2.776
-0.249,0.295,0.336,0.159,-0.025,-0.361
-0.361,0.365,0.122,0.05,-0.3,-0.422
0.444,0.471,0.336,0.159,0.556,0.22
-0.881,1.413,2.415,1.104,-0.025,-2.44
-0.066,0.072,0.061,0.029,-0.025,-0.086
-0.524,0.594,0.642,0.278,-0.269,-0.911
-0.626,0.626,0.031,0.014,-0.606,-0.636
-0.677,0.747,0.764,0.316,-0.331,-1.095
-0.636,0.648,0.306,0.125,-0.483,-0.789
-0.371,0.442,0.581,0.24,-0.055,-0.636
-0.606,0.698,0.734,0.346,-0.117,-0.85
-0.086,0.163,0.336,0.139,0.097,-0.239
0.281,0.413,0.642,0.303,0.495,-0.147
-0.015,0.371,0.887,0.371,0.373,-0.514
-0.106,0.348,0.703,0.331,0.128,-0.575
-0.341,0.482,0.764,0.341,-0.055,-0.82
-0.341,0.36,0.245,0.115,-0.178,-0.422
-0.422,0.557,0.887,0.363,0.006,-0.881
-0.198,0.502,0.978,0.461,0.128,-0.85
-0.168,0.256,0.459,0.194,0.097,-0.361
0.057,0.365,0.764,0.36,0.311,-0.453
-0.117,0.159,0.245,0.109,-0.025,-0.269
-0.29,0.607,1.131,0.533,0.464,-0.667
-0.106,0.221,0.459,0.194,0.159,-0.3
-0.096,0.139,0.214,0.101,-0.025,-0.239
-0.127,0.373,0.856,0.351,0.281,-0.575
0.138,0.386,0.764,0.36,0.648,-0.117
-0.229,0.419,0.856,0.351,0.22,-0.636
-0.168,0.383,0.795,0.344,0.311,-0.483
-0.891,1.32,2.201,0.974,-0.055,-2.257
0.016,0.138,0.306,0.137,0.128,-0.178
-0.738,1.352,2.721,1.133,0.464,-2.257
0.138,0.346,0.673,0.317,0.587,-0.086
0.362,0.468,0.642,0.296,0.587,-0.055
0.077,0.258,0.55,0.246,0.281,-0.269
0.077,0.525,1.192,0.519,0.801,-0.392
0.179,0.347,0.673,0.298,0.434,-0.239
-0.382,0.456,0.611,0.25,-0.086,-0.697
-0.32,0.332,0.214,0.088,-0.208,-0.422
-0.565,0.756,1.223,0.503,0.006,-1.217
-0.096,0.757,1.834,0.751,0.862,-0.973
0.179,0.438,0.978,0.4,0.678,-0.3
-0.218,0.569,1.284,0.525,0.403,-0.881
-0.647,1.47,2.966,1.32,0.464,-2.501
-0.015,0.444,1.07,0.444,0.464,-0.606
-0.178,0.299,0.55,0.241,0.159,-0.392
0.006,0.261,0.581,0.261,0.373,-0.208
-0.004,0.227,0.55,0.227,0.25,-0.3
-0.178,0.672,1.529,0.648,0.464,-1.064
-0.636,0.671,0.52,0.213,-0.392,-0.911
-0.799,1.384,2.66,1.129,0.311,-2.348
-0.188,0.288,0.52,0.218,0.036,-0.483
0.148,0.715,1.651,0.7,1.106,-0.545
-0.85,1.532,2.935,1.274,0.311,-2.624
0.22,0.267,0.336,0.152,0.434,0.097
0.25,0.459,0.917,0.384,0.77,-0.147
-0.004,0.444,1.07,0.444,0.587,-0.483
0.434,0.477,0.489,0.2,0.678,0.189
0.23,0.284,0.397,0.166,0.403,0.006
0.118,0.155,0.214,0.101,0.189,-0.025
-0.096,0.269,0.611,0.251,0.189,-0.422
-0.351,1.041,2.079,0.98,0.342,-1.737
0.138,0.185,0.275,0.123,0.311,0.036
-0.422,1.241,2.476,1.167,0.403,-2.073
0.301,0.377,0.55,0.227,0.556,0.006
0.199,0.305,0.489,0.231,0.525,0.036
-0.82,1.646,3.057,1.427,0.22,-2.838
0.648,0.661,0.275,0.13,0.831,0.556
-0.157,0.201,0.306,0.126,0.006,-0.3
-1.258,1.797,2.721,1.283,0.556,-2.165
0.189,0.235,0.336,0.139,0.342,0.006
0.097,0.162,0.275,0.13,0.281,0.006
0.21,0.307,0.489,0.224,0.525,0.036
0.077,0.127,0.214,0.101,0.22,0.006
0.179,0.242,0.397,0.162,0.373,-0.025
-0.504,0.885,1.651,0.727,0.128,-1.523
0.138,0.481,0.978,0.461,0.464,-0.514
0.169,0.334,0.611,0.288,0.373,-0.239
-0.565,1.598,3.638,1.494,1.137,-2.501
-2.287,2.32,0.825,0.389,-1.737,-2.562
-0.697,1.276,2.415,1.068,0.22,-2.196
-0.371,0.445,0.52,0.245,-0.025,-0.545
-0.331,0.42,0.55,0.259,0.036,-0.514
-0.402,0.403,0.061,0.029,-0.361,-0.422
0.434,0.706,1.315,0.558,1.198,-0.117
-1.523,1.819,2.11,0.994,-0.117,-2.226
0.311,0.397,0.581,0.246,0.556,-0.025
-1.696,2.198,2.966,1.398,0.281,-2.685
0.24,0.294,0.397,0.17,0.403,0.006
0.046,0.111,0.214,0.101,0.189,-0.025
0.057,0.268,0.642,0.262,0.373,-0.269
-0.269,0.273,0.092,0.043,-0.239,-0.331
-0.055,0.287,0.611,0.281,0.342,-0.269
-0.127,0.516,1.223,0.5,0.464,-0.759
0.108,0.483,1.131,0.471,0.739,-0.392
0.036,0.232,0.55,0.229,0.342,-0.208
0.016,0.289,0.611,0.288,0.22,-0.392
0.413,0.518,0.703,0.312,0.678,-0.025
-1.187,1.495,1.987,0.909,0.097,-1.89
-0.147,0.396,0.795,0.368,0.128,-0.667
0.057,0.081,0.122,0.058,0.097,-0.025
0.485,0.604,0.795,0.361,0.77,-0.025
0.25,0.419,0.795,0.336,0.709,-0.086
-1.136,1.883,3.302,1.502,0.984,-2.318
-0.504,1.542,3.18,1.458,0.617,-2.562
-0.677,1.671,3.271,1.528,0.434,-2.838
0.291,0.348,0.459,0.191,0.495,0.036
0.128,0.329,0.642,0.303,0.556,-0.086
0.087,0.413,0.978,0.404,0.617,-0.361
-0.443,0.745,1.376,0.599,0.097,-1.278
-1.156,1.444,1.834,0.865,0.067,-1.768
1.035,1.666,2.843,1.306,2.88,0.036
-0.096,0.168,0.336,0.137,0.067,-0.269
-0.759,1.184,1.987,0.909,-0.055,-2.043
0.495,1.781,4.188,1.711,2.635,-1.553
1.025,1.395,2.293,0.946,2.268,-0.025
-1.543,1.563,0.581,0.25,-1.309,-1.89
-0.147,1.179,2.721,1.17,0.953,-1.768
-0.534,1.219,2.354,1.096,1.015,-1.339
0.046,1.817,4.219,1.816,1.748,-2.471
1.259,1.26,0.092,0.043,1.32,1.229
-0.147,1.177,2.476,1.167,0.678,-1.798
-1.289,1.327,0.673,0.317,-1.064,-1.737
-0.127,1.036,2.385,1.028,0.831,-1.553
-0.453,1.333,2.66,1.254,1.32,-1.339
0.006,1.235,2.721,1.235,0.984,-1.737
0.943,0.954,0.306,0.144,1.045,0.739
0.067,1.413,3.149,1.412,1.229,-1.92
1.473,1.496,0.55,0.259,1.657,1.106
-0.188,1.041,2.201,1.024,1.259,-0.942
1.025,1.278,1.62,0.764,1.565,-0.055
-1.768,1.815,0.887,0.411,-1.462,-2.348
-0.667,0.961,1.467,0.692,0.311,-1.156
-1.839,1.885,1.009,0.413,-1.309,-2.318
0.301,1.136,2.324,1.095,1.076,-1.248
-0.514,1.479,3.394,1.387,1.229,-2.165
-1.635,1.657,0.611,0.269,-1.401,-2.012
0.23,0.679,1.437,0.639,0.77,-0.667
-1.268,1.48,1.62,0.764,-0.728,-2.348
0.077,1.027,2.232,1.024,0.862,-1.37
0.342,0.621,1.101,0.519,0.709,-0.392
-0.086,0.887,2.14,0.883,0.892,-1.248
0.474,0.51,0.397,0.187,0.739,0.342
-0.392,1.05,2.385,0.974,0.77,-1.615
0.148,0.217,0.336,0.159,0.373,0.036
-0.596,1.321,2.752,1.18,0.525,-2.226
-0.973,1.301,1.834,0.865,0.25,-1.584
-0.402,1.104,2.446,1.028,0.648,-1.798
0.291,0.346,0.397,0.187,0.556,0.159
-1.136,1.603,2.415,1.131,0.464,-1.951
-1.472,1.818,2.262,1.066,0.036,-2.226
-0.789,1.197,2.201,0.9,0.281,-1.92
-1.003,1.382,2.018,0.951,0.342,-1.676
0.24,0.334,0.52,0.232,0.434,-0.086
-0.178,1.053,2.201,1.038,0.556,-1.645
-0.341,1.051,2.385,0.994,0.709,-1.676
0.566,0.601,0.428,0.202,0.709,0.281
-1.523,1.987,2.721,1.276,0.281,-2.44
-0.616,1.439,2.935,1.3,0.495,-2.44
-0.942,1.555,2.752,1.237,0.801,-1.951
-1.319,1.359,0.795,0.325,-0.911,-1.706
-0.269,1.211,2.69,1.18,0.77,-1.92
0.474,0.556,0.703,0.289,0.801,0.097
-1.064,1.564,2.446,1.146,0.556,-1.89
0.087,0.452,1.009,0.444,0.709,-0.3
-1.533,1.701,1.712,0.736,-0.514,-2.226
-1.125,1.395,1.834,0.825,0.036,-1.798
-0.3,1.254,2.843,1.218,0.862,-1.982
-0.83,1.408,2.66,1.137,0.739,-1.92
-0.606,1.259,2.66,1.103,0.587,-2.073
0.801,0.811,0.275,0.13,0.892,0.617
0.953,0.978,0.459,0.216,1.259,0.801
-0.076,1.248,2.782,1.246,0.953,-1.829
-0.229,1.397,3.21,1.378,1.076,-2.134
-0.076,1.182,2.629,1.18,0.892,-1.737
0.77,1.015,1.59,0.662,1.657,0.067
-0.28,1.251,2.874,1.219,0.923,-1.951
-0.168,1.192,2.629,1.18,0.801,-1.829
0.291,0.346,0.397,0.187,0.556,0.159
-0.606,1.432,2.996,1.297,0.587,-2.41
0.525,0.761,1.345,0.551,1.229,-0.117
0.668,1.02,1.651,0.771,1.229,-0.422
-0.269,0.625,1.345,0.564,0.311,-1.034
-0.871,1.306,2.293,0.973,0.464,-1.829
0.454,0.599,0.948,0.39,0.892,-0.055
-0.677,1.555,3.057,1.4,0.403,-2.654
0.291,0.322,0.306,0.137,0.403,0.097
-0.29,1.043,2.14,1.002,0.434,-1.706
-0.82,1.167,1.895,0.831,0.342,-1.553
-1.594,1.638,0.795,0.375,-1.064,-1.859
-0.117,1.395,3.363,1.39,1.412,-1.951
-1.105,1.629,2.538,1.196,0.587,-1.951
1.015,1.019,0.214,0.09,1.137,0.923
0.485,0.498,0.245,0.115,0.648,0.403
-0.861,1.456,2.507,1.175,0.801,-1.706
-0.861,1.404,2.354,1.11,0.709,-1.645
-0.32,1.176,2.415,1.131,0.495,-1.92
-0.891,1.67,2.996,1.412,1.106,-1.89
-0.371,1.045,2.232,0.977,0.495,-1.737
-0.229,0.27,0.306,0.144,-0.025,-0.331
0.424,0.519,0.734,0.3,0.801,0.067
-0.239,1.276,2.66,1.254,0.648,-2.012
0.923,0.988,0.825,0.354,1.259,0.434
-0.341,0.983,1.957,0.922,0.311,-1.645
0.852,0.949,0.917,0.419,1.443,0.525
0.393,0.488,0.642,0.289,0.801,0.159
-0.178,1.055,2.293,1.04,0.648,-1.645
0.862,0.864,0.153,0.066,0.953,0.801
-1.472,1.857,2.446,1.132,0.128,-2.318
0.291,0.313,0.245,0.115,0.373,0.128
-0.85,1.376,2.354,1.082,0.678,-1.676
-0.728,1.198,2.018,0.951,0.617,-1.401
-0.096,1.236,2.935,1.232,1.167,-1.768
-0.137,0.649,1.345,0.634,0.311,-1.034
0.79,0.921,1.101,0.472,1.443,0.342
0.515,0.59,0.611,0.288,0.923,0.311
0.678,0.781,0.948,0.388,1.137,0.189
0.403,0.531,0.734,0.346,0.892,0.159
-0.616,1.371,2.996,1.225,0.923,-2.073
1.096,1.112,0.397,0.187,1.229,0.831
-0.351,1.143,2.324,1.088,0.434,-1.89
-0.962,1.627,2.782,1.311,0.892,-1.89
0.006,1.233,2.66,1.233,0.923,-1.737
-0.657,0.996,1.59,0.749,0.403,-1.187
0.862,0.903,0.642,0.27,1.229,0.587
-1.401,1.454,0.825,0.389,-1.125,-1.951
0.933,0.988,0.795,0.325,1.32,0.525
0.678,0.733,0.673,0.278,1.045,0.373
-0.127,1.449,3.332,1.444,1.198,-2.134
-0.015,1.046,2.262,1.046,0.77,-1.492
-1.462,1.485,0.55,0.259,-1.095,-1.645
-0.504,1.386,2.904,1.291,0.587,-2.318
0.322,0.638,1.315,0.55,0.892,-0.422
-0.259,1.078,2.293,1.047,0.556,-1.737
-1.187,1.443,1.926,0.821,-0.055,-1.982
0.097,1.099,2.629,1.095,1.259,-1.37
-0.392,1.131,2.324,1.061,0.434,-1.89
-0.045,1.001,2.324,1.0,0.892,-1.431
-0.331,1.454,3.302,1.416,1.015,-2.287
0.495,0.559,0.55,0.259,0.862,0.311
-0.29,1.189,2.446,1.153,0.525,-1.92
-0.473,1.367,2.721,1.283,0.434,-2.287
-1.319,1.725,2.415,1.111,0.25,-2.165
0.26,0.391,0.703,0.291,0.648,-0.055
0.739,0.818,0.795,0.349,1.045,0.25
0.413,0.645,1.192,0.496,1.076,-0.117
0.403,0.801,1.498,0.692,0.923,-0.575
-0.718,1.564,3.149,1.389,1.229,-1.92
-0.106,1.081,2.354,1.076,1.412,-0.942
1.066,1.1,0.673,0.275,1.412,0.739
1.167,1.218,0.764,0.347,1.657,0.892
-0.198,0.979,2.048,0.958,0.495,-1.553
-0.677,0.797,0.948,0.421,-0.086,-1.034
-0.962,1.281,1.926,0.845,0.22,-1.706
0.21,0.441,0.948,0.389,0.709,-0.239
0.189,0.927,2.171,0.907,1.137,-1.034
0.852,0.995,1.253,0.514,1.443,0.189
0.403,1.903,4.525,1.86,2.818,-1.706
0.536,0.536,0.031,0.014,0.556,0.525
0.485,1.622,3.699,1.548,2.574,-1.125
0.23,0.241,0.153,0.072,0.281,0.128
0.852,1.368,2.385,1.071,2.36,-0.025
0.311,0.434,0.642,0.303,0.739,0.097
-0.412,0.521,0.703,0.318,0.036,-0.667
0.016,0.246,0.52,0.245,0.189,-0.331
-0.687,1.008,1.804,0.737,0.189,-1.615
-0.31,0.342,0.306,0.144,-0.208,-0.514
0.199,0.288,0.489,0.208,0.403,-0.086
0.576,0.577,0.031,0.014,0.587,0.556
0.21,0.227,0.214,0.088,0.311,0.097
0.057,0.196,0.397,0.187,0.189,-0.208
0.189,0.313,0.611,0.25,0.495,-0.117
0.148,0.286,0.52,0.245,0.495,-0.025
-0.147,0.161,0.153,0.066,-0.086,-0.239
-0.127,0.139,0.122,0.058,-0.086,-0.208
0.77,1.244,2.171,0.977,2.146,-0.025
1.483,2.048,2.996,1.412,2.482,-0.514
0.169,0.377,0.825,0.337,0.587,-0.239
0.373,1.191,2.538,1.131,1.962,-0.575
0.271,0.483,0.978,0.4,0.77,-0.208
-0.412,0.495,0.581,0.274,-0.025,-0.606
0.678,0.922,1.529,0.624,1.443,-0.086
0.352,0.366,0.214,0.101,0.495,0.281
-0.463,0.518,0.52,0.232,-0.269,-0.789
0.301,0.728,1.406,0.663,0.77,-0.636
0.474,1.347,2.874,1.261,2.237,-0.636
1.055,1.595,2.538,1.196,1.901,-0.636
-0.004,0.526,1.253,0.526,0.709,-0.545
-0.494,0.497,0.122,0.058,-0.453,-0.575
-0.29,0.53,1.07,0.444,0.189,-0.881
0.159,0.268,0.459,0.216,0.311,-0.147
0.872,1.541,2.782,1.27,2.666,-0.117
-0.504,0.524,0.306,0.144,-0.3,-0.606
1.167,1.685,2.69,1.215,2.146,-0.545
-0.28,0.289,0.153,0.072,-0.178,-0.331
-0.331,0.427,0.642,0.27,0.036,-0.606
0.148,1.571,3.332,1.564,2.36,-0.973
0.668,1.427,2.69,1.261,2.452,-0.239
0.342,1.248,2.721,1.2,2.023,-0.697
1.076,1.549,2.538,1.114,2.054,-0.483
-0.443,0.523,0.642,0.278,-0.055,-0.697
0.556,1.333,2.874,1.212,2.207,-0.667
-0.035,0.389,0.887,0.387,0.311,-0.575
-0.514,0.872,1.712,0.704,0.281,-1.431
1.412,1.696,2.14,0.94,2.237,0.097
0.536,1.343,2.966,1.231,2.176,-0.789
-0.035,0.492,1.131,0.491,0.648,-0.483
-0.483,0.595,0.764,0.347,0.006,-0.759
-0.412,0.702,1.345,0.568,0.159,-1.187
-0.31,0.356,0.428,0.175,-0.086,-0.514
0.24,1.031,2.171,1.002,1.657,-0.514
0.617,1.353,2.752,1.204,1.687,-1.064
-0.473,0.518,0.459,0.209,-0.178,-0.636
-0.106,0.308,0.703,0.289,0.22,-0.483
0.597,1.385,2.966,1.25,2.299,-0.667
1.229,1.643,2.66,1.091,2.482,-0.178
-0.32,0.44,0.703,0.302,0.097,-0.606
0.342,1.383,2.843,1.34,2.237,-0.606
1.147,1.398,1.957,0.799,2.146,0.189
-0.055,1.255,2.966,1.253,1.657,-1.309
0.505,1.282,2.599,1.178,1.443,-1.156
-0.025,1.041,2.293,1.04,1.443,-0.85
-0.748,0.759,0.306,0.128,-0.575,-0.881
-0.004,0.929,2.14,0.929,1.29,-0.85
1.932,1.94,0.428,0.18,2.115,1.687
1.779,1.819,0.887,0.378,2.299,1.412
0.974,1.671,2.996,1.358,2.054,-0.942
1.901,1.913,0.459,0.216,2.207,1.748
1.708,1.708,0.092,0.038,1.748,1.657
-0.086,1.084,2.293,1.081,0.678,-1.615
-0.31,0.745,1.467,0.678,0.648,-0.82
0.76,1.442,2.599,1.225,1.626,-0.973
-0.473,1.412,3.057,1.331,1.381,-1.676
1.575,1.61,0.703,0.331,1.809,1.106
0.22,1.468,3.18,1.451,2.268,-0.911
1.076,1.753,2.935,1.384,2.054,-0.881
-0.962,1.02,0.734,0.339,-0.483,-1.217
-0.31,1.7,3.546,1.672,2.054,-1.492
0.036,1.547,3.485,1.546,2.207,-1.278
0.719,1.78,3.455,1.629,1.871,-1.584
-0.004,1.473,3.363,1.473,2.054,-1.309
0.75,1.412,2.538,1.196,1.595,-0.942
-1.207,1.221,0.428,0.184,-1.034,-1.462
-0.412,1.364,2.935,1.3,1.412,-1.523
-0.412,1.431,3.302,1.37,1.412,-1.89
0.627,1.237,2.262,1.066,1.381,-0.881
1.004,1.525,2.69,1.147,2.115,-0.575
1.494,1.988,2.782,1.311,2.421,-0.361
-0.31,0.62,1.315,0.537,0.342,-0.973
0.23,0.867,1.773,0.836,1.412,-0.361
-0.137,1.449,3.118,1.442,1.901,-1.217
-1.156,1.195,0.642,0.303,-0.728,-1.37
-0.483,0.88,1.59,0.735,0.556,-1.034
1.157,1.183,0.52,0.245,1.504,0.984
0.22,1.342,2.935,1.323,1.29,-1.645
0.658,1.29,2.354,1.11,1.443,-0.911
1.076,1.318,1.712,0.762,1.718,0.006
0.097,1.171,2.476,1.167,1.748,-0.728
-0.015,1.24,2.966,1.24,1.657,-1.309
-1.075,1.102,0.52,0.245,-0.728,-1.248
0.087,1.351,3.302,1.348,1.748,-1.553
-0.82,1.119,1.804,0.762,-0.055,-1.859
0.668,1.672,3.394,1.533,1.901,-1.492
-1.064,1.296,1.651,0.739,-0.453,-2.104
-0.035,0.94,2.293,0.939,1.167,-1.125
0.434,1.533,3.18,1.471,1.534,-1.645
1.004,1.64,3.118,1.296,2.39,-0.728
-0.82,0.912,0.978,0.399,-0.331,-1.309
-1.125,1.135,0.367,0.15,-0.942,-1.309
-0.983,1.028,0.734,0.3,-0.606,-1.339
0.821,1.53,2.813,1.291,1.809,-1.003
-0.178,1.361,3.271,1.35,1.595,-1.676
-0.494,0.95,1.895,0.812,0.281,-1.615
-0.269,1.093,2.262,1.059,1.229,-1.034
-0.239,1.493,3.241,1.473,1.84,-1.401
0.362,1.379,3.057,1.331,1.565,-1.492
-0.626,1.443,3.18,1.3,1.015,-2.165
-0.596,1.551,3.485,1.432,1.259,-2.226
0.943,1.352,2.14,0.969,1.718,-0.422
0.933,1.473,2.568,1.14,1.901,-0.667
0.271,1.637,3.913,1.614,2.39,-1.523
0.536,1.58,3.332,1.486,1.779,-1.553
1.106,1.264,1.498,0.612,1.871,0.373
-0.361,1.197,2.629,1.142,1.229,-1.401
1.259,1.292,0.673,0.288,1.657,0.984
0.179,1.291,3.118,1.278,1.657,-1.462
-0.045,0.989,2.232,0.988,0.801,-1.431
0.556,1.842,3.883,1.756,1.962,-1.92
-1.115,1.116,0.061,0.029,-1.095,-1.156
0.424,1.13,2.415,1.047,1.381,-1.034
0.556,1.216,2.293,1.081,1.32,-0.973
0.892,1.723,3.241,1.473,2.054,-1.187
1.055,1.869,3.271,1.542,2.146,-1.125
0.342,1.178,2.629,1.128,1.412,-1.217
1.178,1.178,0.031,0.014,1.198,1.167
0.362,1.14,2.538,1.081,1.412,-1.125
1.147,1.481,1.987,0.937,1.809,-0.178
0.474,1.503,3.485,1.426,2.146,-1.339
-1.075,1.079,0.214,0.101,-1.003,-1.217
1.809,1.832,0.642,0.284,2.054,1.412
1.901,1.903,0.183,0.086,2.023,1.84
-0.157,1.661,3.638,1.654,2.176,-1.462
1.748,1.782,0.734,0.346,1.993,1.259
-0.881,1.502,2.721,1.217,0.831,-1.89
-0.83,2.142,4.219,1.975,1.962,-2.257
-1.666,1.673,0.397,0.162,-1.462,-1.859
0.882,0.888,0.245,0.104,0.984,0.739
0.485,0.866,1.651,0.717,1.137,-0.514
-1.115,1.276,1.315,0.62,-0.239,-1.553
0.383,1.186,2.69,1.122,1.565,-1.125
-0.147,1.177,2.476,1.167,1.504,-0.973
0.515,1.704,3.883,1.624,2.207,-1.676
1.137,1.14,0.183,0.086,1.259,1.076
1.045,1.047,0.153,0.066,1.106,0.953
-1.553,1.613,0.917,0.432,-0.942,-1.859
0.892,0.962,0.856,0.36,1.259,0.403
-0.555,0.944,1.62,0.764,0.525,-1.095
0.301,1.262,2.629,1.225,1.198,-1.431
0.485,1.358,2.69,1.268,1.381,-1.309
-0.443,1.613,3.363,1.551,1.748,-1.615
0.474,1.49,2.996,1.412,1.473,-1.523
0.22,1.36,2.935,1.342,1.259,-1.676
-0.687,1.405,2.599,1.225,1.045,-1.553
1.28,1.281,0.153,0.063,1.351,1.198
1.565,1.642,1.101,0.499,1.962,0.862
0.169,0.732,1.651,0.712,0.831,-0.82
-0.759,1.436,2.752,1.22,0.953,-1.798
-0.473,1.224,2.66,1.129,1.076,-1.584
0.383,0.415,0.367,0.16,0.525,0.159
0.23,1.399,3.118,1.38,1.412,-1.706
0.821,1.174,1.865,0.839,1.504,-0.361
-0.453,1.286,2.752,1.204,1.229,-1.523
-0.901,0.934,0.55,0.246,-0.697,-1.248
-0.341,1.022,2.262,0.963,0.984,-1.278
0.852,0.911,0.795,0.325,1.259,0.464
-0.616,1.327,2.538,1.175,1.045,-1.492
0.22,1.409,3.241,1.392,1.534,-1.706
-0.677,1.249,2.538,1.049,0.709,-1.829
-0.891,1.298,2.293,0.944,0.342,-1.951
0.658,0.693,0.52,0.218,0.953,0.434
-0.147,1.35,2.935,1.342,0.892,-2.043
0.444,1.124,2.476,1.032,1.534,-0.942
0.179,1.013,2.354,0.997,1.167,-1.187
-0.606,1.06,1.957,0.87,0.617,-1.339
-0.636,1.445,2.782,1.297,1.198,-1.584
-0.188,0.719,1.62,0.694,0.77,-0.85
0.913,0.924,0.306,0.144,1.015,0.709
-1.39,1.391,0.122,0.052,-1.339,-1.462
0.352,1.352,2.813,1.305,1.32,-1.492
-0.096,0.705,1.62,0.698,0.556,-1.064
-0.341,0.895,1.987,0.828,0.77,-1.217
1.188,1.205,0.428,0.202,1.473,1.045
-0.514,1.064,2.048,0.932,0.801,-1.248
1.066,1.69,2.782,1.311,1.993,-0.789
1.269,1.301,0.673,0.284,1.657,0.984
0.831,0.841,0.275,0.13,1.015,0.739
-1.024,1.026,0.183,0.076,-0.942,-1.125
0.444,1.398,2.813,1.326,1.381,-1.431
-1.421,1.425,0.275,0.113,-1.278,-1.553
0.953,0.962,0.275,0.13,1.137,0.862
-1.115,1.163,0.795,0.33,-0.759,-1.553
0.046,1.24,2.629,1.239,0.923,-1.706
0.403,1.599,3.76,1.547,2.146,-1.615
-0.055,1.082,2.293,1.081,1.473,-0.82
-0.127,0.892,2.018,0.883,1.106,-0.911
1.616,1.627,0.397,0.187,1.748,1.351
-0.3,1.065,2.293,1.022,1.137,-1.156
-0.932,1.609,2.782,1.311,0.923,-1.859
-0.412,0.928,2.018,0.832,0.678,-1.339
0.709,1.391,2.69,1.197,1.718,-0.973
1.086,1.153,0.948,0.389,1.534,0.587
-0.708,1.465,2.721,1.283,1.106,-1.615
-0.035,1.379,3.332,1.379,1.473,-1.859
0.077,1.328,2.813,1.326,1.015,-1.798
-0.555,1.447,3.18,1.336,1.259,-1.92
1.392,1.394,0.153,0.072,1.443,1.29
0.25,1.174,2.507,1.147,1.137,-1.37
-0.667,0.701,0.459,0.216,-0.514,-0.973
-0.494,1.206,2.507,1.1,1.045,-1.462
-0.422,1.323,2.66,1.254,1.351,-1.309
0.077,1.394,3.027,1.392,1.137,-1.89
0.994,1.044,0.673,0.317,1.443,0.77
-0.514,1.551,3.424,1.463,1.504,-1.92
0.424,1.296,2.599,1.225,1.29,-1.309
-0.728,1.186,2.11,0.936,0.587,-1.523
0.587,1.745,3.485,1.643,1.748,-1.737
-0.117,1.442,3.516,1.437,1.595,-1.92
-0.433,1.032,1.987,0.937,0.892,-1.095
0.199,1.105,2.66,1.087,1.565,-1.095
0.179,1.381,3.118,1.369,1.381,-1.737
0.179,0.851,2.018,0.832,1.106,-0.911
0.179,0.996,2.324,0.98,1.167,-1.156
0.485,1.549,3.485,1.471,1.962,-1.523
-0.178,1.321,3.118,1.309,1.595,-1.523
-0.565,0.738,1.162,0.475,0.036,-1.125
-0.382,1.258,2.752,1.199,1.29,-1.462
-0.188,1.413,3.149,1.4,1.779,-1.37
0.087,0.922,2.201,0.918,1.32,-0.881
-0.422,0.427,0.153,0.066,-0.331,-0.483
0.841,1.333,2.354,1.034,1.748,-0.606
0.362,1.153,2.538,1.094,1.381,-1.156
0.291,1.011,2.14,0.969,1.657,-0.483
-0.687,0.73,0.55,0.246,-0.483,-1.034
0.362,1.221,2.599,1.166,1.32,-1.278
-1.044,1.047,0.183,0.08,-0.973,-1.156
0.882,1.699,3.516,1.453,2.482,-1.034
0.719,1.203,2.171,0.965,1.534,-0.636
-0.076,1.314,2.813,1.312,1.779,-1.034
-0.728,0.755,0.459,0.198,-0.545,-1.003
-0.412,0.543,0.764,0.353,-0.147,-0.911
-0.575,0.643,0.673,0.288,-0.3,-0.973
0.505,1.266,2.843,1.161,1.901,-0.942
-0.667,0.94,1.59,0.662,0.036,-1.553
-0.932,0.962,0.581,0.237,-0.636,-1.217
0.627,1.264,2.629,1.098,1.779,-0.85
0.953,1.309,2.048,0.897,1.748,-0.3
0.627,1.404,3.057,1.256,2.054,-1.003
0.128,0.701,1.62,0.69,1.076,-0.545
-0.861,0.957,0.887,0.418,-0.269,-1.156
-0.045,0.929,2.079,0.928,1.259,-0.82
0.974,1.466,2.324,1.095,1.748,-0.575
-0.473,0.54,0.611,0.26,-0.117,-0.728
-0.738,0.752,0.306,0.144,-0.636,-0.942
-0.779,0.811,0.55,0.225,-0.514,-1.064
1.871,1.871,0.0,0.0,1.871,1.871
-0.198,0.692,1.62,0.663,0.648,-0.973
1.85,1.857,0.336,0.159,1.962,1.626
-0.229,0.619,1.376,0.575,0.373,-1.003
-1.217,1.22,0.183,0.086,-1.095,-1.278
1.259,1.66,2.324,1.081,2.054,-0.269
0.179,1.252,2.629,1.239,1.932,-0.697
0.78,1.614,2.996,1.412,1.779,-1.217
1.575,1.575,0.061,0.029,1.595,1.534
-0.728,0.744,0.336,0.152,-0.514,-0.85
1.076,1.495,2.201,1.038,2.543,0.342
-0.055,2.08,5.075,2.079,2.36,-2.715
-1.217,1.519,1.987,0.909,-0.514,-2.501
0.352,0.851,1.895,0.774,1.32,-0.575
-0.504,0.58,0.611,0.288,-0.3,-0.911
0.943,1.37,2.232,0.994,1.779,-0.453
0.21,0.254,0.306,0.144,0.311,0.006
-0.83,1.34,2.262,1.052,-0.055,-2.318
0.383,0.414,0.336,0.159,0.495,0.159
0.138,0.313,0.673,0.281,0.434,-0.239
0.627,1.188,2.14,1.009,2.054,-0.086
0.189,0.376,0.703,0.325,0.434,-0.269
-0.28,0.337,0.397,0.187,-0.147,-0.545
0.23,0.389,0.764,0.314,0.587,-0.178
0.25,0.537,1.009,0.476,0.587,-0.422
-0.198,0.309,0.581,0.237,0.097,-0.483
-0.3,0.312,0.183,0.086,-0.178,-0.361
0.046,0.344,0.764,0.341,0.525,-0.239
-0.433,0.698,1.162,0.548,0.342,-0.82
0.373,0.376,0.122,0.05,0.434,0.311
0.179,0.23,0.306,0.144,0.281,-0.025
0.719,0.739,0.397,0.17,0.953,0.556
-0.677,0.857,1.284,0.525,-0.055,-1.339
0.383,0.464,0.642,0.262,0.709,0.067
0.006,0.264,0.611,0.264,0.373,-0.239
0.464,1.341,2.782,1.258,2.237,-0.545
0.046,0.278,0.581,0.274,0.434,-0.147
0.617,1.1,2.018,0.911,1.901,-0.117
-0.168,0.506,1.131,0.478,0.311,-0.82
-0.269,0.374,0.55,0.259,-0.086,-0.636
0.322,0.989,2.262,0.935,1.351,-0.911
-0.188,0.407,0.795,0.361,0.097,-0.697
-0.168,0.202,0.275,0.113,-0.025,-0.3
-0.697,0.699,0.092,0.043,-0.636,-0.728
0.087,1.644,3.822,1.642,2.36,-1.462
1.28,1.716,2.538,1.143,2.207,-0.331
-0.382,0.535,0.825,0.376,-0.086,-0.911
-0.004,1.373,3.027,1.373,1.932,-1.095
0.036,1.336,3.057,1.336,1.901,-1.156
-0.524,0.592,0.673,0.275,-0.178,-0.85
-0.799,0.832,0.52,0.232,-0.606,-1.125
0.108,1.342,2.966,1.338,1.993,-0.973
1.381,1.666,2.232,0.932,2.36,0.128
0.464,1.566,3.302,1.496,2.574,-0.728
-0.514,0.586,0.611,0.281,-0.117,-0.728
0.464,1.299,2.66,1.213,2.176,-0.483
0.322,1.604,3.608,1.571,2.513,-1.095
-0.585,0.638,0.581,0.255,-0.361,-0.942
-0.748,0.784,0.55,0.232,-0.514,-1.064
0.332,1.665,3.577,1.632,2.635,-0.942
-0.973,1.005,0.611,0.253,-0.636,-1.248
0.525,0.904,1.559,0.735,1.565,0.006
1.269,1.82,2.813,1.305,2.237,-0.575
-0.514,0.516,0.092,0.043,-0.483,-0.575
-0.453,0.565,0.825,0.338,-0.025,-0.85
-0.494,0.507,0.245,0.115,-0.331,-0.575
0.383,1.471,3.057,1.42,2.39,-0.667
-0.891,0.924,0.52,0.245,-0.545,-1.064
-0.83,0.839,0.306,0.126,-0.667,-0.973
-0.748,0.762,0.306,0.144,-0.545,-0.85
-0.83,0.883,0.734,0.301,-0.483,-1.217
1.443,1.999,2.935,1.384,2.421,-0.514
-0.616,0.658,0.52,0.232,-0.422,-0.942
1.626,1.977,2.385,1.124,2.421,0.036
0.393,1.143,2.415,1.074,1.901,-0.514
-0.514,0.576,0.55,0.259,-0.331,-0.881
0.77,1.165,1.987,0.874,1.993,0.006
0.057,1.154,2.446,1.153,1.687,-0.759
1.218,1.604,2.507,1.043,2.329,-0.178
-0.687,0.707,0.397,0.166,-0.514,-0.911
0.148,1.314,3.088,1.305,1.932,-1.156
-0.789,0.8,0.275,0.13,-0.697,-0.973
-0.096,0.268,0.611,0.25,0.22,-0.392
1.269,1.774,2.629,1.239,2.146,-0.483
-0.096,0.175,0.336,0.146,0.036,-0.3
0.169,0.204,0.245,0.115,0.25,0.006
-0.443,0.594,0.856,0.397,-0.147,-1.003
-0.178,0.28,0.459,0.216,-0.025,-0.483
-0.106,0.54,1.192,0.53,0.342,-0.85
0.902,1.301,1.987,0.937,1.565,-0.422
-0.504,0.573,0.642,0.274,-0.239,-0.881
-0.524,0.562,0.428,0.202,-0.239,-0.667
-0.524,0.544,0.306,0.144,-0.422,-0.728
-0.361,0.5,0.734,0.346,0.128,-0.606
-0.341,0.497,0.795,0.361,-0.055,-0.85
-0.545,0.752,1.101,0.519,0.189,-0.911
-0.157,0.209,0.336,0.137,0.006,-0.331
-0.178,0.351,0.642,0.303,0.036,-0.606
1.29,1.897,3.302,1.392,2.696,-0.606
-0.626,0.675,0.55,0.253,-0.269,-0.82
-0.351,0.437,0.611,0.26,0.006,-0.606
-0.351,0.423,0.55,0.236,-0.025,-0.575
0.352,1.526,3.21,1.485,2.452,-0.759
-0.351,0.353,0.092,0.038,-0.3,-0.392
-0.31,0.414,0.642,0.274,0.067,-0.575
-0.32,0.43,0.703,0.287,0.036,-0.667
-0.045,0.386,0.856,0.384,0.495,-0.361
-0.137,0.451,0.978,0.43,0.464,-0.514
-0.178,0.456,0.978,0.42,0.22,-0.759
-0.29,0.458,0.856,0.354,0.097,-0.759
-0.483,0.66,1.07,0.45,-0.025,-1.095
-0.422,0.429,0.183,0.075,-0.331,-0.514
-0.341,0.423,0.581,0.25,0.006,-0.575
-0.361,0.387,0.336,0.139,-0.178,-0.514
-0.015,1.288,2.966,1.288,1.779,-1.187
0.25,1.046,2.171,1.016,1.687,-0.483
-0.218,0.564,1.253,0.52,0.342,-0.911
0.159,0.922,2.201,0.908,1.351,-0.85
0.505,1.248,2.752,1.141,2.023,-0.728
0.108,0.165,0.306,0.126,0.25,-0.055
1.127,1.351,1.743,0.746,1.84,0.097
-0.076,0.432,1.039,0.425,0.464,-0.575
0.678,1.281,2.629,1.087,2.115,-0.514
-0.463,0.731,1.315,0.566,0.067,-1.248
-0.585,0.594,0.245,0.101,-0.453,-0.697
0.801,1.294,2.201,1.017,2.237,0.036
-0.545,0.545,0.061,0.025,-0.514,-0.575
0.087,0.092,0.061,0.029,0.128,0.067
-0.443,0.497,0.55,0.227,-0.147,-0.697
-0.086,0.466,1.039,0.458,0.556,-0.483
-0.463,0.477,0.245,0.115,-0.3,-0.545
-0.667,0.695,0.428,0.195,-0.392,-0.82
1.218,1.759,2.69,1.268,2.115,-0.575
0.148,1.356,2.904,1.348,2.054,-0.85
-0.32,0.379,0.428,0.202,-0.178,-0.606
-0.504,0.734,1.284,0.534,0.067,-1.217
0.138,0.15,0.122,0.058,0.22,0.097
-0.198,0.217,0.214,0.088,-0.086,-0.3
-0.483,0.549,0.55,0.259,-0.117,-0.667
-0.066,0.308,0.734,0.301,0.281,-0.453
1.208,1.794,2.813,1.326,2.146,-0.667
0.24,1.434,3.057,1.413,2.237,-0.82
0.026,0.232,0.489,0.231,0.189,-0.3
-0.657,0.849,1.315,0.538,-0.025,-1.339
-0.188,0.565,1.131,0.533,0.189,-0.942
-0.585,0.599,0.306,0.128,-0.453,-0.759
-0.443,1.323,2.66,1.247,1.32,-1.339
-0.606,0.642,0.52,0.213,-0.361,-0.881
-0.596,0.632,0.489,0.212,-0.3,-0.789
-0.168,0.205,0.275,0.118,-0.055,-0.331
0.159,0.159,0.0,0.0,0.159,0.159
-0.096,0.291,0.611,0.275,0.128,-0.483
0.057,0.116,0.214,0.101,0.128,-0.086
-0.351,0.412,0.52,0.215,-0.117,-0.636
-0.106,0.671,1.406,0.663,0.831,-0.575
1.29,1.425,1.467,0.605,1.962,0.495
-0.341,0.36,0.245,0.115,-0.178,-0.422
-0.524,0.551,0.397,0.17,-0.361,-0.759
-0.636,0.638,0.092,0.043,-0.575,-0.667
-0.198,0.236,0.306,0.128,-0.025,-0.331
1.412,1.679,1.926,0.908,2.054,0.128
-0.168,0.196,0.245,0.101,-0.055,-0.3
0.21,0.834,1.712,0.807,1.351,-0.361
0.006,0.338,0.825,0.338,0.434,-0.392
-0.534,0.554,0.336,0.146,-0.331,-0.667
-0.463,0.506,0.459,0.203,-0.178,-0.636
-0.229,0.316,0.52,0.218,0.067,-0.453
-0.708,0.768,0.703,0.298,-0.3,-1.003
-0.28,0.525,1.07,0.444,0.311,-0.759
-0.117,0.35,0.764,0.33,0.342,-0.422
-0.249,0.31,0.428,0.184,0.006,-0.422
-0.29,0.611,1.315,0.538,0.342,-0.973
-0.412,0.446,0.397,0.17,-0.178,-0.575
-0.473,0.547,0.673,0.275,-0.147,-0.82
0.097,0.537,1.223,0.528,0.831,-0.392
-0.341,0.564,1.101,0.45,0.22,-0.881
-0.616,0.77,1.009,0.462,0.036,-0.973
0.159,1.243,2.66,1.233,1.901,-0.759
-0.606,0.624,0.336,0.152,-0.483,-0.82
-0.667,0.7,0.52,0.213,-0.392,-0.911
-0.748,0.775,0.489,0.202,-0.483,-0.973
-0.392,0.505,0.764,0.319,-0.055,-0.82
1.341,1.802,2.568,1.203,2.207,-0.361
-0.412,0.528,0.795,0.33,-0.055,-0.85
0.964,1.595,3.027,1.27,2.268,-0.759
-0.412,0.479,0.52,0.245,-0.239,-0.759
-0.157,0.375,0.764,0.341,0.128,-0.636
-0.555,0.751,1.131,0.507,0.159,-0.973
-0.341,0.645,1.162,0.548,0.434,-0.728
-0.514,0.531,0.306,0.132,-0.331,-0.636
-0.096,0.606,1.284,0.598,0.342,-0.942
-0.534,0.56,0.397,0.166,-0.361,-0.759
-0.29,0.799,1.651,0.745,0.311,-1.339
-0.382,0.588,0.978,0.447,0.25,-0.728
-0.025,0.071,0.153,0.066,0.036,-0.117
-0.433,0.545,0.703,0.331,0.036,-0.667
1.066,1.475,2.476,1.02,2.207,-0.269
1.32,1.791,2.568,1.211,2.176,-0.392
0.413,1.321,2.813,1.254,2.176,-0.636
-0.789,0.944,1.101,0.519,-0.055,-1.156
-0.117,0.23,0.459,0.198,0.067,-0.392
-0.147,0.298,0.55,0.259,0.22,-0.331
0.352,1.193,2.476,1.14,1.962,-0.514
-0.239,0.295,0.367,0.173,-0.117,-0.483
0.087,0.181,0.336,0.159,0.311,-0.025
-0.229,0.278,0.336,0.159,-0.117,-0.453
0.464,1.204,2.507,1.111,2.023,-0.483
-0.85,0.85,0.0,0.0,-0.85,-0.85
-0.229,0.296,0.459,0.187,0.006,-0.453
-0.269,0.291,0.245,0.109,-0.178,-0.422
0.444,1.155,2.446,1.066,1.932,-0.514
-0.514,0.537,0.367,0.156,-0.361,-0.728
-0.412,0.425,0.245,0.104,-0.269,-0.514
1.494,1.733,1.865,0.879,2.115,0.25
0.79,1.363,2.385,1.11,2.36,-0.025
-0.32,0.336,0.214,0.101,-0.178,-0.392
-0.188,0.28,0.489,0.208,0.097,-0.392
-0.422,0.496,0.55,0.259,-0.239,-0.789
-0.504,0.653,1.009,0.415,0.036,-0.973
-0.483,0.621,0.825,0.389,-0.208,-1.034
0.383,1.013,2.232,0.938,1.657,-0.575
-0.443,0.528,0.611,0.288,-0.239,-0.85
-0.076,0.193,0.428,0.177,0.159,-0.269
-0.035,0.045,0.061,0.029,0.006,-0.055
-0.718,0.787,0.764,0.322,-0.392,-1.156
-0.382,0.382,0.031,0.014,-0.361,-0.392
0.403,1.153,2.568,1.08,1.871,-0.697
1.259,1.552,1.926,0.908,1.901,-0.025
0.322,0.84,1.743,0.776,1.412,-0.331
-0.504,0.646,0.978,0.404,-0.055,-1.034
-0.545,0.569,0.397,0.164,-0.361,-0.759
-0.31,0.327,0.245,0.104,-0.208,-0.453
-0.575,0.628,0.611,0.253,-0.3,-0.911
-0.361,0.404,0.428,0.18,-0.117,-0.545
-0.331,0.393,0.52,0.213,-0.055,-0.575
-0.249,0.543,1.039,0.483,0.434,-0.606
-0.198,0.301,0.52,0.227,0.006,-0.514
0.648,1.155,2.14,0.956,1.993,-0.147
0.271,1.21,2.752,1.18,1.901,-0.85
0.036,0.097,0.214,0.09,0.128,-0.086
-0.514,0.537,0.367,0.156,-0.3,-0.667
-0.076,0.506,1.223,0.5,0.556,-0.667
-0.3,0.443,0.734,0.326,0.159,-0.575
0.556,1.456,2.996,1.346,2.452,-0.545
0.22,1.124,2.354,1.103,1.779,-0.575
0.821,1.346,2.476,1.066,2.299,-0.178
-0.157,0.527,1.223,0.503,0.495,-0.728
-0.117,0.466,1.101,0.451,0.464,-0.636
0.373,1.065,2.415,0.998,1.687,-0.728
-0.606,0.733,1.009,0.412,-0.086,-1.095
-0.31,0.629,1.284,0.548,0.22,-1.064
-0.331,0.631,1.315,0.537,0.311,-1.003
-0.524,0.53,0.183,0.08,-0.453,-0.636
-0.382,0.492,0.673,0.31,-0.147,-0.82
-0.035,0.3,0.673,0.298,0.22,-0.453
-0.351,0.518,0.917,0.381,0.159,-0.759
-0.249,0.327,0.489,0.212,-0.055,-0.545
-0.331,0.479,0.764,0.347,-0.055,-0.82
-0.382,0.383,0.061,0.029,-0.361,-0.422
-0.086,0.09,0.061,0.025,-0.055,-0.117
-0.168,0.177,0.122,0.058,-0.086,-0.208
-0.29,0.504,0.978,0.412,0.128,-0.85
-0.29,0.38,0.52,0.245,-0.117,-0.636
-0.015,0.444,1.009,0.444,0.373,-0.636
-0.28,0.297,0.214,0.101,-0.208,-0.422
-0.331,0.422,0.642,0.263,0.006,-0.636
-0.657,0.874,1.223,0.576,0.159,-1.064
-0.004,0.381,0.917,0.381,0.403,-0.514
-0.249,0.415,0.703,0.331,0.22,-0.483
0.006,0.264,0.611,0.264,0.373,-0.239
0.23,0.23,0.031,0.014,0.25,0.22
0.648,1.329,2.66,1.161,2.268,-0.392
-0.168,0.333,0.611,0.288,0.036,-0.575
-0.657,0.671,0.336,0.137,-0.483,-0.82
-0.351,0.358,0.153,0.072,-0.3,-0.453
-0.738,0.796,0.673,0.298,-0.483,-1.156
-0.371,0.379,0.183,0.076,-0.269,-0.453
0.016,0.151,0.367,0.15,0.189,-0.178
0.291,0.313,0.245,0.115,0.373,0.128
-0.066,0.495,1.07,0.491,0.311,-0.759
-0.086,0.233,0.459,0.216,0.22,-0.239
-0.188,0.442,0.978,0.4,0.281,-0.697
-0.861,0.922,0.703,0.331,-0.392,-1.095
-0.708,0.746,0.55,0.236,-0.483,-1.034
-0.85,0.85,0.0,0.0,-0.85,-0.85
-0.473,0.497,0.367,0.15,-0.3,-0.667
-0.31,0.414,0.581,0.274,-0.117,-0.697
-0.025,0.251,0.611,0.25,0.281,-0.331
-0.514,0.542,0.367,0.173,-0.269,-0.636
-0.188,0.569,1.315,0.537,0.464,-0.85
-0.106,0.267,0.52,0.245,0.067,-0.453
-0.259,0.313,0.428,0.175,-0.055,-0.483
1.3,1.628,2.079,0.98,1.993,-0.086
1.178,1.611,2.69,1.1,2.482,-0.208
-0.31,0.312,0.061,0.029,-0.269,-0.331
-0.575,0.586,0.275,0.114,-0.422,-0.697
-0.799,0.878,0.887,0.364,-0.331,-1.217
-0.708,0.833,0.948,0.44,-0.086,-1.034
-0.076,0.223,0.459,0.209,0.22,-0.239
0.097,0.264,0.581,0.246,0.342,-0.239
-0.137,0.525,1.131,0.507,0.281,-0.85
-0.035,0.291,0.642,0.289,0.373,-0.269
-0.076,0.299,0.642,0.289,0.159,-0.483
0.566,1.237,2.568,1.1,2.085,-0.483
1.127,1.664,2.599,1.225,1.993,-0.606
-0.626,0.693,0.703,0.298,-0.331,-1.034
0.76,1.615,3.332,1.425,2.727,-0.606
0.444,1.204,2.446,1.119,2.023,-0.422
-0.331,0.393,0.52,0.213,-0.055,-0.575
-0.076,0.199,0.428,0.184,0.097,-0.331
-0.382,0.426,0.428,0.189,-0.117,-0.545
-0.514,0.516,0.092,0.043,-0.483,-0.575
0.169,1.207,2.813,1.195,1.809,-1.003
-0.249,0.365,0.581,0.267,0.128,-0.453
-0.239,0.483,0.978,0.42,0.342,-0.636
0.322,0.948,2.048,0.892,1.565,-0.483
0.383,1.387,2.874,1.334,2.268,-0.606
-0.555,0.567,0.275,0.118,-0.392,-0.667
-0.463,0.631,1.039,0.428,0.097,-0.942
-0.178,0.234,0.336,0.152,0.036,-0.3
-0.494,0.551,0.52,0.245,-0.147,-0.667
0.21,1.085,2.568,1.065,1.626,-0.942
0.617,1.132,2.262,0.949,1.901,-0.361
-0.168,0.345,0.703,0.302,0.25,-0.453
-0.392,0.442,0.489,0.204,-0.117,-0.606
-1.136,1.172,0.611,0.288,-0.728,-1.339
0.199,1.285,2.752,1.269,1.993,-0.759
-0.483,0.594,0.734,0.346,0.006,-0.728
1.218,1.893,3.241,1.449,2.421,-0.82
-0.534,0.645,0.764,0.36,-0.025,-0.789
-0.341,0.554,1.07,0.437,0.189,-0.881
1.198,1.585,2.201,1.038,1.932,-0.269
-0.218,0.297,0.489,0.202,0.006,-0.483
-0.392,0.413,0.275,0.13,-0.3,-0.575
0.23,0.925,2.079,0.896,1.473,-0.606
-0.433,0.456,0.306,0.144,-0.331,-0.636
-0.106,0.54,1.284,0.529,0.587,-0.697
-0.514,0.576,0.55,0.259,-0.331,-0.881
-0.504,0.745,1.192,0.548,-0.086,-1.278
-0.708,0.722,0.306,0.144,-0.606,-0.911
-0.382,0.402,0.306,0.126,-0.239,-0.545
-0.106,0.21,0.397,0.181,0.036,-0.361
-0.422,0.56,0.795,0.368,-0.147,-0.942
-0.259,0.39,0.703,0.291,0.128,-0.575
-0.422,0.466,0.459,0.198,-0.239,-0.697
-0.565,0.61,0.489,0.231,-0.239,-0.728
-0.433,0.509,0.611,0.269,-0.055,-0.667
-0.616,0.721,0.795,0.375,-0.086,-0.881
-0.708,0.715,0.245,0.101,-0.575,-0.82
0.739,1.419,2.568,1.211,1.595,-0.973
-0.504,0.577,0.673,0.281,-0.208,-0.881
-0.168,0.17,0.061,0.029,-0.147,-0.208
0.953,1.497,2.599,1.154,1.932,-0.667
-1.207,1.211,0.214,0.101,-1.064,-1.278
-0.229,0.296,0.459,0.187,0.006,-0.453
-0.239,0.295,0.367,0.173,-0.117,-0.483
-0.3,0.37,0.459,0.216,-0.147,-0.606
-0.799,0.815,0.336,0.159,-0.575,-0.911
-0.28,0.291,0.183,0.08,-0.208,-0.392
-0.708,0.711,0.153,0.072,-0.606,-0.759
0.597,1.31,2.66,1.166,1.626,-1.034
-0.555,0.578,0.397,0.162,-0.361,-0.759
-0.208,0.318,0.55,0.241,0.128,-0.422
-0.382,0.398,0.275,0.113,-0.239,-0.514
0.097,0.318,0.734,0.303,0.495,-0.239
-0.066,0.246,0.581,0.237,0.22,-0.361
1.218,1.706,2.721,1.195,2.268,-0.453
-0.106,0.207,0.428,0.177,0.128,-0.3
-0.361,0.419,0.52,0.213,-0.086,-0.606
-0.096,0.245,0.55,0.225,0.189,-0.361
-0.555,0.591,0.459,0.203,-0.269,-0.728
-0.463,0.663,1.162,0.475,0.097,-1.064
-0.29,0.38,0.52,0.245,-0.117,-0.636
-0.178,0.183,0.092,0.043,-0.147,-0.239
-0.117,0.214,0.428,0.18,0.128,-0.3
-0.514,0.529,0.306,0.125,-0.361,-0.667
0.678,1.205,2.171,0.996,2.085,-0.086
0.638,1.102,2.018,0.899,1.901,-0.117
-0.371,0.814,1.62,0.724,0.648,-0.973
-0.106,0.487,1.162,0.475,0.495,-0.667
-0.626,0.69,0.703,0.289,-0.3,-1.003
-0.229,0.285,0.397,0.17,0.006,-0.392
0.454,0.819,1.529,0.681,1.412,-0.117
0.75,1.376,2.507,1.154,1.626,-0.881
-0.565,0.595,0.459,0.187,-0.331,-0.789
-0.188,0.21,0.214,0.095,-0.055,-0.269
0.648,1.412,2.904,1.255,2.39,-0.514
0.495,1.126,2.476,1.011,1.718,-0.759
0.383,0.397,0.245,0.104,0.525,0.281
0.036,0.137,0.306,0.132,0.159,-0.147
0.668,1.408,2.629,1.239,2.421,-0.208
-0.229,0.515,1.009,0.462,0.128,-0.881
-0.31,0.326,0.214,0.101,-0.239,-0.453
0.138,0.849,1.834,0.837,1.32,-0.514
-0.84,0.842,0.122,0.058,-0.759,-0.881
0.159,1.46,3.18,1.451,2.207,-0.973
-0.534,0.544,0.214,0.101,-0.392,-0.606
0.454,1.369,2.904,1.291,2.268,-0.636
-0.341,0.341,0.031,0.014,-0.331,-0.361
0.159,0.563,1.162,0.541,0.923,-0.239
0.199,0.412,0.764,0.36,0.709,-0.055
0.943,1.168,1.59,0.689,1.901,0.311
1.351,1.843,2.66,1.254,2.237,-0.422
1.096,1.312,1.681,0.722,1.779,0.097
-0.677,0.819,0.978,0.461,-0.025,-1.003
-0.096,0.352,0.825,0.339,0.342,-0.483
1.198,1.585,2.232,1.038,1.962,-0.269
-0.066,0.11,0.214,0.088,0.036,-0.178
-0.045,0.047,0.031,0.014,-0.025,-0.055
0.006,0.189,0.459,0.188,0.22,-0.239
1.779,2.152,2.568,1.211,2.635,0.067
-0.218,0.319,0.52,0.232,-0.025,-0.545
1.331,1.579,1.804,0.85,1.932,0.128
-0.229,0.255,0.275,0.113,-0.086,-0.361
1.259,1.632,2.201,1.038,1.993,-0.208
-0.545,0.614,0.642,0.284,-0.3,-0.942
-0.932,1.033,0.948,0.447,-0.3,-1.248
0.413,1.524,3.241,1.467,2.482,-0.759
-0.677,0.685,0.214,0.101,-0.606,-0.82
-0.269,0.315,0.397,0.164,-0.086,-0.483
-0.127,0.355,0.703,0.331,0.342,-0.361
0.587,1.354,2.752,1.22,2.299,-0.453
-0.249,0.274,0.245,0.115,-0.086,-0.331
0.852,1.444,2.66,1.166,2.482,-0.178
0.953,1.464,2.507,1.111,1.901,-0.606
0.862,1.317,2.171,0.996,2.268,0.097
1.066,1.596,2.66,1.188,2.054,-0.606
-0.636,0.724,0.734,0.346,-0.147,-0.881
-0.697,0.699,0.122,0.05,-0.636,-0.759
1.178,1.774,2.874,1.327,2.176,-0.697
-0.208,0.682,1.406,0.649,0.709,-0.697
0.24,1.351,2.935,1.33,2.115,-0.82
0.454,1.341,3.057,1.262,2.115,-0.942
-0.015,1.047,2.415,1.047,1.443,-0.973
-0.239,0.32,0.52,0.213,0.036,-0.483
-0.29,0.402,0.642,0.278,0.097,-0.545
1.361,1.924,3.18,1.359,2.666,-0.514
-0.412,0.529,0.734,0.332,-0.147,-0.881
0.026,0.244,0.581,0.242,0.281,-0.3
0.729,1.476,2.782,1.284,2.543,-0.239
0.464,1.109,2.385,1.008,1.84,-0.545
0.24,1.029,2.446,1.0,1.504,-0.942
1.025,1.382,2.201,0.928,1.962,-0.239
-0.198,0.503,1.009,0.462,0.159,-0.85
-0.361,0.519,0.856,0.373,0.159,-0.697
-0.178,0.217,0.306,0.125,-0.025,-0.331
0.566,1.372,2.904,1.25,2.299,-0.606
-0.106,0.332,0.764,0.314,0.25,-0.514
0.485,0.998,1.865,0.872,1.718,-0.147
0.108,0.511,1.223,0.499,0.709,-0.514
0.291,1.08,2.354,1.04,1.748,-0.606
0.077,0.299,0.703,0.289,0.403,-0.3
-0.259,0.269,0.153,0.072,-0.208,-0.361
0.362,0.43,0.489,0.231,0.525,0.036
0.148,0.202,0.306,0.137,0.342,0.036
-0.218,0.27,0.336,0.159,0.006,-0.331
1.575,1.857,2.171,0.983,2.36,0.189
1.677,1.914,1.957,0.922,2.329,0.373
-0.239,0.58,1.223,0.528,0.495,-0.728
0.322,1.477,3.057,1.441,2.36,-0.697
0.159,0.489,1.131,0.462,0.739,-0.392
-0.534,0.535,0.031,0.014,-0.514,-0.545
0.495,1.051,2.262,0.928,1.565,-0.697
1.055,1.411,1.987,0.937,1.718,-0.269
0.087,0.397,0.917,0.388,0.617,-0.3
1.555,1.745,1.681,0.793,2.115,0.434
-0.178,0.318,0.611,0.264,0.189,-0.422
-0.096,0.097,0.031,0.014,-0.086,-0.117
-0.025,0.388,0.948,0.388,0.464,-0.483
0.271,0.308,0.336,0.146,0.403,0.067
0.536,1.142,2.171,1.009,1.962,-0.208
0.138,0.148,0.122,0.052,0.189,0.067
-0.137,0.514,1.192,0.496,0.525,-0.667
-0.055,0.055,0.0,0.0,-0.055,-0.055
0.24,0.365,0.611,0.275,0.464,-0.147
0.505,1.167,2.232,1.052,1.993,-0.239
0.617,1.342,2.629,1.192,2.299,-0.331
1.361,1.694,2.14,1.009,2.788,0.648
0.699,1.291,2.507,1.085,2.207,-0.3
0.179,0.377,0.703,0.331,0.648,-0.055
1.28,1.582,2.11,0.931,2.085,-0.025
-0.137,0.281,0.52,0.245,0.036,-0.483
-0.259,0.357,0.52,0.245,-0.086,-0.606
0.902,1.27,1.895,0.894,1.534,-0.361
-0.504,0.536,0.428,0.184,-0.331,-0.759
0.576,1.174,2.171,1.023,2.023,-0.147
0.25,0.361,0.581,0.261,0.464,-0.117
0.964,1.334,1.957,0.922,2.268,0.311
-0.168,0.453,0.948,0.421,0.189,-0.759
0.006,0.288,0.673,0.288,0.403,-0.269
0.301,0.513,0.978,0.416,0.709,-0.269
0.566,1.284,2.629,1.152,2.176,-0.453
-0.015,0.119,0.275,0.118,0.097,-0.178
0.566,1.272,2.446,1.139,2.176,-0.269
0.393,1.169,2.599,1.101,1.901,-0.697
0.719,1.448,2.843,1.257,2.482,-0.361
-0.3,0.313,0.214,0.09,-0.178,-0.392
0.485,1.415,2.935,1.33,2.36,-0.575
-0.218,0.302,0.489,0.208,0.067,-0.422
0.638,1.172,2.354,0.984,1.962,-0.392
-0.066,0.407,0.917,0.401,0.495,-0.422
-0.168,0.189,0.214,0.088,-0.055,-0.269
0.016,0.487,1.101,0.487,0.434,-0.667
0.699,1.374,2.66,1.183,2.36,-0.3
-0.086,0.185,0.397,0.164,0.128,-0.269
-0.259,0.32,0.459,0.187,-0.025,-0.483
-0.229,0.275,0.367,0.153,-0.025,-0.392
-0.168,0.317,0.611,0.269,0.067,-0.545
-0.208,0.247,0.306,0.132,-0.025,-0.331
0.189,0.272,0.428,0.195,0.342,-0.086
0.271,0.507,1.039,0.428,0.831,-0.208
0.872,1.663,3.241,1.416,2.849,-0.392
-0.514,0.532,0.336,0.139,-0.331,-0.667
0.78,1.103,1.773,0.779,1.871,0.097
1.463,1.777,2.171,1.009,2.207,0.036
-0.117,0.409,0.887,0.392,0.434,-0.453
0.016,0.274,0.581,0.274,0.403,-0.178
-0.106,0.228,0.489,0.202,0.159,-0.331
-0.117,0.124,0.092,0.043,-0.055,-0.147
-0.015,0.032,0.061,0.029,0.006,-0.055
1.015,1.333,1.834,0.865,1.626,-0.208
-0.025,0.305,0.673,0.304,0.403,-0.269
0.648,1.115,1.926,0.908,1.932,0.006
-0.086,0.418,0.978,0.409,0.464,-0.514
-0.086,0.193,0.367,0.173,0.159,-0.208
-0.31,0.376,0.489,0.212,-0.117,-0.606
0.22,0.34,0.55,0.259,0.587,0.036
-0.249,0.337,0.55,0.227,0.006,-0.545
0.79,1.226,1.987,0.937,2.115,0.128
-0.606,0.616,0.275,0.114,-0.483,-0.759
-0.055,0.141,0.275,0.13,0.128,-0.147
-0.076,0.225,0.489,0.212,0.22,-0.269
-0.575,0.614,0.459,0.216,-0.269,-0.728
0.281,0.53,1.101,0.449,0.831,-0.269
0.739,1.138,1.834,0.865,1.962,0.128
0.373,0.402,0.367,0.15,0.556,0.189
0.311,0.33,0.245,0.109,0.403,0.159
0.831,1.348,2.324,1.061,2.329,0.006
-0.402,0.482,0.581,0.267,-0.025,-0.606
0.729,1.746,3.424,1.586,2.971,-0.453
-0.29,0.37,0.489,0.231,0.036,-0.453
0.464,1.364,2.874,1.283,2.268,-0.606
0.811,1.165,1.773,0.836,1.993,0.22
0.046,0.472,1.039,0.47,0.709,-0.331
0.546,0.974,1.712,0.807,1.687,-0.025
0.199,0.353,0.703,0.291,0.587,-0.117
-0.29,0.324,0.306,0.144,-0.086,-0.392
1.331,1.886,3.18,1.336,2.696,-0.483
0.087,0.105,0.122,0.058,0.128,0.006
-0.127,0.377,0.795,0.355,0.373,-0.422
1.331,1.818,2.629,1.239,2.207,-0.422
-0.096,0.683,1.651,0.676,0.77,-0.881
-0.351,0.603,1.039,0.49,0.342,-0.697
0.495,0.914,1.834,0.769,1.534,-0.3
0.658,1.145,1.987,0.937,1.32,-0.667
1.412,1.903,2.721,1.276,2.329,-0.392
0.994,1.799,3.18,1.499,2.054,-1.125
-0.218,0.258,0.336,0.137,-0.055,-0.392
-0.035,0.327,0.795,0.325,0.373,-0.422
0.393,1.363,2.813,1.305,2.237,-0.575
0.658,1.481,3.027,1.327,2.513,-0.514
0.892,1.313,2.201,0.963,1.748,-0.453
-0.32,0.494,0.917,0.376,0.159,-0.759
0.159,1.243,2.66,1.233,1.901,-0.759
0.413,1.544,3.271,1.488,2.513,-0.759
0.678,1.583,3.424,1.43,2.604,-0.82
0.648,1.313,2.629,1.142,2.237,-0.392
-0.218,0.612,1.345,0.572,0.342,-1.003
-0.086,0.354,0.825,0.343,0.373,-0.453
0.362,1.307,2.874,1.255,2.115,-0.759
0.322,0.736,1.559,0.662,1.229,-0.331
-0.188,0.354,0.734,0.3,0.189,-0.545
-0.361,0.415,0.489,0.204,-0.147,-0.636
0.576,1.542,3.271,1.43,2.574,-0.697
0.485,1.211,2.385,1.11,2.054,-0.331
-0.534,0.553,0.336,0.142,-0.392,-0.728
-0.117,0.21,0.428,0.175,0.097,-0.331
0.403,1.221,2.782,1.152,1.932,-0.85
-0.117,0.496,1.162,0.482,0.525,-0.636
-0.137,0.269,0.52,0.232,0.189,-0.331
0.902,1.9,3.791,1.673,3.246,-0.545
-0.371,0.375,0.122,0.052,-0.3,-0.422
-0.667,0.729,0.703,0.294,-0.361,-1.064
-0.229,0.322,0.55,0.227,0.067,-0.483
0.332,1.009,2.201,0.953,1.657,-0.545
-0.534,0.557,0.336,0.159,-0.422,-0.759
0.24,0.972,2.11,0.942,1.565,-0.545
-0.341,0.446,0.611,0.288,0.067,-0.545
1.28,2.001,3.577,1.538,2.727,-0.85
-0.31,0.311,0.031,0.014,-0.3,-0.331
-0.494,0.575,0.642,0.296,-0.269,-0.911
-0.473,0.474,0.061,0.029,-0.453,-0.514
0.108,0.349,0.795,0.332,0.556,-0.239
1.381,2.114,3.394,1.6,2.513,-0.881
-0.259,0.36,0.581,0.25,-0.025,-0.606
-0.861,0.868,0.245,0.115,-0.697,-0.942
0.525,1.084,2.262,0.949,1.809,-0.453
-0.83,0.836,0.214,0.101,-0.759,-0.973
-0.371,0.405,0.367,0.16,-0.147,-0.514
0.311,0.662,1.253,0.584,0.739,-0.514
-0.218,0.408,0.795,0.344,0.097,-0.697
0.006,0.454,0.978,0.454,0.648,-0.331
0.546,1.219,2.385,1.09,2.085,-0.3
0.852,1.433,2.446,1.153,2.482,0.036
0.688,1.578,3.271,1.42,2.666,-0.606
-0.188,0.213,0.214,0.101,-0.117,-0.331
0.546,1.013,1.895,0.854,1.748,-0.147
0.485,0.731,1.162,0.548,1.259,0.097
-0.127,0.651,1.437,0.639,0.77,-0.667
-0.208,0.271,0.367,0.173,-0.086,-0.453
-0.565,0.596,0.459,0.191,-0.361,-0.82
0.128,0.215,0.367,0.173,0.25,-0.117
2.034,2.051,0.581,0.267,2.237,1.657
0.046,0.449,0.948,0.447,0.678,-0.269
-0.534,0.538,0.153,0.063,-0.453,-0.606
-0.555,0.811,1.253,0.591,0.281,-0.973
-0.463,0.616,0.948,0.406,0.097,-0.85
1.718,1.964,2.018,0.951,2.39,0.373
0.189,1.272,2.782,1.258,1.962,-0.82
0.352,1.484,3.057,1.441,2.39,-0.667
0.474,0.709,1.284,0.527,1.076,-0.208
-0.096,0.142,0.245,0.104,0.006,-0.239
-0.127,0.464,1.07,0.447,0.342,-0.728
1.066,1.529,2.385,1.096,1.901,-0.483
-0.168,0.286,0.55,0.232,0.067,-0.483
1.106,1.576,2.599,1.123,2.146,-0.453
-0.351,0.601,1.192,0.488,0.22,-0.973
0.169,1.07,2.354,1.057,1.657,-0.697
-0.382,0.615,1.039,0.483,-0.025,-1.064
-0.585,0.601,0.306,0.137,-0.392,-0.697
-0.626,0.686,0.673,0.281,-0.331,-1.003
0.892,1.471,2.721,1.17,1.993,-0.728
1.015,1.549,2.782,1.17,2.207,-0.575
-0.229,0.471,0.978,0.412,0.189,-0.789
0.587,1.168,2.324,1.01,1.504,-0.82
0.179,0.752,1.743,0.73,1.167,-0.575
0.25,1.022,2.293,0.991,1.626,-0.667
0.362,1.338,3.057,1.288,2.115,-0.942
0.036,1.276,2.721,1.276,1.84,-0.881
0.301,1.318,2.721,1.283,2.115,-0.606
-0.504,0.562,0.581,0.25,-0.269,-0.85
-0.555,0.58,0.397,0.17,-0.392,-0.789
0.576,1.438,3.088,1.317,2.39,-0.697
-0.035,1.226,2.752,1.226,1.687,-1.064
0.913,1.27,2.079,0.883,1.779,-0.3
0.159,0.689,1.437,0.67,1.106,-0.331
-0.647,0.745,0.887,0.371,-0.147,-1.034
-0.647,0.685,0.55,0.227,-0.392,-0.942
1.157,1.6,2.599,1.105,2.237,-0.361
0.199,1.211,2.721,1.195,1.871,-0.85
-0.83,0.929,0.887,0.418,-0.239,-1.125
-0.29,1.073,2.415,1.034,1.137,-1.278
-0.483,0.501,0.275,0.13,-0.392,-0.667
-0.636,0.685,0.611,0.253,-0.361,-0.973
-0.647,0.77,0.887,0.418,-0.055,-0.942
-0.626,0.736,0.917,0.388,-0.239,-1.156
0.444,1.195,2.354,1.11,1.229,-1.125
-0.453,0.897,1.804,0.774,0.617,-1.187
1.28,1.409,1.253,0.591,2.115,0.862
0.953,1.58,2.935,1.26,2.146,-0.789
-0.861,0.908,0.611,0.288,-0.453,-1.064
-0.697,0.924,1.315,0.606,0.159,-1.156
-0.636,0.636,0.0,0.0,-0.636,-0.636
-0.697,0.72,0.428,0.18,-0.514,-0.942
2.156,2.158,0.214,0.101,2.299,2.085
-0.636,0.657,0.397,0.164,-0.453,-0.85
-0.647,0.651,0.153,0.072,-0.545,-0.697
-0.045,1.018,2.293,1.017,1.381,-0.911
-0.596,0.616,0.336,0.159,-0.483,-0.82
-0.708,0.721,0.336,0.137,-0.545,-0.881
1.463,1.47,0.306,0.144,1.565,1.259
-0.341,1.165,2.599,1.114,1.198,-1.401
-0.382,0.399,0.245,0.115,-0.3,-0.545
0.148,1.166,2.752,1.156,1.718,-1.034
0.964,1.57,2.629,1.239,1.84,-0.789
-0.443,0.594,0.856,0.397,-0.147,-1.003
-0.983,0.984,0.122,0.058,-0.942,-1.064
0.046,1.232,2.752,1.231,1.779,-0.973
-0.035,0.981,2.079,0.98,1.351,-0.728
0.872,1.329,2.201,1.004,1.657,-0.545
-0.871,0.883,0.306,0.144,-0.667,-0.973
0.994,1.749,3.18,1.438,2.146,-1.034
-1.044,1.079,0.581,0.274,-0.85,-1.431
0.984,1.414,2.171,1.016,1.718,-0.453
-0.117,1.13,2.385,1.124,1.473,-0.911
-0.677,0.74,0.673,0.298,-0.422,-1.095
0.719,1.359,2.446,1.153,1.534,-0.911
-0.636,0.676,0.55,0.229,-0.392,-0.942
-0.545,0.611,0.673,0.278,-0.178,-0.85
0.036,1.211,2.599,1.211,1.748,-0.85
-0.891,0.893,0.153,0.063,-0.82,-0.973
0.841,1.102,1.651,0.712,1.504,-0.147
-0.718,0.788,0.795,0.326,-0.3,-1.095
0.536,0.917,1.651,0.745,1.137,-0.514
0.138,1.32,2.843,1.312,1.993,-0.85
-0.708,0.835,1.009,0.444,-0.086,-1.095
-0.728,0.771,0.611,0.253,-0.392,-1.003
-0.667,0.866,1.284,0.552,0.097,-1.187
-0.004,1.395,3.088,1.395,1.962,-1.125
-0.025,1.138,2.599,1.138,1.565,-1.034
1.117,1.223,1.162,0.5,1.809,0.648
0.006,1.306,2.935,1.306,1.84,-1.095
-0.382,1.287,2.721,1.229,1.351,-1.37
-1.064,1.141,0.887,0.411,-0.483,-1.37
-0.463,1.334,2.935,1.251,1.259,-1.676
-0.85,0.859,0.306,0.125,-0.697,-1.003
-1.085,1.15,0.887,0.382,-0.728,-1.615
0.709,1.04,1.712,0.762,1.351,-0.361
0.607,0.933,1.712,0.708,1.381,-0.331
0.902,1.423,2.69,1.1,2.207,-0.483
-0.636,0.667,0.489,0.2,-0.392,-0.881
1.066,1.078,0.397,0.166,1.29,0.892
0.638,1.47,3.241,1.325,2.207,-1.034
-1.289,1.324,0.734,0.305,-0.881,-1.615
0.821,1.603,2.966,1.377,1.84,-1.125
1.748,1.76,0.489,0.204,1.962,1.473
-0.973,1.064,0.917,0.432,-0.667,-1.584
-0.31,1.278,2.629,1.239,1.443,-1.187
0.464,1.079,2.11,0.974,1.198,-0.911
1.483,1.485,0.153,0.072,1.534,1.381
-0.157,1.271,2.721,1.262,1.626,-1.095
0.301,1.22,2.507,1.182,1.137,-1.37
-0.545,1.35,2.721,1.235,1.198,-1.523
-0.433,0.878,1.62,0.764,0.648,-0.973
-0.066,1.48,3.485,1.479,1.962,-1.523
-0.616,1.661,3.271,1.542,1.565,-1.706
-0.524,1.809,4.097,1.731,1.84,-2.257
-0.402,0.486,0.581,0.274,-0.208,-0.789
0.373,1.228,2.782,1.17,1.565,-1.217
0.026,0.793,1.681,0.793,0.587,-1.095
-0.371,1.25,2.752,1.194,1.29,-1.462
1.269,1.271,0.122,0.058,1.351,1.229
0.424,1.128,2.476,1.046,1.473,-1.003
0.444,1.584,3.271,1.521,1.565,-1.706
-0.382,1.345,2.752,1.29,1.443,-1.309
-1.125,1.685,2.66,1.254,0.648,-2.012
-1.564,1.624,1.07,0.44,-1.064,-2.134
-1.798,1.811,0.459,0.216,-1.492,-1.951
-0.657,1.803,3.608,1.679,1.718,-1.89
0.576,1.919,3.883,1.83,1.871,-2.012
1.453,1.498,0.887,0.364,1.871,0.984
-0.983,1.829,3.271,1.542,1.198,-2.073
1.045,1.733,3.18,1.382,2.299,-0.881
0.474,1.207,2.354,1.11,1.259,-1.095
-0.259,0.888,2.079,0.849,0.77,-1.309
-1.054,1.06,0.245,0.115,-0.973,-1.217
-0.483,1.125,2.171,1.016,0.953,-1.217
-1.268,1.273,0.245,0.115,-1.187,-1.431
-0.84,0.959,1.131,0.462,-0.269,-1.401
0.281,1.369,2.843,1.34,2.176,-0.667
1.748,1.755,0.367,0.156,1.901,1.534
-0.83,0.83,0.031,0.014,-0.82,-0.85
0.373,1.337,3.057,1.284,1.687,-1.37
0.23,1.851,4.066,1.836,2.818,-1.248
0.311,0.372,0.489,0.204,0.525,0.036
0.485,0.576,0.703,0.312,0.923,0.22
0.424,0.466,0.459,0.194,0.617,0.159
0.128,0.237,0.489,0.2,0.373,-0.117
0.169,1.304,3.027,1.293,1.412,-1.615
0.658,0.659,0.092,0.038,0.709,0.617
0.587,0.614,0.428,0.18,0.77,0.342
0.556,0.576,0.336,0.152,0.77,0.434
0.495,0.532,0.428,0.195,0.77,0.342
0.311,0.399,0.611,0.25,0.617,0.006
-0.096,1.255,2.782,1.252,0.923,-1.859
0.159,0.278,0.55,0.229,0.403,-0.147
0.159,0.159,0.0,0.0,0.159,0.159
0.189,0.322,0.581,0.261,0.556,-0.025
0.301,0.316,0.214,0.095,0.434,0.22
-1.737,1.819,1.192,0.542,-0.973,-2.165
0.474,0.516,0.459,0.203,0.648,0.189
0.76,0.83,0.764,0.335,1.229,0.464
0.464,0.599,0.887,0.378,0.831,-0.055
0.373,0.442,0.52,0.238,0.709,0.189
-0.545,1.356,2.904,1.241,0.648,-2.257
0.22,0.3,0.489,0.204,0.495,0.006
0.026,0.161,0.336,0.159,0.25,-0.086
-0.025,0.265,0.611,0.264,0.22,-0.392
-0.015,0.227,0.55,0.227,0.281,-0.269
0.077,0.136,0.275,0.113,0.22,-0.055
0.036,0.201,0.459,0.198,0.22,-0.239
0.199,0.31,0.581,0.237,0.495,-0.086
0.046,0.235,0.489,0.231,0.373,-0.117
0.342,0.484,0.825,0.343,0.801,-0.025
0.373,0.411,0.367,0.173,0.495,0.128
0.271,0.294,0.245,0.115,0.434,0.189
0.342,0.366,0.275,0.13,0.434,0.159
0.087,0.174,0.367,0.15,0.281,-0.086
0.495,0.604,0.734,0.346,0.739,0.006
0.362,0.427,0.52,0.227,0.678,0.159
0.169,0.183,0.153,0.072,0.22,0.067
0.128,0.495,1.07,0.478,0.525,-0.545
-0.269,0.283,0.183,0.086,-0.147,-0.331
0.087,0.433,0.978,0.425,0.678,-0.3
0.067,0.437,0.917,0.432,0.373,-0.545
0.352,0.589,1.101,0.472,0.801,-0.3
0.148,0.188,0.245,0.115,0.311,0.067
0.291,0.43,0.764,0.316,0.709,-0.055
0.169,0.222,0.306,0.144,0.373,0.067
-0.28,0.462,0.856,0.368,0.067,-0.789
0.179,0.278,0.489,0.212,0.373,-0.117
0.607,1.223,2.446,1.062,2.085,-0.361
-0.076,0.411,0.856,0.404,0.495,-0.361
0.709,1.18,2.171,0.944,2.023,-0.147
0.046,0.32,0.673,0.317,0.495,-0.178
0.271,0.304,0.306,0.137,0.464,0.159
-0.127,0.128,0.031,0.014,-0.117,-0.147
-0.269,0.345,0.459,0.216,0.036,-0.422
0.077,0.383,0.795,0.375,0.342,-0.453
1.575,1.988,2.904,1.212,2.849,-0.055
-0.483,0.491,0.183,0.086,-0.422,-0.606
1.718,2.293,3.363,1.518,2.941,-0.422
-0.677,0.754,0.703,0.331,-0.208,-0.911
-0.687,0.701,0.306,0.137,-0.575,-0.881
1.911,2.232,2.446,1.153,2.727,0.281
0.76,1.586,3.027,1.392,2.727,-0.3
-0.422,0.574,0.825,0.389,0.128,-0.697
0.831,1.578,2.904,1.341,2.727,-0.178
-0.229,0.305,0.428,0.202,-0.086,-0.514
1.708,2.044,2.629,1.123,2.788,0.159
0.159,0.855,1.957,0.84,1.32,-0.636
-0.534,0.543,0.214,0.095,-0.453,-0.667
-1.044,1.109,0.917,0.376,-0.606,-1.523
0.271,1.575,3.485,1.552,2.452,-1.034
-0.351,0.505,0.887,0.364,0.067,-0.82
-0.249,0.654,1.376,0.604,0.281,-1.095
-0.239,0.467,0.948,0.402,0.311,-0.636
-0.269,0.365,0.581,0.246,0.067,-0.514
-0.117,0.395,0.917,0.377,0.311,-0.606
-0.137,0.294,0.611,0.26,0.22,-0.392
-0.055,0.374,0.825,0.369,0.25,-0.575
-0.616,0.643,0.428,0.184,-0.361,-0.789
-0.422,0.691,1.253,0.547,0.342,-0.911
-0.361,0.477,0.734,0.312,-0.055,-0.789
0.638,1.933,3.974,1.825,3.216,-0.759
-0.392,0.401,0.183,0.086,-0.269,-0.453
-0.168,0.27,0.489,0.212,0.128,-0.361
0.087,0.196,0.428,0.175,0.311,-0.117
-0.28,0.37,0.581,0.242,-0.025,-0.606
-0.106,0.396,0.917,0.381,0.403,-0.514
-0.229,0.387,0.703,0.312,0.036,-0.667
0.291,1.492,3.118,1.463,2.36,-0.759
-0.483,0.544,0.611,0.25,-0.178,-0.789
0.301,1.31,2.996,1.275,2.054,-0.942
-0.331,0.35,0.275,0.114,-0.208,-0.483
0.046,1.466,3.21,1.465,2.115,-1.095
-0.667,0.672,0.183,0.086,-0.545,-0.728
0.118,0.121,0.061,0.029,0.159,0.097
1.32,1.753,2.752,1.153,2.513,-0.239
0.352,1.4,2.874,1.355,2.268,-0.606
-0.117,0.267,0.55,0.241,0.22,-0.331
-0.137,0.44,0.887,0.418,0.159,-0.728
-0.178,0.253,0.428,0.18,0.067,-0.361
-0.331,0.355,0.275,0.13,-0.147,-0.422
-0.677,0.722,0.611,0.25,-0.361,-0.973
0.668,1.433,2.69,1.268,1.565,-1.125
-0.137,0.166,0.214,0.095,-0.055,-0.269
-1.003,1.036,0.55,0.259,-0.636,-1.187
0.495,0.923,1.681,0.779,1.595,-0.086
0.719,1.049,1.62,0.764,1.259,-0.361
-0.28,0.323,0.397,0.162,-0.086,-0.483
0.709,0.932,1.284,0.605,1.565,0.281
-0.076,0.277,0.642,0.267,0.281,-0.361
-1.105,1.114,0.306,0.144,-1.003,-1.309
1.616,1.62,0.275,0.118,1.779,1.504
-0.015,1.095,2.324,1.095,1.534,-0.789
-0.585,0.596,0.275,0.113,-0.453,-0.728
-0.361,0.362,0.061,0.025,-0.331,-0.392
0.424,1.454,2.966,1.391,2.39,-0.575
0.118,0.248,0.52,0.218,0.342,-0.178
-0.239,0.243,0.092,0.043,-0.178,-0.269
-0.32,0.351,0.306,0.144,-0.117,-0.422
-0.412,0.482,0.581,0.25,-0.178,-0.759
-0.066,0.212,0.428,0.202,0.22,-0.208
0.332,1.578,3.302,1.542,2.513,-0.789
-0.524,0.557,0.397,0.187,-0.392,-0.789
-0.575,0.626,0.581,0.246,-0.239,-0.82
2.125,2.126,0.122,0.058,2.207,2.085
0.576,1.313,2.752,1.18,2.207,-0.545
-0.025,0.09,0.183,0.086,0.097,-0.086
-0.066,0.152,0.336,0.137,0.097,-0.239
0.78,1.832,3.516,1.657,3.124,-0.392
0.638,1.53,2.996,1.391,2.604,-0.392
-0.596,0.596,0.031,0.014,-0.575,-0.606
0.678,1.487,2.935,1.323,2.543,-0.392
-0.483,0.678,1.009,0.476,-0.147,-1.156
-0.606,0.897,1.62,0.662,0.22,-1.401
-0.351,0.355,0.122,0.052,-0.3,-0.422
-0.504,0.656,1.009,0.419,-0.055,-1.064
0.485,1.364,2.904,1.275,2.268,-0.636
-0.29,0.436,0.795,0.326,0.128,-0.667
0.709,1.296,2.538,1.086,2.207,-0.331
0.087,0.374,0.856,0.364,0.587,-0.269
-0.29,0.421,0.734,0.305,0.036,-0.697
-0.555,0.747,1.162,0.5,-0.086,-1.248
-0.463,0.673,1.162,0.488,0.036,-1.125
-0.596,0.711,0.917,0.388,-0.208,-1.125
1.127,1.501,2.201,0.991,1.932,-0.269
-0.606,0.63,0.397,0.175,-0.453,-0.85
1.381,1.826,2.782,1.194,2.513,-0.269
0.424,1.411,3.271,1.346,2.176,-1.095
-0.331,0.407,0.581,0.238,-0.025,-0.606
0.76,1.267,2.476,1.014,2.054,-0.422
-0.086,0.394,0.917,0.384,0.434,-0.483
1.402,1.821,2.538,1.162,2.299,-0.239
0.709,1.617,3.546,1.454,2.574,-0.973
-0.667,0.696,0.459,0.198,-0.392,-0.85
-0.137,0.265,0.55,0.227,0.159,-0.392
-0.178,0.408,0.887,0.368,0.311,-0.575
-0.147,0.412,0.917,0.384,0.373,-0.545
-0.728,0.799,0.764,0.33,-0.269,-1.034
-0.035,0.191,0.397,0.187,0.097,-0.3
0.159,0.259,0.489,0.204,0.373,-0.117
1.269,1.766,2.69,1.227,3.002,0.311
0.271,0.289,0.245,0.101,0.403,0.159
0.036,0.252,0.611,0.25,0.342,-0.269
-0.565,0.635,0.642,0.289,-0.331,-0.973
-0.382,0.567,1.009,0.419,0.067,-0.942
0.006,0.562,1.192,0.562,0.403,-0.789
-0.545,0.614,0.642,0.284,-0.147,-0.789
-0.3,0.3,0.0,0.0,-0.3,-0.3
0.179,0.205,0.245,0.101,0.311,0.067
0.169,0.398,0.764,0.36,0.678,-0.086
0.291,0.346,0.459,0.187,0.525,0.067
0.097,0.198,0.367,0.173,0.342,-0.025
0.21,0.282,0.428,0.189,0.373,-0.055
0.271,0.271,0.031,0.014,0.281,0.25
0.393,0.466,0.611,0.25,0.709,0.097
-0.045,0.292,0.611,0.288,0.159,-0.453
-0.208,0.214,0.122,0.05,-0.147,-0.269
-0.076,0.095,0.122,0.058,0.006,-0.117
-0.004,0.101,0.214,0.101,0.067,-0.147
-0.035,0.247,0.52,0.245,0.311,-0.208
0.046,0.23,0.55,0.225,0.311,-0.239
-0.443,0.539,0.734,0.308,-0.025,-0.759
0.301,0.56,1.07,0.473,0.709,-0.361
0.393,0.41,0.245,0.115,0.556,0.311
0.648,0.726,0.795,0.327,1.076,0.281
0.281,0.413,0.642,0.303,0.495,-0.147
0.026,0.104,0.245,0.101,0.159,-0.086
0.403,0.423,0.275,0.13,0.587,0.311
-0.096,0.366,0.764,0.353,0.403,-0.361
0.291,0.509,0.887,0.418,0.587,-0.3
0.118,0.26,0.52,0.232,0.311,-0.208
-0.035,0.191,0.397,0.187,0.097,-0.3
0.627,0.746,0.978,0.404,1.076,0.097
0.21,0.233,0.214,0.101,0.281,0.067
0.373,0.481,0.673,0.304,0.801,0.128
0.424,0.463,0.397,0.187,0.556,0.159
-0.168,0.93,1.957,0.915,0.495,-1.462
0.22,0.224,0.092,0.043,0.281,0.189
-0.983,1.468,2.507,1.09,0.006,-2.501
0.373,0.431,0.459,0.216,0.525,0.067
0.077,0.209,0.459,0.194,0.342,-0.117
0.24,0.319,0.459,0.209,0.403,-0.055
0.902,0.918,0.367,0.166,1.137,0.77
-0.127,0.745,1.743,0.734,0.617,-1.125
0.128,0.237,0.489,0.2,0.373,-0.117
0.322,0.364,0.397,0.17,0.556,0.159
0.189,0.292,0.52,0.222,0.403,-0.117
0.271,0.585,1.192,0.519,0.739,-0.453
0.23,0.321,0.489,0.224,0.403,-0.086
-0.147,0.412,0.917,0.384,0.373,-0.545
0.138,0.282,0.55,0.246,0.342,-0.208
-0.137,0.269,0.55,0.232,0.097,-0.453
0.138,0.227,0.397,0.181,0.281,-0.117
0.067,0.071,0.061,0.025,0.097,0.036
-0.055,1.451,3.149,1.45,1.045,-2.104
0.393,0.396,0.122,0.052,0.464,0.342
0.424,0.442,0.306,0.128,0.556,0.25
0.505,0.521,0.306,0.128,0.678,0.373
0.108,0.374,0.825,0.359,0.434,-0.392
-0.606,1.296,2.446,1.146,0.22,-2.226
0.25,0.411,0.734,0.326,0.709,-0.025
0.362,0.435,0.581,0.24,0.678,0.097
-0.382,1.062,2.262,0.991,0.495,-1.768
0.424,0.463,0.459,0.187,0.648,0.189
0.546,0.571,0.367,0.166,0.678,0.311
0.76,0.81,0.673,0.281,1.137,0.464
0.536,0.578,0.52,0.218,0.831,0.311
0.342,0.383,0.367,0.173,0.464,0.097
0.729,0.754,0.459,0.191,0.984,0.525
0.413,0.46,0.489,0.202,0.678,0.189
-0.524,0.758,1.162,0.548,0.25,-0.911
-0.341,0.99,2.262,0.929,0.862,-1.401
0.607,0.615,0.214,0.101,0.678,0.464
0.546,0.65,0.764,0.353,1.045,0.281
-0.076,1.832,3.883,1.83,2.513,-1.37
0.699,0.75,0.581,0.274,0.892,0.311
0.821,0.902,0.795,0.375,1.351,0.556
0.821,0.837,0.367,0.16,1.045,0.678
0.882,1.653,2.966,1.398,1.871,-1.095
0.271,1.446,3.271,1.42,1.565,-1.706
1.565,1.748,1.651,0.778,2.666,1.015
0.403,1.483,3.088,1.428,1.473,-1.615
-0.708,0.861,1.039,0.49,-0.361,-1.401
0.556,0.611,0.611,0.253,0.831,0.22
-0.076,1.458,3.088,1.456,0.953,-2.134
0.505,1.154,2.385,1.038,1.443,-0.942
0.373,1.496,3.088,1.448,1.412,-1.676
-0.402,1.117,2.476,1.042,1.015,-1.462
0.831,0.862,0.55,0.229,1.137,0.587
-0.697,1.231,2.354,1.014,0.709,-1.645
0.006,0.692,1.467,0.692,0.984,-0.483
-0.412,1.069,2.415,0.987,0.77,-1.645
0.648,0.649,0.092,0.043,0.709,0.617
-0.636,1.274,2.415,1.104,0.923,-1.492
0.607,0.607,0.031,0.014,0.617,0.587
0.118,0.88,2.079,0.872,1.015,-1.064
-1.125,1.222,1.009,0.476,-0.789,-1.798
0.291,0.765,1.62,0.708,0.923,-0.697
1.178,1.178,0.061,0.029,1.198,1.137
0.953,0.954,0.061,0.025,0.984,0.923
0.169,1.294,2.721,1.283,1.076,-1.645
0.454,1.421,3.057,1.346,1.626,-1.431
1.381,1.382,0.092,0.043,1.443,1.351
0.953,0.966,0.367,0.156,1.106,0.739
0.587,1.603,3.21,1.492,1.687,-1.523
1.066,1.098,0.642,0.267,1.351,0.709
1.137,1.154,0.459,0.198,1.412,0.953
0.077,1.577,3.73,1.575,1.657,-2.073
0.281,1.202,2.538,1.168,1.167,-1.37
-0.82,1.216,2.201,0.899,0.281,-1.92
1.208,1.277,0.978,0.412,1.626,0.648
-0.555,1.483,3.057,1.375,1.381,-1.676
0.556,1.344,2.874,1.223,1.748,-1.125
-0.677,1.356,2.721,1.175,0.953,-1.768
1.076,1.138,0.856,0.373,1.412,0.556
-1.604,1.618,0.52,0.212,-1.339,-1.859
0.546,1.812,3.822,1.728,1.932,-1.89
-0.575,1.414,3.088,1.292,1.167,-1.92
1.728,1.728,0.092,0.038,1.779,1.687
0.057,1.565,3.546,1.564,1.412,-2.134
-0.31,1.406,2.996,1.371,1.626,-1.37
-0.147,1.025,2.415,1.014,1.229,-1.187
0.159,1.198,2.813,1.187,1.351,-1.462
-0.229,0.936,2.14,0.907,1.015,-1.125
-0.545,1.569,3.394,1.472,1.504,-1.89
0.311,1.558,3.455,1.526,1.626,-1.829
-0.025,1.492,3.18,1.492,1.045,-2.134
1.106,1.132,0.581,0.238,1.381,0.801
0.424,1.365,3.088,1.298,1.748,-1.339
0.413,1.208,2.507,1.135,1.32,-1.187
0.627,1.532,3.118,1.398,1.779,-1.339
1.504,1.509,0.306,0.125,1.657,1.351
-1.064,1.073,0.336,0.139,-0.911,-1.248
-0.718,0.914,1.315,0.566,0.067,-1.248
0.485,1.447,3.18,1.364,1.779,-1.401
-1.248,1.254,0.275,0.13,-1.156,-1.431
-0.861,1.408,2.69,1.114,0.617,-2.073
-1.36,1.802,2.507,1.182,0.311,-2.196
0.108,0.645,1.406,0.636,0.617,-0.789
-0.718,1.038,1.59,0.749,0.342,-1.248
0.597,0.672,0.734,0.308,1.015,0.281
0.862,0.964,0.917,0.432,1.473,0.556
0.913,0.953,0.611,0.275,1.137,0.525
1.015,1.018,0.183,0.086,1.076,0.892
0.128,0.995,2.262,0.986,1.015,-1.248
0.495,0.497,0.092,0.043,0.525,0.434
0.76,0.841,0.795,0.361,1.045,0.25
0.994,1.001,0.245,0.115,1.076,0.831
-0.3,1.146,2.446,1.106,0.587,-1.859
-0.106,1.029,2.171,1.023,0.617,-1.553
0.138,1.164,2.538,1.155,1.045,-1.492
-0.606,0.915,1.651,0.686,0.311,-1.339
1.015,1.115,1.07,0.462,1.443,0.373
1.402,1.421,0.489,0.231,1.565,1.076
-0.117,1.093,2.629,1.087,1.076,-1.553
0.444,1.235,2.446,1.153,1.259,-1.187
-0.412,0.981,2.11,0.89,0.801,-1.309
-1.289,1.818,2.721,1.283,0.525,-2.196
0.097,1.376,3.302,1.373,1.565,-1.737
0.811,0.843,0.489,0.231,1.137,0.648
0.169,1.146,2.476,1.133,1.045,-1.431
-0.025,1.168,2.476,1.167,0.801,-1.676
-0.127,1.059,2.538,1.051,1.015,-1.523
-0.412,1.541,3.149,1.484,1.687,-1.462
-0.422,1.379,2.996,1.312,1.412,-1.584
-0.096,0.584,1.223,0.576,0.311,-0.911
-0.952,1.207,1.59,0.742,0.097,-1.492
-1.829,1.854,0.642,0.303,-1.401,-2.043
0.016,1.045,2.232,1.045,0.77,-1.462
-0.371,1.363,2.813,1.312,0.587,-2.226
0.638,0.694,0.642,0.274,1.015,0.373
-0.983,1.507,2.599,1.143,0.617,-1.982
0.474,1.622,3.669,1.551,2.023,-1.645
-0.545,1.231,2.415,1.104,1.015,-1.401
0.892,0.942,0.734,0.303,1.29,0.556
0.77,0.819,0.673,0.278,1.137,0.464
0.169,1.459,3.302,1.45,1.443,-1.859
0.536,0.634,0.734,0.339,1.015,0.281
-0.086,1.089,2.538,1.086,0.953,-1.584
0.678,0.843,1.223,0.501,1.32,0.097
0.322,0.407,0.581,0.25,0.556,-0.025
-0.545,1.059,1.957,0.908,0.128,-1.829
0.495,0.569,0.611,0.281,0.709,0.097
-0.626,1.211,2.324,1.037,0.831,-1.492
-1.757,1.761,0.275,0.113,-1.615,-1.89
0.434,1.164,2.507,1.08,1.443,-1.064
-0.973,1.445,2.415,1.068,0.525,-1.89
-0.178,1.206,2.874,1.193,1.106,-1.768
-0.606,1.056,1.865,0.865,0.617,-1.248
-0.81,1.453,2.935,1.207,0.556,-2.379
0.067,0.792,1.926,0.789,0.984,-0.942
0.658,0.699,0.581,0.237,0.953,0.373
-0.076,1.072,2.354,1.069,0.77,-1.584
0.108,1.453,3.394,1.449,1.504,-1.89
0.77,0.776,0.245,0.1,0.892,0.648
-0.636,1.523,2.966,1.384,1.32,-1.645
0.25,1.449,3.027,1.427,1.259,-1.768
-0.596,1.405,2.813,1.272,1.198,-1.615
-0.657,1.39,2.599,1.225,1.076,-1.523
-0.433,1.002,2.14,0.904,0.801,-1.339
-0.453,1.212,2.385,1.124,0.342,-2.043
0.006,0.84,1.957,0.84,0.801,-1.156
-0.004,1.009,2.14,1.009,0.709,-1.431
0.638,0.694,0.642,0.274,1.015,0.373
1.127,1.17,0.673,0.317,1.351,0.678
0.75,0.756,0.214,0.095,0.831,0.617
0.841,0.854,0.306,0.144,1.045,0.739
0.179,1.286,3.027,1.274,1.473,-1.553
0.739,0.744,0.183,0.086,0.801,0.617
0.057,0.584,1.315,0.581,0.556,-0.759
0.536,0.545,0.214,0.101,0.678,0.464
0.77,0.991,1.467,0.624,1.626,0.159
0.627,0.659,0.428,0.202,0.77,0.342
1.331,1.359,0.673,0.276,1.687,1.015
0.964,1.034,0.825,0.376,1.259,0.434
0.505,0.586,0.703,0.298,0.801,0.097
-1.462,1.464,0.183,0.086,-1.339,-1.523
0.057,1.13,2.568,1.129,1.045,-1.523
0.678,0.684,0.183,0.086,0.801,0.617
0.658,0.724,0.703,0.302,1.076,0.373
-1.37,1.465,1.101,0.519,-1.003,-2.104
-0.035,0.963,2.293,0.962,0.953,-1.339
-0.402,1.006,1.957,0.922,0.25,-1.706
-1.339,1.429,1.101,0.499,-0.636,-1.737
0.638,0.638,0.061,0.029,0.678,0.617
-1.37,1.588,1.957,0.803,-0.453,-2.41
-1.9,1.99,1.253,0.591,-1.064,-2.318
0.179,1.285,2.813,1.272,1.198,-1.615
0.678,0.7,0.367,0.173,0.923,0.556
-1.289,1.295,0.306,0.128,-1.156,-1.462
0.872,0.892,0.397,0.187,1.137,0.739
-0.259,1.161,2.415,1.131,0.556,-1.859
-1.329,1.333,0.214,0.101,-1.187,-1.401
-0.137,0.866,2.018,0.855,0.709,-1.309
0.811,0.819,0.245,0.115,0.892,0.648
-1.105,1.629,2.599,1.197,0.587,-2.012
0.709,0.998,1.681,0.703,1.443,-0.239
-0.004,1.063,2.507,1.063,1.045,-1.462
-0.81,1.493,2.813,1.254,0.953,-1.859
-0.483,1.106,2.11,0.994,0.923,-1.187
1.147,1.207,0.917,0.375,1.595,0.678
0.434,1.335,2.843,1.263,1.504,-1.339
-2.012,2.035,0.673,0.304,-1.768,-2.44
0.841,0.871,0.52,0.227,1.045,0.525
-0.32,1.218,2.507,1.175,0.525,-1.982
-0.759,1.503,2.996,1.297,1.045,-1.951
-0.198,1.286,3.027,1.27,1.106,-1.92
0.862,0.875,0.367,0.15,1.045,0.678
0.424,0.736,1.437,0.602,1.045,-0.392
-1.309,1.371,0.978,0.409,-0.881,-1.859
0.159,1.311,2.874,1.301,1.198,-1.676
0.474,0.528,0.55,0.232,0.709,0.159
-0.035,1.005,2.324,1.005,0.892,-1.431
0.597,0.727,0.978,0.416,1.167,0.189
0.281,1.369,2.843,1.34,1.229,-1.615
-0.84,1.165,1.865,0.807,0.281,-1.584
0.097,0.427,0.948,0.415,0.464,-0.483
-0.035,1.068,2.568,1.068,1.106,-1.462
0.515,0.684,1.009,0.45,0.892,-0.117
0.036,0.984,2.324,0.983,1.015,-1.309
-0.004,0.866,2.048,0.866,0.862,-1.187
-0.025,1.131,2.538,1.131,0.923,-1.615
-1.064,1.473,2.232,1.018,0.373,-1.859
-1.238,1.9,3.057,1.441,0.801,-2.257
-1.003,1.556,2.568,1.19,0.678,-1.89
-0.636,1.074,1.834,0.865,-0.025,-1.859
-0.086,1.292,3.027,1.289,1.167,-1.859
-1.156,1.159,0.183,0.086,-1.095,-1.278
1.004,1.005,0.061,0.029,1.045,0.984
0.658,0.75,0.764,0.36,1.167,0.403
0.424,1.296,2.599,1.225,1.29,-1.309
0.057,0.852,1.804,0.85,1.259,-0.545
-0.575,1.509,3.149,1.395,1.381,-1.768
-0.086,0.912,1.926,0.908,0.556,-1.37
0.25,1.739,4.066,1.721,1.962,-2.104
-1.299,1.645,2.14,1.009,0.128,-2.012
-0.086,1.131,2.629,1.128,0.984,-1.645
0.974,1.001,0.489,0.231,1.137,0.648
0.067,0.93,2.262,0.928,1.137,-1.125
-0.483,1.125,2.171,1.016,0.953,-1.217
0.464,1.176,2.293,1.081,1.229,-1.064
1.28,1.28,0.031,0.014,1.29,1.259
-0.422,1.307,2.752,1.237,1.32,-1.431
-0.28,0.854,1.712,0.807,0.862,-0.85
-0.473,1.253,2.476,1.16,1.167,-1.309
-0.137,1.032,2.171,1.023,0.587,-1.584
0.23,1.114,2.538,1.09,1.259,-1.278
0.301,0.303,0.061,0.029,0.342,0.281
-1.003,1.343,2.11,0.893,0.22,-1.89
-0.952,1.43,2.262,1.066,0.556,-1.706
0.087,0.824,1.834,0.819,0.77,-1.064
-1.176,1.469,1.865,0.879,0.067,-1.798
-0.208,1.147,2.629,1.128,1.351,-1.278
-0.015,0.634,1.345,0.634,0.434,-0.911
0.383,0.816,1.559,0.721,0.923,-0.636
-0.249,0.969,1.987,0.937,1.076,-0.911
0.118,0.761,1.834,0.752,0.984,-0.85
-0.708,1.541,2.904,1.369,1.229,-1.676
-0.045,1.068,2.293,1.067,0.739,-1.553
-0.606,1.55,3.027,1.427,1.412,-1.615
0.077,1.037,2.354,1.034,0.984,-1.37
-0.789,1.564,3.21,1.35,1.045,-2.165
0.189,0.951,2.048,0.932,0.923,-1.125
0.902,0.995,0.917,0.419,1.229,0.311
-1.513,1.591,1.101,0.493,-0.82,-1.92
0.495,0.497,0.122,0.05,0.556,0.434
-0.239,1.367,2.996,1.346,0.862,-2.134
-0.086,0.629,1.467,0.624,0.525,-0.942
0.118,1.04,2.415,1.034,1.106,-1.309
-0.952,1.562,3.027,1.238,0.617,-2.41
-1.003,1.63,3.057,1.284,0.739,-2.318
0.964,1.014,0.673,0.317,1.412,0.739
0.597,0.881,1.559,0.648,1.29,-0.269
0.199,1.174,2.568,1.157,1.137,-1.431
0.678,1.272,2.476,1.076,1.657,-0.82
-0.596,1.214,2.476,1.057,0.862,-1.615
-1.717,1.726,0.397,0.181,-1.462,-1.859
0.739,0.799,0.734,0.303,1.076,0.342
0.464,0.515,0.52,0.222,0.678,0.159
-0.748,1.02,1.59,0.694,0.22,-1.37
-0.076,0.938,2.262,0.935,0.953,-1.309
-0.626,1.384,2.782,1.234,1.106,-1.676
0.138,1.078,2.354,1.069,0.984,-1.37
-0.973,1.518,2.69,1.165,0.648,-2.043
0.505,1.357,2.904,1.26,1.657,-1.248
-0.769,1.407,2.599,1.178,0.892,-1.706
0.108,1.09,2.507,1.085,1.106,-1.401
0.311,0.882,1.834,0.825,0.984,-0.85
0.974,0.989,0.428,0.175,1.198,0.77
0.087,0.836,2.018,0.832,1.015,-1.003
-1.166,1.172,0.245,0.115,-1.003,-1.248
1.117,1.167,0.795,0.34,1.443,0.648
-0.331,1.297,2.66,1.254,0.556,-2.104
0.026,1.226,2.629,1.225,0.923,-1.706
-0.708,1.28,2.262,1.066,0.801,-1.462
-0.412,0.975,2.079,0.883,0.801,-1.278
0.719,0.792,0.703,0.331,0.953,0.25
0.128,1.398,3.241,1.392,1.443,-1.798
0.108,1.201,2.538,1.196,0.953,-1.584
-0.942,1.626,2.966,1.326,0.923,-2.043
0.953,1.153,1.376,0.649,1.412,0.036
-0.932,1.624,3.057,1.331,0.923,-2.134
-0.616,0.948,1.529,0.721,0.403,-1.125
-0.229,0.695,1.529,0.656,0.678,-0.85
-0.575,1.039,1.834,0.865,0.648,-1.187
0.128,1.105,2.599,1.097,1.229,-1.37
0.862,0.986,1.07,0.478,1.534,0.464
0.852,0.906,0.673,0.31,1.29,0.617
-0.83,1.318,2.232,1.024,0.617,-1.615
-0.076,1.177,2.507,1.175,0.77,-1.737
0.424,0.43,0.153,0.072,0.525,0.373
-0.952,1.23,1.865,0.779,0.097,-1.768
0.709,0.741,0.459,0.216,1.015,0.556
0.159,1.054,2.324,1.042,1.015,-1.309
-0.708,1.353,2.446,1.153,0.923,-1.523
-0.504,1.201,2.507,1.09,1.015,-1.492
0.831,0.832,0.092,0.043,0.862,0.77
-0.055,1.192,2.599,1.191,0.862,-1.737
0.291,1.357,2.813,1.326,1.229,-1.584
-1.39,1.394,0.214,0.101,-1.248,-1.462
0.006,0.692,1.467,0.692,0.495,-0.973
-0.84,1.452,2.599,1.184,0.831,-1.768
-0.178,1.138,2.385,1.124,0.617,-1.768
-0.463,1.418,2.996,1.34,0.648,-2.348
-0.82,1.256,2.018,0.951,0.525,-1.492
0.505,0.571,0.581,0.267,0.709,0.128
-1.523,1.919,2.476,1.167,0.128,-2.348
0.525,0.568,0.459,0.216,0.831,0.373
-0.096,1.618,3.485,1.615,1.106,-2.379
0.016,0.916,2.14,0.916,0.892,-1.248
0.841,0.897,0.673,0.31,1.076,0.403
-0.708,1.562,3.027,1.392,1.259,-1.768
-0.035,1.465,3.18,1.464,1.076,-2.104
0.454,0.701,1.162,0.534,0.862,-0.3
0.485,0.921,1.804,0.783,1.198,-0.606
-0.249,1.47,3.363,1.448,1.106,-2.257
0.148,1.617,3.669,1.61,1.565,-2.104
0.179,1.943,4.494,1.934,1.993,-2.501
-1.146,1.889,3.424,1.501,0.953,-2.471
-0.962,1.559,2.66,1.226,0.77,-1.89
0.332,1.454,3.241,1.416,1.595,-1.645
-0.086,1.454,3.18,1.451,1.045,-2.134
1.127,1.165,0.642,0.296,1.351,0.709
0.036,1.319,2.813,1.319,0.984,-1.829
0.311,1.449,3.302,1.416,1.657,-1.645
-1.105,1.142,0.642,0.289,-0.697,-1.339
-0.83,1.363,2.599,1.081,0.617,-1.982
0.301,0.784,1.773,0.724,1.198,-0.575
-0.004,0.962,2.232,0.962,0.892,-1.339
0.26,1.311,2.813,1.285,1.259,-1.553
-0.076,0.973,2.324,0.97,1.229,-1.095
0.016,0.985,2.201,0.985,0.831,-1.37
-0.81,1.15,1.926,0.817,0.311,-1.615
-0.137,1.47,3.271,1.463,1.076,-2.196
0.057,0.359,0.856,0.354,0.525,-0.331
-0.565,1.131,2.079,0.98,0.128,-1.951
0.046,0.822,1.987,0.82,0.953,-1.034
-0.066,0.24,0.489,0.231,0.097,-0.392
0.474,0.506,0.428,0.177,0.709,0.281
0.811,0.836,0.428,0.202,0.953,0.525
0.76,0.783,0.459,0.191,1.015,0.556
0.148,0.149,0.031,0.014,0.159,0.128
0.597,0.612,0.336,0.137,0.77,0.434
-0.157,0.173,0.153,0.072,-0.055,-0.208
0.087,0.168,0.306,0.144,0.189,-0.117
-0.096,0.211,0.397,0.187,0.036,-0.361
0.006,0.281,0.611,0.281,0.403,-0.208
0.25,0.254,0.092,0.043,0.281,0.189
-0.076,0.231,0.52,0.218,0.22,-0.3
0.138,0.307,0.581,0.274,0.525,-0.055
0.006,0.336,0.795,0.336,0.342,-0.453
0.505,0.508,0.122,0.058,0.587,0.464
0.189,0.214,0.245,0.1,0.311,0.067
-0.31,0.423,0.611,0.288,0.097,-0.514
0.057,0.708,1.712,0.706,0.984,-0.728
0.006,0.044,0.092,0.043,0.036,-0.055
0.688,1.485,3.057,1.316,2.513,-0.545
-0.524,0.524,0.031,0.014,-0.514,-0.545
0.311,0.377,0.52,0.213,0.556,0.036
0.189,0.472,0.917,0.432,0.495,-0.422
-0.208,0.219,0.153,0.066,-0.117,-0.269
-0.086,0.193,0.367,0.173,0.036,-0.331
0.159,0.192,0.245,0.109,0.311,0.067
-0.218,0.35,0.581,0.274,-0.025,-0.606
-0.127,0.395,0.887,0.374,0.25,-0.636
0.801,1.03,1.376,0.649,1.718,0.342
-0.433,0.471,0.397,0.187,-0.3,-0.697
-0.534,0.535,0.061,0.029,-0.514,-0.575
-0.3,0.328,0.306,0.132,-0.117,-0.422
0.953,1.507,2.476,1.167,2.604,0.128
-0.575,0.776,1.162,0.521,0.159,-1.003
-0.534,0.678,0.887,0.418,-0.239,-1.125
0.546,1.338,2.843,1.222,2.237,-0.606
2.288,2.348,1.223,0.524,2.788,1.565
0.648,1.285,2.599,1.109,2.176,-0.422
0.24,0.313,0.489,0.2,0.495,0.006
0.179,0.349,0.734,0.3,0.556,-0.178
-0.208,0.247,0.306,0.132,-0.086,-0.392
-0.677,0.748,0.703,0.318,-0.422,-1.125
-0.606,0.651,0.581,0.238,-0.3,-0.881
0.678,1.451,2.874,1.283,2.482,-0.392
-0.096,0.291,0.673,0.275,0.25,-0.422
1.096,1.695,2.843,1.293,2.115,-0.728
0.189,1.553,3.638,1.541,2.299,-1.339
-0.433,0.49,0.489,0.231,-0.269,-0.759
0.444,1.083,2.14,0.988,1.84,-0.3
-0.361,0.437,0.581,0.246,-0.025,-0.606
0.688,1.682,3.424,1.535,2.849,-0.575
1.392,1.725,2.354,1.019,2.329,-0.025
0.311,1.4,2.996,1.365,2.237,-0.759
0.342,1.49,3.149,1.45,2.39,-0.759
-1.166,1.229,0.948,0.389,-0.667,-1.615
-0.911,0.918,0.245,0.109,-0.82,-1.064
-0.412,0.671,1.192,0.53,0.036,-1.156
0.485,1.474,3.027,1.392,2.452,-0.575
1.361,1.747,2.568,1.095,2.421,-0.147
0.393,1.181,2.476,1.114,1.962,-0.514
-0.483,0.492,0.214,0.09,-0.361,-0.575
0.373,1.273,2.843,1.218,2.054,-0.789
0.454,0.78,1.345,0.634,1.351,0.006
-0.738,0.746,0.245,0.104,-0.636,-0.881
0.801,1.4,2.538,1.149,1.718,-0.82
-0.157,0.168,0.122,0.058,-0.117,-0.239
-0.371,0.385,0.245,0.101,-0.239,-0.483
0.444,0.871,1.59,0.749,1.504,-0.086
0.352,0.406,0.489,0.202,0.617,0.128
0.179,0.259,0.397,0.187,0.311,-0.086
-0.382,0.505,0.703,0.331,-0.147,-0.85
1.3,1.553,1.804,0.85,1.901,0.097
-0.045,0.113,0.245,0.104,0.097,-0.147
-0.147,0.262,0.459,0.216,0.006,-0.453
-0.157,0.503,1.162,0.478,0.464,-0.697
-0.3,0.327,0.275,0.13,-0.117,-0.392
-0.443,0.573,0.825,0.364,0.067,-0.759
-0.147,0.196,0.275,0.13,0.036,-0.239
0.301,1.131,2.538,1.09,1.809,-0.728
-0.799,0.994,1.253,0.591,0.036,-1.217
0.536,1.303,2.66,1.188,2.207,-0.453
-0.422,0.507,0.611,0.281,-0.208,-0.82
0.444,1.333,2.843,1.257,2.207,-0.636
-0.168,0.286,0.55,0.232,0.067,-0.483
-0.524,0.573,0.55,0.232,-0.208,-0.759
-0.32,0.461,0.703,0.331,-0.086,-0.789
-0.351,0.399,0.459,0.191,-0.147,-0.606
-0.616,0.644,0.397,0.187,-0.483,-0.881
-0.494,0.542,0.489,0.224,-0.178,-0.667
-0.473,0.526,0.489,0.231,-0.147,-0.636
-0.331,0.432,0.673,0.278,-0.025,-0.697
-0.086,0.086,0.0,0.0,-0.086,-0.086
1.616,1.747,1.437,0.663,2.115,0.678
-0.249,0.249,0.031,0.014,-0.239,-0.269
0.688,1.448,3.027,1.274,2.421,-0.606
-0.382,0.382,0.031,0.014,-0.361,-0.392
-0.086,0.26,0.581,0.246,0.159,-0.422
0.097,0.107,0.092,0.043,0.159,0.067
-0.259,0.293,0.306,0.137,-0.147,-0.453
-0.565,0.574,0.214,0.101,-0.422,-0.636
1.494,1.701,1.743,0.814,2.085,0.342
-0.188,0.201,0.153,0.072,-0.086,-0.239
0.097,0.268,0.611,0.25,0.403,-0.208
-0.147,0.161,0.153,0.066,-0.055,-0.208
-0.636,0.661,0.428,0.18,-0.392,-0.82
-0.3,0.336,0.336,0.152,-0.086,-0.422
-0.361,0.434,0.55,0.241,-0.025,-0.575
-0.351,0.662,1.376,0.562,0.342,-1.034
0.046,1.018,2.293,1.017,1.473,-0.82
-0.076,1.272,2.752,1.269,1.718,-1.034
-0.412,0.428,0.245,0.115,-0.331,-0.575
-0.178,0.198,0.183,0.086,-0.055,-0.239
-0.616,0.658,0.52,0.232,-0.422,-0.942
0.128,0.156,0.214,0.09,0.25,0.036
-0.443,0.534,0.703,0.298,-0.147,-0.85
0.525,0.955,1.865,0.798,1.626,-0.239
0.21,0.939,1.957,0.915,1.504,-0.453
-0.259,0.289,0.306,0.128,-0.086,-0.392
-0.433,0.63,1.07,0.458,0.006,-1.064
-0.269,0.528,0.978,0.454,0.067,-0.911
