mean,RMS,ptp,std,max,min
0.379,1.038,5.609,0.967,3.201,-2.409
0.378,1.037,5.609,0.965,3.201,-2.409
0.376,1.034,5.609,0.963,3.201,-2.409
0.375,1.032,5.609,0.962,3.201,-2.409
0.374,1.031,5.609,0.96,3.201,-2.409
0.374,1.029,5.609,0.958,3.201,-2.409
0.374,1.028,5.609,0.958,3.201,-2.409
0.371,1.027,5.609,0.957,3.201,-2.409
0.37,1.025,5.609,0.956,3.201,-2.409
0.37,1.023,5.609,0.954,3.201,-2.409
0.367,1.02,5.609,0.952,3.201,-2.409
0.366,1.019,5.609,0.951,3.201,-2.409
0.364,1.017,5.609,0.95,3.201,-2.409
0.363,1.016,5.609,0.949,3.201,-2.409
0.361,1.014,5.609,0.947,3.201,-2.409
0.36,1.011,5.609,0.945,3.201,-2.409
0.357,1.009,5.609,0.943,3.201,-2.409
0.357,1.008,5.609,0.943,3.201,-2.409
0.355,1.006,5.609,0.941,3.201,-2.409
0.355,1.005,5.609,0.94,3.201,-2.409
0.354,1.004,5.609,0.939,3.201,-2.409
0.351,1.001,5.609,0.937,3.201,-2.409
0.348,0.998,5.609,0.936,3.201,-2.409
0.347,0.997,5.609,0.935,3.201,-2.409
0.347,0.996,5.609,0.934,3.201,-2.409
0.347,0.996,5.609,0.933,3.201,-2.409
0.347,0.994,5.609,0.932,3.201,-2.409
0.344,0.993,5.609,0.932,3.201,-2.409
0.345,0.993,5.609,0.932,3.201,-2.409
0.344,0.991,5.609,0.929,3.201,-2.409
0.343,0.99,5.609,0.928,3.201,-2.409
0.341,0.99,6.361,0.929,3.201,-3.16
0.34,0.989,6.361,0.929,3.201,-3.16
0.34,0.989,6.361,0.928,3.201,-3.16
0.338,0.986,6.361,0.927,3.201,-3.16
0.335,0.984,6.361,0.925,3.201,-3.16
0.336,0.985,6.361,0.926,3.201,-3.16
0.332,0.982,6.361,0.924,3.201,-3.16
0.33,0.982,6.361,0.925,3.201,-3.16
0.329,0.981,6.361,0.924,3.201,-3.16
0.328,0.98,6.361,0.924,3.201,-3.16
0.326,0.981,6.361,0.925,3.201,-3.16
0.323,0.979,6.361,0.924,3.201,-3.16
0.322,0.979,6.361,0.924,3.201,-3.16
0.321,0.978,6.361,0.924,3.201,-3.16
0.32,0.978,6.361,0.924,3.201,-3.16
0.318,0.976,6.361,0.922,3.201,-3.16
0.314,0.975,6.361,0.923,3.201,-3.16
0.312,0.975,6.361,0.923,3.201,-3.16
0.311,0.975,6.361,0.924,3.201,-3.16
0.307,0.976,6.361,0.926,3.201,-3.16
0.307,0.975,6.361,0.926,3.201,-3.16
0.304,0.975,6.361,0.926,3.201,-3.16
0.303,0.973,6.361,0.925,3.201,-3.16
0.302,0.972,6.361,0.924,3.201,-3.16
0.301,0.972,6.361,0.924,3.201,-3.16
0.301,0.971,6.361,0.923,3.201,-3.16
0.301,0.971,6.361,0.923,3.201,-3.16
0.3,0.971,6.361,0.923,3.201,-3.16
0.3,0.97,6.361,0.922,3.201,-3.16
0.297,0.97,6.361,0.923,3.201,-3.16
0.295,0.971,6.361,0.925,3.201,-3.16
0.294,0.972,6.361,0.926,3.201,-3.16
0.294,0.973,6.361,0.927,3.201,-3.16
0.292,0.973,6.361,0.928,3.201,-3.16
0.291,0.973,6.361,0.929,3.201,-3.16
0.289,0.974,6.361,0.93,3.201,-3.16
0.286,0.973,6.361,0.93,3.201,-3.16
0.283,0.973,6.361,0.931,3.201,-3.16
0.281,0.973,6.361,0.932,3.201,-3.16
0.281,0.973,6.361,0.932,3.201,-3.16
0.279,0.975,6.361,0.934,3.201,-3.16
0.279,0.978,6.361,0.937,3.201,-3.16
0.278,0.979,6.361,0.939,3.201,-3.16
0.277,0.98,6.361,0.94,3.201,-3.16
0.277,0.982,6.361,0.942,3.201,-3.16
0.277,0.983,6.361,0.943,3.201,-3.16
0.278,0.984,6.361,0.943,3.201,-3.16
0.28,0.984,6.361,0.944,3.201,-3.16
0.281,0.986,6.361,0.945,3.201,-3.16
0.281,0.987,6.361,0.946,3.201,-3.16
0.282,0.988,6.361,0.947,3.201,-3.16
0.281,0.988,6.361,0.947,3.201,-3.16
0.28,0.988,6.361,0.948,3.201,-3.16
0.278,0.988,6.361,0.948,3.201,-3.16
0.276,0.988,6.361,0.948,3.201,-3.16
0.276,0.988,6.361,0.949,3.201,-3.16
0.274,0.988,6.361,0.949,3.201,-3.16
0.272,0.988,6.361,0.949,3.201,-3.16
0.273,0.99,6.361,0.952,3.201,-3.16
0.269,0.99,6.361,0.953,3.201,-3.16
0.27,0.991,6.361,0.953,3.201,-3.16
0.27,0.991,6.361,0.954,3.201,-3.16
0.269,0.991,6.361,0.954,3.201,-3.16
0.269,0.991,6.361,0.954,3.201,-3.16
0.267,0.992,6.361,0.955,3.201,-3.16
0.266,0.992,6.361,0.956,3.201,-3.16
0.265,0.992,6.361,0.956,3.201,-3.16
0.265,0.993,6.361,0.957,3.201,-3.16
0.262,0.992,6.361,0.957,3.201,-3.16
0.262,0.993,6.361,0.957,3.201,-3.16
0.259,0.993,6.361,0.958,3.201,-3.16
0.258,0.993,6.361,0.959,3.201,-3.16
0.257,0.993,6.361,0.959,3.201,-3.16
0.256,0.993,6.361,0.959,3.201,-3.16
0.256,0.994,6.361,0.96,3.201,-3.16
0.255,0.995,6.361,0.962,3.201,-3.16
0.255,0.996,6.361,0.963,3.201,-3.16
0.253,0.997,6.361,0.964,3.201,-3.16
0.251,0.997,6.361,0.965,3.201,-3.16
0.251,0.997,6.361,0.965,3.201,-3.16
0.252,0.999,6.361,0.967,3.201,-3.16
0.249,0.999,6.361,0.968,3.201,-3.16
0.25,0.999,6.361,0.968,3.201,-3.16
0.25,1.0,6.361,0.968,3.201,-3.16
0.249,1.0,6.361,0.968,3.201,-3.16
0.248,1.0,6.361,0.969,3.201,-3.16
0.246,1.001,6.361,0.97,3.201,-3.16
0.243,1.001,6.361,0.972,3.201,-3.16
0.243,1.003,6.361,0.973,3.201,-3.16
0.24,1.002,6.361,0.973,3.201,-3.16
0.238,1.003,6.361,0.974,3.201,-3.16
0.236,1.003,6.361,0.975,3.201,-3.16
0.237,1.004,6.361,0.976,3.201,-3.16
0.235,1.005,6.361,0.977,3.201,-3.16
0.234,1.005,6.361,0.978,3.201,-3.16
0.232,1.005,6.361,0.978,3.201,-3.16
0.232,1.005,6.361,0.978,3.201,-3.16
0.228,1.004,6.361,0.978,3.201,-3.16
0.225,1.004,6.361,0.978,3.201,-3.16
0.224,1.004,6.361,0.979,3.201,-3.16
0.221,1.005,6.361,0.98,3.201,-3.16
0.219,1.005,6.361,0.981,3.201,-3.16
0.217,1.005,6.361,0.981,3.201,-3.16
0.213,1.003,6.361,0.98,3.201,-3.16
0.209,1.003,6.361,0.981,3.201,-3.16
0.208,1.003,6.361,0.981,3.201,-3.16
0.207,1.002,6.361,0.981,3.201,-3.16
0.202,1.001,6.361,0.981,3.201,-3.16
0.199,1.001,6.361,0.981,3.201,-3.16
0.195,0.999,6.361,0.98,3.201,-3.16
0.192,0.997,6.361,0.979,3.201,-3.16
0.186,0.996,6.361,0.979,3.201,-3.16
0.183,0.996,6.361,0.979,3.201,-3.16
0.18,0.994,6.361,0.978,3.201,-3.16
0.177,0.994,6.361,0.978,3.201,-3.16
0.173,0.993,6.361,0.978,3.201,-3.16
0.169,0.991,6.361,0.977,3.201,-3.16
0.165,0.99,6.361,0.976,3.201,-3.16
0.162,0.989,6.361,0.976,3.201,-3.16
0.157,0.986,6.361,0.973,3.201,-3.16
0.152,0.984,6.361,0.972,3.201,-3.16
0.148,0.984,6.361,0.972,3.201,-3.16
0.145,0.981,6.361,0.971,3.201,-3.16
0.142,0.98,6.361,0.969,3.201,-3.16
0.138,0.978,6.361,0.969,3.201,-3.16
0.134,0.975,6.361,0.966,3.201,-3.16
0.133,0.975,6.361,0.966,3.201,-3.16
0.129,0.972,6.361,0.964,3.201,-3.16
0.128,0.971,6.361,0.963,3.201,-3.16
0.123,0.969,6.361,0.961,3.201,-3.16
0.119,0.966,6.361,0.959,3.201,-3.16
0.115,0.966,6.361,0.959,3.201,-3.16
0.11,0.963,6.361,0.957,3.201,-3.16
0.106,0.963,6.361,0.957,3.201,-3.16
0.101,0.96,6.361,0.955,3.201,-3.16
0.096,0.958,6.361,0.953,3.201,-3.16
0.092,0.956,6.361,0.952,3.201,-3.16
0.088,0.955,6.361,0.951,3.201,-3.16
0.084,0.953,6.361,0.949,3.201,-3.16
0.08,0.951,6.361,0.948,3.201,-3.16
0.074,0.949,6.361,0.947,3.201,-3.16
0.071,0.948,6.361,0.946,3.201,-3.16
0.066,0.947,6.361,0.944,3.201,-3.16
0.063,0.945,6.361,0.943,3.201,-3.16
0.059,0.942,6.361,0.94,3.201,-3.16
0.054,0.94,6.361,0.938,3.201,-3.16
0.049,0.937,5.826,0.936,2.667,-3.16
0.044,0.935,5.826,0.934,2.667,-3.16
0.039,0.933,5.826,0.932,2.667,-3.16
0.035,0.932,5.776,0.931,2.617,-3.16
0.031,0.929,5.726,0.929,2.566,-3.16
0.027,0.929,5.726,0.929,2.566,-3.16
0.024,0.928,5.726,0.927,2.566,-3.16
0.02,0.924,5.726,0.923,2.566,-3.16
0.017,0.922,5.726,0.922,2.566,-3.16
0.013,0.921,5.726,0.921,2.566,-3.16
0.01,0.918,5.726,0.918,2.566,-3.16
0.007,0.917,5.726,0.917,2.566,-3.16
0.001,0.915,5.726,0.915,2.566,-3.16
-0.001,0.914,5.726,0.914,2.566,-3.16
-0.004,0.913,5.726,0.913,2.566,-3.16
-0.007,0.911,5.726,0.911,2.566,-3.16
-0.011,0.911,5.726,0.911,2.566,-3.16
-0.014,0.91,5.726,0.91,2.566,-3.16
-0.017,0.909,5.726,0.909,2.566,-3.16
-0.022,0.907,5.726,0.907,2.566,-3.16
-0.024,0.907,5.726,0.906,2.566,-3.16
-0.026,0.905,5.726,0.905,2.566,-3.16
-0.03,0.902,5.726,0.902,2.566,-3.16
-0.032,0.901,5.726,0.901,2.566,-3.16
-0.031,0.901,5.726,0.9,2.566,-3.16
-0.033,0.9,5.726,0.9,2.566,-3.16
-0.036,0.9,5.726,0.899,2.566,-3.16
-0.038,0.898,5.726,0.898,2.566,-3.16
-0.041,0.897,5.726,0.896,2.566,-3.16
-0.044,0.897,5.726,0.896,2.566,-3.16
-0.044,0.896,5.726,0.895,2.566,-3.16
-0.046,0.896,5.726,0.894,2.566,-3.16
-0.048,0.895,5.726,0.894,2.566,-3.16
-0.048,0.895,5.726,0.894,2.566,-3.16
-0.049,0.894,5.726,0.893,2.566,-3.16
-0.05,0.894,5.726,0.892,2.566,-3.16
-0.052,0.894,5.726,0.892,2.566,-3.16
-0.052,0.893,5.726,0.892,2.566,-3.16
-0.051,0.892,5.726,0.891,2.566,-3.16
-0.051,0.892,5.726,0.89,2.566,-3.16
-0.053,0.891,5.726,0.89,2.566,-3.16
-0.054,0.891,5.726,0.89,2.566,-3.16
-0.055,0.892,5.726,0.89,2.566,-3.16
-0.057,0.891,5.726,0.889,2.566,-3.16
-0.056,0.891,5.726,0.89,2.566,-3.16
-0.056,0.89,5.726,0.888,2.566,-3.16
-0.056,0.89,5.726,0.888,2.566,-3.16
-0.056,0.89,5.726,0.888,2.566,-3.16
-0.058,0.891,5.726,0.889,2.566,-3.16
-0.058,0.891,5.726,0.889,2.566,-3.16
-0.059,0.892,5.726,0.89,2.566,-3.16
-0.06,0.892,5.726,0.89,2.566,-3.16
-0.058,0.893,5.726,0.892,2.566,-3.16
-0.058,0.896,5.726,0.894,2.566,-3.16
-0.057,0.897,5.726,0.895,2.566,-3.16
-0.057,0.897,5.726,0.895,2.566,-3.16
-0.057,0.898,5.726,0.896,2.566,-3.16
-0.058,0.898,5.726,0.896,2.566,-3.16
-0.056,0.898,5.726,0.896,2.566,-3.16
-0.053,0.899,5.726,0.897,2.566,-3.16
-0.052,0.899,5.726,0.897,2.566,-3.16
-0.051,0.899,5.726,0.898,2.566,-3.16
-0.052,0.9,5.726,0.898,2.566,-3.16
-0.051,0.9,5.726,0.898,2.566,-3.16
-0.05,0.899,5.726,0.898,2.566,-3.16
-0.048,0.899,5.726,0.897,2.566,-3.16
-0.047,0.898,5.726,0.897,2.566,-3.16
-0.045,0.898,5.726,0.897,2.566,-3.16
-0.043,0.896,5.726,0.895,2.566,-3.16
-0.04,0.896,5.726,0.895,2.566,-3.16
-0.038,0.897,5.726,0.896,2.566,-3.16
-0.035,0.896,5.726,0.895,2.566,-3.16
-0.034,0.895,5.726,0.894,2.566,-3.16
-0.032,0.895,5.726,0.894,2.566,-3.16
-0.032,0.894,5.726,0.894,2.566,-3.16
-0.03,0.894,5.726,0.893,2.566,-3.16
-0.025,0.896,5.726,0.895,2.566,-3.16
-0.023,0.895,5.726,0.895,2.566,-3.16
-0.02,0.895,5.793,0.895,2.633,-3.16
-0.019,0.896,5.793,0.896,2.633,-3.16
-0.018,0.896,5.793,0.896,2.633,-3.16
-0.018,0.896,5.793,0.896,2.633,-3.16
-0.016,0.897,5.793,0.897,2.633,-3.16
-0.014,0.896,5.793,0.896,2.633,-3.16
-0.013,0.895,5.793,0.895,2.633,-3.16
-0.01,0.898,5.793,0.897,2.633,-3.16
-0.009,0.898,5.793,0.898,2.633,-3.16
-0.008,0.898,5.793,0.898,2.633,-3.16
-0.007,0.899,5.793,0.899,2.633,-3.16
-0.004,0.899,5.793,0.899,2.633,-3.16
-0.001,0.898,5.793,0.898,2.633,-3.16
0.004,0.899,5.793,0.899,2.633,-3.16
0.007,0.9,5.793,0.9,2.633,-3.16
0.009,0.9,5.793,0.9,2.633,-3.16
0.012,0.9,5.793,0.9,2.633,-3.16
0.014,0.899,5.793,0.899,2.633,-3.16
0.018,0.899,5.793,0.899,2.633,-3.16
0.02,0.899,5.793,0.899,2.633,-3.16
0.022,0.899,5.793,0.898,2.633,-3.16
0.024,0.899,5.793,0.898,2.633,-3.16
0.027,0.898,5.793,0.898,2.633,-3.16
0.028,0.898,5.793,0.897,2.633,-3.16
0.031,0.896,5.793,0.896,2.633,-3.16
0.031,0.896,5.793,0.895,2.633,-3.16
0.032,0.895,5.793,0.895,2.633,-3.16
0.035,0.893,5.793,0.892,2.633,-3.16
0.035,0.893,5.793,0.892,2.633,-3.16
0.038,0.893,5.793,0.892,2.633,-3.16
0.04,0.892,5.793,0.892,2.633,-3.16
0.042,0.892,5.793,0.891,2.633,-3.16
0.043,0.891,5.793,0.89,2.633,-3.16
0.044,0.892,5.793,0.891,2.633,-3.16
0.044,0.892,5.793,0.891,2.633,-3.16
0.045,0.891,5.793,0.89,2.633,-3.16
0.046,0.89,5.793,0.889,2.633,-3.16
0.048,0.888,5.793,0.887,2.633,-3.16
0.048,0.887,5.793,0.885,2.633,-3.16
0.047,0.886,5.793,0.885,2.633,-3.16
0.048,0.886,5.793,0.885,2.633,-3.16
0.047,0.886,5.793,0.885,2.633,-3.16
0.047,0.886,5.793,0.884,2.633,-3.16
0.048,0.885,5.793,0.884,2.633,-3.16
0.046,0.885,5.793,0.884,2.633,-3.16
0.045,0.885,5.793,0.883,2.633,-3.16
0.046,0.884,5.793,0.882,2.633,-3.16
0.045,0.883,5.793,0.882,2.633,-3.16
0.043,0.883,5.793,0.881,2.633,-3.16
0.044,0.883,5.793,0.882,2.633,-3.16
0.043,0.883,5.793,0.882,2.633,-3.16
0.042,0.882,5.793,0.881,2.633,-3.16
0.044,0.881,5.793,0.88,2.633,-3.16
0.045,0.882,5.793,0.88,2.633,-3.16
0.044,0.882,5.793,0.881,2.633,-3.16
0.044,0.882,5.793,0.881,2.633,-3.16
0.044,0.882,5.793,0.881,2.633,-3.16
0.043,0.881,5.793,0.88,2.633,-3.16
0.042,0.881,5.793,0.88,2.633,-3.16
0.041,0.881,5.793,0.88,2.633,-3.16
0.041,0.881,5.793,0.88,2.633,-3.16
0.038,0.881,5.793,0.88,2.633,-3.16
0.036,0.88,5.793,0.879,2.633,-3.16
0.035,0.88,5.793,0.879,2.633,-3.16
0.033,0.88,5.793,0.879,2.633,-3.16
0.031,0.881,5.793,0.88,2.633,-3.16
0.028,0.881,5.793,0.881,2.633,-3.16
0.026,0.881,5.793,0.881,2.633,-3.16
0.025,0.882,5.793,0.882,2.633,-3.16
0.023,0.883,5.793,0.882,2.633,-3.16
0.022,0.882,5.793,0.882,2.633,-3.16
0.021,0.882,5.793,0.882,2.633,-3.16
0.019,0.883,5.793,0.883,2.633,-3.16
0.017,0.883,5.793,0.883,2.633,-3.16
0.015,0.883,5.793,0.883,2.633,-3.16
0.014,0.883,5.793,0.883,2.633,-3.16
0.013,0.884,5.793,0.884,2.633,-3.16
0.009,0.886,5.793,0.886,2.633,-3.16
0.006,0.886,5.793,0.886,2.633,-3.16
0.005,0.887,5.793,0.886,2.633,-3.16
0.004,0.888,5.793,0.888,2.633,-3.16
0.003,0.887,5.793,0.887,2.633,-3.16
0.001,0.887,5.793,0.887,2.633,-3.16
-0.001,0.887,5.793,0.887,2.633,-3.16
-0.004,0.888,5.793,0.888,2.633,-3.16
-0.007,0.888,5.793,0.888,2.633,-3.16
-0.008,0.888,5.793,0.888,2.633,-3.16
-0.009,0.887,5.793,0.887,2.633,-3.16
-0.012,0.89,5.793,0.89,2.633,-3.16
-0.014,0.888,5.793,0.888,2.633,-3.16
-0.016,0.888,5.793,0.888,2.633,-3.16
-0.018,0.889,5.793,0.889,2.633,-3.16
-0.019,0.889,5.793,0.888,2.633,-3.16
-0.02,0.888,5.793,0.888,2.633,-3.16
-0.022,0.888,5.793,0.888,2.633,-3.16
-0.023,0.888,5.793,0.888,2.633,-3.16
-0.026,0.888,5.793,0.888,2.633,-3.16
-0.028,0.889,5.793,0.889,2.633,-3.16
-0.029,0.889,5.793,0.889,2.633,-3.16
-0.03,0.889,5.793,0.888,2.633,-3.16
-0.032,0.889,5.793,0.888,2.633,-3.16
-0.035,0.889,5.793,0.888,2.633,-3.16
-0.038,0.888,5.793,0.888,2.633,-3.16
-0.04,0.889,5.793,0.888,2.633,-3.16
-0.042,0.889,5.793,0.888,2.633,-3.16
-0.045,0.89,5.793,0.888,2.633,-3.16
-0.048,0.889,5.793,0.888,2.633,-3.16
-0.049,0.889,5.793,0.887,2.633,-3.16
-0.051,0.888,5.793,0.886,2.633,-3.16
-0.054,0.888,5.793,0.886,2.633,-3.16
-0.055,0.889,5.793,0.887,2.633,-3.16
-0.057,0.888,5.793,0.886,2.633,-3.16
-0.057,0.888,5.793,0.886,2.633,-3.16
-0.059,0.888,5.793,0.886,2.633,-3.16
-0.06,0.888,5.793,0.886,2.633,-3.16
-0.062,0.889,5.793,0.886,2.633,-3.16
-0.065,0.889,5.793,0.886,2.633,-3.16
-0.066,0.889,5.793,0.886,2.633,-3.16
-0.069,0.889,5.793,0.886,2.633,-3.16
-0.071,0.889,5.793,0.886,2.633,-3.16
-0.073,0.889,5.793,0.886,2.633,-3.16
-0.076,0.889,5.793,0.885,2.633,-3.16
-0.077,0.889,5.793,0.886,2.633,-3.16
-0.081,0.888,5.793,0.885,2.633,-3.16
-0.083,0.889,5.793,0.885,2.633,-3.16
-0.086,0.889,5.793,0.884,2.633,-3.16
-0.088,0.89,5.793,0.885,2.633,-3.16
-0.09,0.89,5.793,0.885,2.633,-3.16
-0.092,0.89,5.793,0.885,2.633,-3.16
-0.094,0.889,5.793,0.884,2.633,-3.16
-0.096,0.889,5.793,0.884,2.633,-3.16
-0.097,0.889,5.793,0.884,2.633,-3.16
-0.096,0.889,5.793,0.884,2.633,-3.16
-0.098,0.889,5.793,0.883,2.633,-3.16
-0.1,0.888,5.793,0.882,2.633,-3.16
-0.102,0.887,5.793,0.881,2.633,-3.16
-0.103,0.884,5.643,0.878,2.633,-3.01
-0.108,0.886,5.643,0.879,2.633,-3.01
-0.111,0.886,5.643,0.879,2.633,-3.01
-0.111,0.885,5.643,0.878,2.633,-3.01
-0.114,0.887,5.659,0.88,2.633,-3.026
-0.118,0.885,5.659,0.877,2.633,-3.026
-0.119,0.888,5.659,0.88,2.633,-3.026
-0.119,0.887,5.659,0.879,2.633,-3.026
-0.12,0.888,5.659,0.88,2.633,-3.026
-0.123,0.889,5.659,0.88,2.633,-3.026
-0.124,0.889,5.659,0.88,2.633,-3.026
-0.126,0.891,5.659,0.882,2.633,-3.026
-0.128,0.893,5.659,0.884,2.633,-3.026
-0.13,0.894,5.659,0.885,2.633,-3.026
-0.131,0.895,5.659,0.885,2.633,-3.026
-0.131,0.895,5.659,0.886,2.633,-3.026
-0.13,0.894,5.659,0.885,2.633,-3.026
-0.13,0.895,5.659,0.886,2.633,-3.026
-0.131,0.895,5.659,0.885,2.633,-3.026
-0.132,0.894,5.659,0.885,2.633,-3.026
-0.133,0.895,5.659,0.885,2.633,-3.026
-0.132,0.895,5.659,0.886,2.633,-3.026
-0.133,0.896,5.659,0.886,2.633,-3.026
-0.134,0.897,5.659,0.887,2.633,-3.026
-0.134,0.897,5.659,0.887,2.633,-3.026
-0.133,0.898,5.659,0.888,2.633,-3.026
-0.134,0.899,5.659,0.888,2.633,-3.026
-0.138,0.9,5.659,0.89,2.633,-3.026
-0.139,0.902,5.659,0.891,2.633,-3.026
-0.138,0.902,5.659,0.891,2.633,-3.026
-0.136,0.901,5.659,0.89,2.633,-3.026
-0.138,0.9,5.659,0.889,2.633,-3.026
-0.139,0.9,5.659,0.889,2.633,-3.026
-0.14,0.901,5.659,0.89,2.633,-3.026
-0.142,0.901,5.659,0.89,2.633,-3.026
-0.142,0.901,5.659,0.89,2.633,-3.026
-0.142,0.902,5.659,0.891,2.633,-3.026
-0.142,0.904,5.659,0.892,2.633,-3.026
-0.143,0.903,5.659,0.892,2.633,-3.026
-0.143,0.903,5.659,0.892,2.633,-3.026
-0.143,0.902,5.659,0.89,2.633,-3.026
-0.146,0.901,5.659,0.889,2.633,-3.026
-0.146,0.9,5.659,0.888,2.633,-3.026
-0.145,0.898,5.659,0.887,2.633,-3.026
-0.147,0.897,5.659,0.885,2.633,-3.026
-0.148,0.895,5.659,0.882,2.633,-3.026
-0.15,0.894,5.659,0.881,2.633,-3.026
-0.152,0.893,5.659,0.88,2.633,-3.026
-0.155,0.892,5.659,0.878,2.633,-3.026
-0.156,0.891,5.659,0.877,2.633,-3.026
-0.157,0.89,5.659,0.876,2.633,-3.026
-0.158,0.889,5.659,0.875,2.633,-3.026
-0.159,0.888,5.659,0.873,2.633,-3.026
-0.16,0.887,5.659,0.872,2.633,-3.026
-0.161,0.887,5.659,0.872,2.633,-3.026
-0.161,0.887,5.659,0.872,2.633,-3.026
-0.161,0.886,5.659,0.871,2.633,-3.026
-0.162,0.887,5.659,0.872,2.633,-3.026
-0.162,0.885,5.659,0.87,2.633,-3.026
-0.161,0.884,5.659,0.869,2.633,-3.026
-0.162,0.884,5.659,0.869,2.633,-3.026
-0.161,0.884,5.659,0.869,2.633,-3.026
-0.163,0.884,5.659,0.869,2.633,-3.026
-0.162,0.884,5.659,0.869,2.633,-3.026
-0.162,0.884,5.659,0.869,2.633,-3.026
-0.162,0.883,5.659,0.868,2.633,-3.026
-0.162,0.882,5.659,0.867,2.633,-3.026
-0.164,0.881,5.659,0.865,2.633,-3.026
-0.164,0.88,5.659,0.865,2.633,-3.026
-0.166,0.879,5.659,0.863,2.633,-3.026
-0.165,0.878,5.659,0.862,2.633,-3.026
-0.165,0.877,5.659,0.862,2.633,-3.026
-0.166,0.876,5.659,0.86,2.633,-3.026
-0.167,0.874,5.659,0.858,2.633,-3.026
-0.168,0.873,5.659,0.856,2.633,-3.026
-0.167,0.871,5.659,0.855,2.633,-3.026
-0.169,0.87,5.659,0.853,2.633,-3.026
-0.168,0.868,5.659,0.852,2.633,-3.026
-0.167,0.867,5.659,0.851,2.633,-3.026
-0.167,0.866,5.659,0.85,2.633,-3.026
-0.168,0.864,5.659,0.847,2.633,-3.026
-0.168,0.864,5.726,0.848,2.633,-3.093
-0.171,0.864,5.726,0.847,2.633,-3.093
-0.172,0.863,5.726,0.846,2.633,-3.093
-0.173,0.862,5.726,0.845,2.633,-3.093
-0.173,0.861,5.726,0.843,2.633,-3.093
-0.174,0.859,5.726,0.841,2.633,-3.093
-0.174,0.858,5.726,0.84,2.633,-3.093
-0.176,0.855,5.726,0.837,2.633,-3.093
-0.175,0.854,5.726,0.836,2.633,-3.093
-0.174,0.852,5.726,0.835,2.633,-3.093
-0.173,0.851,5.726,0.834,2.633,-3.093
-0.174,0.85,5.726,0.832,2.633,-3.093
-0.173,0.848,5.726,0.83,2.633,-3.093
-0.173,0.848,5.726,0.83,2.633,-3.093
-0.172,0.847,5.726,0.829,2.633,-3.093
-0.173,0.847,5.726,0.829,2.633,-3.093
-0.169,0.847,5.726,0.83,2.633,-3.093
-0.167,0.847,5.726,0.83,2.633,-3.093
-0.165,0.847,5.726,0.831,2.633,-3.093
-0.162,0.847,5.726,0.831,2.633,-3.093
-0.163,0.846,5.726,0.831,2.633,-3.093
-0.162,0.847,5.726,0.831,2.633,-3.093
-0.161,0.847,5.726,0.832,2.633,-3.093
-0.158,0.846,5.726,0.831,2.633,-3.093
-0.158,0.845,5.726,0.83,2.633,-3.093
-0.159,0.845,5.726,0.83,2.633,-3.093
-0.157,0.844,5.726,0.829,2.633,-3.093
-0.158,0.845,5.726,0.83,2.633,-3.093
-0.157,0.845,5.726,0.83,2.633,-3.093
-0.156,0.846,5.726,0.832,2.633,-3.093
-0.154,0.847,5.726,0.833,2.633,-3.093
-0.153,0.847,5.726,0.833,2.633,-3.093
-0.153,0.847,5.726,0.834,2.633,-3.093
-0.151,0.847,5.726,0.833,2.633,-3.093
-0.147,0.847,5.726,0.834,2.633,-3.093
-0.145,0.85,5.726,0.837,2.633,-3.093
-0.143,0.85,5.726,0.838,2.633,-3.093
-0.144,0.851,5.726,0.839,2.633,-3.093
-0.142,0.852,5.726,0.84,2.633,-3.093
-0.142,0.853,5.726,0.841,2.633,-3.093
-0.139,0.852,5.726,0.84,2.633,-3.093
-0.136,0.853,5.726,0.842,2.633,-3.093
-0.132,0.856,5.726,0.846,2.633,-3.093
-0.127,0.858,5.726,0.849,2.633,-3.093
-0.124,0.86,5.726,0.851,2.633,-3.093
-0.123,0.862,5.726,0.853,2.633,-3.093
-0.123,0.864,5.726,0.855,2.633,-3.093
-0.123,0.866,5.726,0.858,2.633,-3.093
-0.119,0.868,5.726,0.859,2.633,-3.093
-0.115,0.87,5.726,0.863,2.633,-3.093
-0.112,0.87,5.726,0.863,2.633,-3.093
-0.11,0.872,5.726,0.865,2.633,-3.093
-0.107,0.872,5.726,0.866,2.633,-3.093
-0.103,0.873,5.726,0.867,2.633,-3.093
-0.1,0.874,5.726,0.868,2.633,-3.093
-0.097,0.876,5.726,0.87,2.633,-3.093
-0.097,0.877,5.726,0.872,2.633,-3.093
-0.093,0.878,5.726,0.873,2.633,-3.093
-0.089,0.878,5.726,0.874,2.633,-3.093
-0.085,0.879,5.726,0.875,2.633,-3.093
-0.083,0.88,5.726,0.876,2.633,-3.093
-0.08,0.88,5.726,0.877,2.633,-3.093
-0.078,0.882,5.726,0.878,2.633,-3.093
-0.076,0.882,5.726,0.879,2.633,-3.093
-0.075,0.882,5.726,0.879,2.633,-3.093
-0.073,0.882,5.726,0.879,2.633,-3.093
-0.072,0.882,5.726,0.879,2.633,-3.093
-0.07,0.884,5.726,0.881,2.633,-3.093
-0.068,0.883,5.726,0.88,2.633,-3.093
-0.068,0.883,5.726,0.881,2.633,-3.093
-0.066,0.882,5.726,0.88,2.633,-3.093
-0.065,0.883,5.726,0.88,2.633,-3.093
-0.064,0.884,5.726,0.882,2.633,-3.093
-0.063,0.885,5.726,0.882,2.633,-3.093
-0.061,0.885,5.726,0.883,2.633,-3.093
-0.059,0.886,5.726,0.884,2.633,-3.093
-0.058,0.886,5.726,0.885,2.633,-3.093
-0.054,0.886,5.726,0.884,2.633,-3.093
-0.053,0.886,5.726,0.885,2.633,-3.093
-0.052,0.888,5.726,0.886,2.633,-3.093
-0.052,0.89,5.726,0.888,2.633,-3.093
-0.05,0.89,5.726,0.889,2.633,-3.093
-0.051,0.891,5.726,0.89,2.633,-3.093
-0.05,0.891,5.726,0.89,2.633,-3.093
-0.052,0.894,5.726,0.892,2.633,-3.093
-0.051,0.895,5.726,0.893,2.633,-3.093
-0.053,0.898,5.726,0.896,2.633,-3.093
-0.051,0.899,5.726,0.897,2.633,-3.093
-0.051,0.9,5.726,0.898,2.633,-3.093
-0.053,0.902,5.726,0.901,2.633,-3.093
-0.052,0.902,5.726,0.9,2.633,-3.093
-0.055,0.904,5.726,0.902,2.633,-3.093
-0.057,0.905,5.726,0.903,2.633,-3.093
-0.058,0.907,5.726,0.905,2.633,-3.093
-0.058,0.908,5.726,0.906,2.633,-3.093
-0.059,0.908,5.726,0.906,2.633,-3.093
-0.058,0.908,5.726,0.906,2.633,-3.093
-0.058,0.909,5.726,0.907,2.633,-3.093
-0.06,0.911,5.726,0.909,2.633,-3.093
-0.06,0.912,5.726,0.91,2.633,-3.093
-0.061,0.912,5.726,0.91,2.633,-3.093
-0.06,0.912,5.726,0.91,2.633,-3.093
-0.061,0.912,5.726,0.91,2.633,-3.093
-0.063,0.913,5.726,0.911,2.633,-3.093
-0.064,0.913,5.726,0.911,2.633,-3.093
-0.063,0.913,5.726,0.911,2.633,-3.093
-0.066,0.915,5.726,0.912,2.633,-3.093
-0.068,0.916,5.726,0.913,2.633,-3.093
-0.07,0.917,5.726,0.914,2.633,-3.093
-0.073,0.917,5.726,0.914,2.633,-3.093
-0.074,0.917,5.726,0.914,2.633,-3.093
-0.077,0.917,5.726,0.914,2.633,-3.093
-0.076,0.917,5.726,0.914,2.633,-3.093
-0.075,0.916,5.726,0.913,2.633,-3.093
-0.077,0.916,5.726,0.913,2.633,-3.093
-0.078,0.916,5.726,0.913,2.633,-3.093
-0.078,0.916,5.726,0.912,2.633,-3.093
-0.082,0.915,5.726,0.911,2.633,-3.093
-0.085,0.914,5.726,0.91,2.633,-3.093
-0.088,0.914,5.726,0.909,2.633,-3.093
-0.089,0.914,5.726,0.909,2.633,-3.093
-0.091,0.914,5.726,0.91,2.633,-3.093
-0.093,0.914,5.726,0.909,2.633,-3.093
-0.096,0.913,5.726,0.908,2.633,-3.093
-0.1,0.913,5.726,0.907,2.633,-3.093
-0.103,0.913,5.726,0.907,2.633,-3.093
-0.106,0.912,5.726,0.906,2.633,-3.093
-0.105,0.912,5.726,0.906,2.633,-3.093
-0.106,0.912,5.726,0.906,2.633,-3.093
-0.107,0.912,5.726,0.906,2.633,-3.093
-0.111,0.912,5.726,0.906,2.633,-3.093
-0.114,0.913,5.726,0.906,2.633,-3.093
-0.117,0.913,5.726,0.905,2.633,-3.093
-0.12,0.915,5.726,0.907,2.633,-3.093
-0.123,0.915,5.726,0.907,2.633,-3.093
-0.127,0.914,5.726,0.905,2.633,-3.093
-0.129,0.914,5.726,0.905,2.633,-3.093
-0.131,0.915,5.726,0.905,2.633,-3.093
-0.134,0.915,5.726,0.905,2.633,-3.093
-0.135,0.915,5.726,0.905,2.633,-3.093
-0.137,0.914,5.726,0.904,2.633,-3.093
-0.142,0.912,5.726,0.901,2.633,-3.093
-0.144,0.913,5.726,0.902,2.633,-3.093
-0.147,0.912,5.509,0.9,2.416,-3.093
-0.15,0.91,5.509,0.898,2.416,-3.093
-0.151,0.91,5.509,0.897,2.416,-3.093
-0.152,0.908,5.509,0.896,2.416,-3.093
-0.155,0.907,5.509,0.893,2.416,-3.093
-0.156,0.906,5.509,0.892,2.416,-3.093
-0.157,0.905,5.509,0.891,2.416,-3.093
-0.161,0.902,5.509,0.888,2.416,-3.093
-0.164,0.9,5.509,0.885,2.416,-3.093
-0.165,0.9,5.509,0.885,2.416,-3.093
-0.166,0.9,5.509,0.884,2.416,-3.093
-0.17,0.9,5.509,0.883,2.416,-3.093
-0.171,0.899,5.509,0.882,2.416,-3.093
-0.173,0.897,5.509,0.88,2.416,-3.093
-0.176,0.896,5.509,0.878,2.416,-3.093
-0.177,0.895,5.509,0.877,2.416,-3.093
-0.18,0.895,5.359,0.876,2.266,-3.093
-0.181,0.894,5.359,0.875,2.266,-3.093
-0.182,0.893,5.359,0.874,2.266,-3.093
-0.183,0.893,5.359,0.874,2.266,-3.093
-0.186,0.892,5.359,0.872,2.266,-3.093
-0.187,0.891,5.359,0.871,2.266,-3.093
-0.189,0.89,5.359,0.87,2.266,-3.093
-0.188,0.89,5.359,0.87,2.266,-3.093
-0.19,0.89,5.359,0.87,2.266,-3.093
-0.19,0.891,5.359,0.871,2.266,-3.093
-0.19,0.891,5.359,0.87,2.266,-3.093
-0.19,0.891,5.359,0.87,2.266,-3.093
-0.19,0.89,5.359,0.869,2.266,-3.093
-0.192,0.889,5.359,0.868,2.266,-3.093
-0.193,0.89,5.359,0.869,2.266,-3.093
-0.195,0.891,5.359,0.869,2.266,-3.093
-0.197,0.892,5.359,0.87,2.266,-3.093
-0.198,0.892,5.359,0.87,2.266,-3.093
-0.2,0.893,5.359,0.87,2.266,-3.093
-0.2,0.894,5.359,0.872,2.266,-3.093
-0.201,0.895,5.359,0.872,2.266,-3.093
-0.201,0.898,5.359,0.875,2.266,-3.093
-0.201,0.898,5.359,0.875,2.266,-3.093
-0.199,0.898,5.359,0.876,2.266,-3.093
-0.199,0.898,5.359,0.876,2.266,-3.093
-0.197,0.897,5.359,0.875,2.266,-3.093
-0.196,0.897,5.359,0.875,2.266,-3.093
-0.196,0.898,5.359,0.876,2.266,-3.093
-0.193,0.899,5.359,0.878,2.266,-3.093
-0.191,0.899,5.359,0.878,2.266,-3.093
-0.19,0.9,5.359,0.879,2.266,-3.093
-0.189,0.9,5.359,0.88,2.266,-3.093
-0.188,0.902,5.509,0.882,2.416,-3.093
-0.189,0.902,5.509,0.882,2.416,-3.093
-0.188,0.902,5.509,0.882,2.416,-3.093
-0.188,0.904,5.509,0.884,2.416,-3.093
-0.189,0.905,5.509,0.885,2.416,-3.093
-0.19,0.905,5.509,0.885,2.416,-3.093
-0.19,0.906,5.509,0.886,2.416,-3.093
-0.192,0.907,5.509,0.886,2.416,-3.093
-0.19,0.91,5.509,0.889,2.416,-3.093
-0.19,0.912,5.509,0.892,2.416,-3.093
-0.189,0.914,5.509,0.894,2.416,-3.093
-0.188,0.914,5.509,0.894,2.416,-3.093
-0.188,0.914,5.509,0.894,2.416,-3.093
-0.187,0.916,5.509,0.896,2.416,-3.093
-0.185,0.917,5.509,0.898,2.416,-3.093
-0.185,0.919,5.509,0.9,2.416,-3.093
-0.183,0.92,5.509,0.901,2.416,-3.093
-0.182,0.92,5.509,0.902,2.416,-3.093
-0.18,0.919,5.509,0.901,2.416,-3.093
-0.181,0.92,5.509,0.902,2.416,-3.093
-0.177,0.92,5.509,0.903,2.416,-3.093
-0.175,0.921,5.509,0.904,2.416,-3.093
-0.175,0.923,5.509,0.906,2.416,-3.093
-0.173,0.924,5.593,0.907,2.5,-3.093
-0.172,0.924,5.593,0.908,2.5,-3.093
-0.17,0.926,5.593,0.91,2.5,-3.093
-0.169,0.927,5.593,0.911,2.5,-3.093
-0.166,0.927,5.593,0.912,2.5,-3.093
-0.164,0.926,5.593,0.912,2.5,-3.093
-0.16,0.925,5.593,0.912,2.5,-3.093
-0.159,0.926,5.593,0.912,2.5,-3.093
-0.16,0.926,5.593,0.913,2.5,-3.093
-0.157,0.926,5.593,0.912,2.5,-3.093
-0.157,0.927,5.593,0.914,2.5,-3.093
-0.156,0.929,5.593,0.915,2.5,-3.093
-0.157,0.93,5.593,0.916,2.5,-3.093
-0.154,0.93,5.593,0.917,2.5,-3.093
-0.154,0.929,5.593,0.916,2.5,-3.093
-0.154,0.93,5.593,0.917,2.5,-3.093
-0.152,0.93,5.593,0.918,2.5,-3.093
-0.152,0.929,5.593,0.917,2.5,-3.093
-0.151,0.93,5.593,0.918,2.5,-3.093
-0.149,0.93,5.593,0.918,2.5,-3.093
-0.148,0.93,5.593,0.919,2.5,-3.093
-0.148,0.931,5.593,0.919,2.5,-3.093
-0.146,0.93,5.593,0.919,2.5,-3.093
-0.146,0.931,5.593,0.92,2.5,-3.093
-0.146,0.931,5.593,0.92,2.5,-3.093
-0.143,0.931,5.593,0.92,2.5,-3.093
-0.142,0.93,5.593,0.919,2.5,-3.093
-0.144,0.932,5.593,0.921,2.5,-3.093
-0.144,0.933,5.593,0.922,2.5,-3.093
-0.145,0.934,5.593,0.923,2.5,-3.093
-0.144,0.934,5.593,0.923,2.5,-3.093
-0.143,0.934,5.593,0.923,2.5,-3.093
-0.142,0.933,5.593,0.922,2.5,-3.093
-0.143,0.934,5.593,0.923,2.5,-3.093
-0.143,0.933,5.593,0.922,2.5,-3.093
-0.143,0.933,5.593,0.922,2.5,-3.093
-0.143,0.934,5.593,0.923,2.5,-3.093
-0.142,0.934,5.593,0.923,2.5,-3.093
-0.142,0.934,5.593,0.923,2.5,-3.093
-0.143,0.934,5.593,0.923,2.5,-3.093
-0.142,0.934,5.593,0.923,2.5,-3.093
-0.143,0.935,5.593,0.924,2.5,-3.093
-0.143,0.935,5.593,0.924,2.5,-3.093
-0.142,0.936,5.593,0.925,2.5,-3.093
-0.141,0.936,5.593,0.925,2.5,-3.093
-0.14,0.935,5.593,0.925,2.5,-3.093
-0.142,0.936,5.593,0.926,2.5,-3.093
-0.141,0.937,5.593,0.926,2.5,-3.093
-0.142,0.937,5.593,0.926,2.5,-3.093
-0.142,0.937,5.593,0.926,2.5,-3.093
-0.143,0.938,5.593,0.927,2.5,-3.093
-0.143,0.938,5.593,0.928,2.5,-3.093
-0.142,0.939,5.593,0.928,2.5,-3.093
-0.143,0.94,5.593,0.929,2.5,-3.093
-0.142,0.94,5.593,0.929,2.5,-3.093
-0.141,0.939,5.593,0.929,2.5,-3.093
-0.14,0.94,5.593,0.929,2.5,-3.093
-0.141,0.941,5.593,0.93,2.5,-3.093
-0.141,0.941,5.593,0.931,2.5,-3.093
-0.143,0.942,5.593,0.931,2.5,-3.093
-0.143,0.942,5.593,0.931,2.5,-3.093
-0.144,0.942,5.593,0.931,2.5,-3.093
-0.144,0.941,5.593,0.93,2.5,-3.093
-0.145,0.942,5.593,0.931,2.5,-3.093
-0.145,0.941,5.593,0.93,2.5,-3.093
-0.147,0.941,5.593,0.929,2.5,-3.093
-0.146,0.939,5.593,0.928,2.5,-3.093
-0.146,0.939,5.593,0.927,2.5,-3.093
-0.149,0.939,5.593,0.928,2.5,-3.093
-0.147,0.937,5.593,0.925,2.5,-3.093
-0.148,0.937,5.593,0.925,2.5,-3.093
-0.149,0.935,5.593,0.923,2.5,-3.093
-0.151,0.934,5.593,0.922,2.5,-3.093
-0.153,0.934,5.593,0.921,2.5,-3.093
-0.153,0.933,5.593,0.921,2.5,-3.093
-0.151,0.932,5.593,0.92,2.5,-3.093
-0.15,0.931,5.593,0.918,2.5,-3.093
-0.148,0.928,5.593,0.917,2.5,-3.093
-0.149,0.929,5.593,0.917,2.5,-3.093
-0.149,0.928,5.593,0.916,2.5,-3.093
-0.15,0.928,5.593,0.915,2.5,-3.093
-0.151,0.927,5.593,0.914,2.5,-3.093
-0.153,0.926,5.593,0.913,2.5,-3.093
-0.152,0.925,5.593,0.913,2.5,-3.093
-0.153,0.925,5.593,0.912,2.5,-3.093
-0.155,0.924,5.593,0.911,2.5,-3.093
-0.156,0.923,5.593,0.91,2.5,-3.093
-0.158,0.923,5.593,0.91,2.5,-3.093
-0.159,0.923,5.593,0.909,2.5,-3.093
-0.161,0.923,5.593,0.909,2.5,-3.093
-0.162,0.923,5.593,0.908,2.5,-3.093
-0.162,0.922,5.593,0.907,2.5,-3.093
-0.161,0.92,5.593,0.906,2.5,-3.093
-0.159,0.919,5.593,0.905,2.5,-3.093
-0.16,0.918,5.593,0.904,2.5,-3.093
-0.16,0.917,5.593,0.903,2.5,-3.093
-0.16,0.917,5.593,0.903,2.5,-3.093
-0.161,0.917,5.593,0.903,2.5,-3.093
-0.161,0.916,5.593,0.902,2.5,-3.093
-0.161,0.915,5.593,0.901,2.5,-3.093
-0.161,0.914,5.593,0.9,2.5,-3.093
-0.161,0.913,5.593,0.898,2.5,-3.093
-0.161,0.91,5.593,0.896,2.5,-3.093
-0.16,0.91,5.593,0.896,2.5,-3.093
-0.161,0.91,5.593,0.896,2.5,-3.093
-0.162,0.909,5.593,0.895,2.5,-3.093
-0.162,0.909,5.593,0.894,2.5,-3.093
-0.162,0.909,5.593,0.894,2.5,-3.093
-0.163,0.909,5.593,0.894,2.5,-3.093
-0.164,0.909,5.593,0.895,2.5,-3.093
-0.164,0.91,5.593,0.895,2.5,-3.093
-0.164,0.91,5.593,0.895,2.5,-3.093
-0.164,0.91,5.593,0.895,2.5,-3.093
-0.164,0.91,5.593,0.895,2.5,-3.093
-0.165,0.91,5.593,0.895,2.5,-3.093
-0.165,0.91,5.593,0.895,2.5,-3.093
-0.165,0.91,5.593,0.895,2.5,-3.093
-0.165,0.91,5.593,0.895,2.5,-3.093
-0.164,0.909,5.593,0.894,2.5,-3.093
-0.164,0.909,5.593,0.894,2.5,-3.093
-0.166,0.909,5.593,0.893,2.5,-3.093
-0.165,0.908,5.593,0.893,2.5,-3.093
-0.165,0.908,5.593,0.893,2.5,-3.093
-0.166,0.908,5.593,0.892,2.5,-3.093
-0.165,0.908,5.593,0.892,2.5,-3.093
-0.167,0.909,5.593,0.893,2.5,-3.093
-0.169,0.907,5.593,0.892,2.5,-3.093
-0.171,0.908,5.593,0.892,2.5,-3.093
-0.172,0.908,5.593,0.892,2.5,-3.093
-0.173,0.908,5.593,0.892,2.5,-3.093
-0.174,0.909,5.593,0.892,2.5,-3.093
-0.176,0.908,5.593,0.891,2.5,-3.093
-0.175,0.908,5.593,0.891,2.5,-3.093
-0.176,0.907,5.593,0.89,2.5,-3.093
-0.177,0.908,5.593,0.89,2.5,-3.093
-0.179,0.908,5.593,0.891,2.5,-3.093
-0.181,0.909,5.593,0.891,2.5,-3.093
-0.181,0.91,5.593,0.892,2.5,-3.093
-0.181,0.91,5.593,0.892,2.5,-3.093
-0.181,0.911,5.593,0.893,2.5,-3.093
-0.181,0.911,5.593,0.893,2.5,-3.093
-0.181,0.911,5.593,0.893,2.5,-3.093
-0.181,0.911,5.593,0.893,2.5,-3.093
-0.182,0.912,5.593,0.894,2.5,-3.093
-0.182,0.912,5.593,0.894,2.5,-3.093
-0.182,0.913,5.593,0.894,2.5,-3.093
-0.182,0.911,5.259,0.893,2.5,-2.759
-0.181,0.91,5.142,0.892,2.5,-2.642
-0.18,0.91,5.142,0.892,2.5,-2.642
-0.178,0.91,5.142,0.893,2.5,-2.642
-0.177,0.911,5.142,0.894,2.5,-2.642
-0.175,0.911,5.142,0.894,2.5,-2.642
-0.174,0.912,5.142,0.895,2.5,-2.642
-0.173,0.912,5.142,0.895,2.5,-2.642
-0.174,0.913,5.142,0.896,2.5,-2.642
-0.174,0.913,5.142,0.897,2.5,-2.642
-0.174,0.914,5.142,0.897,2.5,-2.642
-0.174,0.914,5.142,0.897,2.5,-2.642
-0.174,0.915,5.142,0.898,2.5,-2.642
-0.173,0.915,5.142,0.898,2.5,-2.642
-0.172,0.915,5.142,0.899,2.5,-2.642
-0.17,0.915,5.142,0.899,2.5,-2.642
-0.173,0.914,5.142,0.897,2.5,-2.642
-0.173,0.914,5.142,0.898,2.5,-2.642
-0.174,0.914,5.142,0.897,2.5,-2.642
-0.176,0.914,5.142,0.897,2.5,-2.642
-0.175,0.914,5.142,0.897,2.5,-2.642
-0.174,0.913,5.142,0.897,2.5,-2.642
-0.173,0.913,5.142,0.897,2.5,-2.642
-0.173,0.914,5.142,0.898,2.5,-2.642
-0.173,0.915,5.142,0.898,2.5,-2.642
-0.173,0.916,5.142,0.9,2.5,-2.642
-0.172,0.916,5.142,0.9,2.5,-2.642
-0.171,0.916,5.142,0.9,2.5,-2.642
-0.17,0.916,5.142,0.9,2.5,-2.642
-0.169,0.915,5.142,0.899,2.5,-2.642
-0.167,0.914,5.142,0.899,2.5,-2.642
-0.166,0.915,5.142,0.9,2.5,-2.642
-0.167,0.915,5.142,0.9,2.5,-2.642
-0.166,0.916,5.142,0.901,2.5,-2.642
-0.169,0.916,5.142,0.9,2.5,-2.642
-0.169,0.914,5.142,0.898,2.5,-2.642
-0.17,0.914,5.142,0.898,2.5,-2.642
-0.167,0.913,5.142,0.898,2.5,-2.642
-0.166,0.912,5.142,0.897,2.5,-2.642
-0.166,0.911,5.142,0.896,2.5,-2.642
-0.166,0.912,5.142,0.896,2.5,-2.642
-0.168,0.911,5.142,0.896,2.5,-2.642
-0.17,0.909,5.142,0.893,2.5,-2.642
-0.172,0.907,5.142,0.89,2.5,-2.642
-0.175,0.905,5.142,0.888,2.5,-2.642
-0.175,0.904,5.142,0.887,2.5,-2.642
-0.174,0.902,5.142,0.886,2.5,-2.642
-0.173,0.901,5.142,0.884,2.5,-2.642
-0.174,0.9,5.142,0.883,2.5,-2.642
-0.175,0.899,5.142,0.882,2.5,-2.642
-0.176,0.898,5.142,0.88,2.5,-2.642
-0.175,0.896,5.142,0.879,2.5,-2.642
-0.175,0.896,5.142,0.879,2.5,-2.642
-0.175,0.896,5.142,0.879,2.5,-2.642
-0.175,0.896,5.142,0.878,2.5,-2.642
-0.175,0.894,5.142,0.877,2.5,-2.642
-0.174,0.893,5.142,0.876,2.5,-2.642
-0.174,0.892,5.142,0.875,2.5,-2.642
-0.176,0.892,5.142,0.874,2.5,-2.642
-0.178,0.891,5.142,0.873,2.5,-2.642
-0.178,0.891,5.142,0.873,2.5,-2.642
-0.178,0.891,5.142,0.873,2.5,-2.642
-0.178,0.89,5.142,0.872,2.5,-2.642
-0.177,0.89,5.142,0.872,2.5,-2.642
-0.175,0.891,5.142,0.874,2.5,-2.642
-0.174,0.892,5.142,0.875,2.5,-2.642
-0.172,0.892,5.142,0.876,2.5,-2.642
-0.171,0.89,5.142,0.874,2.5,-2.642
-0.169,0.891,5.142,0.875,2.5,-2.642
-0.166,0.891,5.142,0.875,2.5,-2.642
-0.165,0.891,5.142,0.876,2.5,-2.642
-0.164,0.891,5.142,0.876,2.5,-2.642
-0.164,0.891,5.142,0.876,2.5,-2.642
-0.161,0.89,5.142,0.875,2.5,-2.642
-0.161,0.891,5.142,0.876,2.5,-2.642
-0.163,0.891,5.142,0.876,2.5,-2.642
-0.163,0.891,5.142,0.876,2.5,-2.642
-0.162,0.89,5.142,0.876,2.5,-2.642
-0.161,0.891,5.142,0.876,2.5,-2.642
-0.159,0.891,5.142,0.877,2.5,-2.642
-0.158,0.89,5.142,0.875,2.5,-2.642
-0.158,0.889,5.142,0.875,2.5,-2.642
-0.155,0.889,5.142,0.875,2.5,-2.642
-0.152,0.889,5.142,0.876,2.5,-2.642
-0.149,0.888,5.142,0.875,2.5,-2.642
-0.146,0.889,5.142,0.877,2.5,-2.642
-0.143,0.888,5.142,0.876,2.5,-2.642
-0.144,0.887,5.142,0.875,2.5,-2.642
-0.142,0.886,5.142,0.875,2.5,-2.642
-0.141,0.885,5.142,0.873,2.5,-2.642
-0.139,0.887,5.142,0.876,2.5,-2.642
-0.136,0.886,5.142,0.875,2.5,-2.642
-0.134,0.885,5.142,0.875,2.5,-2.642
-0.132,0.884,5.042,0.874,2.5,-2.542
-0.13,0.883,5.042,0.874,2.5,-2.542
-0.129,0.883,5.042,0.874,2.5,-2.542
-0.129,0.884,5.042,0.874,2.5,-2.542
-0.128,0.884,5.042,0.875,2.5,-2.542
-0.126,0.883,5.042,0.874,2.5,-2.542
-0.126,0.883,5.042,0.874,2.5,-2.542
-0.125,0.883,5.042,0.874,2.5,-2.542
-0.125,0.883,5.042,0.874,2.5,-2.542
-0.122,0.883,5.042,0.874,2.5,-2.542
-0.122,0.884,5.042,0.875,2.5,-2.542
-0.12,0.884,5.042,0.875,2.5,-2.542
-0.119,0.884,5.042,0.876,2.5,-2.542
-0.115,0.882,4.992,0.874,2.5,-2.492
-0.113,0.881,4.992,0.873,2.5,-2.492
-0.111,0.88,4.992,0.873,2.5,-2.492
-0.108,0.88,4.992,0.873,2.5,-2.492
-0.106,0.88,4.992,0.874,2.5,-2.492
-0.104,0.88,4.992,0.874,2.5,-2.492
-0.102,0.879,4.992,0.873,2.5,-2.492
-0.101,0.88,4.992,0.874,2.5,-2.492
-0.099,0.879,4.992,0.874,2.5,-2.492
-0.097,0.88,4.992,0.875,2.5,-2.492
-0.095,0.88,4.992,0.875,2.5,-2.492
-0.093,0.879,4.992,0.874,2.5,-2.492
-0.09,0.879,4.992,0.874,2.5,-2.492
-0.087,0.879,4.992,0.874,2.5,-2.492
-0.086,0.879,4.992,0.874,2.5,-2.492
-0.085,0.878,4.992,0.874,2.5,-2.492
-0.083,0.877,4.992,0.873,2.5,-2.492
-0.08,0.877,4.992,0.873,2.5,-2.492
-0.078,0.876,4.992,0.873,2.5,-2.492
-0.076,0.876,4.992,0.872,2.5,-2.492
-0.074,0.875,4.992,0.872,2.5,-2.492
-0.072,0.874,4.992,0.871,2.5,-2.492
-0.07,0.873,4.992,0.87,2.5,-2.492
-0.07,0.873,4.992,0.871,2.5,-2.492
-0.068,0.872,4.992,0.87,2.5,-2.492
-0.065,0.873,4.992,0.871,2.5,-2.492
-0.063,0.873,4.992,0.871,2.5,-2.492
-0.06,0.872,4.992,0.87,2.5,-2.492
-0.058,0.871,4.992,0.869,2.5,-2.492
-0.055,0.872,4.992,0.87,2.5,-2.492
-0.054,0.872,4.992,0.87,2.5,-2.492
-0.052,0.872,4.992,0.87,2.5,-2.492
-0.05,0.872,4.992,0.871,2.5,-2.492
-0.049,0.872,4.992,0.87,2.5,-2.492
-0.049,0.873,4.992,0.871,2.5,-2.492
-0.046,0.872,4.992,0.871,2.5,-2.492
-0.046,0.871,4.992,0.869,2.5,-2.492
-0.045,0.871,4.992,0.87,2.5,-2.492
-0.044,0.872,4.992,0.871,2.5,-2.492
-0.045,0.871,4.992,0.87,2.5,-2.492
-0.045,0.871,4.992,0.87,2.5,-2.492
-0.044,0.871,4.992,0.87,2.5,-2.492
-0.044,0.871,4.992,0.87,2.5,-2.492
-0.045,0.871,4.992,0.87,2.5,-2.492
-0.044,0.871,4.992,0.87,2.5,-2.492
-0.044,0.871,4.992,0.87,2.5,-2.492
-0.044,0.871,4.992,0.87,2.5,-2.492
-0.044,0.87,4.992,0.868,2.5,-2.492
-0.044,0.869,4.992,0.868,2.5,-2.492
-0.044,0.869,4.992,0.868,2.5,-2.492
-0.045,0.869,4.992,0.868,2.5,-2.492
-0.043,0.869,4.992,0.868,2.5,-2.492
-0.043,0.869,4.992,0.868,2.5,-2.492
-0.042,0.868,4.992,0.867,2.5,-2.492
-0.043,0.868,4.992,0.867,2.5,-2.492
-0.045,0.869,4.992,0.868,2.5,-2.492
-0.045,0.868,4.992,0.867,2.5,-2.492
-0.045,0.869,4.992,0.868,2.5,-2.492
-0.044,0.868,4.992,0.867,2.5,-2.492
-0.044,0.869,4.992,0.868,2.5,-2.492
-0.044,0.869,4.992,0.868,2.5,-2.492
-0.043,0.868,4.992,0.867,2.5,-2.492
-0.043,0.868,4.992,0.867,2.5,-2.492
-0.042,0.868,4.992,0.867,2.5,-2.492
-0.041,0.868,4.992,0.867,2.5,-2.492
-0.042,0.869,4.992,0.868,2.5,-2.492
-0.04,0.87,4.992,0.869,2.5,-2.492
-0.04,0.869,4.992,0.868,2.5,-2.492
-0.038,0.87,4.992,0.869,2.5,-2.492
-0.038,0.87,4.992,0.869,2.5,-2.492
-0.037,0.869,4.992,0.869,2.5,-2.492
-0.033,0.869,4.992,0.869,2.5,-2.492
-0.032,0.868,4.992,0.868,2.5,-2.492
-0.028,0.869,4.992,0.868,2.5,-2.492
-0.028,0.868,4.892,0.868,2.5,-2.392
-0.027,0.868,4.892,0.868,2.5,-2.392
-0.029,0.868,4.892,0.868,2.5,-2.392
-0.029,0.868,4.892,0.868,2.5,-2.392
-0.029,0.87,4.892,0.869,2.5,-2.392
-0.03,0.87,4.892,0.87,2.5,-2.392
-0.031,0.871,4.892,0.87,2.5,-2.392
-0.032,0.869,4.892,0.869,2.5,-2.392
-0.033,0.869,4.892,0.869,2.5,-2.392
-0.035,0.869,4.892,0.868,2.5,-2.392
-0.036,0.868,4.892,0.868,2.5,-2.392
-0.037,0.867,4.892,0.866,2.5,-2.392
-0.037,0.867,4.892,0.866,2.5,-2.392
-0.037,0.866,4.892,0.865,2.5,-2.392
-0.038,0.866,4.892,0.865,2.5,-2.392
-0.037,0.866,4.892,0.865,2.5,-2.392
-0.036,0.866,4.892,0.865,2.5,-2.392
-0.036,0.866,4.892,0.865,2.5,-2.392
-0.036,0.866,4.892,0.865,2.5,-2.392
-0.038,0.865,4.892,0.864,2.5,-2.392
-0.04,0.862,4.892,0.861,2.5,-2.392
-0.041,0.861,4.892,0.86,2.5,-2.392
-0.044,0.863,4.892,0.862,2.5,-2.392
-0.045,0.863,4.892,0.862,2.5,-2.392
-0.045,0.861,4.892,0.86,2.5,-2.392
-0.048,0.862,4.892,0.861,2.5,-2.392
-0.047,0.86,4.892,0.859,2.5,-2.392
-0.05,0.86,4.892,0.859,2.5,-2.392
-0.05,0.861,4.892,0.859,2.5,-2.392
-0.051,0.861,4.892,0.86,2.5,-2.392
-0.051,0.861,4.892,0.86,2.5,-2.392
-0.056,0.862,4.892,0.86,2.5,-2.392
-0.058,0.863,4.892,0.861,2.5,-2.392
-0.058,0.861,4.892,0.859,2.5,-2.392
-0.061,0.862,4.658,0.859,2.266,-2.392
-0.061,0.86,4.658,0.858,2.266,-2.392
-0.064,0.861,4.658,0.858,2.266,-2.392
-0.065,0.86,4.658,0.858,2.266,-2.392
-0.067,0.86,4.658,0.858,2.266,-2.392
-0.071,0.862,4.658,0.859,2.266,-2.392
-0.074,0.863,4.658,0.859,2.266,-2.392
-0.076,0.863,4.658,0.86,2.266,-2.392
-0.077,0.865,4.658,0.862,2.266,-2.392
-0.08,0.866,4.691,0.862,2.266,-2.425
-0.083,0.866,4.691,0.862,2.266,-2.425
-0.084,0.866,4.691,0.862,2.266,-2.425
-0.085,0.866,4.691,0.862,2.266,-2.425
-0.086,0.866,4.691,0.862,2.266,-2.425
-0.089,0.868,4.691,0.863,2.266,-2.425
-0.088,0.868,4.691,0.864,2.266,-2.425
-0.091,0.869,4.691,0.864,2.266,-2.425
-0.093,0.871,4.691,0.866,2.266,-2.425
-0.097,0.873,4.691,0.868,2.266,-2.425
-0.1,0.875,4.691,0.87,2.266,-2.425
-0.103,0.877,4.691,0.871,2.266,-2.425
-0.104,0.878,4.691,0.872,2.266,-2.425
-0.107,0.88,4.691,0.873,2.266,-2.425
-0.108,0.88,4.691,0.874,2.266,-2.425
-0.109,0.881,4.691,0.874,2.266,-2.425
-0.113,0.883,4.691,0.876,2.266,-2.425
-0.114,0.884,4.691,0.877,2.266,-2.425
-0.114,0.884,4.691,0.877,2.266,-2.425
-0.116,0.885,4.691,0.877,2.266,-2.425
-0.119,0.887,4.691,0.879,2.266,-2.425
-0.121,0.887,4.691,0.879,2.266,-2.425
-0.124,0.889,4.691,0.88,2.266,-2.425
-0.127,0.892,4.691,0.883,2.266,-2.425
-0.129,0.893,4.691,0.884,2.266,-2.425
-0.13,0.894,4.691,0.884,2.266,-2.425
-0.131,0.895,4.691,0.885,2.266,-2.425
-0.134,0.897,4.691,0.887,2.266,-2.425
-0.138,0.902,4.775,0.891,2.266,-2.509
-0.14,0.905,4.825,0.894,2.266,-2.559
-0.141,0.906,4.825,0.895,2.266,-2.559
-0.145,0.91,4.825,0.898,2.266,-2.559
-0.149,0.913,4.825,0.901,2.266,-2.559
-0.151,0.914,4.825,0.901,2.266,-2.559
-0.155,0.917,4.825,0.904,2.266,-2.559
-0.156,0.917,4.825,0.903,2.266,-2.559
-0.16,0.92,4.825,0.906,2.266,-2.559
-0.16,0.921,5.008,0.907,2.266,-2.742
-0.162,0.922,5.008,0.908,2.266,-2.742
-0.164,0.924,5.008,0.909,2.266,-2.742
-0.167,0.926,5.008,0.911,2.266,-2.742
-0.168,0.927,5.008,0.912,2.266,-2.742
-0.171,0.931,5.008,0.915,2.266,-2.742
-0.174,0.933,5.008,0.916,2.266,-2.742
-0.175,0.933,5.008,0.916,2.266,-2.742
-0.176,0.934,5.008,0.917,2.266,-2.742
-0.179,0.937,5.075,0.919,2.266,-2.809
-0.182,0.939,5.075,0.921,2.266,-2.809
-0.182,0.938,5.075,0.92,2.266,-2.809
-0.182,0.939,5.075,0.921,2.266,-2.809
-0.183,0.94,5.075,0.922,2.266,-2.809
-0.185,0.943,5.075,0.924,2.266,-2.809
-0.188,0.944,5.075,0.925,2.266,-2.809
-0.192,0.948,5.075,0.928,2.266,-2.809
-0.193,0.95,5.075,0.93,2.266,-2.809
-0.194,0.951,5.075,0.931,2.266,-2.809
-0.195,0.953,5.075,0.932,2.266,-2.809
-0.195,0.953,5.075,0.932,2.266,-2.809
-0.198,0.956,5.075,0.935,2.266,-2.809
-0.199,0.957,5.075,0.936,2.266,-2.809
-0.202,0.96,5.075,0.939,2.266,-2.809
-0.203,0.961,5.075,0.939,2.266,-2.809
-0.204,0.963,5.125,0.941,2.266,-2.859
-0.206,0.966,5.125,0.943,2.266,-2.859
-0.208,0.966,5.125,0.944,2.266,-2.859
-0.21,0.969,5.125,0.946,2.266,-2.859
-0.212,0.971,5.125,0.948,2.266,-2.859
-0.215,0.974,5.125,0.95,2.266,-2.859
-0.217,0.975,5.125,0.951,2.266,-2.859
-0.216,0.975,5.125,0.951,2.266,-2.859
-0.217,0.976,5.125,0.951,2.266,-2.859
-0.217,0.975,5.125,0.951,2.266,-2.859
-0.218,0.976,5.125,0.951,2.266,-2.859
-0.218,0.977,5.125,0.952,2.266,-2.859
-0.22,0.978,5.125,0.953,2.266,-2.859
-0.22,0.978,5.125,0.953,2.266,-2.859
-0.22,0.977,5.125,0.952,2.266,-2.859
-0.221,0.978,5.125,0.953,2.266,-2.859
-0.221,0.977,5.125,0.952,2.266,-2.859
-0.221,0.978,5.125,0.953,2.266,-2.859
-0.22,0.977,5.125,0.952,2.266,-2.859
-0.221,0.977,5.125,0.952,2.266,-2.859
-0.223,0.978,5.125,0.953,2.266,-2.859
-0.225,0.979,5.125,0.952,2.266,-2.859
-0.226,0.979,5.125,0.952,2.266,-2.859
-0.228,0.98,5.125,0.953,2.266,-2.859
-0.23,0.981,5.125,0.954,2.266,-2.859
-0.232,0.983,5.125,0.955,2.266,-2.859
-0.232,0.984,5.125,0.956,2.266,-2.859
-0.233,0.984,5.125,0.956,2.266,-2.859
-0.234,0.985,5.125,0.957,2.266,-2.859
-0.236,0.987,5.125,0.958,2.266,-2.859
-0.237,0.988,5.125,0.959,2.266,-2.859
-0.236,0.989,5.125,0.96,2.266,-2.859
-0.237,0.989,5.125,0.96,2.266,-2.859
-0.238,0.989,5.125,0.96,2.266,-2.859
-0.238,0.99,5.125,0.961,2.266,-2.859
-0.239,0.991,5.125,0.962,2.266,-2.859
-0.24,0.992,5.125,0.962,2.266,-2.859
-0.241,0.992,5.125,0.963,2.266,-2.859
-0.24,0.992,5.125,0.962,2.266,-2.859
-0.241,0.992,5.125,0.963,2.266,-2.859
-0.243,0.992,5.125,0.962,2.266,-2.859
-0.245,0.994,5.125,0.963,2.266,-2.859
-0.245,0.994,5.125,0.964,2.266,-2.859
-0.245,0.994,5.125,0.963,2.266,-2.859
-0.247,0.995,5.125,0.964,2.266,-2.859
-0.248,0.996,5.125,0.964,2.266,-2.859
-0.248,0.996,5.125,0.965,2.266,-2.859
-0.251,0.998,5.125,0.966,2.266,-2.859
-0.251,0.998,5.125,0.966,2.266,-2.859
-0.253,1.0,5.125,0.967,2.266,-2.859
-0.254,1.0,5.125,0.968,2.266,-2.859
-0.255,1.001,5.125,0.969,2.266,-2.859
-0.257,1.003,5.125,0.969,2.266,-2.859
-0.259,1.004,5.125,0.97,2.266,-2.859
-0.259,1.003,5.125,0.969,2.266,-2.859
-0.259,1.004,5.125,0.97,2.266,-2.859
-0.26,1.005,5.125,0.971,2.266,-2.859
-0.263,1.007,5.125,0.972,2.266,-2.859
-0.264,1.009,5.125,0.974,2.266,-2.859
-0.264,1.009,5.125,0.974,2.266,-2.859
-0.265,1.01,5.125,0.975,2.266,-2.859
-0.267,1.012,5.125,0.977,2.266,-2.859
-0.268,1.014,5.125,0.978,2.266,-2.859
-0.269,1.015,5.125,0.979,2.266,-2.859
-0.269,1.015,5.125,0.978,2.266,-2.859
-0.269,1.014,5.125,0.978,2.266,-2.859
-0.271,1.015,5.125,0.978,2.266,-2.859
-0.273,1.016,5.125,0.978,2.266,-2.859
-0.275,1.016,5.125,0.978,2.266,-2.859
-0.275,1.016,5.125,0.978,2.266,-2.859
-0.276,1.017,5.125,0.979,2.266,-2.859
-0.278,1.018,5.125,0.979,2.266,-2.859
-0.28,1.019,5.125,0.98,2.266,-2.859
-0.282,1.019,5.125,0.979,2.266,-2.859
-0.284,1.021,5.125,0.98,2.266,-2.859
-0.286,1.021,5.125,0.98,2.266,-2.859
-0.286,1.022,5.125,0.981,2.266,-2.859
-0.289,1.023,5.125,0.981,2.266,-2.859
-0.292,1.023,5.125,0.981,2.266,-2.859
-0.295,1.024,5.125,0.981,2.266,-2.859
-0.297,1.024,5.125,0.98,2.266,-2.859
-0.299,1.024,5.125,0.979,2.266,-2.859
-0.301,1.025,5.125,0.98,2.266,-2.859
-0.304,1.026,5.125,0.98,2.266,-2.859
-0.307,1.028,5.125,0.981,2.266,-2.859
-0.31,1.029,5.125,0.982,2.266,-2.859
-0.312,1.03,5.125,0.982,2.266,-2.859
-0.316,1.032,5.125,0.982,2.266,-2.859
-0.32,1.033,5.125,0.982,2.266,-2.859
-0.324,1.034,5.125,0.982,2.266,-2.859
-0.328,1.035,5.125,0.982,2.266,-2.859
-0.33,1.037,5.125,0.983,2.266,-2.859
-0.333,1.037,5.125,0.983,2.266,-2.859
-0.336,1.039,5.125,0.983,2.266,-2.859
-0.339,1.04,5.125,0.984,2.266,-2.859
-0.342,1.042,5.125,0.984,2.266,-2.859
-0.345,1.042,5.125,0.983,2.266,-2.859
-0.349,1.043,5.125,0.983,2.266,-2.859
-0.352,1.043,5.125,0.982,2.266,-2.859
-0.353,1.043,5.125,0.982,2.266,-2.859
-0.356,1.045,5.125,0.982,2.266,-2.859
-0.36,1.045,5.125,0.981,2.266,-2.859
-0.361,1.046,5.125,0.982,2.266,-2.859
-0.363,1.046,5.125,0.981,2.266,-2.859
-0.366,1.047,5.125,0.981,2.266,-2.859
-0.369,1.048,5.125,0.98,2.266,-2.859
-0.373,1.047,5.125,0.978,2.266,-2.859
-0.374,1.047,5.125,0.978,2.266,-2.859
-0.378,1.048,5.125,0.977,2.266,-2.859
-0.38,1.048,5.125,0.977,2.266,-2.859
-0.383,1.05,5.125,0.978,2.266,-2.859
-0.387,1.052,5.125,0.978,2.266,-2.859
-0.391,1.053,5.125,0.978,2.266,-2.859
-0.395,1.055,5.125,0.978,2.266,-2.859
-0.396,1.055,5.125,0.978,2.266,-2.859
-0.4,1.056,5.125,0.978,2.266,-2.859
-0.401,1.056,5.125,0.977,2.266,-2.859
-0.405,1.059,5.125,0.978,2.266,-2.859
-0.408,1.061,5.125,0.979,2.266,-2.859
-0.412,1.064,5.125,0.981,2.266,-2.859
-0.416,1.066,5.125,0.981,2.266,-2.859
-0.419,1.068,5.125,0.982,2.266,-2.859
-0.421,1.069,5.125,0.983,2.266,-2.859
-0.425,1.072,5.125,0.984,2.266,-2.859
-0.431,1.075,5.125,0.985,2.266,-2.859
-0.433,1.076,5.125,0.985,2.266,-2.859
-0.438,1.078,5.125,0.985,2.266,-2.859
-0.441,1.079,5.125,0.985,2.266,-2.859
-0.446,1.081,5.125,0.985,2.266,-2.859
-0.451,1.083,5.125,0.985,2.266,-2.859
-0.453,1.085,5.125,0.985,2.266,-2.859
-0.455,1.086,5.125,0.986,2.266,-2.859
-0.458,1.087,5.125,0.986,2.266,-2.859
-0.462,1.091,5.125,0.988,2.266,-2.859
-0.465,1.094,5.125,0.99,2.266,-2.859
-0.468,1.095,5.125,0.99,2.266,-2.859
-0.473,1.099,5.125,0.992,2.266,-2.859
-0.475,1.099,5.125,0.991,2.266,-2.859
-0.479,1.1,5.125,0.991,2.266,-2.859
-0.484,1.101,5.125,0.989,2.266,-2.859
-0.486,1.102,5.125,0.989,2.266,-2.859
-0.492,1.104,5.125,0.989,2.266,-2.859
-0.494,1.106,5.125,0.99,2.266,-2.859
-0.498,1.108,5.125,0.989,2.266,-2.859
-0.501,1.109,5.125,0.989,2.266,-2.859
-0.506,1.111,5.125,0.989,2.266,-2.859
-0.509,1.113,5.125,0.989,2.266,-2.859
-0.513,1.116,5.125,0.991,2.266,-2.859
-0.517,1.119,5.125,0.992,2.266,-2.859
-0.521,1.12,5.125,0.991,2.266,-2.859
-0.521,1.12,5.125,0.992,2.266,-2.859
-0.524,1.122,5.125,0.992,2.266,-2.859
-0.527,1.122,5.125,0.991,2.266,-2.859
-0.53,1.122,5.125,0.989,2.266,-2.859
-0.533,1.121,5.125,0.987,2.266,-2.859
-0.535,1.122,5.125,0.986,2.266,-2.859
-0.537,1.124,5.125,0.987,2.266,-2.859
-0.542,1.124,5.125,0.985,2.266,-2.859
-0.547,1.124,5.125,0.983,2.266,-2.859
-0.548,1.125,5.125,0.983,2.266,-2.859
-0.553,1.125,5.125,0.98,2.266,-2.859
-0.557,1.126,5.125,0.979,2.266,-2.859
-0.56,1.127,5.125,0.978,2.266,-2.859
-0.562,1.127,5.125,0.977,2.266,-2.859
-0.564,1.128,5.125,0.976,2.266,-2.859
-0.565,1.126,5.125,0.974,2.266,-2.859
-0.566,1.126,5.125,0.973,2.266,-2.859
-0.569,1.127,5.125,0.972,2.266,-2.859
-0.57,1.126,5.125,0.971,2.266,-2.859
-0.57,1.126,5.125,0.971,2.266,-2.859
-0.572,1.126,5.125,0.97,2.266,-2.859
-0.573,1.126,5.125,0.969,2.266,-2.859
-0.575,1.126,5.125,0.968,2.266,-2.859
-0.575,1.125,5.125,0.966,2.266,-2.859
-0.578,1.126,5.125,0.966,2.266,-2.859
-0.581,1.127,5.125,0.966,2.266,-2.859
-0.583,1.129,5.125,0.967,2.266,-2.859
-0.586,1.129,5.125,0.965,2.266,-2.859
-0.587,1.128,5.125,0.963,2.266,-2.859
-0.59,1.13,5.125,0.964,2.266,-2.859
-0.592,1.13,5.125,0.963,2.266,-2.859
-0.593,1.13,5.125,0.962,2.266,-2.859
-0.594,1.13,5.125,0.962,2.266,-2.859
-0.594,1.13,5.125,0.961,2.266,-2.859
-0.596,1.129,5.125,0.959,2.266,-2.859
-0.598,1.129,5.125,0.958,2.266,-2.859
-0.6,1.13,5.125,0.957,2.266,-2.859
-0.602,1.13,5.125,0.956,2.266,-2.859
-0.604,1.13,5.125,0.955,2.266,-2.859
-0.605,1.13,5.125,0.954,2.266,-2.859
-0.606,1.129,5.125,0.952,2.266,-2.859
-0.607,1.129,5.125,0.952,2.266,-2.859
-0.608,1.129,5.125,0.951,2.266,-2.859
-0.609,1.13,5.125,0.951,2.266,-2.859
-0.611,1.128,5.125,0.949,2.266,-2.859
-0.611,1.128,5.125,0.948,2.266,-2.859
-0.611,1.128,5.125,0.948,2.266,-2.859
-0.613,1.128,5.125,0.947,2.266,-2.859
-0.615,1.128,5.125,0.946,2.266,-2.859
-0.615,1.128,5.125,0.946,2.266,-2.859
-0.616,1.129,5.125,0.946,2.266,-2.859
-0.615,1.129,5.125,0.946,2.266,-2.859
-0.618,1.13,5.125,0.946,2.266,-2.859
-0.619,1.13,5.125,0.945,2.266,-2.859
-0.62,1.129,5.125,0.944,2.266,-2.859
-0.622,1.129,5.125,0.943,2.266,-2.859
-0.623,1.128,5.125,0.941,2.266,-2.859
-0.622,1.128,5.125,0.941,2.266,-2.859
-0.623,1.128,5.125,0.94,2.266,-2.859
-0.623,1.128,5.125,0.94,2.266,-2.859
-0.624,1.127,5.125,0.938,2.266,-2.859
-0.625,1.127,5.125,0.937,2.266,-2.859
-0.626,1.126,5.125,0.936,2.266,-2.859
-0.626,1.126,5.125,0.936,2.266,-2.859
-0.625,1.126,5.125,0.937,2.266,-2.859
-0.624,1.126,5.125,0.937,2.266,-2.859
-0.624,1.127,5.125,0.938,2.266,-2.859
-0.623,1.126,5.125,0.939,2.266,-2.859
-0.62,1.126,5.125,0.94,2.266,-2.859
-0.621,1.126,5.125,0.939,2.266,-2.859
-0.621,1.126,5.125,0.94,2.266,-2.859
-0.62,1.127,5.125,0.941,2.266,-2.859
-0.62,1.127,5.125,0.942,2.266,-2.859
-0.619,1.127,5.125,0.942,2.266,-2.859
-0.618,1.128,5.125,0.943,2.266,-2.859
-0.618,1.127,5.125,0.943,2.266,-2.859
-0.619,1.128,5.125,0.943,2.266,-2.859
-0.618,1.128,5.125,0.944,2.266,-2.859
-0.62,1.128,5.125,0.943,2.266,-2.859
-0.619,1.128,5.125,0.944,2.266,-2.859
-0.619,1.128,5.125,0.943,2.266,-2.859
-0.619,1.127,5.125,0.942,2.266,-2.859
-0.621,1.127,5.125,0.94,2.266,-2.859
-0.621,1.127,5.125,0.941,2.266,-2.859
-0.62,1.127,5.125,0.941,2.266,-2.859
-0.621,1.127,5.125,0.941,2.266,-2.859
-0.62,1.127,5.125,0.941,2.266,-2.859
-0.619,1.127,5.125,0.941,2.266,-2.859
-0.619,1.127,5.125,0.942,2.266,-2.859
-0.619,1.128,5.209,0.943,2.349,-2.859
-0.619,1.127,5.209,0.942,2.349,-2.859
-0.62,1.127,5.209,0.941,2.349,-2.859
-0.62,1.127,5.209,0.941,2.349,-2.859
-0.621,1.126,5.209,0.94,2.349,-2.859
-0.622,1.126,5.209,0.938,2.349,-2.859
-0.623,1.127,5.209,0.939,2.349,-2.859
-0.623,1.128,5.209,0.94,2.349,-2.859
-0.623,1.128,5.209,0.94,2.349,-2.859
-0.621,1.128,5.209,0.941,2.349,-2.859
-0.621,1.127,5.209,0.941,2.349,-2.859
-0.622,1.128,5.209,0.941,2.349,-2.859
-0.623,1.13,5.209,0.943,2.349,-2.859
-0.622,1.129,5.209,0.943,2.349,-2.859
-0.623,1.13,5.209,0.943,2.349,-2.859
-0.625,1.13,5.209,0.941,2.349,-2.859
-0.624,1.13,5.209,0.942,2.349,-2.859
-0.624,1.13,5.209,0.942,2.349,-2.859
-0.621,1.13,5.209,0.944,2.349,-2.859
-0.622,1.131,5.209,0.944,2.349,-2.859
-0.62,1.13,5.209,0.945,2.349,-2.859
-0.62,1.13,5.209,0.945,2.349,-2.859
-0.618,1.13,5.209,0.947,2.349,-2.859
-0.616,1.13,5.209,0.947,2.349,-2.859
-0.616,1.13,5.209,0.947,2.349,-2.859
-0.615,1.13,5.209,0.948,2.349,-2.859
-0.617,1.13,5.209,0.947,2.349,-2.859
-0.616,1.13,5.209,0.948,2.349,-2.859
-0.615,1.13,5.209,0.948,2.349,-2.859
-0.614,1.131,5.209,0.949,2.349,-2.859
-0.614,1.13,5.209,0.948,2.349,-2.859
-0.614,1.129,5.209,0.948,2.349,-2.859
-0.614,1.129,5.209,0.948,2.349,-2.859
-0.613,1.129,5.209,0.948,2.349,-2.859
-0.61,1.129,5.209,0.95,2.349,-2.859
-0.61,1.129,5.209,0.949,2.349,-2.859
-0.608,1.129,5.209,0.951,2.349,-2.859
-0.605,1.129,5.209,0.954,2.349,-2.859
-0.603,1.128,5.209,0.954,2.349,-2.859
-0.601,1.128,5.209,0.954,2.349,-2.859
-0.6,1.128,5.209,0.956,2.349,-2.859
-0.598,1.127,5.209,0.956,2.349,-2.859
-0.599,1.127,5.209,0.955,2.349,-2.859
-0.597,1.126,5.209,0.955,2.349,-2.859
-0.596,1.126,5.209,0.955,2.349,-2.859
-0.593,1.125,5.209,0.956,2.349,-2.859
-0.591,1.125,5.209,0.957,2.349,-2.859
-0.588,1.124,5.209,0.957,2.349,-2.859
-0.586,1.123,5.209,0.958,2.349,-2.859
-0.583,1.123,5.209,0.959,2.349,-2.859
-0.58,1.122,5.209,0.96,2.349,-2.859
-0.579,1.122,5.209,0.961,2.349,-2.859
-0.577,1.122,5.209,0.962,2.349,-2.859
-0.575,1.121,5.209,0.962,2.349,-2.859
-0.575,1.121,5.209,0.962,2.349,-2.859
-0.572,1.12,5.209,0.963,2.349,-2.859
-0.571,1.121,5.209,0.965,2.349,-2.859
-0.567,1.121,5.209,0.967,2.349,-2.859
-0.565,1.119,5.209,0.966,2.349,-2.859
-0.561,1.119,5.209,0.968,2.349,-2.859
-0.56,1.119,5.209,0.969,2.349,-2.859
-0.556,1.118,5.209,0.969,2.349,-2.859
-0.553,1.117,5.209,0.97,2.349,-2.859
-0.552,1.117,5.209,0.971,2.349,-2.859
-0.548,1.116,5.209,0.972,2.349,-2.859
-0.548,1.116,5.209,0.972,2.349,-2.859
-0.545,1.116,5.209,0.973,2.349,-2.859
-0.542,1.114,5.209,0.973,2.349,-2.859
-0.539,1.112,5.209,0.973,2.349,-2.859
-0.535,1.111,5.209,0.974,2.349,-2.859
-0.532,1.109,5.209,0.973,2.349,-2.859
-0.529,1.109,5.209,0.975,2.349,-2.859
-0.526,1.108,5.209,0.976,2.349,-2.859
-0.522,1.108,5.209,0.977,2.349,-2.859
-0.52,1.108,5.209,0.979,2.349,-2.859
-0.517,1.107,5.209,0.978,2.349,-2.859
-0.515,1.106,5.209,0.979,2.349,-2.859
-0.513,1.106,5.209,0.98,2.349,-2.859
-0.51,1.105,5.209,0.981,2.349,-2.859
-0.505,1.103,5.209,0.98,2.349,-2.859
-0.504,1.103,5.209,0.981,2.349,-2.859
-0.501,1.101,5.209,0.981,2.349,-2.859
-0.496,1.101,5.209,0.983,2.349,-2.859
-0.492,1.1,5.209,0.984,2.349,-2.859
-0.49,1.1,5.209,0.985,2.349,-2.859
-0.487,1.102,5.209,0.988,2.349,-2.859
-0.481,1.1,5.209,0.989,2.349,-2.859
-0.479,1.098,5.209,0.988,2.349,-2.859
-0.473,1.097,5.209,0.99,2.349,-2.859
-0.469,1.098,5.209,0.993,2.349,-2.859
-0.464,1.096,5.209,0.993,2.349,-2.859
-0.459,1.093,5.209,0.992,2.349,-2.859
-0.456,1.093,5.209,0.994,2.349,-2.859
-0.449,1.091,5.209,0.994,2.349,-2.859
-0.445,1.093,5.209,0.998,2.349,-2.859
-0.441,1.09,5.209,0.997,2.349,-2.859
-0.438,1.089,5.209,0.998,2.349,-2.859
-0.434,1.089,5.209,0.999,2.349,-2.859
-0.43,1.088,5.209,0.999,2.349,-2.859
-0.426,1.087,5.209,1.0,2.349,-2.859
-0.42,1.086,5.209,1.002,2.349,-2.859
-0.415,1.082,5.209,0.999,2.349,-2.859
-0.411,1.08,5.209,0.999,2.349,-2.859
-0.407,1.08,5.209,1.001,2.349,-2.859
-0.402,1.08,5.209,1.003,2.349,-2.859
-0.397,1.078,5.209,1.003,2.349,-2.859
-0.394,1.077,5.209,1.002,2.349,-2.859
-0.391,1.077,5.209,1.004,2.349,-2.859
-0.388,1.077,5.209,1.005,2.349,-2.859
-0.386,1.076,5.209,1.005,2.349,-2.859
-0.382,1.075,5.209,1.005,2.349,-2.859
-0.378,1.073,5.209,1.005,2.349,-2.859
-0.373,1.071,5.209,1.004,2.349,-2.859
-0.369,1.071,5.776,1.005,2.917,-2.859
-0.367,1.07,5.776,1.005,2.917,-2.859
-0.361,1.07,5.776,1.007,2.917,-2.859
-0.357,1.069,5.776,1.008,2.917,-2.859
-0.351,1.069,6.411,1.01,3.551,-2.859
-0.347,1.068,6.411,1.01,3.551,-2.859
-0.343,1.065,6.411,1.008,3.551,-2.859
-0.34,1.065,6.411,1.009,3.551,-2.859
-0.336,1.063,6.377,1.009,3.551,-2.826
-0.33,1.062,6.377,1.01,3.551,-2.826
-0.325,1.061,6.377,1.01,3.551,-2.826
-0.321,1.058,6.377,1.008,3.551,-2.826
-0.316,1.059,6.377,1.011,3.551,-2.826
-0.31,1.057,6.377,1.011,3.551,-2.826
-0.304,1.058,6.377,1.013,3.551,-2.826
-0.3,1.057,6.377,1.014,3.551,-2.826
-0.297,1.058,6.377,1.016,3.551,-2.826
-0.294,1.059,6.377,1.017,3.551,-2.826
-0.291,1.059,6.377,1.018,3.551,-2.826
-0.286,1.059,6.377,1.02,3.551,-2.826
-0.282,1.058,6.377,1.02,3.551,-2.826
-0.279,1.057,6.377,1.02,3.551,-2.826
-0.277,1.058,6.377,1.021,3.551,-2.826
-0.274,1.057,6.377,1.021,3.551,-2.826
-0.271,1.058,6.377,1.023,3.551,-2.826
-0.268,1.059,6.377,1.024,3.551,-2.826
-0.267,1.059,6.377,1.025,3.551,-2.826
-0.264,1.06,6.377,1.026,3.551,-2.826
-0.26,1.059,6.377,1.027,3.551,-2.826
-0.255,1.061,6.377,1.029,3.551,-2.826
-0.25,1.062,6.377,1.032,3.551,-2.826
-0.246,1.061,6.377,1.032,3.551,-2.826
-0.241,1.063,6.377,1.035,3.551,-2.826
-0.237,1.061,6.377,1.034,3.551,-2.826
-0.234,1.061,6.377,1.035,3.551,-2.826
-0.231,1.062,6.377,1.037,3.551,-2.826
-0.228,1.061,6.377,1.036,3.551,-2.826
-0.225,1.06,6.377,1.036,3.551,-2.826
-0.221,1.06,6.377,1.037,3.551,-2.826
-0.218,1.062,6.377,1.04,3.551,-2.826
-0.214,1.062,6.377,1.04,3.551,-2.826
-0.211,1.063,6.377,1.041,3.551,-2.826
-0.207,1.064,6.377,1.043,3.551,-2.826
-0.204,1.063,6.377,1.043,3.551,-2.826
-0.202,1.062,6.377,1.043,3.551,-2.826
-0.197,1.064,6.377,1.045,3.551,-2.826
-0.194,1.065,6.377,1.047,3.551,-2.826
-0.19,1.065,6.377,1.047,3.551,-2.826
-0.187,1.066,6.377,1.049,3.551,-2.826
-0.183,1.065,6.377,1.049,3.551,-2.826
-0.181,1.066,6.377,1.05,3.551,-2.826
-0.179,1.067,6.377,1.052,3.551,-2.826
-0.175,1.067,6.377,1.052,3.551,-2.826
-0.172,1.068,6.377,1.054,3.551,-2.826
-0.167,1.07,6.377,1.057,3.551,-2.826
-0.162,1.071,6.377,1.058,3.551,-2.826
-0.16,1.071,6.377,1.059,3.551,-2.826
-0.156,1.071,6.377,1.059,3.551,-2.826
-0.152,1.072,6.377,1.062,3.551,-2.826
-0.149,1.073,6.377,1.063,3.551,-2.826
-0.144,1.074,6.377,1.064,3.551,-2.826
-0.14,1.075,6.377,1.066,3.551,-2.826
-0.136,1.076,6.377,1.068,3.551,-2.826
-0.133,1.078,6.377,1.07,3.551,-2.826
-0.127,1.079,6.377,1.071,3.551,-2.826
-0.124,1.077,6.377,1.07,3.551,-2.826
-0.119,1.077,6.377,1.071,3.551,-2.826
-0.117,1.078,6.377,1.071,3.551,-2.826
-0.115,1.076,6.377,1.07,3.551,-2.826
-0.111,1.075,6.377,1.07,3.551,-2.826
-0.108,1.074,6.377,1.069,3.551,-2.826
-0.104,1.073,6.377,1.068,3.551,-2.826
-0.1,1.074,6.377,1.07,3.551,-2.826
-0.097,1.076,6.377,1.072,3.551,-2.826
-0.094,1.076,6.377,1.072,3.551,-2.826
-0.091,1.076,6.377,1.072,3.551,-2.826
-0.087,1.078,6.377,1.074,3.551,-2.826
-0.082,1.08,6.377,1.076,3.551,-2.826
-0.079,1.08,6.377,1.077,3.551,-2.826
-0.077,1.08,6.377,1.078,3.551,-2.826
-0.072,1.08,6.377,1.078,3.551,-2.826
-0.07,1.082,6.377,1.08,3.551,-2.826
-0.068,1.081,6.377,1.079,3.551,-2.826
-0.065,1.081,6.377,1.079,3.551,-2.826
-0.062,1.082,6.377,1.08,3.551,-2.826
-0.057,1.083,6.377,1.081,3.551,-2.826
-0.052,1.085,6.377,1.084,3.551,-2.826
-0.047,1.085,6.377,1.084,3.551,-2.826
-0.046,1.086,6.377,1.085,3.551,-2.826
-0.044,1.088,6.377,1.087,3.551,-2.826
-0.041,1.088,6.377,1.087,3.551,-2.826
-0.035,1.088,6.377,1.087,3.551,-2.826
-0.031,1.088,6.377,1.088,3.551,-2.826
-0.027,1.088,6.377,1.087,3.551,-2.826
-0.024,1.088,6.377,1.087,3.551,-2.826
-0.018,1.087,6.377,1.087,3.551,-2.826
-0.016,1.086,6.377,1.086,3.551,-2.826
-0.011,1.086,6.377,1.086,3.551,-2.826
-0.007,1.087,6.377,1.087,3.551,-2.826
-0.003,1.086,6.377,1.086,3.551,-2.826
-0.0,1.087,6.377,1.087,3.551,-2.826
0.004,1.086,6.377,1.086,3.551,-2.826
0.008,1.084,6.377,1.084,3.551,-2.826
0.012,1.084,6.377,1.084,3.551,-2.826
0.016,1.084,6.377,1.084,3.551,-2.826
0.02,1.084,6.377,1.084,3.551,-2.826
0.024,1.084,6.377,1.084,3.551,-2.826
0.027,1.084,6.377,1.083,3.551,-2.826
0.031,1.083,6.377,1.082,3.551,-2.826
0.036,1.083,6.377,1.082,3.551,-2.826
0.04,1.084,6.377,1.083,3.551,-2.826
0.042,1.084,6.377,1.083,3.551,-2.826
0.046,1.084,6.377,1.083,3.551,-2.826
0.049,1.084,6.377,1.083,3.551,-2.826
0.052,1.083,6.377,1.082,3.551,-2.826
0.055,1.083,6.377,1.082,3.551,-2.826
0.059,1.082,6.377,1.081,3.551,-2.826
0.063,1.083,6.377,1.081,3.551,-2.826
0.069,1.081,6.377,1.079,3.551,-2.826
0.072,1.08,6.377,1.078,3.551,-2.826
0.078,1.08,6.377,1.077,3.551,-2.826
0.082,1.078,6.377,1.075,3.551,-2.826
0.087,1.079,6.377,1.076,3.551,-2.826
0.093,1.08,6.377,1.076,3.551,-2.826
0.096,1.08,6.377,1.076,3.551,-2.826
0.101,1.078,6.377,1.073,3.551,-2.826
0.105,1.077,6.377,1.072,3.551,-2.826
0.109,1.075,6.377,1.069,3.551,-2.826
0.116,1.074,6.377,1.068,3.551,-2.826
0.12,1.072,6.377,1.065,3.551,-2.826
0.123,1.072,6.377,1.065,3.551,-2.826
0.128,1.069,6.377,1.062,3.551,-2.826
0.134,1.066,6.377,1.058,3.551,-2.826
0.138,1.066,6.377,1.057,3.551,-2.826
0.143,1.064,6.377,1.054,3.551,-2.826
0.147,1.063,6.377,1.053,3.551,-2.826
0.154,1.062,6.377,1.051,3.551,-2.826
0.158,1.06,6.377,1.049,3.551,-2.826
0.161,1.06,6.377,1.047,3.551,-2.826
0.164,1.059,6.377,1.046,3.551,-2.826
0.166,1.057,6.377,1.044,3.551,-2.826
0.172,1.055,6.377,1.041,3.551,-2.826
0.177,1.053,6.377,1.038,3.551,-2.826
0.182,1.051,6.377,1.035,3.551,-2.826
0.188,1.049,6.377,1.032,3.551,-2.826
0.193,1.05,6.377,1.032,3.551,-2.826
0.196,1.048,6.377,1.03,3.551,-2.826
0.201,1.047,6.377,1.028,3.551,-2.826
0.204,1.047,6.377,1.027,3.551,-2.826
0.209,1.044,6.377,1.023,3.551,-2.826
0.211,1.043,6.377,1.021,3.551,-2.826
0.215,1.042,6.377,1.02,3.551,-2.826
0.219,1.041,6.377,1.018,3.551,-2.826
0.223,1.039,6.377,1.015,3.551,-2.826
0.226,1.038,6.377,1.013,3.551,-2.826
0.231,1.036,6.377,1.009,3.551,-2.826
0.236,1.033,6.377,1.006,3.551,-2.826
0.241,1.032,6.377,1.003,3.551,-2.826
0.245,1.033,6.377,1.004,3.551,-2.826
0.249,1.033,6.377,1.002,3.551,-2.826
0.252,1.033,6.377,1.002,3.551,-2.826
0.256,1.034,6.377,1.002,3.551,-2.826
0.259,1.035,6.377,1.002,3.551,-2.826
0.262,1.036,6.377,1.003,3.551,-2.826
0.269,1.036,6.377,1.0,3.551,-2.826
0.273,1.035,6.377,0.998,3.551,-2.826
0.277,1.034,6.377,0.996,3.551,-2.826
0.28,1.032,6.377,0.994,3.551,-2.826
0.283,1.032,6.377,0.992,3.551,-2.826
0.288,1.032,6.377,0.991,3.551,-2.826
0.293,1.031,6.377,0.989,3.551,-2.826
0.297,1.033,6.377,0.99,3.551,-2.826
0.299,1.034,6.377,0.99,3.551,-2.826
0.301,1.035,6.377,0.99,3.551,-2.826
0.303,1.034,6.377,0.989,3.551,-2.826
0.307,1.034,6.377,0.987,3.551,-2.826
0.309,1.033,6.377,0.986,3.551,-2.826
0.313,1.037,6.377,0.988,3.551,-2.826
0.315,1.037,6.377,0.988,3.551,-2.826
0.318,1.037,6.377,0.987,3.551,-2.826
0.322,1.038,6.377,0.987,3.551,-2.826
0.326,1.041,6.377,0.989,3.551,-2.826
0.331,1.04,6.377,0.986,3.551,-2.826
0.332,1.04,6.377,0.985,3.551,-2.826
0.338,1.041,6.377,0.984,3.551,-2.826
0.341,1.041,6.377,0.984,3.551,-2.826
0.344,1.042,6.377,0.984,3.551,-2.826
0.35,1.04,6.377,0.979,3.551,-2.826
0.354,1.041,6.377,0.98,3.551,-2.826
0.356,1.044,6.377,0.981,3.551,-2.826
0.357,1.044,6.377,0.981,3.551,-2.826
0.359,1.045,6.377,0.981,3.551,-2.826
0.362,1.046,6.377,0.981,3.551,-2.826
0.365,1.046,6.377,0.981,3.551,-2.826
0.369,1.047,6.377,0.98,3.551,-2.826
0.372,1.049,6.377,0.981,3.551,-2.826
0.375,1.049,6.377,0.979,3.551,-2.826
0.376,1.049,6.377,0.979,3.551,-2.826
0.378,1.05,6.377,0.98,3.551,-2.826
0.379,1.051,6.377,0.98,3.551,-2.826
0.383,1.053,6.377,0.981,3.551,-2.826
0.386,1.054,6.377,0.981,3.551,-2.826
0.388,1.055,6.377,0.981,3.551,-2.826
0.39,1.056,6.377,0.982,3.551,-2.826
0.394,1.058,6.377,0.982,3.551,-2.826
0.399,1.061,6.377,0.983,3.551,-2.826
0.4,1.061,6.377,0.983,3.551,-2.826
0.403,1.063,6.377,0.984,3.551,-2.826
0.405,1.064,6.377,0.984,3.551,-2.826
0.406,1.065,6.377,0.985,3.551,-2.826
0.409,1.064,6.377,0.982,3.551,-2.826
0.412,1.066,6.377,0.983,3.551,-2.826
0.417,1.068,6.377,0.983,3.551,-2.826
0.42,1.069,6.377,0.983,3.551,-2.826
0.422,1.071,6.377,0.984,3.551,-2.826
0.424,1.072,6.377,0.985,3.551,-2.826
0.426,1.074,6.377,0.985,3.551,-2.826
0.43,1.075,6.377,0.985,3.551,-2.826
0.432,1.077,6.377,0.987,3.551,-2.826
0.435,1.078,6.377,0.986,3.551,-2.826
0.437,1.079,6.377,0.987,3.551,-2.826
0.44,1.081,6.377,0.987,3.551,-2.826
0.441,1.082,6.377,0.988,3.551,-2.826
0.444,1.084,6.377,0.989,3.551,-2.826
0.444,1.085,6.377,0.99,3.551,-2.826
0.446,1.087,6.377,0.991,3.551,-2.826
0.446,1.087,6.377,0.991,3.551,-2.826
0.449,1.088,6.377,0.991,3.551,-2.826
0.452,1.089,6.377,0.99,3.551,-2.826
0.453,1.088,6.377,0.99,3.551,-2.826
0.454,1.089,6.377,0.99,3.551,-2.826
0.457,1.091,6.377,0.991,3.551,-2.826
0.458,1.092,6.377,0.991,3.551,-2.826
0.46,1.093,6.377,0.991,3.551,-2.826
0.463,1.092,6.377,0.99,3.551,-2.826
0.464,1.094,6.377,0.99,3.551,-2.826
0.467,1.094,6.377,0.989,3.551,-2.826
0.468,1.094,6.377,0.989,3.551,-2.826
0.47,1.094,6.377,0.988,3.551,-2.826
0.472,1.095,6.377,0.988,3.551,-2.826
0.474,1.096,6.377,0.988,3.551,-2.826
0.476,1.097,6.377,0.989,3.551,-2.826
0.478,1.098,6.377,0.989,3.551,-2.826
0.482,1.1,6.377,0.988,3.551,-2.826
0.483,1.1,6.377,0.989,3.551,-2.826
0.483,1.101,6.377,0.99,3.551,-2.826
0.485,1.101,6.377,0.989,3.551,-2.826
0.484,1.101,6.377,0.989,3.551,-2.826
0.485,1.102,6.377,0.99,3.551,-2.826
0.486,1.102,6.377,0.99,3.551,-2.826
0.486,1.103,6.377,0.991,3.551,-2.826
0.487,1.104,6.377,0.99,3.551,-2.826
0.489,1.105,6.377,0.99,3.551,-2.826
0.49,1.104,6.377,0.989,3.551,-2.826
0.492,1.104,6.377,0.988,3.551,-2.826
0.49,1.103,6.377,0.988,3.551,-2.826
0.491,1.103,6.377,0.988,3.551,-2.826
0.49,1.103,6.377,0.989,3.551,-2.826
0.493,1.103,6.377,0.987,3.551,-2.826
0.493,1.101,5.693,0.985,3.551,-2.141
0.492,1.102,5.693,0.986,3.551,-2.141
0.493,1.103,5.693,0.987,3.551,-2.141
0.495,1.103,5.693,0.986,3.551,-2.141
0.495,1.102,5.693,0.985,3.551,-2.141
0.496,1.103,5.693,0.985,3.551,-2.141
0.494,1.102,5.693,0.985,3.551,-2.141
0.495,1.102,5.693,0.984,3.551,-2.141
0.494,1.103,5.693,0.986,3.551,-2.141
0.495,1.103,5.693,0.986,3.551,-2.141
0.495,1.103,5.693,0.986,3.551,-2.141
0.494,1.104,5.693,0.987,3.551,-2.141
0.496,1.105,5.693,0.988,3.551,-2.141
0.496,1.106,5.693,0.989,3.551,-2.141
0.497,1.107,5.693,0.989,3.551,-2.141
0.496,1.107,5.693,0.99,3.551,-2.141
0.495,1.107,5.693,0.99,3.551,-2.141
0.493,1.108,5.693,0.992,3.551,-2.141
0.493,1.108,5.693,0.992,3.551,-2.141
0.491,1.109,5.693,0.994,3.551,-2.141
0.491,1.109,5.693,0.994,3.551,-2.141
0.49,1.109,5.693,0.995,3.551,-2.141
0.489,1.109,5.693,0.995,3.551,-2.141
0.49,1.109,5.693,0.996,3.551,-2.141
0.488,1.11,5.693,0.997,3.551,-2.141
0.487,1.11,5.693,0.998,3.551,-2.141
0.487,1.111,5.693,0.999,3.551,-2.141
0.486,1.112,5.693,1.0,3.551,-2.141
0.485,1.111,5.693,1.0,3.551,-2.141
0.485,1.111,5.693,0.999,3.551,-2.141
0.486,1.111,5.693,0.999,3.551,-2.141
0.488,1.112,5.693,0.999,3.551,-2.141
0.488,1.112,5.693,0.999,3.551,-2.141
0.484,1.112,5.693,1.001,3.551,-2.141
0.482,1.113,5.693,1.003,3.551,-2.141
0.482,1.112,5.693,1.003,3.551,-2.141
0.48,1.112,5.693,1.003,3.551,-2.141
0.479,1.112,5.693,1.004,3.551,-2.141
0.477,1.112,5.693,1.005,3.551,-2.141
0.476,1.112,5.693,1.005,3.551,-2.141
0.475,1.113,5.693,1.006,3.551,-2.141
0.473,1.113,5.693,1.007,3.551,-2.141
0.473,1.112,5.693,1.007,3.551,-2.141
0.474,1.112,5.693,1.006,3.551,-2.141
0.475,1.11,5.693,1.003,3.551,-2.141
0.474,1.109,5.693,1.003,3.551,-2.141
0.472,1.11,5.693,1.005,3.551,-2.141
0.468,1.111,5.693,1.007,3.551,-2.141
0.468,1.111,5.693,1.008,3.551,-2.141
0.466,1.111,5.693,1.009,3.551,-2.141
0.464,1.112,5.693,1.01,3.551,-2.141
0.462,1.112,5.726,1.011,3.551,-2.175
0.46,1.113,5.726,1.013,3.551,-2.175
0.459,1.112,5.726,1.013,3.551,-2.175
0.458,1.112,5.726,1.013,3.551,-2.175
0.457,1.113,5.726,1.014,3.551,-2.175
0.457,1.113,5.726,1.015,3.551,-2.175
0.455,1.113,5.726,1.016,3.551,-2.175
0.452,1.113,5.726,1.018,3.551,-2.175
0.451,1.114,5.726,1.019,3.551,-2.175
0.45,1.115,5.726,1.02,3.551,-2.175
0.449,1.115,5.726,1.021,3.551,-2.175
0.448,1.115,5.726,1.021,3.551,-2.175
0.449,1.115,5.726,1.02,3.551,-2.175
0.446,1.116,5.726,1.023,3.551,-2.175
0.445,1.115,5.726,1.022,3.551,-2.175
0.443,1.116,5.726,1.025,3.551,-2.175
0.441,1.117,5.726,1.027,3.551,-2.175
0.441,1.117,5.726,1.027,3.551,-2.175
0.438,1.119,5.743,1.03,3.551,-2.191
0.434,1.118,5.743,1.03,3.551,-2.191
0.431,1.118,5.793,1.032,3.551,-2.242
0.428,1.118,5.793,1.033,3.551,-2.242
