mean,RMS,ptp,std,max,min
0.749,1.13,2.174,0.846,1.868,-0.306
1.273,1.477,2.258,0.75,2.248,-0.01
1.433,1.636,2.744,0.789,2.206,-0.538
2.071,2.162,2.427,0.623,3.81,1.383
1.406,1.611,2.322,0.786,2.058,-0.264
1.361,1.649,3.145,0.93,3.409,0.264
1.321,1.431,1.815,0.55,1.995,0.18
1.009,1.505,3.546,1.117,3.409,-0.137
1.661,1.759,2.132,0.579,2.375,0.243
2.368,2.754,4.306,1.406,4.591,0.285
0.897,1.234,2.258,0.847,2.121,-0.137
1.163,1.558,3.398,1.036,3.556,0.158
0.528,1.092,2.744,0.956,2.185,-0.559
0.804,0.959,1.52,0.522,1.868,0.348
1.843,1.981,1.942,0.728,2.353,0.412
1.72,1.829,1.773,0.622,2.649,0.876
1.598,1.811,2.87,0.853,2.776,-0.095
1.52,1.654,2.491,0.654,2.522,0.032
1.106,1.316,2.005,0.712,2.269,0.264
0.922,1.336,2.955,0.967,2.459,-0.496
1.313,1.759,3.419,1.171,2.459,-0.96
1.378,1.46,1.604,0.481,2.396,0.792
1.494,1.527,1.203,0.314,2.227,1.024
1.307,1.569,3.039,0.868,3.029,-0.01
1.21,1.343,1.836,0.585,2.227,0.391
1.378,1.419,1.182,0.339,2.058,0.876
1.353,1.549,2.828,0.755,2.944,0.116
1.471,1.785,3.081,1.01,2.733,-0.348
0.971,1.677,4.918,1.367,3.641,-1.277
1.051,1.454,3.145,1.005,3.113,-0.032
0.872,1.356,3.081,1.038,2.396,-0.686
0.707,1.223,3.25,0.997,2.691,-0.559
1.524,1.671,2.09,0.686,2.185,0.095
1.739,1.778,1.351,0.37,2.058,0.707
1.63,1.748,1.857,0.632,2.396,0.538
0.718,1.066,3.018,0.788,1.868,-1.15
0.762,1.022,2.512,0.681,1.974,-0.538
0.576,1.374,3.757,1.247,2.923,-0.834
0.467,1.286,3.588,1.198,2.016,-1.572
0.057,0.632,1.963,0.63,1.193,-0.77
-0.414,0.733,1.942,0.606,0.644,-1.298
0.232,0.798,2.047,0.763,1.087,-0.96
-0.07,0.553,1.794,0.548,1.045,-0.749
-0.333,0.599,1.287,0.497,0.369,-0.918
-0.342,0.85,2.258,0.778,0.433,-1.826
-0.585,0.673,1.245,0.333,0.201,-1.045
-0.373,0.634,1.583,0.512,0.538,-1.045
-0.306,0.687,1.984,0.615,0.581,-1.403
-0.34,0.953,2.913,0.891,0.623,-2.29
-0.228,0.66,2.216,0.619,0.876,-1.34
-0.376,0.964,3.018,0.888,0.918,-2.1
0.127,0.508,1.815,0.492,1.087,-0.728
0.036,0.641,2.406,0.64,1.573,-0.834
-0.49,0.833,2.702,0.674,1.235,-1.467
-0.764,0.963,2.364,0.586,0.137,-2.227
-0.494,0.888,2.469,0.738,0.496,-1.973
-0.5,1.319,4.052,1.22,1.404,-2.649
-0.306,0.741,2.617,0.675,0.623,-1.994
-0.561,0.694,1.477,0.408,-0.095,-1.572
-0.61,0.976,2.765,0.761,0.011,-2.754
-0.297,0.45,0.95,0.338,0.095,-0.855
-0.715,0.909,2.005,0.561,-0.221,-2.227
-0.739,1.092,2.807,0.804,0.095,-2.712
-0.154,0.972,3.377,0.959,1.066,-2.311
0.059,0.623,2.279,0.62,1.699,-0.58
-0.276,1.102,4.073,1.066,1.404,-2.67
-0.692,1.255,3.081,1.047,0.454,-2.628
-0.671,1.055,2.786,0.815,0.158,-2.628
-0.684,1.256,3.314,1.054,0.77,-2.543
0.23,0.993,2.849,0.966,1.974,-0.876
-0.059,1.325,4.58,1.324,1.805,-2.775
-1.057,1.323,2.427,0.796,-0.158,-2.585
-0.724,1.438,4.39,1.242,1.298,-3.092
-0.673,1.087,3.25,0.853,1.024,-2.227
-0.496,1.134,3.208,1.019,1.066,-2.142
-1.213,1.751,3.799,1.263,0.96,-2.839
-0.42,1.465,3.968,1.404,1.551,-2.417
-1.152,1.736,3.609,1.299,0.939,-2.67
0.211,0.938,2.448,0.914,1.551,-0.897
-0.96,1.539,3.25,1.203,0.475,-2.775
-0.291,0.917,2.976,0.87,1.045,-1.931
-0.591,1.192,3.229,1.035,0.918,-2.311
-0.449,1.601,3.694,1.537,1.256,-2.438
-1.501,1.904,3.419,1.173,0.749,-2.67
-0.578,1.401,3.715,1.276,1.298,-2.417
-0.095,1.074,2.997,1.07,1.256,-1.741
-0.405,0.981,3.145,0.893,0.876,-2.269
0.182,1.133,3.314,1.118,1.214,-2.1
-0.969,1.382,2.723,0.986,0.538,-2.184
-0.981,1.319,3.356,0.882,0.749,-2.606
-0.623,1.495,4.052,1.359,1.214,-2.839
0.245,1.037,3.06,1.007,1.467,-1.593
0.397,0.753,1.963,0.64,1.172,-0.791
1.104,1.608,3.841,1.17,2.966,-0.876
0.901,1.457,3.419,1.144,2.881,-0.538
0.036,1.118,3.63,1.117,2.86,-0.77
1.372,1.621,3.124,0.864,2.691,-0.433
0.608,1.094,2.976,0.909,1.551,-1.425
0.182,0.898,2.322,0.88,1.509,-0.812
1.136,1.525,3.567,1.017,2.987,-0.58
1.64,1.92,2.892,0.997,3.092,0.201
0.944,1.59,3.841,1.28,2.902,-0.939
0.868,1.073,1.942,0.631,1.383,-0.559
0.505,1.009,2.406,0.873,1.868,-0.538
0.764,1.27,3.651,1.014,2.628,-1.024
1.644,1.806,2.554,0.747,2.649,0.095
1.197,1.559,3.293,0.999,2.944,-0.348
1.288,1.399,2.343,0.547,2.501,0.158
0.91,1.187,2.322,0.762,1.678,-0.644
0.87,1.062,1.984,0.609,1.509,-0.475
1.064,1.356,2.512,0.841,1.678,-0.834
0.946,1.29,2.406,0.877,1.826,-0.58
0.842,1.232,2.575,0.899,1.699,-0.876
1.197,1.392,2.111,0.71,1.995,-0.116
0.821,1.194,3.081,0.867,2.417,-0.665
1.041,1.307,2.343,0.79,1.72,-0.623
0.161,0.729,2.153,0.711,1.53,-0.623
0.321,1.548,3.799,1.515,1.784,-2.016
1.036,1.204,1.9,0.613,1.784,-0.116
0.952,1.24,2.301,0.795,1.784,-0.517
0.576,1.074,2.786,0.906,1.636,-1.15
0.517,0.964,2.111,0.813,1.699,-0.411
1.178,1.484,2.765,0.903,2.248,-0.517
0.585,1.101,2.406,0.932,1.762,-0.644
0.543,1.371,3.757,1.259,2.142,-1.614
0.979,1.418,3.546,1.025,1.995,-1.551
1.068,1.581,3.651,1.165,2.206,-1.446
0.895,1.471,3.715,1.168,2.058,-1.657
0.42,1.526,3.694,1.467,1.868,-1.826
0.302,1.211,3.483,1.173,1.615,-1.868
0.099,1.507,4.327,1.503,2.058,-2.269
0.792,1.409,3.884,1.165,1.931,-1.952
-0.105,1.505,3.715,1.501,1.699,-2.016
-0.686,1.599,3.905,1.444,1.762,-2.142
0.781,1.346,3.44,1.097,2.058,-1.382
-0.032,1.357,3.862,1.356,1.868,-1.994
0.99,1.178,1.836,0.638,1.657,-0.179
0.779,1.358,3.166,1.113,1.889,-1.277
0.061,0.694,2.491,0.692,1.34,-1.15
0.766,1.367,3.968,1.132,1.72,-2.248
0.152,1.051,3.694,1.04,1.699,-1.994
0.245,0.755,2.68,0.715,1.446,-1.235
-0.498,1.356,3.862,1.261,1.868,-1.994
0.323,1.173,3.229,1.128,1.784,-1.446
0.293,1.065,3.609,1.024,1.678,-1.931
-0.23,1.019,3.398,0.992,1.615,-1.783
0.781,1.349,3.145,1.1,1.741,-1.403
0.038,1.103,3.778,1.102,2.353,-1.425
-0.004,1.061,3.63,1.061,1.826,-1.804
0.652,1.07,2.491,0.848,1.636,-0.855
0.226,1.012,3.356,0.986,2.396,-0.96
0.135,1.119,2.955,1.111,2.016,-0.939
0.678,1.173,2.892,0.957,2.163,-0.728
0.158,0.778,2.406,0.762,1.446,-0.96
0.553,1.158,3.145,1.017,2.206,-0.939
0.161,1.0,3.06,0.987,1.762,-1.298
0.224,0.818,2.047,0.787,1.214,-0.834
-0.023,0.846,2.512,0.845,1.551,-0.96
-0.027,0.526,1.731,0.525,0.813,-0.918
-0.253,1.14,3.356,1.112,2.058,-1.298
0.452,0.919,2.427,0.8,1.594,-0.834
0.27,0.901,3.018,0.859,1.573,-1.446
0.218,0.711,1.921,0.677,1.024,-0.897
0.023,0.768,2.322,0.768,1.193,-1.129
0.061,0.736,2.237,0.734,0.96,-1.277
-0.099,0.822,2.216,0.816,0.918,-1.298
-0.122,0.861,2.554,0.852,1.361,-1.192
-0.54,0.761,1.625,0.536,0.496,-1.129
-0.234,1.034,3.335,1.008,0.644,-2.691
-0.454,0.841,2.301,0.708,1.003,-1.298
-0.287,1.056,3.06,1.016,0.792,-2.269
-0.316,0.848,2.301,0.786,0.707,-1.593
0.015,0.752,2.659,0.752,1.193,-1.467
-0.127,0.702,1.836,0.691,0.707,-1.129
-0.131,0.593,1.836,0.578,0.707,-1.129
-0.468,0.912,1.857,0.782,0.538,-1.319
0.281,0.823,2.364,0.774,1.467,-0.897
0.017,1.022,2.87,1.022,1.594,-1.277
-0.181,0.767,2.216,0.745,1.256,-0.96
-0.082,0.85,2.385,0.846,1.024,-1.361
-0.382,0.977,2.744,0.899,0.897,-1.847
0.076,0.645,1.794,0.64,0.939,-0.855
-0.43,1.257,3.905,1.181,0.96,-2.944
0.139,0.66,1.942,0.645,0.813,-1.129
0.013,0.838,2.596,0.837,0.939,-1.657
0.253,1.408,4.981,1.385,2.797,-2.184
0.104,1.23,4.095,1.225,2.607,-1.488
0.042,1.472,4.96,1.472,2.818,-2.142
-0.357,0.875,2.237,0.799,0.475,-1.762
-0.12,0.736,1.963,0.726,1.024,-0.939
0.116,1.049,3.778,1.043,2.016,-1.762
-0.295,0.916,2.913,0.867,0.96,-1.952
-0.23,0.641,1.625,0.598,0.581,-1.045
-0.39,0.712,2.364,0.596,0.644,-1.72
-0.074,0.992,2.934,0.99,1.193,-1.741
0.494,1.27,3.44,1.169,2.48,-0.96
-0.582,0.95,2.279,0.751,0.644,-1.636
-0.08,1.136,3.483,1.133,1.847,-1.636
-0.464,0.921,2.596,0.796,0.391,-2.205
-0.226,1.001,3.483,0.976,1.488,-1.994
0.032,1.325,4.306,1.324,2.438,-1.868
-0.065,0.638,2.343,0.635,0.792,-1.551
0.473,1.377,3.862,1.293,2.185,-1.678
-0.285,0.561,1.435,0.483,0.559,-0.876
-0.54,1.0,2.448,0.842,0.686,-1.762
-0.127,0.643,2.216,0.63,0.749,-1.467
-0.306,0.537,1.477,0.441,0.327,-1.15
-0.401,1.171,4.496,1.1,2.501,-1.994
-0.604,0.909,1.9,0.679,-0.032,-1.931
-0.937,1.246,2.343,0.822,0.433,-1.91
-0.669,1.336,3.081,1.157,1.045,-2.037
-0.958,1.256,2.849,0.812,0.348,-2.501
-0.606,1.448,4.77,1.315,2.607,-2.163
-0.859,1.156,2.322,0.774,0.095,-2.227
-0.038,0.852,3.377,0.851,2.396,-0.981
0.032,0.631,2.554,0.63,1.699,-0.855
-0.354,0.603,1.773,0.488,-0.01,-1.783
-0.196,0.253,0.443,0.159,0.011,-0.433
-0.253,0.907,3.25,0.871,2.121,-1.129
-0.112,0.794,2.87,0.786,2.206,-0.665
-0.534,1.335,3.694,1.223,1.699,-1.994
-0.295,0.416,1.119,0.292,0.074,-1.045
-0.382,0.44,0.781,0.219,0.032,-0.749
0.435,1.059,2.849,0.966,2.353,-0.496
0.042,0.696,2.512,0.695,1.826,-0.686
-0.395,0.567,1.477,0.408,0.095,-1.382
0.0,0.787,2.765,0.787,2.185,-0.58
-0.268,0.389,0.95,0.282,0.18,-0.77
-0.376,0.51,1.351,0.345,0.158,-1.192
-0.213,0.444,1.076,0.39,0.348,-0.728
-0.184,0.473,1.477,0.436,0.454,-1.024
-0.312,0.416,0.95,0.275,0.369,-0.58
-0.268,0.411,1.098,0.311,0.327,-0.77
-0.177,0.528,1.942,0.497,0.369,-1.572
-0.321,0.721,2.237,0.646,0.306,-1.931
-0.127,0.32,0.844,0.294,0.264,-0.58
-0.378,0.679,1.562,0.565,0.348,-1.213
-0.54,0.837,2.258,0.64,0.348,-1.91
-0.272,0.406,0.971,0.302,0.264,-0.707
-0.238,0.814,2.427,0.778,0.559,-1.868
-0.264,0.59,1.857,0.528,0.327,-1.53
-0.606,0.978,2.005,0.768,0.201,-1.804
-0.158,0.514,1.71,0.49,0.517,-1.192
-0.135,0.712,2.026,0.699,0.538,-1.488
-0.249,0.745,2.427,0.702,0.18,-2.248
-0.536,0.949,2.279,0.783,0.391,-1.889
-0.618,0.924,1.836,0.686,0.306,-1.53
-0.494,0.896,2.237,0.747,0.644,-1.593
-0.2,0.318,0.76,0.247,0.243,-0.517
-0.578,0.8,1.942,0.553,-0.179,-2.121
-0.141,0.783,3.271,0.77,1.488,-1.783
-0.357,0.501,1.372,0.351,0.222,-1.15
-0.114,0.573,2.111,0.562,0.475,-1.636
-0.11,0.323,1.224,0.304,0.538,-0.686
-0.245,0.35,0.823,0.25,0.137,-0.686
-0.559,0.861,1.857,0.655,0.074,-1.783
-0.342,0.403,0.675,0.213,0.032,-0.644
-0.143,0.414,1.287,0.389,0.327,-0.96
-0.692,1.02,1.942,0.75,0.074,-1.868
-0.122,1.013,3.546,1.006,1.573,-1.973
-0.021,0.767,2.87,0.767,2.206,-0.665
0.028,0.145,0.528,0.142,0.306,-0.221
-0.124,0.229,0.675,0.193,0.285,-0.39
-0.677,0.969,2.068,0.693,0.201,-1.868
-0.063,0.358,1.287,0.352,0.517,-0.77
-0.12,0.306,0.865,0.281,0.412,-0.454
-0.289,0.635,1.9,0.566,0.454,-1.446
-0.585,0.897,1.71,0.68,0.074,-1.636
-0.285,0.411,1.055,0.296,0.369,-0.686
-0.939,1.197,1.857,0.743,-0.285,-2.142
-0.359,0.466,1.055,0.297,0.074,-0.981
-0.276,0.921,3.82,0.879,1.931,-1.889
-0.479,0.727,2.153,0.547,0.158,-1.994
-0.283,0.442,1.119,0.339,0.18,-0.939
-0.143,0.507,1.836,0.486,0.369,-1.467
0.044,0.184,0.528,0.179,0.285,-0.243
-0.129,0.322,0.886,0.295,0.285,-0.601
-0.264,1.106,4.137,1.074,2.543,-1.593
-0.424,0.763,2.005,0.635,0.391,-1.614
-0.27,0.442,1.14,0.35,0.137,-1.002
-0.16,0.706,2.533,0.688,1.805,-0.728
-0.224,0.316,0.823,0.223,0.327,-0.496
-0.378,0.632,1.435,0.507,0.116,-1.319
-0.509,0.799,2.153,0.616,0.137,-2.016
-0.034,1.088,4.538,1.088,2.902,-1.636
-0.249,1.139,3.672,1.111,1.995,-1.678
-0.243,0.415,1.245,0.336,0.116,-1.129
-0.407,0.781,1.815,0.666,0.391,-1.425
0.135,0.765,2.723,0.753,2.29,-0.433
-0.354,0.586,1.351,0.467,0.116,-1.235
-0.547,0.939,2.617,0.764,0.559,-2.058
-0.321,0.69,2.068,0.611,0.285,-1.783
-0.357,1.054,3.25,0.992,1.784,-1.467
0.475,1.404,4.095,1.321,2.649,-1.446
-0.293,1.325,4.221,1.292,2.628,-1.593
-0.561,1.299,3.356,1.172,1.34,-2.016
-0.162,1.392,4.58,1.383,2.332,-2.248
-0.238,0.895,3.715,0.863,1.931,-1.783
-0.036,1.059,4.242,1.059,2.48,-1.762
-0.452,0.834,2.111,0.702,0.433,-1.678
-0.044,0.832,3.271,0.831,1.889,-1.382
0.239,1.333,4.517,1.311,2.86,-1.657
-0.823,0.974,1.456,0.521,-0.032,-1.488
-0.454,1.157,2.765,1.064,0.918,-1.847
0.857,1.961,4.622,1.764,3.029,-1.593
-0.439,1.263,4.327,1.184,2.311,-2.016
0.104,1.358,4.876,1.354,2.67,-2.205
-0.665,0.916,1.773,0.631,0.053,-1.72
-0.067,1.025,3.694,1.023,2.944,-0.749
-0.494,1.301,4.474,1.204,2.543,-1.931
0.228,0.992,3.525,0.965,2.966,-0.559
-0.255,0.628,2.279,0.574,0.475,-1.804
-0.116,0.924,3.44,0.917,2.522,-0.918
0.072,1.028,3.229,1.025,1.762,-1.467
0.154,0.844,3.039,0.83,2.396,-0.644
0.006,0.685,2.554,0.685,1.931,-0.623
0.129,0.699,2.491,0.687,1.805,-0.686
0.099,1.091,3.504,1.087,2.185,-1.319
0.882,1.689,3.651,1.441,3.008,-0.644
-0.253,0.374,0.802,0.275,0.264,-0.538
-0.46,0.787,2.09,0.639,0.433,-1.657
-0.304,0.439,1.055,0.316,0.18,-0.876
0.264,0.947,3.44,0.91,2.86,-0.58
0.245,0.524,1.541,0.463,1.172,-0.369
0.078,0.222,0.823,0.208,0.559,-0.264
0.211,0.874,3.039,0.848,2.543,-0.496
-0.238,1.192,4.031,1.168,2.522,-1.509
0.04,0.991,3.989,0.99,2.501,-1.488
0.135,0.968,3.799,0.959,2.776,-1.024
-0.095,1.549,4.622,1.546,2.712,-1.91
-0.137,0.282,0.718,0.247,0.158,-0.559
0.272,0.925,3.293,0.884,2.29,-1.002
-0.308,0.724,1.71,0.655,0.201,-1.509
0.226,0.882,3.588,0.852,2.227,-1.361
-0.051,0.766,2.132,0.764,0.644,-1.488
0.241,1.382,4.496,1.36,2.438,-2.058
-1.051,1.284,2.512,0.738,0.581,-1.931
0.431,1.706,4.601,1.651,2.902,-1.699
-0.137,0.714,2.005,0.701,0.77,-1.235
1.049,1.962,4.348,1.658,3.134,-1.213
1.311,1.92,4.179,1.403,3.008,-1.171
-0.186,0.847,2.174,0.826,0.834,-1.34
0.935,1.68,4.116,1.395,3.092,-1.024
1.598,1.889,2.976,1.007,3.155,0.18
0.692,1.413,3.778,1.231,2.48,-1.298
0.361,1.286,3.504,1.234,2.29,-1.213
0.583,0.945,2.744,0.744,2.396,-0.348
0.76,1.079,2.68,0.765,2.016,-0.665
0.232,1.221,3.483,1.199,2.522,-0.96
0.002,0.87,2.575,0.87,1.298,-1.277
0.564,1.061,2.997,0.899,2.206,-0.791
0.0,0.727,1.942,0.727,0.559,-1.382
0.46,0.887,2.343,0.758,1.383,-0.96
0.956,1.241,2.406,0.792,2.417,0.011
1.212,1.766,3.926,1.284,2.923,-1.002
0.665,1.038,3.25,0.797,1.931,-1.319
0.72,1.122,3.757,0.86,2.754,-1.002
0.296,1.274,4.095,1.24,2.712,-1.382
1.001,1.494,3.208,1.11,2.48,-0.728
0.173,0.791,2.364,0.772,1.087,-1.277
0.654,1.215,3.651,1.024,2.691,-0.96
1.007,1.57,3.736,1.205,2.944,-0.791
0.066,1.196,3.588,1.194,2.311,-1.277
-0.251,1.074,3.124,1.044,1.931,-1.192
0.553,1.458,3.546,1.349,2.269,-1.277
0.036,1.059,3.926,1.059,2.881,-1.045
0.591,1.388,3.672,1.255,2.353,-1.319
0.775,1.263,3.293,0.997,2.438,-0.855
0.642,1.135,3.736,0.936,2.776,-0.96
1.102,1.411,2.237,0.882,2.375,0.137
1.271,1.85,3.609,1.345,2.459,-1.15
0.547,1.318,3.504,1.199,2.332,-1.171
0.576,1.518,3.736,1.404,2.776,-0.96
-0.099,0.777,2.554,0.771,1.446,-1.108
-0.154,1.099,3.841,1.089,2.269,-1.572
0.602,1.265,3.82,1.113,2.522,-1.298
0.002,0.982,3.398,0.982,2.121,-1.277
0.452,1.229,3.546,1.143,2.121,-1.425
0.412,1.586,4.517,1.532,3.198,-1.319
0.184,0.864,2.554,0.844,1.361,-1.192
0.353,0.945,3.145,0.877,2.1,-1.045
0.171,1.069,3.271,1.055,2.1,-1.171
0.239,1.138,3.862,1.112,2.565,-1.298
0.243,1.013,3.145,0.984,1.889,-1.256
0.338,0.636,1.667,0.538,1.256,-0.411
0.838,1.241,2.301,0.915,2.269,-0.032
0.933,1.125,1.942,0.628,2.121,0.18
0.473,1.434,3.715,1.354,2.797,-0.918
1.328,1.614,3.145,0.918,2.522,-0.623
0.12,1.205,3.483,1.199,1.995,-1.488
0.701,1.11,3.356,0.861,2.649,-0.707
0.492,1.253,3.947,1.152,3.177,-0.77
0.247,1.113,3.926,1.086,2.607,-1.319
0.673,1.281,3.377,1.089,2.227,-1.15
0.232,0.792,2.617,0.758,1.214,-1.403
1.081,1.418,2.997,0.918,2.459,-0.538
0.625,0.805,1.541,0.508,1.298,-0.243
1.024,1.525,3.778,1.13,2.649,-1.129
0.458,1.129,3.145,1.032,2.206,-0.939
0.941,1.48,4.39,1.142,2.839,-1.551
1.302,1.535,2.68,0.813,2.67,-0.01
1.294,1.841,4.517,1.309,3.324,-1.192
0.88,1.337,3.567,1.006,2.67,-0.897
1.412,1.631,2.491,0.816,2.944,0.454
0.92,1.557,4.2,1.256,3.198,-1.002
0.743,1.136,3.166,0.859,2.29,-0.876
0.291,1.104,3.06,1.065,2.079,-0.981
-0.015,0.844,2.364,0.843,1.235,-1.129
0.967,1.573,2.849,1.241,2.438,-0.411
0.842,1.353,2.68,1.059,2.29,-0.39
0.099,1.323,3.884,1.319,2.501,-1.382
0.76,1.229,3.525,0.966,2.67,-0.855
1.389,1.671,3.588,0.93,2.902,-0.686
0.804,1.207,2.617,0.9,2.29,-0.327
0.386,1.278,3.419,1.218,2.459,-0.96
0.842,1.553,4.39,1.305,2.396,-1.994
0.741,1.271,3.905,1.033,2.902,-1.002
0.872,1.509,3.356,1.232,2.586,-0.77
1.484,2.233,4.327,1.669,2.902,-1.425
0.914,1.228,2.617,0.82,2.311,-0.306
0.8,1.094,2.87,0.747,2.206,-0.665
0.733,1.048,2.09,0.75,1.657,-0.433
1.49,1.916,4.116,1.205,3.451,-0.665
0.289,1.139,4.411,1.102,2.754,-1.657
0.669,1.157,3.588,0.944,2.565,-1.024
0.827,1.154,2.174,0.804,1.594,-0.58
0.678,1.035,2.343,0.782,1.889,-0.454
0.534,1.007,3.081,0.854,2.607,-0.475
1.104,1.502,3.461,1.018,2.565,-0.897
0.321,0.887,2.301,0.827,1.678,-0.623
1.541,1.835,3.293,0.996,2.881,-0.411
0.977,1.361,3.398,0.947,3.029,-0.369
0.832,1.485,3.314,1.23,2.607,-0.707
0.6,1.093,3.081,0.914,2.417,-0.665
1.326,1.77,3.567,1.172,3.24,-0.327
0.855,1.219,2.385,0.869,2.269,-0.116
1.174,1.609,3.377,1.101,2.966,-0.411
0.583,1.325,4.411,1.189,3.367,-1.045
1.142,1.693,3.483,1.25,3.24,-0.243
0.872,1.224,3.103,0.859,2.48,-0.623
0.787,1.337,3.208,1.08,2.058,-1.15
0.95,1.388,3.103,1.012,2.396,-0.707
0.705,1.241,3.841,1.021,2.987,-0.855
0.488,0.856,2.279,0.703,1.425,-0.855
0.671,1.28,3.63,1.09,2.839,-0.791
1.013,1.392,3.398,0.954,2.586,-0.812
1.404,1.858,3.187,1.217,2.628,-0.559
0.538,1.391,3.884,1.283,2.67,-1.213
0.454,1.274,3.947,1.191,2.185,-1.762
1.321,1.58,2.997,0.866,2.797,-0.2
0.893,1.387,3.187,1.061,2.417,-0.77
0.258,0.879,3.166,0.841,1.34,-1.826
0.802,1.282,3.314,1.0,2.269,-1.045
1.165,1.296,1.878,0.566,2.29,0.412
1.155,1.583,4.158,1.083,2.29,-1.868
0.196,1.38,4.496,1.366,2.565,-1.931
0.887,1.328,3.419,0.989,2.501,-0.918
0.258,1.266,4.939,1.239,3.008,-1.931
0.302,1.27,3.736,1.233,1.995,-1.741
0.711,1.047,1.942,0.768,1.762,-0.179
1.081,1.307,2.448,0.735,2.543,0.095
0.897,1.341,2.659,0.996,2.417,-0.243
0.908,1.566,4.58,1.276,2.48,-2.1
0.838,1.037,1.773,0.611,1.826,0.053
0.785,1.154,2.132,0.845,1.762,-0.369
0.935,1.196,1.963,0.746,1.889,-0.074
1.342,1.439,1.773,0.517,1.889,0.116
1.197,1.453,2.638,0.824,2.628,-0.01
1.21,1.51,2.723,0.904,2.1,-0.623
1.205,1.272,1.435,0.408,1.974,0.538
0.635,0.933,2.111,0.683,2.121,0.011
0.754,0.963,1.752,0.599,1.868,0.116
1.292,1.458,2.279,0.676,2.311,0.032
1.444,1.49,1.33,0.367,1.952,0.623
0.559,0.999,2.258,0.828,1.995,-0.264
1.07,1.32,2.111,0.772,1.762,-0.348
0.583,0.986,3.229,0.795,1.741,-1.488
0.792,1.165,2.279,0.855,1.657,-0.623
0.507,0.947,2.406,0.8,1.931,-0.475
0.874,1.391,3.588,1.082,2.902,-0.686
0.581,0.91,1.963,0.701,1.805,-0.158
0.532,0.762,1.562,0.545,1.551,-0.01
0.494,0.771,1.794,0.592,1.551,-0.243
1.129,1.568,3.63,1.088,3.092,-0.538
0.469,0.923,2.237,0.795,1.889,-0.348
0.773,1.369,3.018,1.13,1.952,-1.066
0.804,1.102,2.279,0.753,1.826,-0.454
0.69,1.148,2.575,0.918,1.868,-0.707
0.562,1.113,2.955,0.96,2.353,-0.601
1.452,1.885,3.841,1.202,3.662,-0.179
0.895,1.207,2.554,0.809,2.311,-0.243
0.872,1.294,2.723,0.957,2.543,-0.179
1.199,1.41,2.512,0.743,1.91,-0.601
0.857,1.21,2.469,0.854,1.678,-0.791
0.96,1.319,2.554,0.904,1.868,-0.686
0.749,1.072,2.132,0.767,1.699,-0.433
1.205,1.54,2.512,0.958,2.016,-0.496
0.83,1.2,2.533,0.867,1.995,-0.538
1.174,1.25,1.477,0.432,1.826,0.348
0.741,1.207,2.659,0.952,2.396,-0.264
0.92,1.261,2.364,0.862,1.974,-0.39
1.191,1.348,2.343,0.632,2.016,-0.327
0.754,1.359,3.63,1.13,2.881,-0.749
0.73,1.023,2.005,0.717,2.058,0.053
0.819,0.989,1.857,0.554,1.53,-0.327
0.608,0.764,1.372,0.462,1.214,-0.158
0.893,1.456,3.947,1.15,3.134,-0.812
0.549,0.986,2.09,0.819,1.805,-0.285
0.851,1.238,2.491,0.9,1.974,-0.517
0.528,0.942,2.258,0.78,1.741,-0.517
1.036,1.325,2.617,0.825,1.91,-0.707
0.758,1.249,2.828,0.992,2.248,-0.58
0.743,1.07,1.857,0.77,1.741,-0.116
1.38,1.545,2.469,0.695,2.396,-0.074
0.657,0.948,1.963,0.684,1.657,-0.306
1.589,1.626,1.224,0.343,1.826,0.602
1.319,1.618,3.356,0.937,3.24,-0.116
1.205,1.302,1.604,0.494,1.931,0.327
1.013,1.142,1.878,0.528,1.657,-0.221
1.06,1.198,1.71,0.56,1.868,0.158
0.889,1.126,2.216,0.692,2.079,-0.137
0.808,1.138,2.237,0.802,1.889,-0.348
0.621,1.22,3.841,1.05,1.805,-2.037
0.863,1.53,3.905,1.263,2.248,-1.657
1.212,1.369,2.279,0.637,1.952,-0.327
1.047,1.271,2.237,0.721,2.48,0.243
0.958,1.178,1.9,0.685,1.952,0.053
0.884,1.122,1.9,0.691,1.72,-0.179
0.929,1.205,2.195,0.768,1.889,-0.306
1.393,1.461,1.435,0.44,1.805,0.369
0.477,1.14,3.124,1.035,1.91,-1.213
1.112,1.322,1.984,0.714,1.995,0.011
0.754,1.156,2.111,0.876,1.847,-0.264
1.49,1.548,1.562,0.418,2.332,0.77
1.001,1.053,0.95,0.328,1.34,0.391
0.397,0.891,2.279,0.798,1.425,-0.855
0.167,0.961,2.849,0.947,1.762,-1.087
0.984,1.066,1.203,0.411,1.784,0.581
1.085,1.136,1.034,0.335,1.446,0.412
1.108,1.157,1.013,0.334,1.404,0.391
0.897,0.968,1.435,0.363,1.615,0.18
0.804,1.0,1.878,0.594,1.889,0.011
0.815,1.092,2.174,0.728,1.931,-0.243
1.199,1.435,2.976,0.788,2.079,-0.897
1.328,1.384,1.098,0.391,1.784,0.686
1.233,1.353,2.132,0.558,1.826,-0.306
0.903,1.075,1.815,0.583,1.741,-0.074
1.106,1.276,2.448,0.637,1.952,-0.496
0.952,1.206,2.026,0.74,1.615,-0.411
0.849,1.143,2.554,0.765,1.931,-0.623
0.859,1.145,2.322,0.758,1.636,-0.686
1.138,1.216,1.667,0.431,2.079,0.412
0.745,1.125,2.491,0.843,2.185,-0.306
1.25,1.314,1.203,0.406,1.91,0.707
1.068,1.282,2.406,0.709,2.037,-0.369
0.946,1.173,2.047,0.695,2.037,-0.01
1.112,1.315,2.364,0.7,2.311,-0.053
1.157,1.297,1.773,0.587,1.952,0.18
0.549,0.94,2.195,0.763,1.699,-0.496
0.604,1.261,3.461,1.107,2.1,-1.361
1.096,1.292,2.427,0.686,1.952,-0.475
1.167,1.285,1.984,0.538,1.847,-0.137
1.127,1.334,2.786,0.714,2.438,-0.348
0.806,1.021,2.322,0.627,1.446,-0.876
0.808,0.932,1.52,0.464,1.425,-0.095
0.855,1.107,2.617,0.703,1.847,-0.77
1.14,1.243,1.414,0.496,1.741,0.327
1.136,1.334,2.068,0.699,1.741,-0.327
0.971,1.211,2.153,0.723,1.931,-0.221
0.83,1.051,1.794,0.644,1.889,0.095
0.967,1.178,2.427,0.673,1.889,-0.538
1.201,1.251,1.034,0.35,1.573,0.538
1.241,1.338,1.667,0.5,1.53,-0.137
1.064,1.318,2.533,0.778,2.185,-0.348
1.041,1.296,2.322,0.773,1.974,-0.348
0.707,1.006,2.132,0.716,1.636,-0.496
1.026,1.196,1.984,0.615,1.805,-0.179
1.25,1.376,2.174,0.575,1.931,-0.243
0.973,1.212,2.322,0.722,2.142,-0.179
0.555,1.235,3.419,1.103,2.353,-1.066
1.017,1.306,2.744,0.818,2.185,-0.559
0.96,1.131,2.111,0.597,2.037,-0.074
0.49,0.743,1.794,0.559,1.678,-0.116
0.623,1.109,2.491,0.918,2.29,-0.2
0.22,0.722,2.469,0.688,1.678,-0.791
0.882,1.269,2.702,0.912,1.847,-0.855
0.583,0.785,1.625,0.526,1.551,-0.074
0.545,1.052,2.617,0.9,1.509,-1.108
0.6,0.962,2.026,0.752,1.615,-0.411
0.787,1.227,2.554,0.941,1.974,-0.58
0.549,1.452,4.601,1.344,2.29,-2.311
0.602,1.452,4.369,1.322,1.952,-2.417
0.585,1.7,5.889,1.596,3.134,-2.754
0.842,1.246,2.575,0.918,1.995,-0.58
1.142,1.278,1.773,0.573,1.72,-0.053
1.347,1.507,2.195,0.676,2.269,0.074
0.686,1.111,2.554,0.874,1.784,-0.77
0.684,1.18,2.744,0.962,1.91,-0.834
0.279,1.061,3.483,1.024,1.446,-2.037
0.992,1.16,1.921,0.601,1.889,-0.032
0.22,0.684,1.752,0.648,1.066,-0.686
0.827,0.96,1.562,0.486,1.319,-0.243
1.155,1.221,1.393,0.397,1.636,0.243
0.574,0.972,2.617,0.784,1.404,-1.213
0.711,1.354,3.841,1.152,1.594,-2.248
0.192,1.123,3.884,1.106,1.361,-2.522
0.768,1.118,2.469,0.813,1.551,-0.918
0.657,1.147,2.87,0.94,1.784,-1.087
0.808,0.932,1.456,0.463,1.361,-0.095
0.937,1.337,3.187,0.953,2.121,-1.066
0.948,1.173,1.984,0.691,1.699,-0.285
1.06,1.222,1.878,0.609,1.741,-0.137
0.819,1.002,1.878,0.578,1.361,-0.517
0.435,1.103,3.356,1.014,2.163,-1.192
0.644,1.041,2.659,0.818,1.615,-1.045
0.239,1.207,3.778,1.184,1.636,-2.142
0.218,1.502,4.221,1.486,1.826,-2.395
0.416,1.015,2.554,0.926,1.594,-0.96
0.521,0.704,1.562,0.473,1.467,-0.095
0.576,0.979,2.343,0.792,1.615,-0.728
0.325,0.952,2.406,0.895,1.383,-1.024
0.441,0.902,2.174,0.786,1.193,-0.981
0.654,0.947,2.301,0.684,1.952,-0.348
0.175,0.948,2.976,0.932,1.573,-1.403
0.232,1.025,3.609,0.998,0.96,-2.649
0.296,0.806,2.09,0.749,1.214,-0.876
0.868,1.155,2.301,0.762,1.573,-0.728
0.445,0.836,2.005,0.708,1.361,-0.644
-0.597,0.889,2.216,0.659,-0.137,-2.353
-0.359,1.159,3.947,1.102,1.551,-2.395
0.545,0.836,2.258,0.634,1.488,-0.77
0.431,0.962,2.997,0.86,1.826,-1.171
0.844,1.319,2.892,1.013,2.417,-0.475
-0.245,1.522,4.897,1.502,2.649,-2.248
-0.192,0.798,2.807,0.775,1.573,-1.235
-0.998,1.452,3.504,1.054,1.087,-2.417
0.925,1.626,4.622,1.337,2.353,-2.269
0.709,1.417,4.474,1.227,2.185,-2.29
0.568,1.278,3.271,1.145,2.48,-0.791
-0.447,1.292,3.862,1.212,1.383,-2.48
0.374,0.941,3.166,0.863,1.931,-1.235
-0.103,0.847,2.554,0.841,1.594,-0.96
-0.23,1.132,3.715,1.109,2.248,-1.467
0.918,1.31,3.271,0.934,2.248,-1.024
0.201,1.138,3.651,1.121,2.438,-1.213
0.422,1.031,2.849,0.94,1.784,-1.066
1.1,1.347,2.174,0.778,1.931,-0.243
0.559,0.933,1.836,0.747,1.551,-0.285
-0.574,1.424,4.137,1.304,1.615,-2.522
0.433,1.502,4.137,1.438,1.699,-2.438
0.192,0.822,2.765,0.799,1.784,-0.981
-0.082,1.022,3.06,1.019,2.016,-1.045
0.515,1.102,2.448,0.974,1.636,-0.812
-0.023,1.13,3.947,1.13,1.298,-2.649
0.275,1.156,3.884,1.123,1.678,-2.205
0.728,1.064,2.153,0.775,1.741,-0.411
0.327,0.69,1.71,0.608,1.129,-0.58
0.673,1.35,4.242,1.17,1.995,-2.248
0.426,0.885,2.448,0.775,1.319,-1.129
-0.276,0.84,2.132,0.793,0.665,-1.467
0.431,0.959,2.934,0.857,1.636,-1.298
-0.021,1.213,3.018,1.213,1.509,-1.509
0.256,0.934,2.849,0.899,1.615,-1.235
0.334,0.588,1.541,0.484,0.792,-0.749
0.044,0.836,2.533,0.835,1.087,-1.446
0.006,1.314,3.567,1.314,1.235,-2.332
0.41,0.819,2.09,0.709,1.172,-0.918
-0.017,0.9,2.659,0.9,1.446,-1.213
0.285,0.821,2.406,0.77,1.235,-1.171
0.268,0.762,2.005,0.713,1.34,-0.665
0.184,0.869,2.406,0.85,1.467,-0.939
0.053,1.28,4.137,1.279,1.53,-2.606
0.456,1.235,4.116,1.147,1.868,-2.248
-0.202,1.055,3.504,1.035,0.834,-2.67
-0.238,1.315,4.474,1.293,1.467,-3.007
0.762,0.919,1.499,0.514,1.277,-0.221
-0.101,0.829,2.385,0.823,1.214,-1.171
0.416,1.076,2.976,0.992,1.636,-1.34
0.028,1.21,4.01,1.21,1.34,-2.67
0.146,0.592,1.878,0.574,1.045,-0.834
0.129,0.575,2.111,0.561,0.855,-1.256
0.572,0.835,1.942,0.608,1.404,-0.538
0.053,1.492,4.559,1.491,1.53,-3.029
0.245,0.991,2.892,0.96,1.087,-1.804
-0.059,0.765,2.343,0.762,1.298,-1.045
0.251,0.807,2.406,0.767,1.15,-1.256
0.325,0.732,2.448,0.656,1.34,-1.108
0.325,0.826,2.87,0.759,1.361,-1.509
-0.057,0.782,2.258,0.78,0.855,-1.403
0.011,1.126,3.504,1.126,1.34,-2.163
0.04,0.876,2.997,0.875,1.129,-1.868
-0.034,1.119,4.052,1.119,0.96,-3.092
0.068,0.923,2.512,0.92,1.172,-1.34
0.321,1.069,3.567,1.02,1.087,-2.48
0.897,0.951,1.076,0.315,1.446,0.369
0.456,0.738,2.343,0.58,1.53,-0.812
0.226,0.859,2.702,0.829,1.172,-1.53
0.169,0.736,2.512,0.716,1.066,-1.446
-0.12,1.108,3.672,1.102,0.855,-2.818
0.418,0.592,1.266,0.419,1.214,-0.053
0.004,0.625,2.301,0.625,0.728,-1.572
-0.568,0.903,1.942,0.702,0.348,-1.593
-0.734,1.223,3.483,0.978,0.496,-2.986
-0.608,0.999,2.512,0.793,0.496,-2.016
-0.392,1.179,3.229,1.111,1.509,-1.72
-0.021,0.842,2.533,0.842,0.665,-1.868
0.382,0.529,1.287,0.366,0.644,-0.644
0.429,0.715,2.068,0.573,0.834,-1.235
-0.032,1.106,3.651,1.106,0.813,-2.839
-0.082,0.837,2.301,0.833,1.214,-1.087
0.095,0.799,2.195,0.793,0.876,-1.319
-0.004,0.831,2.406,0.831,0.939,-1.467
0.006,0.919,2.955,0.918,1.024,-1.931
0.169,0.537,1.667,0.51,0.897,-0.77
-0.342,1.044,3.081,0.987,1.087,-1.994
-0.146,0.741,2.237,0.726,0.834,-1.403
0.023,0.676,2.237,0.675,1.066,-1.171
0.606,0.708,0.992,0.367,1.003,0.011
0.106,0.651,1.583,0.642,0.834,-0.749
-0.179,1.014,3.736,0.998,1.404,-2.332
0.211,0.715,2.279,0.683,1.087,-1.192
0.241,0.827,2.512,0.791,1.129,-1.382
-0.194,0.662,2.322,0.633,0.686,-1.636
-0.133,0.636,2.343,0.622,1.129,-1.213
-0.034,1.062,3.63,1.062,1.045,-2.585
-0.561,1.199,3.757,1.06,1.129,-2.628
-0.344,0.898,2.258,0.83,0.897,-1.361
-0.093,1.207,3.377,1.203,0.96,-2.417
0.106,0.988,3.651,0.982,1.509,-2.142
-1.007,1.508,2.892,1.123,0.369,-2.522
-0.089,0.729,2.195,0.724,1.024,-1.171
0.169,0.647,1.878,0.624,0.813,-1.066
-0.359,0.943,2.807,0.872,1.108,-1.699
-0.31,0.944,2.786,0.892,0.728,-2.058
-0.257,0.854,2.976,0.815,1.066,-1.91
-0.572,0.847,1.815,0.625,0.264,-1.551
0.074,0.349,0.992,0.341,0.644,-0.348
-0.048,0.233,0.802,0.227,0.116,-0.686
0.078,0.473,1.14,0.466,0.644,-0.496
-0.312,0.74,2.469,0.67,0.855,-1.614
-0.549,1.021,2.448,0.861,0.475,-1.973
0.021,0.405,1.203,0.404,0.686,-0.517
-0.133,0.519,1.688,0.501,1.087,-0.601
-0.169,0.562,1.667,0.536,0.496,-1.171
-0.179,0.401,1.287,0.359,0.644,-0.644
-0.255,0.688,2.153,0.638,0.559,-1.593
-0.27,0.351,0.612,0.225,-0.032,-0.644
-0.38,0.755,2.301,0.652,0.623,-1.678
-0.679,1.199,3.293,0.988,0.496,-2.796
-0.49,0.608,1.309,0.36,-0.074,-1.382
-0.24,0.411,1.076,0.333,0.391,-0.686
-0.405,0.691,2.068,0.559,0.222,-1.847
-0.553,0.742,1.773,0.495,-0.074,-1.847
-0.433,0.683,1.984,0.529,0.137,-1.847
-0.521,0.635,1.435,0.362,0.053,-1.382
-0.245,0.369,1.161,0.276,0.222,-0.939
-0.186,0.425,1.161,0.382,0.285,-0.876
-0.065,0.577,1.878,0.574,0.686,-1.192
-0.198,0.319,0.971,0.25,0.243,-0.728
-0.319,0.643,2.005,0.559,0.686,-1.319
-0.226,0.765,2.87,0.731,1.488,-1.382
-0.036,0.626,2.469,0.625,1.404,-1.066
-0.536,0.64,1.351,0.35,0.158,-1.192
-0.236,0.743,2.87,0.704,0.897,-1.973
-0.3,0.552,1.625,0.463,0.095,-1.53
-0.289,0.396,0.908,0.27,0.074,-0.834
-0.24,0.345,0.95,0.248,0.285,-0.665
-0.048,0.361,1.161,0.357,0.644,-0.517
0.036,0.631,1.815,0.63,0.897,-0.918
-0.103,0.307,0.992,0.289,0.243,-0.749
-0.122,0.505,1.773,0.49,0.581,-1.192
-0.042,0.512,1.541,0.511,0.728,-0.812
-0.129,0.245,0.76,0.209,0.306,-0.454
0.017,0.215,0.654,0.214,0.327,-0.327
0.019,0.164,0.464,0.163,0.264,-0.2
-0.177,0.516,1.688,0.484,0.517,-1.171
-0.348,0.655,1.963,0.555,0.306,-1.657
-0.032,0.289,1.034,0.288,0.327,-0.707
-0.196,0.726,2.512,0.699,0.306,-2.205
-0.409,0.795,2.533,0.682,0.158,-2.374
-0.228,0.617,2.111,0.574,0.581,-1.53
-0.373,0.673,1.52,0.559,0.412,-1.108
-0.091,0.421,1.14,0.411,0.433,-0.707
-0.129,0.59,1.984,0.576,0.792,-1.192
0.169,0.26,0.802,0.197,0.496,-0.306
-0.371,0.742,1.857,0.643,0.222,-1.636
0.017,0.632,2.343,0.631,0.918,-1.425
-0.295,0.554,1.815,0.468,0.264,-1.551
0.055,0.337,1.287,0.333,0.581,-0.707
-0.116,0.367,0.992,0.348,0.391,-0.601
-0.118,0.44,1.414,0.423,0.538,-0.876
-0.504,0.795,1.646,0.615,0.201,-1.446
0.019,0.372,1.098,0.372,0.538,-0.559
-0.01,0.315,1.034,0.315,0.412,-0.623
-0.16,0.55,1.71,0.526,0.517,-1.192
-0.257,0.672,2.068,0.62,0.496,-1.572
-0.369,0.78,2.343,0.687,0.813,-1.53
-0.2,0.54,1.963,0.502,0.433,-1.53
-0.266,0.445,1.119,0.357,0.137,-0.981
0.038,0.21,0.675,0.206,0.475,-0.2
-0.346,0.581,1.541,0.466,0.095,-1.446
0.131,0.389,1.098,0.366,0.665,-0.433
-0.243,0.695,2.068,0.651,0.369,-1.699
-0.692,0.997,2.258,0.718,0.581,-1.678
-0.259,0.488,1.541,0.413,0.264,-1.277
-0.032,0.325,1.055,0.323,0.285,-0.77
0.049,0.76,2.385,0.759,0.834,-1.551
-0.285,0.697,1.688,0.636,0.348,-1.34
0.099,0.295,0.908,0.277,0.665,-0.243
-0.525,1.097,3.483,0.963,0.116,-3.366
-0.148,0.463,1.393,0.439,0.517,-0.876
-0.023,0.47,1.752,0.469,1.319,-0.433
-0.639,0.992,1.942,0.758,0.243,-1.699
-0.354,1.058,3.398,0.997,0.137,-3.261
-0.285,0.796,2.638,0.743,0.813,-1.826
-0.194,0.345,0.865,0.286,0.306,-0.559
-0.249,0.436,1.372,0.358,0.158,-1.213
-0.093,0.355,1.393,0.343,0.686,-0.707
-0.479,0.724,1.667,0.543,0.201,-1.467
-0.329,0.453,0.95,0.311,0.137,-0.812
-0.179,0.397,1.055,0.354,0.285,-0.77
-0.122,0.293,0.76,0.266,0.243,-0.517
-0.344,0.59,1.815,0.48,0.116,-1.699
0.006,0.393,1.224,0.393,0.813,-0.411
-0.133,0.679,2.427,0.666,0.918,-1.509
-0.091,0.568,1.583,0.561,0.876,-0.707
-0.494,0.818,2.005,0.652,0.454,-1.551
0.087,0.319,0.95,0.307,0.475,-0.475
-0.424,0.552,1.119,0.353,-0.074,-1.192
-0.348,0.406,0.697,0.21,-0.01,-0.707
-0.34,0.614,2.005,0.512,0.327,-1.678
-0.186,0.337,0.992,0.281,0.264,-0.728
-0.409,0.588,1.71,0.422,0.538,-1.171
-0.35,0.835,2.786,0.758,1.298,-1.488
-0.464,0.796,2.237,0.646,0.433,-1.804
-0.536,0.997,2.659,0.841,0.834,-1.826
-0.302,0.649,2.09,0.574,0.264,-1.826
-0.392,0.687,1.815,0.563,0.433,-1.382
-0.059,0.765,3.208,0.762,1.214,-1.994
-0.665,0.954,2.09,0.684,0.348,-1.741
-0.093,0.744,2.786,0.738,0.96,-1.826
-0.747,1.403,3.377,1.188,1.214,-2.163
-0.127,0.885,2.638,0.876,1.172,-1.467
-0.023,0.882,3.06,0.882,1.15,-1.91
-0.247,0.779,2.596,0.739,1.172,-1.425
-0.198,0.816,2.575,0.791,1.172,-1.403
-0.032,0.446,1.562,0.445,0.813,-0.749
0.049,0.667,2.132,0.665,1.024,-1.108
-0.329,1.216,3.44,1.17,1.404,-2.037
-0.276,0.999,2.849,0.96,1.066,-1.783
-0.519,0.877,1.942,0.707,0.391,-1.551
-0.711,1.274,3.145,1.057,0.707,-2.438
-0.342,0.933,2.892,0.869,1.277,-1.614
0.004,1.165,3.588,1.165,1.129,-2.459
-0.625,1.241,3.335,1.072,1.298,-2.037
0.312,0.84,2.533,0.78,1.172,-1.361
-0.15,0.871,2.723,0.858,0.982,-1.741
0.374,0.923,3.018,0.844,1.889,-1.129
-0.034,1.084,3.271,1.084,1.594,-1.678
0.135,1.105,3.504,1.096,1.952,-1.551
-0.089,0.755,2.047,0.75,0.792,-1.256
-0.308,1.089,2.786,1.045,1.129,-1.657
-0.574,1.207,3.208,1.062,1.383,-1.826
-0.555,0.983,3.187,0.812,0.813,-2.374
0.131,0.5,1.499,0.482,0.918,-0.58
0.201,0.862,2.807,0.839,1.488,-1.319
-0.116,0.74,2.132,0.73,0.792,-1.34
-0.475,1.198,2.913,1.1,0.517,-2.395
0.35,0.757,2.469,0.67,1.551,-0.918
0.097,0.97,3.44,0.966,1.657,-1.783
0.27,0.872,3.06,0.829,1.383,-1.678
-0.302,0.88,2.385,0.827,0.939,-1.446
0.114,0.78,2.638,0.771,1.045,-1.593
0.135,1.035,3.018,1.027,1.404,-1.614
0.002,0.847,2.364,0.847,1.108,-1.256
-0.589,1.12,2.892,0.952,0.897,-1.994
-0.952,1.457,3.187,1.103,0.876,-2.311
0.348,0.753,2.385,0.668,1.087,-1.298
-0.859,1.347,2.786,1.037,0.77,-2.016
0.139,0.891,2.237,0.88,1.066,-1.171
-0.73,1.311,3.504,1.089,1.193,-2.311
-0.245,1.01,3.525,0.98,0.939,-2.585
0.093,1.098,3.546,1.094,1.509,-2.037
0.209,1.037,3.862,1.016,1.361,-2.501
0.177,0.862,2.659,0.844,1.003,-1.657
0.182,0.951,2.702,0.933,1.361,-1.34
-0.213,0.77,2.448,0.74,0.96,-1.488
-0.116,0.657,2.469,0.647,0.644,-1.826
0.232,0.486,1.731,0.427,1.129,-0.601
-0.348,1.056,2.976,0.997,1.066,-1.91
0.028,0.767,2.913,0.766,1.003,-1.91
-0.253,0.764,2.427,0.721,0.939,-1.488
-0.857,1.142,1.942,0.755,0.137,-1.804
-0.08,0.409,1.287,0.401,0.77,-0.517
-0.812,1.231,2.659,0.925,0.559,-2.1
-0.321,0.628,1.984,0.54,0.391,-1.593
-0.327,0.826,2.786,0.758,1.003,-1.783
-0.139,0.584,2.068,0.567,0.517,-1.551
0.18,0.889,2.892,0.871,1.298,-1.593
-0.498,0.763,1.667,0.579,0.243,-1.425
-1.131,1.791,4.263,1.389,0.707,-3.556
-0.103,0.684,2.385,0.676,0.538,-1.847
0.251,0.641,1.921,0.59,1.108,-0.812
-0.544,1.172,2.828,1.038,0.686,-2.142
-0.688,1.469,3.081,1.297,1.024,-2.058
-0.895,1.352,2.934,1.014,0.602,-2.332
-0.606,1.139,3.567,0.965,0.792,-2.775
-0.175,0.711,2.111,0.689,0.581,-1.53
-0.46,0.936,2.279,0.815,0.686,-1.593
-0.135,1.08,3.504,1.072,1.045,-2.459
-0.188,1.075,2.723,1.059,1.446,-1.277
-0.688,1.265,2.828,1.062,0.538,-2.29
-0.665,1.378,3.398,1.208,0.855,-2.543
-0.221,0.689,2.09,0.653,0.749,-1.34
-0.226,0.968,2.575,0.941,0.602,-1.973
-0.338,0.746,2.343,0.665,0.96,-1.382
-0.044,0.726,2.533,0.725,1.15,-1.382
-0.907,1.201,2.237,0.787,0.222,-2.016
-0.205,1.081,3.145,1.061,0.96,-2.184
-0.259,0.887,2.575,0.848,0.939,-1.636
-0.278,1.007,3.229,0.968,1.235,-1.994
-0.281,0.89,2.512,0.845,0.792,-1.72
-0.684,1.177,3.293,0.958,0.982,-2.311
-0.57,1.163,2.892,1.014,0.897,-1.994
-0.065,0.98,2.87,0.977,0.918,-1.952
-0.344,0.866,2.913,0.795,0.96,-1.952
-0.234,0.526,1.562,0.471,0.517,-1.045
-0.055,0.39,1.541,0.386,0.96,-0.58
-0.671,1.0,2.406,0.742,1.066,-1.34
-0.939,1.279,2.765,0.868,0.623,-2.142
-0.067,1.08,2.976,1.077,1.277,-1.699
0.004,1.15,2.702,1.149,0.982,-1.72
0.296,0.547,1.541,0.46,0.939,-0.601
-0.369,1.068,2.765,1.002,0.96,-1.804
-0.148,1.025,2.765,1.014,1.256,-1.509
0.42,0.927,2.87,0.826,1.319,-1.551
0.528,0.802,2.047,0.604,1.34,-0.707
-0.211,0.9,2.617,0.875,0.96,-1.657
0.177,0.863,2.512,0.845,1.214,-1.298
0.182,0.789,2.723,0.768,1.699,-1.024
-0.029,1.172,3.968,1.172,2.1,-1.868
-0.205,1.228,3.229,1.211,1.383,-1.847
-0.827,1.343,3.208,1.057,0.939,-2.269
-0.492,0.983,2.512,0.851,0.982,-1.53
-0.344,1.218,3.314,1.168,1.34,-1.973
-0.458,1.236,3.335,1.148,1.53,-1.804
-0.281,0.794,2.279,0.743,1.193,-1.087
0.11,0.977,2.744,0.971,1.108,-1.636
0.218,0.891,2.807,0.865,2.206,-0.601
0.116,0.998,3.293,0.991,1.108,-2.184
-0.473,1.237,3.567,1.143,0.96,-2.606
-0.384,1.022,2.913,0.947,1.003,-1.91
-0.162,1.272,3.335,1.261,1.235,-2.1
-0.384,1.046,3.25,0.973,1.404,-1.847
-0.304,1.258,3.356,1.22,1.53,-1.826
-0.578,1.122,2.934,0.961,1.383,-1.551
0.156,1.147,3.335,1.137,1.488,-1.847
-0.093,0.961,3.039,0.957,1.404,-1.636
-0.023,1.052,2.934,1.052,1.277,-1.657
-0.12,0.88,2.849,0.871,1.277,-1.572
-0.253,1.172,3.398,1.144,1.615,-1.783
-0.734,1.146,2.892,0.88,0.939,-1.952
-0.036,0.962,3.25,0.962,1.615,-1.636
-0.464,1.264,3.271,1.176,1.657,-1.614
-0.403,0.96,2.68,0.871,1.066,-1.614
0.241,1.283,3.525,1.26,1.995,-1.53
-0.675,1.434,3.293,1.265,1.129,-2.163
-0.238,0.892,2.491,0.859,0.876,-1.614
-0.43,1.122,3.672,1.037,1.298,-2.374
-0.173,0.724,2.364,0.703,0.813,-1.551
-0.228,0.926,2.87,0.897,1.277,-1.593
0.296,0.691,2.406,0.624,1.636,-0.77
0.505,0.998,3.229,0.861,1.699,-1.53
-0.597,0.996,3.124,0.798,1.404,-1.72
-0.314,1.148,3.145,1.104,1.024,-2.121
0.0,0.976,3.525,0.976,1.383,-2.142
-0.188,1.054,3.461,1.037,1.235,-2.227
-0.443,0.955,2.702,0.846,1.446,-1.256
0.173,0.745,2.617,0.724,1.868,-0.749
0.142,0.89,2.427,0.879,1.15,-1.277
0.401,1.023,3.208,0.941,1.404,-1.804
-0.181,1.067,2.934,1.051,0.728,-2.205
0.555,0.78,1.731,0.548,1.404,-0.327
-0.359,1.075,3.335,1.014,1.404,-1.931
-0.059,0.862,2.111,0.86,1.087,-1.024
-0.589,1.02,2.68,0.833,1.214,-1.467
-0.165,0.81,2.68,0.793,0.749,-1.931
-0.912,1.433,2.702,1.105,0.454,-2.248
-0.034,0.576,2.237,0.575,0.623,-1.614
-0.036,0.549,1.71,0.547,0.707,-1.002
-0.181,0.48,1.414,0.445,0.454,-0.96
-0.122,0.726,2.153,0.716,0.644,-1.509
0.31,0.855,3.293,0.796,1.636,-1.657
0.146,0.568,1.752,0.549,1.214,-0.538
0.07,0.643,2.174,0.639,0.918,-1.256
-0.445,1.116,3.018,1.024,0.749,-2.269
0.108,0.68,1.984,0.671,0.686,-1.298
0.085,0.725,2.575,0.72,0.96,-1.614
0.002,0.503,1.372,0.503,0.644,-0.728
0.534,0.598,1.034,0.269,0.897,-0.137
0.403,0.869,3.208,0.77,1.699,-1.509
-0.133,0.66,1.857,0.646,0.77,-1.087
-0.538,1.058,2.87,0.911,0.412,-2.459
0.044,0.449,1.731,0.447,1.003,-0.728
-0.207,0.704,2.258,0.673,0.897,-1.361
-0.086,0.764,2.512,0.759,1.446,-1.066
0.032,0.444,1.541,0.443,0.855,-0.686
0.006,0.651,1.773,0.651,0.728,-1.045
-0.139,0.827,2.512,0.815,0.77,-1.741
0.213,0.504,1.794,0.457,1.193,-0.601
-0.023,0.552,1.815,0.551,0.728,-1.087
-0.73,1.25,2.976,1.014,0.623,-2.353
-0.082,0.291,1.013,0.279,0.264,-0.749
-0.103,0.558,1.773,0.548,0.412,-1.361
-0.435,1.074,2.68,0.983,1.024,-1.657
0.053,0.421,1.52,0.417,0.855,-0.665
0.038,0.677,2.807,0.675,1.615,-1.192
0.015,0.701,2.469,0.701,1.193,-1.277
-0.606,1.291,2.723,1.14,0.834,-1.889
-0.226,0.745,2.279,0.71,0.644,-1.636
0.125,0.676,2.427,0.665,0.855,-1.572
-0.095,0.708,2.512,0.702,1.235,-1.277
-0.35,0.923,2.934,0.854,0.644,-2.29
-0.388,0.839,2.469,0.744,0.327,-2.142
0.477,0.581,1.119,0.331,1.15,0.032
-0.209,0.872,2.638,0.846,0.749,-1.889
-0.15,0.864,2.68,0.851,1.045,-1.636
0.369,1.07,3.672,1.004,2.311,-1.361
0.025,0.456,1.604,0.455,0.538,-1.066
-0.207,0.526,1.435,0.484,0.454,-0.981
-0.042,0.651,1.963,0.65,0.728,-1.235
-0.078,0.682,2.09,0.677,0.538,-1.551
-0.061,0.914,3.124,0.912,0.77,-2.353
0.04,0.999,3.694,0.998,1.024,-2.67
-0.266,0.814,3.081,0.77,1.488,-1.593
0.038,0.264,0.823,0.261,0.517,-0.306
-0.093,0.501,1.414,0.492,0.496,-0.918
0.207,0.427,1.393,0.374,0.876,-0.517
-0.768,1.18,2.744,0.896,0.18,-2.564
-0.135,0.392,1.287,0.368,0.665,-0.623
-0.574,0.731,1.562,0.452,-0.2,-1.762
-0.409,0.65,1.646,0.504,0.011,-1.636
-0.612,0.796,1.372,0.509,0.011,-1.361
-0.494,0.925,2.174,0.783,0.158,-2.016
-0.198,0.605,2.195,0.571,0.327,-1.868
-0.196,0.417,1.456,0.368,0.327,-1.129
-0.008,0.537,1.984,0.537,0.77,-1.213
-0.021,0.545,1.752,0.544,0.475,-1.277
-0.445,0.988,2.575,0.882,0.369,-2.205
0.028,0.478,1.836,0.478,0.644,-1.192
0.011,0.19,0.633,0.19,0.243,-0.39
-1.125,1.475,2.469,0.954,0.095,-2.374
-0.831,1.234,2.997,0.912,0.095,-2.902
-0.369,0.806,2.153,0.717,0.391,-1.762
-0.386,0.652,1.857,0.525,-0.053,-1.91
-0.078,0.363,1.013,0.354,0.602,-0.411
-0.371,0.697,2.153,0.589,0.306,-1.847
-0.089,0.546,1.857,0.539,0.369,-1.488
-0.346,0.862,2.364,0.79,0.982,-1.382
0.199,0.751,2.596,0.725,1.277,-1.319
-0.418,0.978,2.744,0.885,0.391,-2.353
-0.842,1.165,2.279,0.806,-0.074,-2.353
-0.502,0.827,1.773,0.657,0.222,-1.551
-0.519,1.038,3.039,0.899,0.728,-2.311
-0.65,1.021,2.765,0.788,0.243,-2.522
-0.587,0.874,1.984,0.648,0.095,-1.889
-1.203,1.578,3.018,1.021,0.707,-2.311
-0.595,1.013,2.723,0.82,0.412,-2.311
-0.403,0.853,2.364,0.752,1.003,-1.361
-0.557,0.852,2.09,0.645,0.475,-1.614
-0.184,0.878,2.913,0.859,0.834,-2.079
-0.278,1.07,3.862,1.034,1.256,-2.606
-0.416,0.948,2.512,0.852,0.581,-1.931
-0.053,0.267,0.929,0.262,0.306,-0.623
-0.606,1.139,3.039,0.964,1.045,-1.994
-0.817,1.071,2.596,0.692,0.707,-1.889
-0.528,1.011,3.187,0.862,0.581,-2.606
-0.992,1.339,2.533,0.899,0.327,-2.205
-0.891,1.22,2.87,0.834,0.77,-2.1
-1.42,1.763,2.997,1.044,0.053,-2.944
-0.209,0.787,2.301,0.759,0.855,-1.446
-0.466,0.811,1.815,0.664,0.433,-1.382
-0.663,0.966,2.174,0.702,0.496,-1.678
-0.648,0.909,1.878,0.637,0.264,-1.614
-0.511,1.074,3.018,0.945,1.024,-1.994
-0.897,1.245,2.849,0.863,0.264,-2.585
-0.255,0.697,1.752,0.649,0.454,-1.298
-0.861,1.291,3.314,0.961,0.348,-2.965
-0.346,0.845,2.68,0.771,1.129,-1.551
-0.673,1.004,2.301,0.746,0.327,-1.973
-0.359,0.805,2.427,0.721,0.686,-1.741
-0.452,0.964,2.512,0.852,0.623,-1.889
-0.608,0.892,1.836,0.652,0.391,-1.446
-0.346,1.118,3.314,1.064,1.34,-1.973
-0.388,1.013,3.229,0.936,0.644,-2.585
-0.49,1.273,3.229,1.176,0.623,-2.606
-0.477,0.94,2.469,0.81,0.243,-2.227
-0.783,1.146,2.343,0.837,0.222,-2.121
-0.487,1.103,2.807,0.989,0.348,-2.459
-0.074,0.768,2.322,0.765,0.96,-1.361
-0.764,1.277,2.955,1.023,1.108,-1.847
-0.148,0.767,2.279,0.753,0.644,-1.636
-0.365,0.922,2.765,0.847,0.644,-2.121
-1.013,1.287,2.406,0.793,0.369,-2.037
-0.454,1.099,3.124,1.001,1.129,-1.994
-0.532,1.088,2.892,0.949,0.897,-1.994
-0.625,0.915,2.132,0.668,0.728,-1.403
-0.346,1.064,2.997,1.007,0.897,-2.1
-1.226,1.523,3.377,0.903,0.032,-3.345
-0.821,1.009,1.562,0.587,-0.053,-1.614
-0.333,0.952,2.892,0.892,0.96,-1.931
-0.348,0.881,2.469,0.809,0.686,-1.783
-1.254,1.597,2.68,0.989,0.264,-2.417
-0.616,1.148,2.554,0.969,0.834,-1.72
0.087,0.563,1.815,0.557,0.686,-1.129
-0.105,0.701,2.258,0.694,0.728,-1.53
-0.335,0.909,2.237,0.845,0.686,-1.551
-0.112,0.899,3.039,0.892,0.581,-2.459
-1.0,1.332,2.469,0.88,0.285,-2.184
0.078,0.65,2.174,0.646,0.855,-1.319
-0.399,0.765,2.427,0.653,0.391,-2.037
-0.633,1.23,2.976,1.054,0.749,-2.227
-0.038,0.564,2.174,0.562,0.686,-1.488
-0.405,0.982,2.533,0.894,0.855,-1.678
-1.23,1.615,2.702,1.046,0.18,-2.522
-0.38,0.732,2.09,0.626,0.538,-1.551
-0.224,1.112,3.862,1.089,1.15,-2.712
-0.821,1.414,3.25,1.151,0.454,-2.796
-0.293,0.754,1.963,0.694,0.306,-1.657
-0.215,0.637,2.322,0.599,0.412,-1.91
-0.812,1.376,2.955,1.11,0.095,-2.86
-0.177,0.522,1.309,0.491,0.158,-1.15
-0.342,0.86,2.702,0.789,1.15,-1.551
-0.39,0.75,2.153,0.641,0.369,-1.783
0.063,0.52,1.942,0.516,1.34,-0.601
-0.435,0.883,2.216,0.769,0.538,-1.678
-0.3,1.125,2.997,1.084,0.813,-2.184
-0.544,1.398,3.398,1.288,0.918,-2.48
-0.532,0.944,2.786,0.779,0.749,-2.037
-0.926,1.254,2.913,0.845,0.707,-2.205
-0.468,0.818,2.258,0.67,0.602,-1.657
-0.783,1.198,2.153,0.906,0.116,-2.037
-0.639,1.016,2.301,0.79,0.285,-2.016
-0.625,0.94,2.047,0.702,0.412,-1.636
-0.247,1.005,2.892,0.974,1.024,-1.868
-0.363,0.875,2.427,0.797,0.813,-1.614
-1.332,1.524,2.111,0.742,-0.095,-2.205
0.036,0.548,1.836,0.547,0.517,-1.319
-0.302,0.837,2.427,0.781,0.707,-1.72
-0.585,1.126,2.913,0.962,0.77,-2.142
-0.38,1.059,3.018,0.988,0.77,-2.248
-0.791,1.176,2.913,0.869,0.264,-2.649
-0.418,0.873,2.279,0.766,0.454,-1.826
-0.829,1.342,2.955,1.055,0.454,-2.501
-0.477,0.97,2.617,0.844,0.686,-1.931
-0.335,0.767,2.512,0.69,1.214,-1.298
-0.435,1.084,3.039,0.993,0.855,-2.184
-0.376,0.87,2.09,0.785,0.454,-1.636
-0.426,0.955,2.364,0.855,0.243,-2.121
-0.327,0.986,3.187,0.93,0.939,-2.248
-0.682,1.145,3.293,0.921,0.433,-2.86
-0.452,0.958,2.554,0.845,0.602,-1.952
-0.829,1.352,3.208,1.067,0.96,-2.248
-0.392,0.909,2.512,0.82,0.855,-1.657
-0.933,1.254,2.406,0.838,0.433,-1.973
-0.361,0.868,2.385,0.789,0.813,-1.572
-0.789,1.192,2.723,0.893,0.939,-1.783
-0.551,0.898,2.301,0.71,0.77,-1.53
-0.568,1.101,2.659,0.944,0.433,-2.227
-1.074,1.473,2.807,1.007,0.433,-2.374
-1.119,1.276,2.153,0.614,0.285,-1.868
-1.471,1.71,3.356,0.872,0.348,-3.007
-0.025,0.914,3.271,0.914,1.657,-1.614
-0.319,0.936,2.596,0.88,1.003,-1.593
-0.534,0.912,1.794,0.74,0.369,-1.425
-0.629,1.213,3.335,1.037,0.454,-2.881
-0.397,0.757,2.111,0.645,0.623,-1.488
-0.772,1.106,2.638,0.791,0.517,-2.121
-0.544,0.929,2.469,0.753,0.602,-1.868
-0.24,0.679,1.878,0.634,0.306,-1.572
-0.711,1.168,3.208,0.927,0.581,-2.628
-0.464,0.829,2.322,0.687,1.003,-1.319
-0.66,1.06,2.617,0.829,0.876,-1.741
-0.907,1.189,2.153,0.769,0.285,-1.868
-0.863,1.163,2.047,0.78,0.137,-1.91
-0.452,1.0,2.617,0.892,0.813,-1.804
-0.722,1.216,3.461,0.978,1.488,-1.973
-0.796,0.937,1.456,0.494,0.095,-1.361
0.0,1.043,3.187,1.043,1.087,-2.1
-0.418,0.77,2.026,0.647,0.496,-1.53
-0.044,1.097,3.293,1.096,1.446,-1.847
-0.42,0.916,2.934,0.815,0.939,-1.994
-0.631,0.784,1.794,0.466,0.602,-1.192
-0.251,0.781,2.913,0.74,1.108,-1.804
-0.614,1.119,2.849,0.936,1.066,-1.783
-0.538,1.195,2.807,1.067,0.686,-2.121
0.032,0.56,2.047,0.559,0.834,-1.213
-0.473,1.021,2.491,0.905,1.045,-1.446
-0.673,1.15,3.081,0.933,0.834,-2.248
-0.88,1.126,2.322,0.703,0.433,-1.889
-0.96,1.304,2.892,0.882,0.559,-2.332
-0.931,1.076,1.667,0.54,0.327,-1.34
-0.616,0.873,1.794,0.619,0.137,-1.657
-0.257,0.856,2.702,0.816,0.581,-2.121
-0.789,1.071,2.659,0.724,0.749,-1.91
-0.403,1.079,3.293,1.001,1.53,-1.762
-0.304,0.84,2.406,0.783,0.939,-1.467
-0.133,0.875,3.145,0.865,1.129,-2.016
-0.405,0.838,2.385,0.734,0.686,-1.699
-0.827,1.148,2.744,0.797,0.876,-1.868
-0.456,1.15,3.145,1.056,1.129,-2.016
-1.496,1.72,2.997,0.848,0.665,-2.332
-0.297,1.04,2.807,0.997,1.467,-1.34
-0.481,0.922,2.596,0.787,1.277,-1.319
-0.365,1.115,3.356,1.054,1.404,-1.952
-0.54,1.058,2.744,0.909,0.876,-1.868
-0.825,1.159,2.491,0.813,0.201,-2.29
-0.466,0.926,2.786,0.8,0.834,-1.952
-0.821,1.184,3.124,0.854,0.137,-2.986
-0.122,0.747,2.512,0.737,0.876,-1.636
-0.414,0.89,3.208,0.788,1.34,-1.868
-0.578,1.216,3.166,1.069,0.982,-2.184
-0.367,0.985,2.976,0.915,1.298,-1.678
-0.783,1.29,3.229,1.025,0.707,-2.522
-0.179,0.956,2.702,0.939,1.277,-1.425
-0.146,1.195,3.504,1.186,1.91,-1.593
-0.156,0.597,2.153,0.576,0.918,-1.235
-0.922,1.406,3.461,1.061,0.686,-2.775
-0.576,0.978,2.807,0.79,0.96,-1.847
-0.46,0.913,2.258,0.788,0.897,-1.361
-0.089,0.868,2.828,0.863,1.193,-1.636
-0.848,1.102,2.047,0.703,0.137,-1.91
-0.618,1.286,3.968,1.127,1.636,-2.332
-0.601,0.936,1.942,0.718,0.369,-1.572
-0.593,1.177,3.145,1.017,0.644,-2.501
-0.352,1.172,3.504,1.118,1.488,-2.016
-1.129,1.296,1.942,0.636,-0.032,-1.973
-0.642,0.854,1.667,0.564,0.243,-1.425
-0.517,1.031,2.638,0.892,0.728,-1.91
-0.918,1.196,2.005,0.766,0.243,-1.762
-0.574,0.715,1.456,0.426,0.18,-1.277
-0.736,0.923,1.773,0.556,0.348,-1.425
-0.606,1.026,2.638,0.828,0.792,-1.847
-0.283,1.388,4.221,1.359,1.805,-2.417
-0.831,1.157,2.828,0.804,1.129,-1.699
-0.259,0.755,2.132,0.709,0.538,-1.593
-0.713,1.198,2.512,0.962,0.538,-1.973
-0.937,1.376,3.25,1.007,0.391,-2.86
-0.983,1.575,3.208,1.231,0.475,-2.733
-0.029,0.867,2.554,0.867,0.897,-1.657
-0.249,0.842,2.892,0.804,0.665,-2.227
-0.344,0.915,2.427,0.848,0.918,-1.509
-0.433,1.055,3.609,0.963,0.77,-2.839
-0.536,0.806,1.857,0.602,0.306,-1.551
-0.572,1.085,2.934,0.922,0.792,-2.142
-0.789,1.378,3.039,1.13,0.433,-2.606
-0.612,1.106,3.124,0.921,0.517,-2.606
-0.658,1.198,2.849,1.001,0.665,-2.184
-0.677,1.047,2.385,0.799,0.644,-1.741
0.101,1.176,3.504,1.171,1.72,-1.783
0.338,0.998,3.63,0.939,1.72,-1.91
-0.099,0.905,2.807,0.9,1.024,-1.783
-0.483,0.816,2.068,0.657,0.306,-1.762
-0.667,1.213,3.778,1.014,1.003,-2.775
-0.591,1.195,2.955,1.038,0.855,-2.1
-1.072,1.402,3.398,0.903,0.243,-3.155
-0.724,1.411,3.377,1.211,1.087,-2.29
-0.897,1.257,2.596,0.881,0.602,-1.994
-0.823,1.061,2.132,0.669,0.306,-1.826
-0.85,1.205,2.976,0.853,1.193,-1.783
-0.323,1.315,3.757,1.275,2.037,-1.72
-1.131,1.557,2.575,1.069,0.032,-2.543
-0.411,1.109,3.461,1.03,0.897,-2.564
-0.869,1.208,2.68,0.838,0.834,-1.847
-0.384,1.158,3.419,1.093,1.678,-1.741
-1.289,1.394,1.393,0.529,-0.475,-1.868
-0.118,0.969,2.554,0.962,1.066,-1.488
0.12,0.536,1.921,0.522,1.319,-0.601
-0.139,0.859,3.271,0.847,1.066,-2.205
-0.831,1.325,3.419,1.032,0.982,-2.438
0.074,0.333,1.098,0.324,0.496,-0.601
-0.439,1.169,4.01,1.083,1.15,-2.86
-0.954,1.149,1.857,0.64,0.116,-1.741
-0.192,1.044,2.849,1.026,1.256,-1.593
-0.395,1.049,2.807,0.971,1.193,-1.614
-0.057,0.552,2.047,0.549,0.728,-1.319
-0.414,1.222,3.377,1.15,1.277,-2.1
-0.895,1.455,3.271,1.147,0.834,-2.438
-0.815,1.329,3.841,1.051,0.559,-3.282
-0.253,0.93,2.702,0.895,0.749,-1.952
-0.81,1.157,2.005,0.825,0.391,-1.614
-1.083,1.298,2.638,0.716,0.369,-2.269
-0.553,1.213,3.483,1.079,0.77,-2.712
-0.302,1.094,2.807,1.052,0.728,-2.079
0.093,0.612,2.09,0.605,0.665,-1.425
0.291,0.829,3.018,0.776,1.53,-1.488
-1.152,1.403,2.976,0.8,0.728,-2.248
-0.933,1.115,1.878,0.611,0.327,-1.551
-0.734,1.302,3.039,1.075,0.454,-2.585
-0.319,1.28,3.229,1.239,0.792,-2.438
-0.086,0.693,1.921,0.688,0.454,-1.467
-0.844,1.186,2.554,0.834,0.327,-2.227
-0.935,1.192,2.343,0.74,0.285,-2.058
-0.511,0.967,2.195,0.821,0.792,-1.403
-0.591,0.979,2.723,0.78,1.15,-1.572
-0.492,1.078,2.849,0.96,0.581,-2.269
-0.418,1.23,3.398,1.157,1.193,-2.205
-0.243,0.89,2.491,0.857,1.087,-1.403
-0.228,1.016,2.976,0.99,1.003,-1.973
-0.108,0.452,1.562,0.44,0.665,-0.897
-0.532,1.265,3.926,1.148,1.594,-2.332
-0.143,0.576,2.279,0.558,0.918,-1.361
0.091,0.885,3.018,0.88,1.594,-1.425
0.0,0.621,2.026,0.621,1.087,-0.939
0.076,1.016,2.849,1.013,1.383,-1.467
-0.506,0.914,2.554,0.76,0.813,-1.741
0.177,0.555,1.836,0.526,1.108,-0.728
-0.291,1.035,2.765,0.993,1.108,-1.657
-0.247,0.846,2.469,0.809,0.707,-1.762
-0.234,0.871,2.934,0.839,1.615,-1.319
0.032,0.837,2.976,0.836,1.256,-1.72
0.196,1.005,3.229,0.986,1.615,-1.614
-0.513,1.167,3.461,1.048,0.749,-2.712
-0.525,0.829,1.921,0.641,0.243,-1.678
0.03,0.644,1.836,0.643,0.538,-1.298
-0.369,1.111,2.913,1.048,1.003,-1.91
0.399,0.642,1.794,0.503,1.425,-0.369
-0.051,0.772,2.934,0.77,1.72,-1.213
-0.601,1.282,3.989,1.132,1.045,-2.944
-0.519,0.7,1.688,0.47,0.517,-1.171
-0.184,0.923,2.87,0.904,1.087,-1.783
-0.293,0.836,2.301,0.783,0.77,-1.53
-0.036,0.581,2.237,0.58,0.707,-1.53
-0.618,1.229,2.913,1.062,0.96,-1.952
-0.11,0.966,3.103,0.96,1.446,-1.657
-0.051,0.897,2.702,0.895,0.897,-1.804
-0.458,1.074,3.314,0.972,0.496,-2.818
-0.901,1.215,2.448,0.815,0.876,-1.572
-0.357,1.264,3.377,1.212,1.129,-2.248
-0.255,0.838,2.807,0.799,0.602,-2.205
-0.074,0.675,2.026,0.67,0.855,-1.171
-0.751,1.244,2.702,0.991,0.285,-2.417
-0.392,0.902,2.174,0.812,0.728,-1.446
-0.378,0.74,1.752,0.637,0.137,-1.614
-0.184,0.46,1.499,0.422,0.412,-1.087
-0.447,0.72,1.583,0.564,0.285,-1.298
-0.086,0.641,2.258,0.635,0.538,-1.72
0.047,1.032,3.124,1.031,1.467,-1.657
-0.209,0.705,1.857,0.673,0.559,-1.298
-0.112,0.408,1.119,0.393,0.454,-0.665
-0.274,0.641,2.047,0.579,0.602,-1.446
-0.034,0.648,1.878,0.647,0.623,-1.256
0.26,0.481,1.372,0.404,0.813,-0.559
-0.403,0.903,2.702,0.808,0.707,-1.994
-0.335,0.795,1.71,0.721,0.433,-1.277
0.298,0.738,2.427,0.675,1.15,-1.277
-0.416,0.832,2.279,0.721,0.707,-1.572
-0.2,0.594,1.794,0.559,0.602,-1.192
-0.808,1.346,3.081,1.076,0.939,-2.142
0.034,0.733,2.026,0.732,0.897,-1.129
0.148,0.989,2.786,0.978,1.214,-1.572
-0.076,0.84,3.06,0.836,1.467,-1.593
-0.036,1.124,3.314,1.123,1.446,-1.868
0.249,0.994,3.018,0.962,1.003,-2.016
-0.177,0.497,1.52,0.465,0.517,-1.002
0.258,0.446,1.309,0.364,0.834,-0.475
-0.357,0.803,2.596,0.719,0.897,-1.699
-0.439,0.804,1.731,0.673,0.264,-1.467
-0.156,0.717,1.921,0.7,0.982,-0.939
0.234,0.578,1.414,0.528,0.918,-0.496
0.275,0.617,1.984,0.552,1.129,-0.855
0.359,0.603,1.773,0.485,0.876,-0.897
0.386,0.571,1.52,0.42,0.855,-0.665
0.439,0.641,1.309,0.467,1.045,-0.264
-0.091,0.883,2.575,0.879,1.172,-1.403
0.137,0.53,1.878,0.511,0.939,-0.939
0.289,0.586,1.456,0.51,1.129,-0.327
-0.034,0.545,2.237,0.544,1.087,-1.15
0.004,0.562,1.688,0.562,1.003,-0.686
0.015,0.576,2.047,0.576,1.488,-0.559
-0.238,0.576,2.005,0.524,0.792,-1.213
-0.036,0.707,2.617,0.706,1.15,-1.467
-0.131,0.545,1.667,0.529,0.876,-0.791
-0.122,0.284,0.781,0.256,0.327,-0.454
-0.061,0.278,0.865,0.271,0.412,-0.454
-0.042,0.311,0.95,0.308,0.433,-0.517
0.095,0.926,3.588,0.921,2.607,-0.981
0.03,0.503,1.857,0.502,1.214,-0.644
-0.101,0.36,1.182,0.346,0.496,-0.686
0.057,0.249,0.591,0.243,0.391,-0.2
-0.053,0.286,1.034,0.281,0.559,-0.475
-0.019,0.308,1.098,0.308,0.559,-0.538
0.059,0.492,1.456,0.488,0.665,-0.791
-0.236,0.405,1.224,0.329,0.116,-1.108
-0.053,0.297,0.865,0.292,0.369,-0.496
0.042,0.434,1.625,0.432,0.728,-0.897
0.135,0.595,1.878,0.58,0.728,-1.15
0.315,0.586,1.393,0.495,1.024,-0.369
0.091,0.583,2.09,0.576,0.707,-1.382
0.342,1.38,4.263,1.337,2.67,-1.593
0.435,0.575,1.076,0.376,0.939,-0.137
0.148,0.451,1.182,0.426,0.602,-0.58
0.707,0.987,2.448,0.688,2.628,0.18
0.258,0.842,3.124,0.801,1.91,-1.213
0.009,0.859,2.469,0.859,1.003,-1.467
0.137,0.824,2.575,0.812,1.72,-0.855
0.692,0.897,1.71,0.57,1.467,-0.243
0.013,0.501,1.773,0.501,0.348,-1.425
0.148,0.347,1.076,0.314,0.749,-0.327
0.186,0.303,0.654,0.239,0.559,-0.095
-0.148,0.751,2.469,0.736,1.087,-1.382
-0.103,0.767,2.786,0.76,1.15,-1.636
0.009,0.224,0.781,0.224,0.306,-0.475
-0.099,0.498,1.815,0.488,0.686,-1.129
0.154,0.667,1.857,0.649,0.749,-1.108
0.148,0.76,2.659,0.745,1.024,-1.636
-0.158,0.756,2.153,0.739,0.707,-1.446
0.177,0.39,1.119,0.348,0.496,-0.623
0.342,0.63,1.752,0.53,0.897,-0.855
0.156,0.608,2.005,0.587,0.813,-1.192
-0.095,0.608,1.942,0.6,0.538,-1.403
0.199,0.64,1.646,0.608,0.749,-0.897
0.773,0.838,1.098,0.324,1.256,0.158
0.768,0.958,2.195,0.572,2.121,-0.074
0.57,0.775,1.942,0.525,1.172,-0.77
-0.053,0.817,2.132,0.815,0.813,-1.319
0.289,0.682,2.237,0.618,1.15,-1.087
0.456,0.794,2.448,0.65,1.15,-1.298
0.929,1.107,2.364,0.602,2.311,-0.053
0.77,1.132,2.997,0.829,3.113,0.116
0.68,0.894,2.279,0.581,1.383,-0.897
0.517,0.853,2.638,0.679,1.425,-1.213
0.357,0.728,2.047,0.635,1.34,-0.707
0.399,0.687,1.9,0.559,0.834,-1.066
0.289,0.77,2.469,0.714,1.298,-1.171
0.912,1.029,1.625,0.476,1.298,-0.327
0.808,0.897,1.33,0.389,1.53,0.201
0.733,1.072,2.026,0.782,1.594,-0.433
0.697,1.069,2.279,0.81,1.868,-0.411
0.509,0.9,2.406,0.743,1.868,-0.538
0.709,1.08,2.596,0.815,1.784,-0.812
0.017,0.813,2.343,0.813,1.193,-1.15
0.323,0.784,2.554,0.714,1.087,-1.467
0.585,0.871,1.942,0.646,1.404,-0.538
0.462,0.547,0.865,0.292,0.834,-0.032
0.551,0.703,1.393,0.437,1.298,-0.095
0.49,0.717,1.477,0.524,1.045,-0.433
0.194,0.662,2.09,0.633,1.108,-0.981
0.589,0.948,2.195,0.742,1.404,-0.791
0.781,0.883,1.625,0.412,1.488,-0.137
0.323,0.561,1.33,0.459,0.897,-0.433
0.298,0.607,2.026,0.529,1.235,-0.791
0.536,1.017,2.469,0.865,1.762,-0.707
0.135,1.042,2.512,1.034,1.615,-0.897
0.528,0.997,2.322,0.846,1.404,-0.918
0.308,0.858,2.301,0.8,1.488,-0.812
0.538,0.757,1.52,0.533,1.361,-0.158
0.481,0.706,1.625,0.517,1.425,-0.2
0.821,1.046,2.216,0.648,1.762,-0.454
0.629,1.132,2.575,0.941,1.762,-0.812
0.559,0.905,2.512,0.711,1.868,-0.644
0.234,0.775,2.258,0.738,1.361,-0.897
0.65,0.974,2.279,0.725,1.594,-0.686
0.741,0.897,1.477,0.505,1.404,-0.074
0.576,1.101,3.271,0.938,1.615,-1.657
0.545,0.812,2.111,0.602,1.467,-0.644
0.984,1.065,1.161,0.407,1.509,0.348
0.152,0.806,2.132,0.791,1.256,-0.876
0.625,1.192,3.293,1.016,1.826,-1.467
0.583,1.023,2.153,0.841,1.657,-0.496
0.232,0.706,1.921,0.667,1.235,-0.686
0.329,0.837,2.448,0.769,1.551,-0.897
0.386,1.082,2.849,1.01,1.805,-1.045
0.553,1.228,3.736,1.096,1.784,-1.952
0.583,1.013,2.322,0.829,1.974,-0.348
1.081,1.229,2.111,0.585,1.889,-0.221
0.327,0.72,1.688,0.641,1.404,-0.285
0.882,1.106,1.752,0.667,1.615,-0.137
0.903,1.161,2.575,0.728,2.396,-0.179
0.5,0.984,2.301,0.848,1.636,-0.665
0.483,0.995,2.997,0.87,1.952,-1.045
0.906,1.086,1.688,0.6,1.53,-0.158
0.509,0.929,2.491,0.778,1.425,-1.066
0.595,1.105,2.343,0.931,1.741,-0.601
0.633,1.161,2.997,0.974,2.248,-0.749
0.648,1.059,2.617,0.838,1.615,-1.002
0.699,0.987,2.279,0.697,1.931,-0.348
0.817,1.065,2.068,0.684,1.762,-0.306
0.315,0.493,1.076,0.379,0.876,-0.2
0.663,0.991,2.153,0.737,1.488,-0.665
0.678,1.029,2.047,0.774,1.636,-0.411
0.621,1.114,2.512,0.925,1.847,-0.665
1.207,1.315,1.836,0.521,1.762,-0.074
0.925,1.082,2.09,0.562,1.784,-0.306
0.367,0.765,2.617,0.671,1.868,-0.749
0.361,1.041,3.039,0.976,1.931,-1.108
0.602,1.316,3.884,1.17,3.261,-0.623
0.475,0.894,1.878,0.757,1.467,-0.411
0.564,0.93,1.963,0.74,1.636,-0.327
1.163,1.375,2.174,0.733,1.72,-0.454
1.047,1.31,2.258,0.788,1.889,-0.369
0.629,1.125,2.68,0.933,2.016,-0.665
0.699,1.166,2.469,0.933,1.931,-0.538
0.422,0.831,2.174,0.716,1.446,-0.728
0.686,0.878,1.499,0.548,1.256,-0.243
0.737,1.162,2.554,0.899,1.952,-0.601
0.6,0.948,2.09,0.734,1.383,-0.707
0.207,0.889,2.807,0.864,1.91,-0.897
0.135,0.839,2.554,0.828,1.636,-0.918
0.42,0.946,2.237,0.847,1.868,-0.369
1.017,1.248,2.448,0.722,1.762,-0.686
0.412,0.712,1.667,0.581,1.319,-0.348
0.616,1.104,2.913,0.916,1.974,-0.939
0.73,1.133,2.554,0.866,2.163,-0.39
1.224,1.366,1.963,0.607,1.573,-0.39
0.272,1.044,2.533,1.008,1.636,-0.897
0.988,1.14,1.688,0.568,1.573,-0.116
0.403,0.802,2.132,0.693,1.467,-0.665
0.448,0.979,2.512,0.87,1.636,-0.876
0.515,0.978,2.469,0.831,1.277,-1.192
0.256,1.051,2.997,1.02,1.699,-1.298
-0.006,1.134,3.884,1.134,1.235,-2.649
0.6,0.966,2.596,0.758,1.509,-1.087
0.72,1.218,2.892,0.983,1.72,-1.171
0.638,1.007,1.815,0.78,1.594,-0.221
0.927,1.11,1.667,0.611,1.594,-0.074
0.695,1.084,2.554,0.833,2.227,-0.327
0.431,1.085,3.187,0.995,2.311,-0.876
0.762,1.103,2.322,0.797,1.805,-0.517
0.112,0.857,3.06,0.849,1.404,-1.657
0.494,1.153,3.377,1.041,2.1,-1.277
0.359,1.44,4.242,1.395,1.657,-2.585
-0.084,1.038,4.158,1.034,1.425,-2.733
0.777,1.199,2.491,0.913,2.037,-0.454
0.6,0.775,1.456,0.492,1.53,0.074
0.589,1.029,2.491,0.844,1.678,-0.812
-0.363,0.932,2.659,0.859,1.467,-1.192
1.146,1.199,1.393,0.351,1.615,0.222
1.26,1.292,0.844,0.283,1.741,0.897
1.055,1.194,1.625,0.557,1.784,0.158
0.796,1.06,2.195,0.701,1.594,-0.601
0.19,0.817,2.744,0.794,1.256,-1.488
0.285,0.919,2.702,0.874,1.889,-0.812
0.458,1.0,2.533,0.889,1.551,-0.981
1.087,1.19,1.752,0.483,1.53,-0.221
0.391,0.981,2.702,0.9,1.467,-1.235
0.695,1.1,2.638,0.853,1.826,-0.812
0.53,0.775,1.71,0.566,1.277,-0.433
0.22,0.718,1.878,0.684,1.361,-0.517
0.46,0.985,2.258,0.871,1.277,-0.981
0.559,0.974,2.258,0.797,1.847,-0.411
0.22,0.906,2.364,0.879,1.699,-0.665
-0.01,0.895,2.87,0.895,1.699,-1.171
0.342,0.843,2.111,0.771,1.108,-1.002
0.264,0.992,2.596,0.956,1.446,-1.15
0.606,1.03,3.166,0.833,1.741,-1.425
0.325,0.584,1.309,0.485,0.855,-0.454
0.053,0.819,2.364,0.817,1.446,-0.918
-0.131,1.158,3.947,1.151,1.298,-2.649
0.889,1.084,2.364,0.62,1.657,-0.707
0.344,0.853,2.258,0.781,1.425,-0.834
-0.07,0.761,2.237,0.758,1.404,-0.834
-0.247,0.878,2.279,0.843,1.404,-0.876
-0.217,0.637,1.688,0.598,0.749,-0.939
-0.059,0.77,2.09,0.768,0.918,-1.171
0.41,0.805,1.9,0.693,1.425,-0.475
-0.103,0.882,3.145,0.876,0.707,-2.438
0.464,0.984,2.385,0.868,1.129,-1.256
0.177,1.014,2.849,0.999,1.657,-1.192
0.167,1.062,3.715,1.048,1.361,-2.353
-0.547,1.304,3.44,1.184,0.96,-2.48
0.076,0.765,2.195,0.761,0.982,-1.213
0.011,0.852,2.512,0.852,1.319,-1.192
-0.158,0.851,2.723,0.836,1.024,-1.699
-0.152,0.95,3.039,0.937,1.446,-1.593
0.163,1.277,3.905,1.267,1.636,-2.269
-0.124,1.005,3.546,0.997,1.298,-2.248
-0.139,1.086,2.913,1.077,1.235,-1.678
0.496,0.757,1.815,0.572,1.319,-0.496
0.524,1.226,3.166,1.108,1.805,-1.361
0.559,0.924,2.174,0.736,1.277,-0.897
-0.202,1.124,3.672,1.105,1.404,-2.269
0.032,0.963,3.588,0.962,1.34,-2.248
-0.154,1.458,4.643,1.45,1.53,-3.113
-0.181,1.086,2.849,1.071,0.813,-2.037
-0.169,1.396,4.686,1.386,1.699,-2.986
0.207,0.592,1.604,0.555,0.813,-0.791
0.22,0.949,2.448,0.923,1.277,-1.171
0.388,1.0,2.659,0.922,1.467,-1.192
0.564,1.082,2.512,0.923,1.952,-0.559
0.642,0.885,1.9,0.609,1.594,-0.306
0.551,0.889,2.279,0.698,1.214,-1.066
0.144,0.959,2.554,0.948,1.319,-1.235
0.104,1.193,4.306,1.188,1.509,-2.796
0.874,0.902,0.675,0.223,1.172,0.496
0.302,0.843,2.132,0.787,1.172,-0.96
0.325,1.35,4.242,1.31,1.678,-2.564
0.511,0.887,2.195,0.725,1.551,-0.644
0.268,0.805,2.195,0.759,1.024,-1.171
-0.255,0.986,2.955,0.952,1.298,-1.657
-0.179,1.195,4.01,1.181,1.256,-2.754
0.201,0.917,2.216,0.894,1.172,-1.045
-0.084,1.332,4.327,1.329,1.594,-2.733
0.566,1.143,3.525,0.994,1.488,-2.037
0.078,0.885,2.913,0.882,0.792,-2.121
0.443,0.77,2.237,0.63,1.045,-1.192
0.239,0.956,2.765,0.926,1.383,-1.382
0.327,0.897,2.807,0.835,1.446,-1.361
0.118,0.824,2.807,0.816,1.404,-1.403
-0.2,1.481,4.073,1.467,1.277,-2.796
0.243,0.985,2.786,0.954,1.298,-1.488
-1.112,1.494,3.461,0.998,0.243,-3.219
0.097,1.095,3.229,1.091,1.446,-1.783
-0.713,1.301,3.293,1.088,0.749,-2.543
0.27,0.572,1.71,0.505,0.918,-0.791
-0.156,0.927,2.512,0.913,0.77,-1.741
-0.061,0.878,2.132,0.876,1.108,-1.024
0.063,0.887,2.892,0.884,1.003,-1.889
0.232,0.594,1.9,0.547,0.623,-1.277
0.161,0.684,2.343,0.665,0.982,-1.361
0.327,0.9,2.512,0.839,1.108,-1.403
-0.831,1.805,4.095,1.602,1.214,-2.881
-1.068,1.64,3.63,1.245,0.475,-3.155
-0.205,1.044,3.335,1.024,0.749,-2.585
-0.15,1.212,3.926,1.203,1.805,-2.121
0.234,0.793,2.195,0.757,1.024,-1.171
-0.063,0.872,2.279,0.87,0.792,-1.488
0.127,0.731,2.005,0.72,0.792,-1.213
0.462,0.673,1.667,0.489,1.235,-0.433
-0.481,1.416,4.327,1.332,1.446,-2.881
0.23,0.711,2.195,0.672,1.193,-1.002
-0.882,1.378,3.44,1.059,0.538,-2.902
0.249,0.592,1.963,0.537,0.876,-1.087
0.057,0.733,2.448,0.731,1.425,-1.024
0.032,0.531,1.688,0.53,0.623,-1.066
-0.232,0.825,1.984,0.792,0.475,-1.509
-0.566,1.135,2.976,0.984,0.327,-2.649
0.009,0.674,2.258,0.674,0.876,-1.382
-0.342,0.887,2.258,0.818,0.792,-1.467
-1.066,1.609,4.01,1.205,0.876,-3.134
-0.135,1.424,3.884,1.417,0.939,-2.944
-0.289,1.087,2.744,1.048,0.834,-1.91
-0.148,0.852,2.469,0.839,0.728,-1.741
-0.703,0.927,2.111,0.604,0.327,-1.783
-0.855,1.209,2.279,0.855,0.454,-1.826
-0.464,1.314,4.158,1.229,1.024,-3.134
-0.316,0.954,2.997,0.9,0.475,-2.522
-0.19,0.683,2.132,0.656,0.412,-1.72
-0.283,0.799,2.343,0.747,0.623,-1.72
-0.034,0.526,1.625,0.525,0.623,-1.002
-0.323,0.977,2.469,0.922,0.686,-1.783
-0.838,1.517,3.799,1.264,0.602,-3.197
-0.506,1.329,3.651,1.229,1.298,-2.353
-0.124,0.695,2.132,0.684,0.559,-1.572
0.099,0.696,2.111,0.689,0.792,-1.319
-0.165,0.769,1.942,0.752,0.602,-1.34
-1.235,1.716,3.588,1.192,0.707,-2.881
0.002,0.708,1.942,0.708,0.749,-1.192
-0.006,0.801,2.279,0.801,0.792,-1.488
-0.04,0.641,1.71,0.64,0.834,-0.876
-0.348,0.926,2.512,0.858,0.517,-1.994
-0.158,0.939,3.081,0.926,0.876,-2.205
-0.441,1.16,3.208,1.073,1.003,-2.205
-0.148,1.07,3.884,1.06,1.15,-2.733
0.348,0.544,1.456,0.418,0.792,-0.665
-0.063,0.912,3.103,0.909,0.918,-2.184
-0.8,1.475,3.778,1.239,0.749,-3.029
0.139,0.588,1.963,0.571,0.982,-0.981
0.277,0.543,1.499,0.467,0.918,-0.58
0.264,0.885,2.343,0.845,1.298,-1.045
-0.293,0.746,2.364,0.686,0.77,-1.593
-0.644,1.201,2.997,1.014,0.454,-2.543
-0.608,1.187,3.145,1.02,0.327,-2.818
-0.23,0.524,1.646,0.471,0.369,-1.277
0.019,0.692,2.448,0.692,0.665,-1.783
-0.572,1.06,2.575,0.893,1.024,-1.551
-0.629,1.083,2.427,0.882,0.538,-1.889
-0.475,0.959,2.322,0.833,0.749,-1.572
-0.169,0.951,3.419,0.936,0.792,-2.628
-0.19,1.078,3.694,1.061,0.728,-2.965
-0.148,0.641,1.625,0.624,0.538,-1.087
-0.306,0.661,2.026,0.586,0.201,-1.826
0.209,0.527,1.773,0.484,0.665,-1.108
-1.152,1.523,3.504,0.995,0.116,-3.387
-0.515,0.918,2.385,0.76,0.665,-1.72
-0.31,0.543,1.203,0.446,0.433,-0.77
-0.494,0.937,3.145,0.796,0.749,-2.395
-0.827,1.285,2.807,0.983,0.18,-2.628
-0.568,1.108,2.617,0.952,0.18,-2.438
0.218,0.617,2.047,0.578,0.918,-1.129
0.055,0.364,1.14,0.359,0.517,-0.623
-0.188,0.627,1.752,0.598,0.475,-1.277
-0.57,0.957,2.828,0.768,0.285,-2.543
-0.532,0.764,1.878,0.549,0.412,-1.467
-0.165,0.662,2.195,0.642,0.496,-1.699
-0.373,0.67,1.604,0.556,0.306,-1.298
-0.017,0.258,0.823,0.257,0.327,-0.496
-0.631,0.87,1.9,0.599,0.496,-1.403
0.021,0.624,2.111,0.624,0.623,-1.488
-0.709,1.108,3.018,0.851,0.095,-2.923
-0.401,0.996,2.87,0.911,0.749,-2.121
-0.175,0.536,1.836,0.507,0.496,-1.34
-0.39,0.971,3.314,0.889,0.433,-2.881
-0.369,0.574,1.435,0.44,0.454,-0.981
-0.57,1.101,2.828,0.942,0.327,-2.501
-0.796,1.327,3.145,1.062,0.876,-2.269
-0.428,0.596,1.287,0.415,0.158,-1.129
-0.525,0.812,1.71,0.619,0.201,-1.509
-0.758,0.976,2.09,0.615,0.433,-1.657
-0.983,1.438,3.461,1.049,0.454,-3.007
-0.373,0.736,2.258,0.634,0.496,-1.762
-0.612,0.883,2.279,0.636,0.18,-2.1
-0.698,0.84,1.752,0.466,0.011,-1.741
-0.538,0.808,1.9,0.603,0.306,-1.593
-0.481,0.655,1.499,0.445,0.201,-1.298
-0.048,0.65,1.688,0.648,0.749,-0.939
-0.365,0.499,1.098,0.34,0.391,-0.707
-0.31,0.522,1.604,0.42,0.496,-1.108
-0.616,0.782,1.541,0.482,-0.179,-1.72
-0.635,0.83,1.646,0.535,0.074,-1.572
-0.5,0.705,1.773,0.497,0.095,-1.678
-0.259,0.518,1.836,0.448,0.876,-0.96
-0.521,0.764,2.09,0.558,0.391,-1.699
-0.112,0.383,1.52,0.367,0.623,-0.897
-0.538,0.767,2.068,0.547,0.623,-1.446
-0.502,0.753,2.322,0.561,0.454,-1.868
0.013,0.266,0.886,0.266,0.517,-0.369
-0.399,0.652,1.646,0.515,0.496,-1.15
-0.306,0.443,1.33,0.321,0.264,-1.066
-0.591,0.834,2.047,0.589,0.285,-1.762
-0.437,0.796,2.132,0.666,0.243,-1.889
-0.399,0.736,2.258,0.619,0.581,-1.678
-0.8,1.105,2.364,0.762,0.517,-1.847
-0.555,0.815,1.878,0.597,0.095,-1.783
-0.449,1.031,2.807,0.928,1.024,-1.783
-0.2,0.486,1.836,0.442,0.454,-1.382
-0.367,0.485,1.013,0.317,0.201,-0.812
-0.34,0.749,2.807,0.667,1.003,-1.804
-0.441,0.823,2.427,0.695,0.348,-2.079
0.082,0.618,1.752,0.612,1.066,-0.686
-0.291,0.911,2.744,0.863,0.982,-1.762
-0.213,0.932,2.448,0.908,0.939,-1.509
0.116,1.045,3.377,1.038,1.404,-1.973
-0.084,0.541,1.731,0.535,0.834,-0.897
-0.057,0.608,2.132,0.606,0.834,-1.298
-0.665,1.027,2.828,0.783,0.496,-2.332
0.106,1.06,3.546,1.055,1.34,-2.205
-0.793,1.062,2.491,0.705,0.475,-2.016
-0.12,1.002,2.955,0.995,0.876,-2.079
-0.812,1.261,2.744,0.964,0.201,-2.543
-0.103,0.681,2.258,0.673,0.77,-1.488
-0.167,0.646,1.963,0.624,0.918,-1.045
-0.196,0.95,3.419,0.929,1.003,-2.417
-0.428,0.677,1.773,0.524,0.243,-1.53
-0.264,0.736,2.068,0.687,0.707,-1.361
-0.188,0.424,1.182,0.38,0.327,-0.855
-0.515,1.074,3.567,0.943,0.728,-2.839
-0.439,1.024,2.955,0.925,0.834,-2.121
-0.542,0.822,2.047,0.618,0.581,-1.467
-0.739,1.281,2.976,1.047,1.277,-1.699
-0.538,1.089,2.491,0.947,0.433,-2.058
-0.27,0.419,0.971,0.32,0.222,-0.749
-0.452,1.021,2.533,0.916,0.243,-2.29
-0.777,1.223,2.807,0.944,0.623,-2.184
0.051,0.724,2.659,0.723,0.686,-1.973
-0.684,1.015,2.026,0.75,0.433,-1.593
-0.325,0.792,2.216,0.723,0.623,-1.593
0.211,0.578,1.984,0.538,1.488,-0.496
-0.004,0.717,2.132,0.717,0.602,-1.53
-0.253,0.612,1.646,0.557,0.581,-1.066
-0.008,0.744,2.153,0.744,0.792,-1.361
0.044,0.666,2.216,0.664,0.918,-1.298
-0.167,0.544,1.541,0.518,0.243,-1.298
-0.228,0.905,2.469,0.876,1.214,-1.256
-0.494,0.967,2.469,0.831,0.433,-2.037
-0.249,0.475,1.499,0.405,0.264,-1.235
-0.439,0.909,2.237,0.796,0.454,-1.783
-0.593,1.137,2.955,0.97,1.172,-1.783
-0.293,1.036,3.229,0.993,0.939,-2.29
-0.709,1.062,2.659,0.791,0.454,-2.205
-0.131,0.818,2.364,0.807,0.876,-1.488
-0.373,1.125,3.672,1.062,0.876,-2.796
0.129,0.516,1.499,0.5,0.855,-0.644
0.106,0.489,1.71,0.478,1.003,-0.707
-0.532,0.788,1.71,0.581,0.053,-1.657
-0.471,0.936,2.976,0.809,0.538,-2.438
-0.154,1.043,3.145,1.032,1.404,-1.741
-0.447,0.779,2.279,0.638,0.602,-1.678
-0.878,1.071,1.836,0.614,0.011,-1.826
-0.38,1.127,2.807,1.061,0.96,-1.847
-0.485,0.982,3.081,0.853,1.045,-2.037
-0.369,0.978,2.702,0.906,1.003,-1.699
-0.468,0.914,2.723,0.785,0.897,-1.826
0.144,1.028,2.934,1.018,1.34,-1.593
-0.173,0.763,2.744,0.743,0.602,-2.142
-0.276,0.714,2.596,0.659,0.813,-1.783
-0.291,0.94,2.828,0.894,0.855,-1.973
-0.325,0.857,2.237,0.793,0.454,-1.783
-0.095,0.589,2.153,0.582,0.665,-1.488
-0.293,0.973,2.955,0.928,0.813,-2.142
-0.553,0.864,2.047,0.664,0.412,-1.636
-0.443,0.738,1.646,0.59,0.137,-1.509
0.093,0.318,0.992,0.305,0.644,-0.348
-0.12,0.467,1.752,0.451,0.749,-1.002
-0.046,0.747,2.659,0.746,1.699,-0.96
0.091,0.524,1.984,0.516,1.172,-0.812
-0.46,0.67,1.731,0.487,0.011,-1.72
-0.709,0.977,2.364,0.672,0.116,-2.248
-0.781,0.919,1.625,0.484,-0.116,-1.741
-0.473,0.724,1.984,0.548,0.095,-1.889
-0.186,0.482,1.583,0.445,0.686,-0.897
-0.243,0.6,2.216,0.549,0.602,-1.614
-0.542,1.024,3.103,0.869,1.087,-2.016
0.127,0.856,2.364,0.847,1.425,-0.939
-0.392,0.797,2.111,0.693,0.264,-1.847
-0.141,1.024,2.744,1.014,1.066,-1.678
-0.758,1.128,2.343,0.836,0.201,-2.142
-0.055,0.927,2.955,0.926,1.573,-1.382
-0.243,0.65,2.09,0.603,0.876,-1.213
0.089,1.232,4.306,1.229,1.573,-2.733
-0.466,0.844,2.491,0.703,0.897,-1.593
-0.268,1.031,3.525,0.996,0.897,-2.628
-0.321,0.609,2.237,0.518,0.644,-1.593
-0.023,1.215,3.757,1.215,1.425,-2.332
-0.532,0.69,1.351,0.44,0.053,-1.298
-0.758,1.229,3.081,0.968,0.728,-2.353
0.287,1.108,3.187,1.07,1.488,-1.699
-0.272,1.118,3.293,1.084,1.678,-1.614
-0.308,1.085,3.166,1.04,1.214,-1.952
-0.593,1.323,3.525,1.183,1.488,-2.037
0.044,0.99,2.702,0.989,1.066,-1.636
-0.842,1.228,2.322,0.893,0.243,-2.079
-0.443,1.081,3.039,0.986,1.277,-1.762
-1.3,1.767,3.947,1.197,0.897,-3.05
-0.494,1.152,2.849,1.04,0.834,-2.016
-0.475,1.167,3.567,1.067,1.404,-2.163
-1.387,1.531,1.794,0.649,-0.285,-2.079
-0.888,1.079,2.237,0.612,0.285,-1.952
-1.45,1.68,3.06,0.848,0.982,-2.079
-1.038,1.382,2.68,0.912,0.475,-2.205
-0.262,1.097,3.44,1.066,1.573,-1.868
0.047,1.118,3.145,1.117,1.256,-1.889
-0.648,1.356,3.757,1.191,0.939,-2.818
-0.055,1.097,2.744,1.096,1.024,-1.72
-0.409,1.218,3.44,1.147,1.361,-2.079
-0.492,1.082,2.744,0.963,0.602,-2.142
-0.76,1.043,2.533,0.714,0.581,-1.952
-0.884,1.284,2.955,0.931,0.475,-2.48
-0.8,1.526,3.672,1.299,1.383,-2.29
-0.388,0.985,3.06,0.905,1.003,-2.058
-0.01,0.499,1.604,0.499,0.623,-0.981
-0.152,1.042,3.419,1.031,0.876,-2.543
-0.996,1.4,3.293,0.984,0.96,-2.332
-1.209,1.537,2.828,0.948,0.475,-2.353
-0.572,1.26,3.483,1.123,1.172,-2.311
-0.81,1.336,3.25,1.063,0.813,-2.438
-0.447,0.842,2.385,0.713,0.538,-1.847
-0.221,0.688,2.005,0.651,0.602,-1.403
-0.574,1.236,3.293,1.095,1.066,-2.227
-1.467,1.714,2.406,0.888,0.074,-2.332
-0.986,1.502,3.926,1.133,0.855,-3.071
-1.406,1.764,3.609,1.066,0.792,-2.818
-0.221,0.976,3.419,0.95,1.066,-2.353
-0.969,1.61,3.504,1.286,0.665,-2.839
-0.66,1.113,2.913,0.895,0.496,-2.417
-0.576,1.219,3.546,1.075,0.496,-3.05
0.053,0.492,1.963,0.489,1.129,-0.834
-0.614,1.071,2.659,0.877,0.834,-1.826
-0.91,1.265,3.208,0.879,0.686,-2.522
-0.967,1.73,4.095,1.434,0.517,-3.577
-0.802,1.192,2.765,0.882,0.348,-2.417
-0.785,1.172,2.87,0.871,0.433,-2.438
-0.855,1.359,3.335,1.056,0.433,-2.902
-0.422,1.201,3.546,1.125,1.762,-1.783
-0.399,0.933,2.765,0.843,0.686,-2.079
-1.156,1.516,3.25,0.981,0.77,-2.48
-0.217,1.093,3.103,1.071,1.34,-1.762
-0.01,1.076,3.419,1.076,1.404,-2.016
-0.707,1.002,2.026,0.71,0.391,-1.636
-1.083,1.28,1.794,0.684,-0.074,-1.868
-0.66,0.868,1.731,0.563,0.348,-1.382
-0.274,1.034,3.293,0.997,1.551,-1.741
-0.196,0.991,3.166,0.971,1.066,-2.1
-0.956,1.391,3.461,1.01,0.644,-2.818
-0.439,1.192,3.229,1.109,1.34,-1.889
-0.578,1.158,3.546,1.003,0.581,-2.965
-0.464,0.728,1.773,0.561,0.707,-1.066
-0.093,0.757,2.195,0.752,1.298,-0.897
-0.12,0.819,2.005,0.81,0.897,-1.108
-0.409,1.088,2.786,1.009,0.644,-2.142
-0.181,0.717,1.688,0.693,0.665,-1.024
-0.483,1.031,2.807,0.911,0.918,-1.889
-0.831,1.378,3.25,1.099,0.665,-2.585
-0.671,1.475,3.609,1.313,0.728,-2.881
-1.572,1.799,2.638,0.874,-0.158,-2.796
-0.515,1.062,2.849,0.929,0.538,-2.311
-0.646,1.031,2.892,0.804,0.834,-2.058
-0.768,1.224,3.018,0.953,0.897,-2.121
-0.192,0.808,2.047,0.784,0.581,-1.467
-0.422,0.887,2.723,0.78,0.96,-1.762
-0.188,0.873,2.786,0.852,0.918,-1.868
-0.177,0.768,2.195,0.747,1.066,-1.129
0.057,0.819,2.469,0.817,0.897,-1.572
-0.576,0.941,2.047,0.744,0.665,-1.382
-0.424,0.962,2.892,0.864,1.404,-1.488
-0.205,0.792,2.596,0.765,0.918,-1.678
-0.076,0.623,1.625,0.618,0.623,-1.002
-0.407,0.731,1.604,0.607,0.454,-1.15
-0.673,1.077,2.976,0.841,0.665,-2.311
-0.186,0.795,2.09,0.773,0.77,-1.319
0.017,0.846,2.533,0.846,1.024,-1.509
-0.139,0.707,2.279,0.693,1.256,-1.024
0.066,0.723,2.237,0.72,1.066,-1.171
0.234,0.832,2.997,0.798,2.079,-0.918
0.125,1.017,3.525,1.009,1.108,-2.417
0.483,0.779,1.752,0.611,1.087,-0.665
-0.5,1.065,2.723,0.941,0.855,-1.868
-0.127,0.944,2.87,0.935,1.214,-1.657
0.023,0.857,3.124,0.857,0.813,-2.311
0.131,0.823,2.385,0.812,1.425,-0.96
-0.378,1.225,3.229,1.165,0.813,-2.417
-0.04,0.704,1.942,0.703,0.686,-1.256
0.338,0.654,2.09,0.559,1.425,-0.665
0.047,1.054,3.208,1.053,1.108,-2.1
-0.198,0.725,2.174,0.697,0.749,-1.425
-0.046,0.584,1.583,0.582,0.517,-1.066
0.093,0.3,0.865,0.286,0.327,-0.538
-0.262,0.851,2.807,0.809,0.433,-2.374
-0.232,0.849,2.258,0.816,0.939,-1.319
0.306,0.977,3.25,0.928,1.573,-1.678
0.133,0.644,2.301,0.63,1.488,-0.812
-0.114,0.96,2.976,0.954,0.749,-2.227
0.171,0.684,2.047,0.663,1.087,-0.96
-0.23,0.99,3.187,0.963,1.214,-1.973
0.576,0.619,0.781,0.225,1.066,0.285
0.099,0.307,0.908,0.29,0.475,-0.433
-0.268,0.73,1.815,0.679,0.391,-1.425
-0.008,0.517,1.9,0.517,0.623,-1.277
-0.063,0.468,1.752,0.464,0.391,-1.361
-0.464,1.091,3.377,0.987,0.538,-2.839
0.087,0.217,0.591,0.198,0.348,-0.243
-0.036,0.437,1.773,0.435,0.538,-1.235
0.078,0.419,1.435,0.412,0.433,-1.002
-0.177,0.79,2.111,0.769,0.834,-1.277
-0.029,0.67,1.688,0.67,0.517,-1.171
-0.61,1.256,3.377,1.098,0.581,-2.796
-0.002,0.531,1.625,0.531,0.559,-1.066
0.044,0.655,1.942,0.653,0.834,-1.108
0.331,0.607,1.752,0.509,0.855,-0.897
0.123,0.566,2.111,0.553,1.003,-1.108
-0.388,1.069,2.512,0.996,0.77,-1.741
-0.525,0.85,2.132,0.668,0.369,-1.762
0.074,0.721,2.132,0.717,1.193,-0.939
-0.329,0.934,2.744,0.874,1.361,-1.382
-0.175,0.926,2.385,0.909,0.623,-1.762
-0.293,1.132,2.702,1.093,0.792,-1.91
-0.057,0.784,2.68,0.782,0.982,-1.699
0.019,0.439,1.435,0.439,0.581,-0.855
0.066,0.355,0.992,0.349,0.433,-0.559
-0.095,0.595,1.71,0.587,0.686,-1.024
-0.249,0.654,1.541,0.605,0.391,-1.15
-0.173,0.765,2.638,0.745,0.454,-2.184
0.112,0.734,2.406,0.725,1.298,-1.108
0.07,0.687,2.09,0.683,0.855,-1.235
0.123,0.501,1.836,0.486,1.066,-0.77
0.057,0.266,0.781,0.26,0.412,-0.369
0.234,0.462,1.604,0.399,1.15,-0.454
0.142,0.284,0.908,0.246,0.433,-0.475
-0.228,0.627,1.984,0.584,0.496,-1.488
-0.137,0.512,1.731,0.493,0.327,-1.403
-0.462,0.846,2.09,0.709,0.707,-1.382
-0.304,0.652,1.625,0.577,0.116,-1.509
-0.146,0.327,0.865,0.293,0.285,-0.58
-0.297,0.55,1.52,0.463,0.369,-1.15
-0.114,0.354,1.287,0.335,0.327,-0.96
-0.23,0.468,1.773,0.408,0.686,-1.087
-0.146,0.828,2.702,0.815,0.855,-1.847
-0.072,0.418,1.287,0.412,0.665,-0.623
-0.382,0.566,1.456,0.418,0.391,-1.066
0.066,0.748,2.913,0.745,1.594,-1.319
-0.127,0.709,2.638,0.698,0.517,-2.121
-0.179,0.801,2.491,0.781,1.045,-1.446
-0.511,0.763,1.773,0.566,0.433,-1.34
0.234,0.582,1.562,0.533,1.108,-0.454
-0.181,0.589,1.646,0.561,0.581,-1.066
0.194,0.673,2.68,0.644,1.467,-1.213
-0.108,0.568,1.942,0.558,0.623,-1.319
0.279,0.894,3.715,0.85,1.995,-1.72
0.177,0.492,1.773,0.459,0.77,-1.002
-0.118,0.393,1.351,0.375,0.348,-1.002
0.03,0.811,3.103,0.81,2.016,-1.087
-0.213,0.537,1.351,0.493,0.348,-1.002
0.076,0.838,2.596,0.834,1.615,-0.981
-0.354,0.674,2.132,0.573,0.369,-1.762
-0.34,0.755,2.469,0.675,0.433,-2.037
-0.35,0.518,1.224,0.381,0.412,-0.812
0.142,0.267,0.612,0.227,0.412,-0.2
-0.015,0.434,1.477,0.434,1.003,-0.475
0.118,0.45,1.646,0.434,0.96,-0.686
-0.209,0.655,1.773,0.621,0.412,-1.361
0.131,0.302,0.76,0.272,0.581,-0.179
-0.205,0.539,1.562,0.498,0.412,-1.15
0.097,0.922,3.271,0.917,2.417,-0.855
0.323,0.793,1.815,0.724,1.404,-0.411
0.422,1.002,3.039,0.909,2.67,-0.369
0.275,0.665,2.111,0.605,1.974,-0.137
-0.46,0.693,1.499,0.519,0.116,-1.382
-0.568,0.84,1.815,0.619,0.264,-1.551
-0.184,0.92,3.314,0.902,1.298,-2.016
0.251,0.768,1.963,0.726,1.678,-0.285
-0.093,0.739,2.955,0.733,1.277,-1.678
0.066,0.907,3.335,0.905,1.551,-1.783
0.108,0.954,3.567,0.948,1.91,-1.657
-0.002,0.495,1.773,0.495,1.404,-0.369
-0.036,0.631,2.512,0.63,1.678,-0.834
-0.274,0.981,3.63,0.942,1.573,-2.058
-0.127,0.573,1.984,0.559,0.264,-1.72
-0.029,0.731,2.702,0.73,1.594,-1.108
-0.283,0.827,2.659,0.777,0.559,-2.1
-0.2,0.728,2.659,0.7,0.433,-2.227
-0.31,0.622,1.541,0.54,0.222,-1.319
-0.114,0.483,1.857,0.47,0.433,-1.425
-0.11,0.488,1.773,0.476,0.665,-1.108
0.017,0.455,1.604,0.455,0.517,-1.087
-0.152,0.714,2.744,0.697,1.53,-1.213
-0.616,1.062,2.301,0.865,0.264,-2.037
-0.515,0.914,2.195,0.755,0.074,-2.121
-0.401,0.541,1.52,0.363,0.285,-1.235
-0.437,0.833,2.385,0.709,0.18,-2.205
0.053,0.331,0.886,0.327,0.412,-0.475
-0.416,0.554,1.33,0.367,0.053,-1.277
-0.378,0.456,0.844,0.255,0.074,-0.77
-0.724,0.789,0.929,0.315,-0.243,-1.171
-0.8,1.099,2.659,0.754,0.644,-2.016
-0.553,0.628,1.055,0.298,0.116,-0.939
-0.728,1.027,1.963,0.725,0.011,-1.952
-0.758,0.881,1.372,0.451,-0.074,-1.446
-0.538,0.669,1.203,0.397,-0.074,-1.277
-0.547,0.635,1.119,0.324,-0.032,-1.15
-0.667,0.744,1.182,0.33,-0.327,-1.509
-0.49,0.839,2.786,0.682,1.256,-1.53
-0.333,0.428,0.886,0.268,-0.053,-0.939
-0.608,0.709,1.287,0.366,0.095,-1.192
-0.424,0.799,1.942,0.677,0.285,-1.657
-0.477,0.542,0.929,0.257,0.116,-0.812
-0.363,0.649,1.963,0.538,0.412,-1.551
-0.268,0.715,1.836,0.663,0.454,-1.382
-0.483,1.004,2.448,0.88,0.327,-2.121
-0.563,0.972,2.638,0.792,0.517,-2.121
-0.49,0.914,2.195,0.772,0.412,-1.783
0.224,0.917,2.892,0.889,1.762,-1.129
-0.274,0.857,2.322,0.812,0.686,-1.636
-0.625,0.875,1.9,0.613,0.285,-1.614
-0.266,1.008,2.765,0.972,1.024,-1.741
-0.063,0.611,2.174,0.608,0.433,-1.741
0.112,0.616,1.815,0.606,0.855,-0.96
-0.207,0.709,2.005,0.678,0.813,-1.192
-0.175,0.459,1.372,0.425,0.327,-1.045
-0.008,0.417,1.33,0.417,0.834,-0.496
-0.447,1.112,2.934,1.018,0.517,-2.417
-0.232,0.439,1.266,0.373,0.433,-0.834
-0.24,0.501,1.731,0.44,0.496,-1.235
-0.502,0.635,1.224,0.389,0.011,-1.213
-0.262,0.387,1.055,0.286,0.433,-0.623
-0.456,0.612,1.393,0.408,0.327,-1.066
-0.036,0.349,0.844,0.347,0.433,-0.411
0.099,0.401,1.309,0.388,0.855,-0.454
-0.133,0.351,1.287,0.325,0.581,-0.707
-0.002,0.536,1.688,0.536,0.939,-0.749
-0.38,0.558,1.245,0.408,0.264,-0.981
-0.604,0.938,2.343,0.718,0.77,-1.572
-0.401,0.72,2.491,0.598,0.602,-1.889
-0.16,0.489,1.731,0.462,0.475,-1.256
-0.029,0.415,1.351,0.414,0.876,-0.475
-0.167,0.365,1.013,0.324,0.264,-0.749
-0.192,0.332,1.076,0.27,0.243,-0.834
-0.141,0.365,1.034,0.337,0.433,-0.601
-0.154,0.364,1.119,0.33,0.327,-0.791
-0.006,0.224,0.591,0.224,0.327,-0.264
-0.416,0.728,1.963,0.598,0.327,-1.636
-0.466,0.684,1.815,0.501,0.095,-1.72
-0.295,0.494,1.52,0.396,0.285,-1.235
0.281,0.399,0.908,0.283,0.707,-0.2
0.144,0.775,2.322,0.761,1.108,-1.213
-0.025,0.605,1.984,0.604,0.644,-1.34
-0.146,0.47,1.52,0.447,0.327,-1.192
0.053,0.342,1.119,0.337,0.496,-0.623
0.021,0.294,0.886,0.293,0.517,-0.369
0.391,1.336,4.306,1.278,2.691,-1.614
0.0,0.311,0.865,0.311,0.412,-0.454
0.028,0.327,1.245,0.326,0.623,-0.623
-0.272,0.509,1.499,0.43,0.602,-0.897
-0.095,0.313,0.929,0.299,0.496,-0.433
-0.152,0.859,3.018,0.845,0.559,-2.459
0.431,0.911,2.279,0.802,1.488,-0.791
-0.23,0.922,3.63,0.893,1.741,-1.889
-0.346,0.427,0.802,0.25,0.18,-0.623
0.18,0.912,2.997,0.895,2.079,-0.918
0.773,1.006,1.435,0.644,1.446,0.011
0.135,0.837,2.427,0.826,1.889,-0.538
0.165,0.808,2.744,0.791,1.446,-1.298
0.108,0.561,1.9,0.551,1.467,-0.433
0.021,0.308,0.95,0.307,0.602,-0.348
-0.452,0.629,1.71,0.438,0.053,-1.657
-0.31,0.468,1.33,0.35,0.538,-0.791
-0.148,0.652,2.301,0.635,0.665,-1.636
-0.095,0.408,1.435,0.396,0.644,-0.791
0.243,0.766,2.744,0.727,2.079,-0.665
-0.086,0.325,0.95,0.313,0.391,-0.559
0.275,0.409,1.034,0.303,0.876,-0.158
0.082,0.337,1.14,0.327,0.602,-0.538
0.129,0.446,1.351,0.427,0.728,-0.623
0.091,0.311,1.034,0.298,0.665,-0.369
0.104,0.292,0.971,0.273,0.77,-0.2
0.028,0.464,1.794,0.463,0.559,-1.235
0.097,0.233,0.654,0.212,0.412,-0.243
-0.141,0.34,0.823,0.309,0.243,-0.58
0.127,0.892,3.293,0.883,1.066,-2.227
0.099,0.324,1.098,0.309,0.728,-0.369
-0.074,0.819,2.849,0.816,0.728,-2.121
-0.473,0.864,2.068,0.723,0.243,-1.826
0.101,0.627,2.09,0.619,0.644,-1.446
0.329,0.453,1.098,0.312,0.855,-0.243
0.376,0.54,1.098,0.387,1.172,0.074
0.256,0.489,1.625,0.417,1.003,-0.623
0.218,0.667,2.385,0.631,0.96,-1.425
-0.025,0.837,3.103,0.837,1.383,-1.72
0.386,0.464,0.886,0.257,0.792,-0.095
-0.025,0.868,2.575,0.868,1.15,-1.425
0.184,0.629,1.984,0.601,0.749,-1.235
0.106,0.474,1.646,0.462,0.665,-0.981
0.163,0.635,2.448,0.613,1.066,-1.382
0.129,0.318,0.95,0.291,0.623,-0.327
0.089,0.536,1.921,0.528,0.77,-1.15
0.089,0.688,2.765,0.682,1.678,-1.087
0.509,0.822,2.554,0.646,2.016,-0.538
-0.202,0.686,2.322,0.655,0.327,-1.994
-0.211,1.327,3.989,1.31,2.206,-1.783
-0.386,0.776,2.216,0.673,0.369,-1.847
-0.141,0.338,0.992,0.308,0.348,-0.644
-0.354,0.645,1.9,0.539,0.074,-1.826
-0.228,0.745,2.554,0.709,0.391,-2.163
0.038,0.67,2.554,0.669,0.644,-1.91
-0.112,0.632,2.153,0.622,1.319,-0.834
-0.439,0.723,1.773,0.574,0.243,-1.53
0.011,0.241,0.992,0.24,0.412,-0.58
-0.449,0.603,1.435,0.402,-0.01,-1.446
-0.063,0.269,0.781,0.261,0.496,-0.285
-0.357,0.705,2.195,0.608,0.243,-1.952
0.163,0.412,1.351,0.379,0.602,-0.749
-0.122,0.41,1.562,0.391,0.77,-0.791
-0.089,0.295,0.886,0.282,0.285,-0.601
-0.16,1.01,3.672,0.997,1.235,-2.438
-0.538,0.989,3.483,0.83,1.404,-2.079
-1.015,1.175,1.52,0.592,-0.179,-1.699
-0.386,1.239,3.039,1.177,1.361,-1.678
-0.732,1.225,2.723,0.982,0.855,-1.868
0.038,0.979,3.609,0.978,1.931,-1.678
-0.152,0.495,1.963,0.471,0.602,-1.361
-0.194,0.826,2.849,0.803,1.53,-1.319
