mean,RMS,ptp,std,max,min
-0.098,0.171,0.343,0.14,0.081,-0.262
-0.012,0.052,0.107,0.051,0.059,-0.048
0.274,0.295,0.257,0.109,0.424,0.166
0.209,0.209,0.0,0.0,0.209,0.209
0.445,0.514,0.557,0.258,0.81,0.252
0.274,0.313,0.322,0.152,0.488,0.166
0.388,0.39,0.086,0.036,0.424,0.338
0.381,0.381,0.0,0.0,0.381,0.381
-1.077,1.326,1.651,0.773,0.016,-1.635
0.074,0.108,0.193,0.079,0.166,-0.027
-0.148,1.0,2.273,0.989,0.745,-1.527
0.245,0.464,0.965,0.394,0.724,-0.241
-0.134,1.051,2.551,1.043,1.11,-1.442
0.953,0.962,0.279,0.131,1.046,0.767
0.016,0.983,2.251,0.983,0.895,-1.356
-0.112,0.826,1.737,0.819,0.467,-1.27
0.088,0.85,1.908,0.845,0.81,-1.099
0.502,0.531,0.364,0.172,0.745,0.381
-0.927,1.343,2.123,0.972,0.445,-1.677
0.502,0.512,0.214,0.101,0.574,0.359
0.531,0.534,0.129,0.053,0.595,0.467
0.102,0.119,0.129,0.061,0.188,0.059
-0.048,0.871,1.951,0.87,0.681,-1.27
-0.92,1.218,1.694,0.798,0.209,-1.484
0.081,1.009,2.337,1.006,1.024,-1.313
0.617,0.635,0.322,0.152,0.831,0.51
0.145,0.998,2.166,0.987,0.917,-1.249
0.552,0.553,0.064,0.03,0.595,0.531
-0.548,1.27,2.53,1.145,1.067,-1.463
-1.17,1.653,2.852,1.168,0.188,-2.664
-0.441,1.049,2.144,0.952,0.895,-1.249
0.51,0.618,0.836,0.35,0.874,0.038
0.031,0.498,1.201,0.497,0.574,-0.627
0.517,0.621,0.75,0.344,1.003,0.252
-0.069,0.869,1.908,0.866,0.617,-1.292
0.002,0.769,1.737,0.769,0.66,-1.077
-0.963,1.034,0.879,0.377,-0.605,-1.484
-0.412,0.934,2.037,0.838,0.681,-1.356
0.281,0.439,0.793,0.338,0.745,-0.048
0.045,0.411,0.986,0.409,0.488,-0.498
-0.198,0.788,1.715,0.763,0.445,-1.27
0.002,0.798,1.865,0.798,0.767,-1.099
0.838,0.841,0.15,0.071,0.938,0.788
-0.169,0.819,1.951,0.801,0.745,-1.206
0.124,1.197,2.766,1.191,1.239,-1.527
-0.262,1.039,2.337,1.006,1.131,-1.206
0.581,1.084,1.973,0.915,1.26,-0.713
1.067,1.128,0.815,0.366,1.367,0.552
-0.141,1.006,2.316,0.996,1.239,-1.077
0.052,1.019,2.294,1.018,0.917,-1.377
-0.655,0.983,1.565,0.733,0.381,-1.184
0.031,1.053,2.466,1.053,1.046,-1.42
0.188,0.559,1.222,0.526,0.681,-0.541
0.231,0.793,1.651,0.759,0.81,-0.841
-0.205,0.901,1.951,0.878,0.51,-1.442
0.088,0.908,2.015,0.904,0.831,-1.184
-0.77,1.093,1.758,0.775,0.317,-1.442
0.059,0.719,1.737,0.717,0.853,-0.884
0.216,1.176,2.83,1.156,1.603,-1.227
-0.077,0.864,1.887,0.861,0.595,-1.292
0.181,0.644,1.501,0.618,0.874,-0.627
0.753,0.756,0.172,0.071,0.831,0.66
-0.362,1.017,2.015,0.95,0.981,-1.034
0.209,0.935,1.994,0.911,0.917,-1.077
-1.427,1.431,0.214,0.101,-1.356,-1.57
0.209,0.743,1.544,0.713,0.745,-0.798
-0.891,0.912,0.407,0.192,-0.756,-1.163
-0.019,0.86,1.93,0.859,0.702,-1.227
0.481,0.511,0.364,0.172,0.724,0.359
-0.513,1.008,1.973,0.868,0.702,-1.27
1.038,1.051,0.343,0.162,1.153,0.81
0.724,1.16,2.166,0.906,1.667,-0.498
-0.377,1.174,2.359,1.112,1.196,-1.163
0.438,0.956,1.908,0.849,1.153,-0.756
0.753,0.754,0.107,0.051,0.788,0.681
0.281,1.089,2.273,1.052,1.067,-1.206
0.667,0.668,0.086,0.04,0.724,0.638
-0.355,0.842,1.63,0.763,0.724,-0.906
0.945,0.974,0.493,0.232,1.11,0.617
0.459,0.98,1.951,0.866,1.196,-0.756
-0.527,1.453,2.873,1.354,1.389,-1.484
0.374,1.095,2.38,1.029,1.324,-1.056
-0.277,0.946,1.951,0.905,1.003,-0.948
0.381,0.986,2.101,0.91,1.217,-0.884
1.231,1.232,0.086,0.04,1.26,1.174
-0.105,0.979,2.316,0.974,1.217,-1.099
1.003,1.003,0.064,0.03,1.046,0.981
-0.234,0.76,1.544,0.723,0.788,-0.756
0.259,0.763,1.522,0.718,0.767,-0.756
-0.027,0.717,1.737,0.717,0.917,-0.82
1.024,1.025,0.064,0.03,1.067,1.003
-0.069,0.822,1.78,0.819,1.088,-0.691
0.96,0.967,0.257,0.121,1.131,0.874
0.66,1.211,2.166,1.016,1.389,-0.777
1.131,1.138,0.257,0.121,1.217,0.96
0.452,1.174,2.38,1.084,1.303,-1.077
0.788,0.791,0.129,0.061,0.874,0.745
0.688,0.866,1.201,0.526,1.153,-0.048
1.06,1.061,0.086,0.04,1.088,1.003
1.117,1.143,0.557,0.242,1.453,0.895
1.646,1.73,1.201,0.534,2.396,1.196
0.417,0.856,1.715,0.748,1.088,-0.627
1.196,1.219,0.579,0.237,1.496,0.917
-0.513,0.522,0.214,0.101,-0.37,-0.584
0.388,0.952,1.865,0.869,1.024,-0.841
0.317,0.6,1.179,0.509,0.788,-0.391
1.174,1.196,0.557,0.228,1.453,0.895
1.367,1.38,0.45,0.189,1.56,1.11
0.731,1.173,2.015,0.917,1.453,-0.563
1.303,1.313,0.386,0.16,1.474,1.088
1.36,1.366,0.3,0.124,1.496,1.196
1.067,1.361,1.994,0.845,1.903,-0.091
0.817,1.456,2.83,1.205,1.989,-0.841
0.967,1.293,1.908,0.858,1.667,-0.241
0.788,1.261,2.316,0.984,1.753,-0.563
0.745,0.962,1.329,0.607,1.217,-0.112
0.667,1.095,2.058,0.869,1.539,-0.52
0.974,1.416,2.251,1.028,1.775,-0.477
0.452,1.047,2.23,0.945,1.389,-0.841
0.645,1.083,1.887,0.87,1.303,-0.584
0.216,0.889,1.908,0.862,1.431,-0.477
1.367,1.368,0.129,0.053,1.431,1.303
0.781,0.936,1.179,0.516,1.239,0.059
0.845,1.186,1.844,0.832,1.517,-0.327
0.853,1.194,1.844,0.836,1.517,-0.327
0.91,1.202,1.737,0.786,1.539,-0.198
0.352,0.876,1.822,0.802,1.474,-0.348
1.303,1.31,0.343,0.14,1.474,1.131
-0.048,0.75,1.758,0.748,0.981,-0.777
0.688,0.883,1.222,0.553,1.131,-0.091
-0.391,0.394,0.107,0.046,-0.327,-0.434
0.438,0.973,1.844,0.869,1.667,-0.177
1.031,1.349,1.865,0.869,1.667,-0.198
-0.327,0.743,1.415,0.667,0.617,-0.798
0.545,0.943,1.737,0.769,1.624,-0.112
1.153,1.159,0.257,0.121,1.324,1.067
0.981,1.253,1.758,0.779,1.646,-0.112
1.624,1.653,0.643,0.303,1.839,1.196
0.903,1.143,1.63,0.701,1.56,-0.069
0.838,1.208,1.844,0.869,1.453,-0.391
1.017,1.436,2.251,1.015,1.839,-0.412
0.738,1.044,1.565,0.738,1.26,-0.305
1.446,1.463,0.536,0.226,1.753,1.217
1.846,1.849,0.236,0.111,1.925,1.689
0.281,0.701,1.479,0.642,1.174,-0.305
0.002,1.041,2.208,1.041,1.474,-0.734
0.996,1.196,1.458,0.663,1.517,0.059
0.138,0.761,1.587,0.748,1.196,-0.391
1.389,1.522,1.458,0.622,1.989,0.531
-0.484,0.516,0.429,0.18,-0.241,-0.67
-0.219,0.259,0.3,0.137,-0.027,-0.327
0.102,0.71,1.587,0.703,1.088,-0.498
0.481,0.85,1.694,0.701,1.41,-0.284
0.631,1.026,1.715,0.809,1.775,0.059
0.881,1.273,2.037,0.918,1.624,-0.412
0.96,1.262,1.737,0.819,1.539,-0.198
0.51,1.069,2.166,0.94,1.817,-0.348
0.888,1.392,2.273,1.071,1.646,-0.627
1.782,1.794,0.493,0.209,1.989,1.496
1.474,1.474,0.0,0.0,1.474,1.474
1.496,1.501,0.279,0.123,1.667,1.389
-0.284,0.29,0.129,0.061,-0.241,-0.37
0.481,0.867,1.715,0.721,1.217,-0.498
0.724,1.116,1.801,0.849,1.324,-0.477
0.817,1.193,1.865,0.869,1.453,-0.412
-0.434,0.586,0.836,0.394,0.124,-0.713
0.245,0.803,1.78,0.764,1.303,-0.477
1.617,1.618,0.107,0.051,1.689,1.582
0.474,1.172,2.316,1.072,1.989,-0.327
1.224,1.484,1.78,0.839,1.817,0.038
0.96,1.28,1.951,0.847,1.732,-0.219
0.681,1.346,2.702,1.161,2.289,-0.412
0.91,1.263,1.908,0.875,1.582,-0.327
1.567,1.582,0.515,0.214,1.796,1.281
1.131,1.454,2.037,0.914,1.882,-0.155
1.16,1.602,2.616,1.105,2.268,-0.348
0.502,0.854,1.544,0.691,1.474,-0.069
0.338,0.687,1.458,0.598,1.11,-0.348
1.667,1.671,0.236,0.106,1.817,1.582
0.302,0.567,1.029,0.48,0.981,-0.048
0.988,1.278,1.78,0.81,1.624,-0.155
0.338,1.033,2.273,0.976,1.689,-0.584
0.166,0.925,2.101,0.91,1.431,-0.67
0.981,1.389,2.251,0.983,1.86,-0.391
0.788,1.239,2.08,0.956,1.517,-0.563
0.86,1.29,2.294,0.961,2.16,-0.134
-0.019,0.041,0.086,0.036,0.016,-0.069
1.589,1.59,0.129,0.053,1.646,1.517
-0.034,0.108,0.236,0.103,0.059,-0.177
0.252,0.802,1.694,0.761,1.324,-0.37
0.595,1.065,2.058,0.884,1.817,-0.241
1.046,1.266,1.565,0.714,1.603,0.038
0.724,1.229,2.316,0.993,2.096,-0.219
1.038,1.338,1.822,0.844,1.667,-0.155
0.259,0.931,1.994,0.894,1.517,-0.477
-0.234,0.32,0.536,0.219,0.038,-0.498
1.324,1.615,1.973,0.925,1.989,0.016
-0.191,0.298,0.536,0.228,0.124,-0.412
-0.098,0.201,0.429,0.175,0.124,-0.305
0.309,1.053,2.187,1.007,1.732,-0.455
1.167,1.605,2.337,1.102,1.946,-0.391
0.524,1.117,2.401,0.987,1.646,-0.756
-0.205,0.229,0.214,0.101,-0.134,-0.348
0.267,0.898,1.908,0.858,1.474,-0.434
-0.47,0.626,0.879,0.414,-0.177,-1.056
0.774,1.099,1.715,0.78,1.389,-0.327
-0.277,0.277,0.021,0.01,-0.262,-0.284
0.438,0.865,1.822,0.746,1.389,-0.434
1.467,1.486,0.493,0.232,1.796,1.303
0.267,0.757,1.608,0.709,1.26,-0.348
0.088,1.045,2.208,1.041,1.56,-0.648
0.181,0.942,2.101,0.924,1.474,-0.627
0.874,1.24,1.865,0.879,1.496,-0.37
0.838,1.065,1.394,0.657,1.303,-0.091
1.246,1.25,0.214,0.101,1.389,1.174
0.052,0.757,1.715,0.755,1.11,-0.605
-0.169,0.197,0.214,0.101,-0.027,-0.241
0.974,1.236,1.737,0.762,1.646,-0.091
1.767,1.857,1.265,0.568,2.568,1.303
0.166,0.872,1.93,0.855,1.367,-0.563
1.61,1.649,0.75,0.354,1.86,1.11
0.252,0.754,1.715,0.711,1.196,-0.52
0.717,1.073,1.694,0.798,1.281,-0.412
0.895,0.934,0.622,0.265,1.26,0.638
1.16,1.506,2.037,0.96,1.839,-0.198
0.552,0.867,1.565,0.669,1.474,-0.091
-0.305,0.341,0.322,0.152,-0.091,-0.412
0.209,0.72,1.565,0.689,1.174,-0.391
0.702,0.871,1.093,0.515,1.431,0.338
0.145,0.868,1.93,0.855,1.346,-0.584
1.46,1.462,0.172,0.081,1.517,1.346
-0.641,0.665,0.407,0.175,-0.477,-0.884
-0.42,0.461,0.407,0.192,-0.284,-0.691
1.882,1.889,0.386,0.169,2.118,1.732
-0.362,0.363,0.043,0.02,-0.348,-0.391
0.295,1.032,2.187,0.989,1.689,-0.498
-0.498,0.502,0.129,0.061,-0.455,-0.584
-0.541,0.563,0.364,0.156,-0.327,-0.691
-0.105,0.182,0.364,0.149,0.081,-0.284
0.238,1.069,2.273,1.042,1.71,-0.563
0.166,0.622,1.372,0.599,1.003,-0.37
-0.255,0.455,0.879,0.377,0.102,-0.777
1.21,1.225,0.429,0.193,1.367,0.938
0.66,1.112,1.951,0.896,1.346,-0.605
0.009,0.7,1.715,0.7,0.874,-0.841
0.081,0.6,1.329,0.594,0.917,-0.412
-0.198,0.281,0.45,0.199,-0.027,-0.477
0.245,0.962,2.015,0.931,1.56,-0.455
0.81,1.174,1.865,0.851,1.474,-0.391
0.059,0.701,1.522,0.698,1.046,-0.477
0.074,0.879,1.973,0.876,1.303,-0.67
-0.219,0.294,0.472,0.195,0.038,-0.434
0.388,1.27,2.873,1.209,2.032,-0.841
-0.134,0.278,0.536,0.243,0.059,-0.477
0.86,1.386,2.616,1.087,2.311,-0.305
0.259,0.855,1.78,0.815,1.41,-0.37
0.374,0.802,1.672,0.709,1.346,-0.327
-0.327,0.406,0.579,0.241,-0.005,-0.584
0.159,0.758,1.694,0.742,1.196,-0.498
0.259,1.071,2.38,1.039,1.71,-0.67
0.066,0.792,1.887,0.789,1.131,-0.756
0.367,1.015,2.166,0.947,1.689,-0.477
0.145,0.83,1.887,0.817,1.281,-0.605
-0.005,1.347,3.238,1.347,1.796,-1.442
0.531,1.201,2.316,1.077,1.324,-0.991
-0.498,0.6,0.815,0.334,-0.112,-0.927
0.152,0.959,2.166,0.947,1.474,-0.691
-0.298,0.378,0.493,0.232,-0.134,-0.627
0.224,1.314,2.959,1.294,2.032,-0.927
0.152,0.932,1.951,0.92,1.453,-0.498
-0.084,0.894,1.908,0.89,1.174,-0.734
-0.741,0.75,0.236,0.111,-0.584,-0.82
-0.041,0.73,1.651,0.729,0.981,-0.67
-0.255,0.308,0.364,0.172,-0.134,-0.498
0.131,0.812,1.908,0.801,1.217,-0.691
-0.634,0.634,0.021,0.01,-0.627,-0.648
-0.298,0.32,0.257,0.117,-0.134,-0.391
0.51,0.839,1.415,0.667,1.453,0.038
0.981,1.37,2.08,0.956,1.71,-0.37
-0.298,0.298,0.021,0.01,-0.284,-0.305
0.259,0.84,1.715,0.799,1.389,-0.327
-0.605,0.606,0.064,0.03,-0.584,-0.648
-0.077,0.207,0.472,0.193,0.166,-0.305
0.545,0.801,1.329,0.586,1.367,0.038
1.153,1.484,2.123,0.934,1.967,-0.155
-0.605,0.699,0.836,0.35,-0.241,-1.077
0.267,0.834,1.822,0.791,1.367,-0.455
-0.241,0.248,0.129,0.061,-0.155,-0.284
1.038,1.509,2.466,1.094,1.967,-0.498
-0.548,0.554,0.172,0.081,-0.434,-0.605
1.024,1.383,2.08,0.93,1.796,-0.284
0.402,1.05,2.058,0.97,1.775,-0.284
0.424,1.113,2.359,1.029,1.86,-0.498
-0.37,0.399,0.322,0.152,-0.155,-0.477
-0.084,0.224,0.45,0.207,0.209,-0.241
0.352,0.938,1.844,0.869,1.582,-0.262
0.517,0.893,1.715,0.729,1.517,-0.198
1.567,1.571,0.236,0.111,1.646,1.41
0.081,0.293,0.686,0.282,0.402,-0.284
0.024,0.026,0.021,0.01,0.038,0.016
-0.227,0.347,0.643,0.263,0.081,-0.563
-0.477,0.485,0.193,0.091,-0.348,-0.541
-0.148,0.347,0.75,0.313,0.274,-0.477
-0.327,0.42,0.643,0.264,-0.027,-0.67
0.402,1.284,2.723,1.219,2.118,-0.605
-0.084,0.16,0.322,0.136,0.102,-0.219
1.174,1.442,1.994,0.838,2.032,0.038
0.445,0.805,1.501,0.671,1.389,-0.112
0.61,1.113,2.037,0.931,1.925,-0.112
0.202,0.959,2.123,0.938,1.517,-0.605
-0.477,0.509,0.429,0.178,-0.284,-0.713
0.717,1.062,1.865,0.784,1.517,-0.348
0.152,1.191,2.723,1.181,1.796,-0.927
-0.184,0.185,0.043,0.02,-0.155,-0.198
-0.084,0.12,0.193,0.086,0.038,-0.155
-0.448,0.482,0.429,0.176,-0.219,-0.648
-0.184,0.288,0.515,0.222,0.124,-0.391
0.917,1.354,2.337,0.997,1.882,-0.455
1.303,1.444,1.329,0.622,1.753,0.424
0.352,0.802,1.608,0.721,1.367,-0.241
-0.198,0.241,0.3,0.137,-0.091,-0.391
1.653,1.656,0.214,0.096,1.732,1.517
0.86,1.183,1.822,0.813,1.539,-0.284
-0.513,0.524,0.257,0.107,-0.37,-0.627
0.402,0.902,1.801,0.807,1.539,-0.262
0.231,0.909,1.865,0.879,1.474,-0.391
0.009,0.142,0.343,0.142,0.166,-0.177
-0.227,0.345,0.622,0.26,0.124,-0.498
-0.091,0.195,0.407,0.172,0.081,-0.327
1.217,1.767,2.873,1.281,2.289,-0.584
-0.148,0.157,0.129,0.053,-0.091,-0.219
0.116,0.931,2.101,0.924,1.41,-0.691
1.417,1.418,0.107,0.051,1.453,1.346
1.167,1.306,1.244,0.586,1.582,0.338
0.774,0.996,1.329,0.627,1.217,-0.112
-0.127,0.219,0.407,0.179,0.124,-0.284
1.167,1.431,1.758,0.829,1.753,-0.005
0.631,1.091,2.08,0.89,1.86,-0.219
0.459,0.802,1.394,0.657,1.389,-0.005
0.938,1.284,2.015,0.877,1.732,-0.284
-0.391,0.46,0.515,0.243,-0.219,-0.734
0.116,0.86,2.015,0.852,1.281,-0.734
0.024,0.047,0.086,0.04,0.081,-0.005
-0.098,0.19,0.386,0.163,0.124,-0.262
1.096,1.31,1.522,0.718,1.603,0.081
1.081,1.262,1.458,0.651,1.624,0.166
0.774,1.069,1.565,0.738,1.817,0.252
-0.005,0.061,0.129,0.061,0.038,-0.091
-0.177,0.277,0.472,0.213,0.124,-0.348
0.295,0.943,1.951,0.896,1.56,-0.391
0.917,1.165,1.694,0.719,1.624,-0.069
1.339,1.354,0.493,0.201,1.582,1.088
-0.312,0.313,0.043,0.02,-0.284,-0.327
1.131,1.284,1.308,0.607,1.582,0.274
0.517,1.081,2.015,0.95,1.86,-0.155
0.417,1.033,2.037,0.945,1.753,-0.284
0.702,1.102,1.801,0.849,1.303,-0.498
-0.412,0.442,0.386,0.158,-0.219,-0.605
0.602,1.0,1.694,0.798,1.732,0.038
0.481,0.808,1.479,0.649,1.389,-0.091
1.532,1.545,0.429,0.202,1.817,1.389
1.031,1.288,1.758,0.772,1.71,-0.048
1.331,1.355,0.536,0.253,1.689,1.153
0.753,1.224,2.058,0.965,2.118,0.059
0.209,0.218,0.129,0.061,0.295,0.166
0.717,1.149,2.037,0.898,1.496,-0.541
0.002,0.202,0.429,0.202,0.145,-0.284
1.281,1.395,1.244,0.55,1.753,0.51
-0.069,0.092,0.129,0.061,0.016,-0.112
0.774,1.047,1.63,0.705,1.753,0.124
0.517,0.767,1.222,0.566,0.938,-0.284
1.482,1.562,1.136,0.496,1.925,0.788
1.417,1.706,2.123,0.95,2.203,0.081
-0.427,0.44,0.257,0.107,-0.284,-0.541
1.01,1.243,1.758,0.725,1.817,0.059
0.031,0.186,0.45,0.184,0.252,-0.198
0.502,1.031,1.951,0.9,1.775,-0.177
0.531,0.915,1.737,0.745,1.56,-0.177
0.474,1.029,2.144,0.914,1.732,-0.412
0.066,0.82,1.822,0.817,1.217,-0.605
0.159,1.02,2.208,1.008,1.582,-0.627
0.86,1.301,2.359,0.976,1.925,-0.434
1.096,1.427,1.973,0.915,1.775,-0.198
0.717,0.964,1.437,0.645,1.624,0.188
0.602,0.812,1.286,0.544,1.346,0.059
-0.084,0.135,0.257,0.106,0.038,-0.219
0.388,0.915,1.78,0.829,1.56,-0.219
0.91,1.143,1.63,0.692,1.86,0.231
0.452,0.757,1.437,0.607,1.281,-0.155
1.096,1.467,2.101,0.976,1.817,-0.284
0.795,1.124,1.694,0.793,1.367,-0.327
1.239,1.454,1.822,0.762,2.032,0.209
1.296,1.598,2.015,0.935,1.989,-0.027
1.639,1.649,0.45,0.184,1.86,1.41
1.26,1.477,1.78,0.771,1.967,0.188
1.081,1.414,2.058,0.912,1.86,-0.198
0.574,1.115,2.08,0.956,1.925,-0.155
0.602,1.027,1.951,0.831,1.41,-0.541
1.124,1.345,1.715,0.738,1.817,0.102
1.339,1.34,0.172,0.071,1.431,1.26
0.174,0.761,1.651,0.741,1.217,-0.434
1.296,1.298,0.172,0.081,1.41,1.239
0.917,1.17,1.78,0.727,1.796,0.016
1.867,1.869,0.172,0.081,1.925,1.753
0.488,0.879,1.63,0.731,1.517,-0.112
1.653,1.654,0.086,0.04,1.71,1.624
0.395,0.884,1.822,0.791,1.496,-0.327
0.61,1.037,1.78,0.839,1.796,0.016
1.017,1.22,1.63,0.674,1.753,0.124
-0.184,0.312,0.536,0.253,-0.005,-0.541
1.138,1.435,2.101,0.873,2.075,-0.027
-0.298,0.372,0.472,0.222,0.016,-0.455
0.524,0.721,1.179,0.495,1.196,0.016
0.795,1.113,1.651,0.778,1.346,-0.305
0.345,0.708,1.501,0.618,1.153,-0.348
1.71,1.746,0.858,0.351,2.16,1.303
0.61,0.886,1.394,0.642,1.517,0.124
1.117,1.397,1.822,0.84,1.753,-0.069
0.359,0.853,1.672,0.774,1.453,-0.219
0.066,0.787,1.715,0.785,1.174,-0.541
0.166,0.676,1.458,0.655,1.088,-0.37
1.167,1.365,1.501,0.708,1.667,0.166
0.531,1.074,2.123,0.934,1.839,-0.284
-0.462,0.49,0.343,0.162,-0.348,-0.691
-0.32,0.387,0.493,0.219,-0.134,-0.627
0.474,1.089,2.08,0.98,1.86,-0.219
-0.162,0.2,0.279,0.117,-0.005,-0.284
-0.327,0.374,0.386,0.182,-0.069,-0.455
0.724,1.165,2.015,0.912,2.01,-0.005
-0.341,0.341,0.021,0.01,-0.327,-0.348
0.074,0.472,1.072,0.467,0.724,-0.348
-0.212,0.273,0.364,0.172,-0.091,-0.455
-0.334,0.394,0.472,0.209,-0.155,-0.627
1.389,1.712,2.123,1.001,2.096,-0.027
0.045,0.154,0.322,0.147,0.252,-0.069
-0.105,0.153,0.236,0.111,-0.027,-0.262
0.252,0.988,2.037,0.955,1.603,-0.434
0.309,0.543,0.986,0.446,0.938,-0.048
-0.198,0.226,0.257,0.109,-0.091,-0.348
0.059,0.177,0.407,0.167,0.274,-0.134
0.102,0.458,1.029,0.447,0.724,-0.305
0.367,0.845,1.844,0.761,1.367,-0.477
0.424,0.925,1.822,0.822,1.582,-0.241
0.438,0.83,1.651,0.705,1.41,-0.241
-0.377,0.406,0.364,0.151,-0.177,-0.541
-0.441,0.488,0.493,0.209,-0.155,-0.648
0.567,0.957,1.758,0.772,1.646,-0.112
0.195,0.784,1.715,0.759,1.26,-0.455
-0.291,0.611,1.265,0.537,0.445,-0.82
1.546,1.55,0.279,0.119,1.71,1.431
0.388,0.931,1.865,0.846,1.582,-0.284
-0.791,0.908,0.965,0.445,-0.455,-1.42
-0.348,0.36,0.214,0.093,-0.262,-0.477
0.074,0.949,2.058,0.946,1.41,-0.648
-0.305,0.372,0.472,0.213,-0.005,-0.477
0.131,0.885,2.123,0.876,1.281,-0.841
0.438,1.019,2.23,0.92,1.646,-0.584
-0.384,0.476,0.643,0.281,-0.134,-0.777
-0.305,0.326,0.279,0.115,-0.155,-0.434
-0.72,0.737,0.386,0.158,-0.52,-0.906
-0.798,0.854,0.665,0.304,-0.563,-1.227
0.109,0.702,1.522,0.694,1.088,-0.434
-0.848,0.903,0.686,0.309,-0.412,-1.099
-0.613,0.627,0.322,0.136,-0.477,-0.798
-0.241,0.279,0.343,0.14,-0.069,-0.412
0.066,0.681,1.458,0.677,1.024,-0.434
0.524,0.856,1.437,0.677,1.003,-0.434
-0.534,0.543,0.214,0.101,-0.391,-0.605
-0.348,0.36,0.193,0.091,-0.284,-0.477
-0.205,0.367,0.708,0.304,0.081,-0.627
0.474,1.171,2.273,1.071,1.989,-0.284
0.152,0.913,2.058,0.9,1.41,-0.648
-0.834,0.927,0.858,0.404,-0.262,-1.12
-0.084,0.924,1.994,0.92,1.217,-0.777
0.016,0.94,1.994,0.94,1.346,-0.648
-0.134,0.684,1.501,0.671,0.81,-0.691
-0.42,0.42,0.043,0.02,-0.391,-0.434
-0.47,0.483,0.279,0.114,-0.327,-0.605
-0.498,0.499,0.064,0.03,-0.455,-0.52
-0.62,0.626,0.214,0.088,-0.52,-0.734
0.86,1.43,2.423,1.142,1.667,-0.756
0.009,1.055,2.444,1.055,1.474,-0.97
-0.341,0.537,0.879,0.414,-0.048,-0.927
0.059,1.167,2.659,1.165,1.689,-0.97
-0.291,0.719,1.437,0.658,0.638,-0.798
-0.598,0.627,0.429,0.189,-0.434,-0.863
-0.377,0.399,0.279,0.131,-0.284,-0.563
-0.248,0.689,1.394,0.642,0.66,-0.734
0.581,0.9,1.458,0.687,1.067,-0.391
-0.019,0.763,1.801,0.763,1.024,-0.777
-0.584,0.645,0.579,0.273,-0.198,-0.777
-0.47,0.489,0.322,0.136,-0.284,-0.605
-0.155,0.833,1.737,0.819,1.003,-0.734
-0.863,0.925,0.729,0.334,-0.605,-1.334
0.917,1.19,1.608,0.758,1.453,-0.155
0.081,1.05,2.251,1.046,1.56,-0.691
-0.598,0.622,0.364,0.172,-0.477,-0.841
-0.477,0.488,0.257,0.105,-0.348,-0.605
-0.613,0.634,0.343,0.162,-0.498,-0.841
-0.127,0.85,1.93,0.841,1.046,-0.884
0.481,0.855,1.501,0.708,0.981,-0.52
0.031,0.855,1.822,0.854,1.239,-0.584
-0.806,0.854,0.686,0.283,-0.434,-1.12
-0.198,0.923,2.037,0.902,1.067,-0.97
-0.034,0.798,1.78,0.797,1.088,-0.691
-0.505,0.592,0.729,0.308,-0.198,-0.927
-0.334,0.972,2.101,0.913,0.938,-1.163
-0.748,0.776,0.493,0.204,-0.477,-0.97
-0.963,0.982,0.472,0.193,-0.734,-1.206
-0.234,0.775,1.608,0.739,0.81,-0.798
0.574,1.236,2.423,1.095,1.453,-0.97
-0.72,0.75,0.515,0.211,-0.477,-0.991
-0.391,0.742,1.544,0.63,0.381,-1.163
-0.763,0.847,0.901,0.368,-0.305,-1.206
-0.398,0.821,1.672,0.718,0.595,-1.077
-0.948,0.959,0.322,0.139,-0.756,-1.077
-0.055,0.951,2.208,0.95,1.26,-0.948
-0.984,0.993,0.3,0.129,-0.863,-1.163
-0.312,0.981,2.144,0.93,0.981,-1.163
-0.412,0.961,1.93,0.868,0.81,-1.12
-0.777,0.789,0.322,0.139,-0.584,-0.906
-0.462,0.48,0.279,0.127,-0.284,-0.563
-0.641,0.659,0.364,0.153,-0.434,-0.798
-0.062,0.839,1.93,0.837,0.702,-1.227
-1.156,1.19,0.686,0.283,-0.841,-1.527
-0.934,0.939,0.236,0.1,-0.798,-1.034
-0.898,0.929,0.515,0.238,-0.563,-1.077
0.152,0.945,2.058,0.933,0.895,-1.163
-0.913,0.978,0.815,0.351,-0.584,-1.399
-0.891,0.904,0.364,0.153,-0.734,-1.099
-0.219,0.806,1.715,0.776,0.874,-0.841
-1.156,1.199,0.772,0.319,-0.734,-1.506
0.209,0.828,1.844,0.801,0.938,-0.906
-0.262,0.889,1.801,0.849,0.938,-0.863
-1.163,1.175,0.407,0.167,-0.948,-1.356
-1.17,1.179,0.3,0.142,-0.97,-1.27
-0.977,0.991,0.364,0.163,-0.841,-1.206
-1.17,1.171,0.107,0.051,-1.099,-1.206
-0.055,0.789,1.887,0.787,1.003,-0.884
-0.748,0.75,0.107,0.051,-0.713,-0.82
-1.077,1.091,0.429,0.175,-0.863,-1.292
-1.099,1.099,0.064,0.03,-1.077,-1.141
-0.698,0.98,1.501,0.688,0.274,-1.227
0.081,1.125,2.38,1.122,0.874,-1.506
-0.027,0.607,1.308,0.607,0.424,-0.884
-0.091,1.065,2.251,1.061,0.66,-1.592
-0.491,1.105,2.251,0.99,0.895,-1.356
-0.198,0.901,1.865,0.879,0.424,-1.442
-0.248,1.015,2.38,0.984,0.831,-1.549
0.381,0.418,0.407,0.172,0.617,0.209
-0.57,0.977,1.715,0.794,0.552,-1.163
-0.748,0.795,0.6,0.269,-0.37,-0.97
-1.42,1.424,0.236,0.106,-1.334,-1.57
-1.299,1.314,0.429,0.202,-1.013,-1.442
-1.306,1.351,0.836,0.346,-0.927,-1.763
0.724,0.724,0.0,0.0,0.724,0.724
0.016,0.835,1.822,0.835,0.66,-1.163
0.488,0.545,0.515,0.243,0.831,0.317
-1.127,1.242,1.158,0.522,-0.391,-1.549
-1.32,1.346,0.557,0.263,-0.948,-1.506
-1.284,1.296,0.429,0.175,-1.077,-1.506
-1.313,1.322,0.322,0.152,-1.099,-1.42
-0.62,1.011,1.737,0.799,0.51,-1.227
-0.691,0.9,1.222,0.576,0.124,-1.099
-1.091,1.131,0.643,0.298,-0.67,-1.313
-1.134,1.134,0.043,0.02,-1.12,-1.163
-0.048,0.621,1.437,0.619,0.531,-0.906
-0.591,0.861,1.329,0.627,0.295,-1.034
-1.356,1.365,0.386,0.158,-1.163,-1.549
-1.099,1.121,0.536,0.224,-0.863,-1.399
-0.412,1.125,2.251,1.046,1.067,-1.184
-1.22,1.251,0.643,0.275,-0.841,-1.484
-0.663,1.004,1.651,0.754,0.402,-1.249
-0.284,0.972,2.166,0.93,0.595,-1.57
-0.384,0.665,1.329,0.543,0.295,-1.034
-0.262,0.978,2.23,0.942,0.681,-1.549
-0.913,1.092,1.329,0.599,-0.069,-1.399
-1.52,1.521,0.15,0.061,-1.442,-1.592
-0.384,0.792,1.565,0.693,0.209,-1.356
-1.47,1.475,0.279,0.117,-1.313,-1.592
-1.113,1.414,2.058,0.872,0.081,-1.978
-1.22,1.335,1.201,0.543,-0.455,-1.656
-0.877,1.194,1.865,0.811,0.252,-1.613
-0.47,0.981,1.951,0.862,0.274,-1.677
-1.742,1.748,0.343,0.143,-1.549,-1.892
-0.334,0.755,1.437,0.677,0.145,-1.292
-1.184,1.561,2.208,1.017,0.252,-1.956
-0.627,0.991,1.758,0.768,0.059,-1.699
-1.62,1.639,0.579,0.245,-1.377,-1.956
-1.127,1.358,1.737,0.758,-0.069,-1.806
-1.477,1.494,0.493,0.223,-1.163,-1.656
-1.191,1.5,2.144,0.911,0.059,-2.085
-1.241,1.52,1.951,0.878,-0.005,-1.956
-0.848,1.297,2.123,0.981,-0.112,-2.235
-1.02,1.392,2.08,0.947,0.317,-1.763
-1.02,1.505,2.509,1.107,0.531,-1.978
-0.913,1.273,1.973,0.888,0.338,-1.635
-1.735,1.765,0.793,0.329,-1.377,-2.171
-0.948,1.283,1.994,0.864,0.252,-1.742
-1.184,1.541,2.123,0.986,0.209,-1.913
-0.527,0.988,1.994,0.835,0.338,-1.656
-1.663,1.678,0.536,0.22,-1.377,-1.913
-1.02,1.149,1.222,0.529,-0.284,-1.506
-1.027,1.481,2.423,1.067,0.467,-1.956
-0.441,1.021,1.994,0.92,0.252,-1.742
-0.205,0.24,0.3,0.124,-0.069,-0.37
-1.735,1.777,0.815,0.384,-1.463,-2.278
-0.756,1.077,1.844,0.768,0.059,-1.785
-0.105,0.635,1.329,0.627,0.338,-0.991
-0.87,1.222,1.908,0.858,0.338,-1.57
0.152,0.489,0.986,0.465,0.81,-0.177
-0.141,0.571,1.308,0.554,0.617,-0.691
-2.171,2.188,0.579,0.273,-1.978,-2.557
-0.527,0.937,1.822,0.775,0.231,-1.592
-0.67,1.081,1.801,0.849,-0.069,-1.87
-0.498,1.051,2.187,0.925,0.767,-1.42
-1.399,1.471,0.965,0.455,-0.756,-1.72
-1.141,1.277,1.372,0.573,-0.37,-1.742
-1.263,1.562,1.951,0.92,0.038,-1.913
-1.227,1.23,0.193,0.08,-1.141,-1.334
-1.099,1.125,0.515,0.243,-0.927,-1.442
-1.063,1.088,0.557,0.231,-0.756,-1.313
-1.284,1.301,0.472,0.209,-0.991,-1.463
-1.334,1.339,0.279,0.115,-1.184,-1.463
-0.705,0.851,1.008,0.475,-0.37,-1.377
-0.513,0.844,1.63,0.67,0.359,-1.27
-1.199,1.25,0.75,0.354,-0.948,-1.699
-1.442,1.465,0.579,0.259,-1.077,-1.656
-1.449,1.449,0.043,0.02,-1.42,-1.463
-1.349,1.372,0.557,0.253,-0.991,-1.549
-0.691,0.743,0.579,0.273,-0.305,-0.884
-1.563,1.608,0.858,0.378,-1.034,-1.892
-1.613,1.616,0.193,0.091,-1.484,-1.677
-1.62,1.625,0.3,0.129,-1.442,-1.742
-1.52,1.52,0.043,0.02,-1.506,-1.549
-1.456,1.48,0.579,0.268,-1.077,-1.656
-0.934,1.062,1.072,0.505,-0.219,-1.292
-1.677,1.704,0.729,0.299,-1.292,-2.021
-1.535,1.543,0.343,0.162,-1.42,-1.763
-1.863,1.882,0.643,0.266,-1.57,-2.213
-0.834,0.991,1.136,0.536,-0.455,-1.592
-1.484,1.507,0.622,0.258,-1.206,-1.828
-1.57,1.599,0.643,0.303,-1.141,-1.785
-1.163,1.473,2.058,0.904,0.102,-1.956
-1.392,1.41,0.557,0.228,-1.099,-1.656
-1.492,1.503,0.45,0.187,-1.292,-1.742
-1.492,1.541,0.943,0.388,-1.056,-1.999
-1.499,1.499,0.086,0.036,-1.463,-1.549
-1.227,1.484,1.93,0.834,-0.069,-1.999
-1.449,1.476,0.686,0.281,-1.12,-1.806
-0.977,1.225,1.737,0.739,0.038,-1.699
-0.841,1.104,1.587,0.715,0.166,-1.42
-1.434,1.485,0.836,0.384,-1.141,-1.978
-1.849,1.869,0.6,0.273,-1.463,-2.063
-1.477,1.496,0.515,0.233,-1.292,-1.806
-1.484,1.494,0.364,0.167,-1.356,-1.72
-0.948,1.229,1.844,0.782,0.124,-1.72
-0.777,1.125,1.951,0.814,0.317,-1.635
-1.449,1.452,0.236,0.1,-1.313,-1.549
-1.184,1.25,0.965,0.401,-0.648,-1.613
-1.191,1.194,0.193,0.079,-1.099,-1.292
-1.084,1.094,0.322,0.147,-0.97,-1.292
-1.234,1.255,0.536,0.226,-0.927,-1.463
-1.649,1.653,0.3,0.123,-1.506,-1.806
-1.306,1.316,0.364,0.163,-1.077,-1.442
-1.306,1.309,0.214,0.09,-1.184,-1.399
-1.649,1.788,1.651,0.692,-0.713,-2.364
-0.963,1.129,1.329,0.59,-0.134,-1.463
-0.791,0.965,1.351,0.553,-0.091,-1.442
-1.177,1.23,0.815,0.358,-0.863,-1.677
-1.234,1.274,0.772,0.315,-0.841,-1.613
-1.342,1.351,0.364,0.159,-1.12,-1.484
-1.62,1.645,0.622,0.284,-1.399,-2.021
-1.141,1.451,1.973,0.897,0.124,-1.849
-1.027,1.116,1.072,0.438,-0.498,-1.57
-1.749,1.769,0.557,0.263,-1.377,-1.935
-1.106,1.264,1.329,0.612,-0.241,-1.57
-1.542,1.545,0.214,0.101,-1.399,-1.613
-1.427,1.438,0.429,0.176,-1.227,-1.656
-0.398,0.513,0.686,0.323,0.059,-0.627
-0.634,0.963,1.694,0.725,0.059,-1.635
-0.005,0.273,0.579,0.273,0.188,-0.391
-1.77,1.774,0.279,0.117,-1.613,-1.892
-0.663,0.955,1.458,0.687,-0.177,-1.635
-0.691,0.728,0.557,0.23,-0.434,-0.991
-0.913,1.085,1.244,0.586,-0.498,-1.742
-1.041,1.231,1.394,0.657,-0.112,-1.506
-0.105,0.113,0.086,0.04,-0.048,-0.134
-0.727,1.088,1.951,0.81,0.145,-1.806
-1.47,1.47,0.043,0.02,-1.442,-1.484
-0.798,0.88,0.858,0.371,-0.284,-1.141
-1.177,1.218,0.665,0.313,-0.734,-1.399
-0.305,0.867,1.908,0.812,0.488,-1.42
-1.091,1.097,0.257,0.113,-0.991,-1.249
-0.42,0.771,1.372,0.647,0.038,-1.334
-1.299,1.314,0.429,0.202,-1.013,-1.442
-0.391,0.961,2.144,0.877,0.638,-1.506
-0.677,0.778,0.815,0.384,-0.134,-0.948
-1.134,1.298,1.351,0.632,-0.241,-1.592
-0.777,0.885,0.901,0.425,-0.477,-1.377
-1.542,1.553,0.45,0.187,-1.292,-1.742
-0.527,0.664,0.858,0.404,-0.241,-1.099
-0.112,0.201,0.407,0.167,0.102,-0.305
-1.563,1.589,0.6,0.283,-1.163,-1.763
-0.756,1.081,1.672,0.774,0.338,-1.334
-0.613,0.814,1.136,0.536,0.145,-0.991
-0.362,0.668,1.372,0.562,0.295,-1.077
-1.184,1.186,0.129,0.061,-1.141,-1.27
-0.798,1.007,1.479,0.613,0.016,-1.463
-0.134,0.8,1.672,0.788,0.424,-1.249
-0.684,1.043,1.844,0.788,0.402,-1.442
-0.641,0.945,1.522,0.694,0.338,-1.184
-0.327,0.705,1.394,0.625,0.188,-1.206
-0.92,1.183,1.801,0.744,0.059,-1.742
-0.948,1.243,1.715,0.804,0.188,-1.527
-0.791,1.005,1.458,0.62,0.059,-1.399
-0.87,1.128,1.565,0.718,0.145,-1.42
-0.841,0.933,0.986,0.404,-0.37,-1.356
-0.491,0.726,1.308,0.535,0.188,-1.12
-0.627,1.078,2.101,0.877,0.552,-1.549
-0.52,1.086,2.316,0.953,0.724,-1.592
-0.705,1.03,1.78,0.75,0.317,-1.463
-0.412,0.739,1.394,0.613,0.124,-1.27
-0.048,0.32,0.772,0.317,0.317,-0.455
-0.999,1.001,0.15,0.066,-0.906,-1.056
-0.848,1.293,2.38,0.975,0.402,-1.978
-0.391,0.937,1.887,0.852,0.295,-1.592
-0.756,1.137,1.844,0.85,0.445,-1.399
-0.598,0.703,0.793,0.369,-0.327,-1.12
-0.741,0.939,1.329,0.576,0.059,-1.27
-1.027,1.224,1.479,0.665,-0.091,-1.57
-0.813,1.131,1.758,0.787,0.295,-1.463
-0.963,1.311,1.887,0.889,0.295,-1.592
-0.984,1.328,1.973,0.892,0.274,-1.699
-0.198,0.845,1.822,0.822,0.467,-1.356
-1.392,1.406,0.472,0.199,-1.12,-1.592
-0.57,0.849,1.479,0.629,0.295,-1.184
-0.627,1.233,2.444,1.062,0.853,-1.592
-0.784,1.282,2.294,1.014,0.638,-1.656
-1.156,1.173,0.45,0.203,-0.991,-1.442
-0.806,1.176,1.887,0.856,0.402,-1.484
-1.456,1.489,0.665,0.313,-1.013,-1.677
-0.77,0.983,1.479,0.612,0.038,-1.442
0.131,0.587,1.265,0.573,0.938,-0.327
-1.327,1.327,0.043,0.02,-1.313,-1.356
-0.898,1.197,1.801,0.792,0.209,-1.592
0.331,0.338,0.15,0.071,0.381,0.231
-0.412,1.245,2.637,1.175,0.574,-2.063
0.245,0.248,0.086,0.04,0.274,0.188
-1.091,1.458,2.23,0.966,0.252,-1.978
-1.263,1.737,2.53,1.193,0.424,-2.106
0.002,0.991,2.101,0.991,0.702,-1.399
-0.563,1.282,2.444,1.152,1.067,-1.377
-1.499,1.5,0.172,0.071,-1.42,-1.592
-1.134,1.135,0.107,0.051,-1.099,-1.206
-0.913,1.358,2.401,1.005,0.445,-1.956
-1.227,1.229,0.129,0.061,-1.184,-1.313
-0.205,0.733,1.544,0.704,0.788,-0.756
-0.641,1.096,1.887,0.889,0.617,-1.27
0.152,0.66,1.394,0.642,0.638,-0.756
-0.219,0.582,1.286,0.539,0.338,-0.948
-0.234,0.952,2.144,0.923,1.046,-1.099
0.302,0.374,0.536,0.22,0.552,0.016
-0.448,0.88,1.694,0.757,0.617,-1.077
0.095,0.744,1.565,0.738,0.617,-0.948
0.774,0.819,0.643,0.267,1.131,0.488
-0.598,1.149,2.08,0.98,0.788,-1.292
-1.041,1.051,0.343,0.14,-0.863,-1.206
-0.948,1.293,1.865,0.879,0.295,-1.57
-0.027,1.043,2.38,1.043,0.895,-1.484
0.953,0.953,0.086,0.04,0.981,0.895
0.245,0.937,1.93,0.905,0.895,-1.034
-0.37,1.326,2.702,1.274,1.431,-1.27
-1.184,1.184,0.0,0.0,-1.184,-1.184
-1.049,1.057,0.279,0.131,-0.863,-1.141
0.166,0.935,2.101,0.92,0.981,-1.12
0.088,0.904,1.908,0.9,0.724,-1.184
-0.584,0.793,1.222,0.536,0.166,-1.056
0.81,0.815,0.193,0.091,0.874,0.681
0.088,1.073,2.359,1.069,0.938,-1.42
0.031,1.011,2.144,1.011,0.745,-1.399
0.209,0.783,1.737,0.754,0.895,-0.841
-1.113,1.118,0.236,0.111,-1.034,-1.27
-0.041,0.991,2.359,0.991,1.303,-1.056
0.395,1.047,2.251,0.969,1.303,-0.948
-0.105,0.749,1.78,0.741,0.681,-1.099
0.009,0.858,2.08,0.858,0.96,-1.12
-1.02,1.026,0.279,0.114,-0.884,-1.163
0.116,0.768,1.715,0.759,0.767,-0.948
-0.698,1.228,2.251,1.01,0.724,-1.527
-0.598,1.145,2.23,0.977,0.767,-1.463
0.488,0.597,0.836,0.344,0.874,0.038
-0.991,1.017,0.557,0.228,-0.713,-1.27
-0.527,0.833,1.437,0.645,0.381,-1.056
-0.82,0.829,0.3,0.126,-0.691,-0.991
-0.298,1.142,2.38,1.102,1.26,-1.12
-1.134,1.175,0.729,0.308,-0.713,-1.442
-0.62,1.126,2.101,0.94,0.702,-1.399
0.588,0.674,0.793,0.329,1.024,0.231
0.009,0.65,1.565,0.649,0.874,-0.691
-0.305,0.832,1.694,0.774,0.788,-0.906
-0.663,0.879,1.372,0.578,0.124,-1.249
0.095,0.843,1.908,0.838,0.831,-1.077
-0.462,0.902,1.78,0.774,0.617,-1.163
0.524,0.527,0.129,0.056,0.574,0.445
0.052,1.241,2.702,1.24,1.003,-1.699
0.317,0.906,1.801,0.849,0.917,-0.884
0.445,0.883,1.715,0.763,1.088,-0.627
0.345,1.061,2.294,1.003,1.239,-1.056
0.531,1.125,2.23,0.992,1.367,-0.863
-0.098,0.833,1.93,0.827,1.046,-0.884
0.152,0.557,1.136,0.536,0.531,-0.605
-0.798,0.804,0.214,0.093,-0.67,-0.884
1.088,1.09,0.129,0.061,1.174,1.046
-0.748,0.773,0.45,0.195,-0.477,-0.927
0.874,1.198,1.737,0.819,1.453,-0.284
-0.141,0.866,1.822,0.854,1.067,-0.756
1.038,1.039,0.086,0.04,1.067,0.981
0.874,0.891,0.407,0.172,1.046,0.638
1.146,1.146,0.043,0.02,1.174,1.131
-0.048,0.767,1.737,0.765,1.024,-0.713
0.867,0.868,0.107,0.051,0.938,0.831
0.452,0.887,1.63,0.763,1.003,-0.627
-0.248,1.08,2.23,1.051,1.239,-0.991
0.495,0.892,1.694,0.742,1.153,-0.541
0.231,0.821,1.672,0.788,0.788,-0.884
-0.055,0.739,1.651,0.737,0.981,-0.67
0.352,0.848,1.715,0.771,0.981,-0.734
0.074,1.009,2.187,1.007,1.496,-0.691
0.066,0.814,1.801,0.812,0.724,-1.077
0.102,0.897,2.101,0.891,0.981,-1.12
0.71,1.122,1.844,0.869,1.324,-0.52
-0.027,0.636,1.479,0.635,0.853,-0.627
1.017,1.017,0.043,0.02,1.046,1.003
0.502,0.861,1.651,0.699,1.196,-0.455
-0.741,0.761,0.364,0.172,-0.498,-0.863
-0.848,0.85,0.129,0.056,-0.798,-0.927
0.159,0.617,1.265,0.596,1.003,-0.262
-0.134,0.864,1.994,0.854,1.046,-0.948
0.288,0.849,1.694,0.798,0.853,-0.841
-0.763,0.765,0.129,0.053,-0.691,-0.82
-0.455,0.455,0.0,0.0,-0.455,-0.455
1.003,1.005,0.15,0.063,1.067,0.917
-0.648,0.66,0.257,0.121,-0.563,-0.82
1.181,1.207,0.6,0.246,1.496,0.895
-0.448,0.459,0.214,0.101,-0.305,-0.52
-0.169,0.926,2.208,0.91,1.024,-1.184
1.096,1.11,0.429,0.18,1.281,0.853
-0.027,0.918,2.08,0.918,1.26,-0.82
0.495,0.885,1.587,0.733,1.046,-0.541
-0.484,0.521,0.429,0.193,-0.327,-0.756
0.652,1.097,1.994,0.882,1.41,-0.584
0.531,0.907,1.737,0.736,1.26,-0.477
0.967,1.179,1.501,0.675,1.517,0.016
0.838,1.353,2.487,1.063,1.86,-0.627
0.745,1.054,1.651,0.745,1.346,-0.305
0.738,1.127,1.93,0.852,1.474,-0.455
0.095,0.73,1.737,0.724,1.067,-0.67
0.352,0.938,1.844,0.869,1.582,-0.262
-0.405,0.411,0.15,0.066,-0.348,-0.498
0.745,1.188,1.973,0.925,1.41,-0.563
0.381,0.884,1.822,0.798,1.496,-0.327
-0.327,0.364,0.386,0.16,-0.112,-0.498
0.095,0.785,1.694,0.779,1.196,-0.498
0.438,0.989,1.951,0.887,1.689,-0.262
0.402,1.054,2.166,0.974,1.775,-0.391
0.51,1.019,1.951,0.882,1.753,-0.198
0.302,0.856,1.865,0.801,1.41,-0.455
-0.084,0.985,2.144,0.982,1.303,-0.841
0.652,1.099,2.166,0.885,1.71,-0.455
1.539,1.544,0.279,0.123,1.71,1.431
0.267,0.947,2.208,0.909,1.453,-0.756
1.074,1.425,2.23,0.937,2.032,-0.198
-0.377,0.484,0.708,0.304,-0.091,-0.798
1.51,1.53,0.579,0.245,1.753,1.174
-0.162,0.261,0.493,0.204,0.059,-0.434
1.267,1.421,1.544,0.644,1.946,0.402
0.824,1.219,2.037,0.898,1.603,-0.434
1.274,1.274,0.043,0.02,1.303,1.26
1.51,1.529,0.579,0.239,1.775,1.196
1.181,1.182,0.086,0.04,1.239,1.153
0.953,1.188,1.565,0.709,1.517,-0.048
1.796,1.797,0.129,0.061,1.839,1.71
0.874,1.309,2.337,0.974,1.903,-0.434
1.188,1.541,2.08,0.98,1.882,-0.198
0.96,1.171,1.63,0.671,1.71,0.081
-0.434,0.434,0.0,0.0,-0.434,-0.434
1.317,1.332,0.45,0.195,1.496,1.046
-0.641,0.654,0.279,0.131,-0.455,-0.734
1.36,1.367,0.322,0.143,1.56,1.239
0.424,0.667,1.093,0.515,1.153,0.059
-0.227,0.423,0.858,0.357,0.252,-0.605
1.853,1.855,0.172,0.081,1.967,1.796
0.188,1.232,2.702,1.217,1.903,-0.798
1.296,1.751,2.53,1.178,2.16,-0.37
0.71,1.019,1.694,0.731,1.389,-0.305
1.389,1.393,0.236,0.106,1.539,1.303
-0.277,0.303,0.3,0.124,-0.112,-0.412
1.76,1.762,0.15,0.071,1.86,1.71
1.074,1.372,1.822,0.854,1.689,-0.134
0.181,1.067,2.23,1.051,1.667,-0.563
1.524,1.525,0.086,0.036,1.56,1.474
0.617,1.025,1.737,0.819,1.775,0.038
-0.077,0.204,0.429,0.189,0.188,-0.241
-0.177,0.276,0.45,0.212,-0.027,-0.477
0.452,0.971,1.844,0.859,1.667,-0.177
0.903,1.05,1.136,0.536,1.281,0.145
1.031,1.255,1.651,0.715,1.689,0.038
1.181,1.449,1.78,0.839,1.775,-0.005
1.639,1.685,0.901,0.394,1.989,1.088
0.231,0.276,0.322,0.152,0.338,0.016
1.196,1.503,2.187,0.911,2.16,-0.027
-0.205,0.211,0.107,0.051,-0.134,-0.241
0.545,1.099,2.316,0.954,1.796,-0.52
-0.377,0.468,0.6,0.278,0.016,-0.584
0.145,0.578,1.308,0.559,0.917,-0.391
0.888,1.214,1.908,0.827,1.646,-0.262
0.581,1.049,2.08,0.874,1.474,-0.605
1.06,1.295,1.801,0.744,1.882,0.081
0.395,0.997,1.994,0.916,1.689,-0.305
-0.098,0.133,0.214,0.09,-0.005,-0.219
0.138,0.851,1.822,0.84,1.324,-0.498
0.159,0.748,1.737,0.731,1.153,-0.584
0.76,1.347,2.38,1.112,2.332,-0.048
0.395,0.85,1.822,0.753,1.389,-0.434
1.946,1.95,0.3,0.126,2.118,1.817
0.409,0.844,1.587,0.738,1.453,-0.134
0.009,0.173,0.386,0.173,0.252,-0.134
0.688,1.07,1.844,0.819,1.839,-0.005
0.874,1.176,1.865,0.787,1.946,0.081
0.459,1.173,2.53,1.079,1.946,-0.584
0.345,0.904,1.887,0.835,1.517,-0.37
0.617,1.068,2.08,0.872,1.796,-0.284
0.174,0.996,2.123,0.981,1.56,-0.563
1.203,1.61,2.38,1.071,2.075,-0.305
1.16,1.364,1.715,0.719,1.903,0.188
-0.205,0.301,0.536,0.22,0.081,-0.455
-0.191,0.237,0.343,0.14,-0.027,-0.37
0.531,1.046,2.037,0.902,1.796,-0.241
-0.148,0.232,0.407,0.179,0.102,-0.305
0.088,0.465,1.115,0.457,0.617,-0.498
0.074,0.324,0.772,0.316,0.445,-0.327
1.267,1.408,1.479,0.615,1.925,0.445
-0.119,0.226,0.407,0.192,0.016,-0.391
-0.248,0.427,0.793,0.348,0.059,-0.734
1.253,1.486,1.694,0.798,1.817,0.124
0.71,1.092,1.822,0.83,1.882,0.059
0.045,0.093,0.172,0.081,0.102,-0.069
0.345,1.056,2.359,0.998,1.71,-0.648
0.445,1.151,2.251,1.061,1.946,-0.305
-0.27,0.328,0.407,0.187,-0.005,-0.412
-0.005,0.061,0.129,0.061,0.081,-0.048
1.21,1.319,1.115,0.526,1.582,0.467
0.967,1.293,1.822,0.859,2.182,0.359
-0.277,0.44,0.815,0.342,0.188,-0.627
-0.298,0.578,1.051,0.495,0.402,-0.648
1.146,1.531,2.273,1.016,1.989,-0.284
-0.177,0.214,0.257,0.121,-0.005,-0.262
0.624,1.201,2.23,1.027,2.075,-0.155
-0.005,0.061,0.129,0.061,0.081,-0.048
0.631,1.126,2.166,0.933,1.925,-0.241
0.038,0.145,0.343,0.14,0.209,-0.134
0.409,0.993,1.951,0.905,1.689,-0.262
0.016,0.099,0.236,0.097,0.145,-0.091
0.981,1.435,2.251,1.046,1.753,-0.498
0.867,1.088,1.394,0.657,1.796,0.402
0.56,0.978,1.78,0.802,1.689,-0.091
1.56,2.073,2.895,1.364,2.525,-0.37
0.459,1.044,2.123,0.938,1.775,-0.348
0.552,1.015,1.887,0.852,1.753,-0.134
-0.048,0.151,0.343,0.143,0.145,-0.198
0.288,0.291,0.107,0.044,0.338,0.231
0.009,0.134,0.322,0.134,0.188,-0.134
0.002,0.288,0.665,0.288,0.402,-0.262
-0.119,0.157,0.236,0.103,-0.027,-0.262
0.166,0.185,0.193,0.08,0.252,0.059
0.174,0.219,0.322,0.134,0.317,-0.005
0.652,1.112,1.973,0.901,1.925,-0.048
0.352,0.392,0.386,0.173,0.595,0.209
0.074,0.25,0.536,0.239,0.274,-0.262
1.038,1.609,2.787,1.229,2.761,-0.027
0.617,0.904,1.565,0.66,1.517,-0.048
0.803,1.299,2.187,1.021,2.246,0.059
0.788,1.161,1.887,0.852,1.989,0.102
0.374,0.398,0.322,0.136,0.51,0.188
0.938,1.142,1.587,0.651,1.689,0.102
-0.005,0.143,0.343,0.143,0.188,-0.155
-0.119,0.14,0.172,0.073,-0.048,-0.219
0.145,0.332,0.729,0.299,0.531,-0.198
-0.32,0.376,0.472,0.199,-0.048,-0.52
-0.105,0.335,0.729,0.318,0.338,-0.391
0.388,0.971,1.93,0.89,1.646,-0.284
-0.141,0.203,0.343,0.146,0.059,-0.284
-0.162,0.956,2.251,0.942,1.11,-1.141
0.488,0.941,1.737,0.804,1.624,-0.112
-0.327,0.384,0.472,0.202,-0.134,-0.605
-0.005,0.197,0.429,0.197,0.274,-0.155
0.438,0.841,1.544,0.718,1.453,-0.091
0.374,1.182,2.659,1.122,1.903,-0.756
-0.112,0.173,0.322,0.132,0.059,-0.262
-0.112,0.112,0.0,0.0,-0.112,-0.112
0.159,0.268,0.515,0.216,0.381,-0.134
0.102,0.263,0.515,0.243,0.274,-0.241
0.066,0.121,0.214,0.101,0.209,-0.005
-0.32,0.324,0.107,0.051,-0.284,-0.391
0.274,0.638,1.351,0.576,1.067,-0.284
-0.42,0.53,0.686,0.323,0.038,-0.648
0.695,0.881,1.158,0.541,1.088,-0.069
0.102,1.157,2.444,1.152,1.732,-0.713
0.288,0.946,1.973,0.901,1.56,-0.412
0.388,0.678,1.179,0.556,1.174,-0.005
-0.091,0.184,0.386,0.16,0.081,-0.305
1.725,1.748,0.6,0.283,1.925,1.324
-0.32,0.362,0.407,0.17,-0.091,-0.498
0.066,0.271,0.557,0.263,0.252,-0.305
-0.377,0.396,0.3,0.123,-0.219,-0.52
0.002,0.088,0.214,0.088,0.102,-0.112
0.531,1.144,2.316,1.013,1.946,-0.37
0.367,0.755,1.608,0.66,1.217,-0.391
0.588,1.404,3.045,1.275,2.311,-0.734
-0.277,0.418,0.665,0.313,0.166,-0.498
-0.134,0.306,0.665,0.275,0.166,-0.498
-0.148,0.179,0.214,0.101,-0.005,-0.219
-0.055,0.386,0.922,0.382,0.359,-0.563
-0.42,0.42,0.043,0.02,-0.391,-0.434
0.738,1.03,1.544,0.718,1.753,0.209
-0.219,0.222,0.064,0.03,-0.198,-0.262
0.031,0.267,0.6,0.265,0.402,-0.198
0.367,0.906,1.758,0.829,1.539,-0.219
0.395,0.865,1.844,0.77,1.431,-0.412
0.309,0.32,0.172,0.081,0.424,0.252
-0.127,0.227,0.429,0.189,0.038,-0.391
1.517,1.518,0.129,0.061,1.56,1.431
-0.155,0.337,0.708,0.299,0.252,-0.455
0.817,1.238,1.973,0.93,1.474,-0.498
0.309,0.838,1.694,0.779,1.41,-0.284
0.016,0.258,0.622,0.258,0.359,-0.262
0.531,0.926,1.608,0.758,1.603,-0.005
1.131,1.433,1.887,0.88,1.775,-0.112
0.574,1.134,2.208,0.978,1.946,-0.262
0.838,1.246,2.015,0.921,2.139,0.124
1.046,1.469,2.23,1.032,1.817,-0.412
0.56,1.162,2.294,1.018,1.989,-0.305
-0.305,0.309,0.107,0.046,-0.241,-0.348
-0.37,0.395,0.322,0.139,-0.241,-0.563
0.674,1.149,2.251,0.931,1.903,-0.348
-0.298,0.408,0.665,0.279,0.081,-0.584
0.231,0.751,1.672,0.715,1.217,-0.455
0.681,1.053,1.908,0.804,1.496,-0.412
-0.312,0.346,0.364,0.149,-0.134,-0.498
-0.384,0.393,0.193,0.083,-0.305,-0.498
0.624,1.062,1.865,0.86,1.839,-0.027
0.945,1.367,2.316,0.987,1.903,-0.412
-0.384,0.483,0.622,0.293,-0.177,-0.798
-0.227,0.404,0.772,0.334,0.081,-0.691
0.588,0.885,1.479,0.661,1.517,0.038
0.081,0.474,1.093,0.467,0.724,-0.37
-0.169,0.209,0.3,0.123,-0.027,-0.327
0.181,0.523,1.158,0.491,0.853,-0.305
1.703,1.741,0.879,0.363,2.182,1.303
-0.041,0.099,0.214,0.09,0.081,-0.134
-0.377,0.432,0.493,0.212,-0.177,-0.67
0.495,0.927,1.672,0.783,1.603,-0.069
-0.012,1.362,3.238,1.362,1.839,-1.399
-0.32,0.337,0.257,0.107,-0.177,-0.434
-0.37,0.58,1.029,0.447,0.252,-0.777
0.116,0.465,1.029,0.45,0.745,-0.284
0.974,1.279,1.758,0.829,1.56,-0.198
-0.105,0.2,0.407,0.17,0.124,-0.284
0.695,1.354,2.466,1.162,1.517,-0.948
-0.141,0.247,0.493,0.203,0.124,-0.37
-0.162,0.215,0.3,0.142,0.038,-0.262
-0.362,0.431,0.515,0.233,-0.177,-0.691
-0.034,0.136,0.279,0.131,0.059,-0.219
0.76,1.059,1.587,0.738,1.303,-0.284
0.517,1.081,2.015,0.95,1.86,-0.155
0.374,0.73,1.329,0.627,1.26,-0.069
-0.169,0.174,0.086,0.04,-0.112,-0.198
0.402,1.037,2.08,0.956,1.753,-0.327
1.06,1.274,1.501,0.708,1.56,0.059
-0.077,0.169,0.364,0.151,0.124,-0.241
0.274,0.892,1.801,0.849,1.474,-0.327
0.417,1.056,2.273,0.97,1.753,-0.52
-0.219,0.339,0.557,0.258,0.145,-0.412
-0.127,0.191,0.322,0.143,-0.005,-0.327
0.024,0.316,0.708,0.315,0.467,-0.241
-0.384,0.418,0.407,0.166,-0.177,-0.584
0.774,1.035,1.458,0.687,1.26,-0.198
0.188,0.712,1.544,0.687,1.153,-0.391
-0.491,0.511,0.3,0.142,-0.391,-0.691
0.524,0.993,1.887,0.843,1.71,-0.177
-0.327,0.328,0.064,0.03,-0.284,-0.348
1.231,1.354,1.286,0.563,1.732,0.445
0.359,0.953,1.951,0.882,1.603,-0.348
-0.191,0.271,0.429,0.193,0.081,-0.348
0.045,0.111,0.214,0.101,0.188,-0.027
-0.155,0.164,0.129,0.053,-0.091,-0.219
-0.191,0.257,0.386,0.173,-0.048,-0.434
0.474,0.905,1.801,0.771,1.539,-0.262
0.059,0.999,2.401,0.997,1.389,-1.013
-0.055,0.212,0.493,0.204,0.166,-0.327
0.181,0.385,0.75,0.34,0.66,-0.091
-0.284,0.341,0.45,0.189,-0.091,-0.541
-0.219,0.431,0.858,0.371,0.295,-0.563
0.452,1.016,2.037,0.91,1.732,-0.305
-0.391,0.565,0.965,0.408,0.166,-0.798
-0.548,0.629,0.665,0.308,-0.112,-0.777
0.481,0.766,1.286,0.597,1.324,0.038
-0.212,0.246,0.3,0.124,-0.048,-0.348
0.524,0.823,1.458,0.635,1.41,-0.048
0.545,1.139,2.273,1.0,1.946,-0.327
0.209,0.787,1.651,0.759,1.281,-0.37
0.459,1.106,2.144,1.006,1.882,-0.262
-0.048,0.124,0.279,0.115,0.081,-0.198
0.288,0.689,1.458,0.625,1.153,-0.305
-0.005,0.115,0.279,0.115,0.124,-0.155
-0.42,0.421,0.086,0.036,-0.37,-0.455
0.803,1.049,1.501,0.675,1.753,0.252
0.409,1.169,2.594,1.095,1.903,-0.691
0.717,1.026,1.694,0.735,1.389,-0.305
0.367,0.865,1.672,0.783,1.474,-0.198
0.195,0.319,0.536,0.253,0.552,0.016
-0.177,0.405,0.793,0.364,0.102,-0.691
-0.298,0.304,0.15,0.061,-0.219,-0.37
-0.284,0.29,0.129,0.061,-0.198,-0.327
-0.598,0.614,0.322,0.136,-0.412,-0.734
0.145,0.157,0.129,0.061,0.188,0.059
0.245,0.867,1.951,0.831,1.389,-0.563
-0.505,0.57,0.557,0.263,-0.134,-0.691
0.045,0.084,0.172,0.071,0.124,-0.048
-0.141,0.162,0.172,0.081,-0.027,-0.198
0.631,1.055,2.015,0.845,1.775,-0.241
0.095,0.139,0.214,0.101,0.166,-0.048
-0.355,0.399,0.429,0.182,-0.177,-0.605
0.359,0.894,1.737,0.819,1.517,-0.219
0.788,1.338,2.401,1.081,1.667,-0.734
-0.112,0.267,0.515,0.243,0.059,-0.455
0.009,0.362,0.815,0.361,0.317,-0.498
-0.405,0.426,0.279,0.131,-0.219,-0.498
0.795,1.244,2.273,0.957,2.096,-0.177
-0.205,0.244,0.3,0.133,-0.091,-0.391
0.795,1.359,2.359,1.102,2.353,-0.005
-0.234,0.64,1.372,0.596,0.595,-0.777
0.588,0.956,1.694,0.753,1.646,-0.048
-0.391,0.534,0.772,0.364,-0.134,-0.906
-0.069,0.223,0.515,0.212,0.209,-0.305
0.095,0.096,0.021,0.01,0.102,0.081
-0.362,0.373,0.193,0.086,-0.241,-0.434
0.031,0.315,0.665,0.313,0.252,-0.412
1.374,1.659,2.144,0.93,2.225,0.081
0.467,0.814,1.415,0.667,1.41,-0.005
0.009,0.106,0.257,0.106,0.145,-0.112
-0.412,0.478,0.515,0.243,-0.241,-0.756
-0.219,0.251,0.3,0.123,-0.069,-0.37
0.109,0.156,0.236,0.111,0.188,-0.048
0.552,0.976,1.758,0.805,1.689,-0.069
-0.341,0.343,0.086,0.04,-0.284,-0.37
0.188,0.964,2.123,0.946,1.517,-0.605
-0.055,0.21,0.429,0.202,0.231,-0.198
-0.427,0.458,0.386,0.165,-0.198,-0.584
0.374,1.03,2.037,0.96,1.732,-0.305
-0.255,0.354,0.6,0.245,0.038,-0.563
-0.877,1.196,1.822,0.813,-0.198,-2.021
-0.212,0.379,0.729,0.314,0.081,-0.648
-0.377,0.416,0.407,0.175,-0.134,-0.541
-0.513,0.56,0.536,0.226,-0.284,-0.82
-0.448,0.529,0.686,0.28,-0.112,-0.798
0.524,1.056,2.123,0.916,1.796,-0.327
-0.362,0.485,0.772,0.323,-0.027,-0.798
-0.234,0.323,0.493,0.223,0.081,-0.412
0.781,1.21,2.058,0.924,1.539,-0.52
0.674,0.922,1.501,0.629,1.324,-0.177
0.209,0.941,2.08,0.918,1.496,-0.584
-0.312,0.389,0.557,0.231,-0.005,-0.563
0.109,0.681,1.544,0.672,1.046,-0.498
-0.484,0.488,0.15,0.061,-0.412,-0.563
0.438,0.911,1.801,0.799,1.56,-0.241
-0.055,0.161,0.364,0.151,0.145,-0.219
0.467,1.193,2.594,1.098,1.967,-0.627
-0.012,0.202,0.493,0.201,0.231,-0.262
-0.605,0.664,0.665,0.272,-0.262,-0.927
0.381,0.788,1.63,0.69,1.324,-0.305
0.867,1.345,2.273,1.029,1.689,-0.584
0.088,1.02,2.273,1.016,1.517,-0.756
0.424,0.93,1.887,0.828,1.582,-0.305
-0.505,0.519,0.279,0.117,-0.348,-0.627
0.288,0.941,2.144,0.896,1.496,-0.648
0.424,0.912,1.801,0.807,1.56,-0.241
-0.391,0.398,0.172,0.076,-0.284,-0.455
-0.684,1.005,1.78,0.736,0.124,-1.656
-0.384,0.392,0.193,0.079,-0.284,-0.477
-0.477,0.485,0.193,0.091,-0.348,-0.541
0.81,1.132,1.758,0.791,1.453,-0.305
-0.906,0.93,0.45,0.212,-0.756,-1.206
0.159,0.788,1.758,0.772,1.239,-0.52
-0.462,0.468,0.15,0.071,-0.412,-0.563
0.753,1.268,2.166,1.021,1.474,-0.691
-0.112,0.796,1.672,0.788,1.003,-0.67
-0.884,0.909,0.472,0.213,-0.584,-1.056
-0.527,0.538,0.236,0.111,-0.37,-0.605
0.159,1.214,2.594,1.203,1.86,-0.734
1.36,1.378,0.472,0.222,1.517,1.046
-0.305,0.504,0.965,0.401,0.124,-0.841
-0.498,0.502,0.129,0.061,-0.412,-0.541
0.409,0.912,1.78,0.815,1.56,-0.219
-0.262,0.264,0.064,0.03,-0.241,-0.305
-0.134,0.232,0.45,0.189,0.124,-0.327
0.281,0.636,1.286,0.57,0.767,-0.52
-0.441,0.458,0.3,0.124,-0.305,-0.605
-0.048,0.159,0.322,0.152,0.166,-0.155
-0.177,0.289,0.515,0.229,0.145,-0.37
1.067,1.402,1.93,0.91,1.71,-0.219
0.317,0.584,1.115,0.49,1.003,-0.112
-0.555,0.565,0.214,0.101,-0.412,-0.627
-0.341,0.373,0.364,0.151,-0.177,-0.541
-0.691,0.708,0.322,0.152,-0.477,-0.798
-0.019,0.94,2.187,0.94,1.281,-0.906
-0.677,0.692,0.3,0.142,-0.477,-0.777
-0.634,0.635,0.086,0.036,-0.584,-0.67
-0.827,0.831,0.172,0.081,-0.713,-0.884
0.209,1.016,2.251,0.994,1.603,-0.648
0.267,0.909,1.844,0.869,1.496,-0.348
0.074,0.948,2.015,0.945,1.41,-0.605
-0.448,0.476,0.343,0.162,-0.219,-0.563
-0.034,0.929,2.187,0.928,1.239,-0.948
-0.584,0.603,0.322,0.152,-0.37,-0.691
-0.655,0.702,0.6,0.25,-0.391,-0.991
-0.427,0.492,0.579,0.245,-0.091,-0.67
0.209,0.896,1.973,0.872,1.431,-0.541
0.881,1.139,1.608,0.721,1.474,-0.134
0.224,0.902,2.08,0.874,1.41,-0.67
-0.47,0.616,0.965,0.399,0.059,-0.906
-0.52,0.591,0.665,0.282,-0.134,-0.798
0.295,0.886,1.822,0.835,1.474,-0.348
0.059,0.96,2.123,0.958,1.41,-0.713
0.138,0.928,2.037,0.918,1.431,-0.605
-0.663,0.705,0.557,0.242,-0.327,-0.884
1.017,1.456,2.251,1.042,1.796,-0.455
-0.034,0.739,1.737,0.739,0.981,-0.756
-0.906,0.916,0.3,0.137,-0.713,-1.013
-0.648,0.723,0.708,0.319,-0.391,-1.099
-0.748,0.793,0.579,0.263,-0.541,-1.12
-0.248,0.829,1.822,0.791,0.853,-0.97
-0.655,0.711,0.643,0.275,-0.391,-1.034
-0.655,0.668,0.3,0.129,-0.477,-0.777
-1.056,1.067,0.364,0.156,-0.841,-1.206
-0.62,0.636,0.343,0.142,-0.434,-0.777
-0.184,0.298,0.536,0.235,0.145,-0.391
-0.605,0.703,0.836,0.357,-0.112,-0.948
0.502,1.119,2.23,1.0,1.324,-0.906
0.131,1.05,2.251,1.042,1.603,-0.648
0.381,0.81,1.587,0.715,1.389,-0.198
0.688,1.046,1.801,0.788,1.389,-0.412
0.66,1.253,2.359,1.065,1.517,-0.841
-0.784,0.853,0.793,0.335,-0.327,-1.12
-0.541,0.541,0.043,0.018,-0.52,-0.563
-0.57,0.57,0.043,0.02,-0.541,-0.584
0.088,1.077,2.359,1.074,1.603,-0.756
-0.169,0.392,0.75,0.354,0.081,-0.67
-0.448,0.556,0.729,0.33,0.016,-0.713
0.267,0.766,1.522,0.718,1.281,-0.241
0.738,1.197,2.123,0.942,1.539,-0.584
-0.105,0.745,1.565,0.738,0.938,-0.627
0.345,1.172,2.637,1.12,1.882,-0.756
-0.806,0.807,0.086,0.04,-0.777,-0.863
-0.491,0.506,0.3,0.123,-0.348,-0.648
0.188,0.87,1.801,0.849,1.389,-0.412
-0.234,0.603,1.179,0.556,0.552,-0.627
-0.334,0.458,0.665,0.313,-0.112,-0.777
0.259,0.969,2.144,0.933,1.56,-0.584
1.532,1.552,0.536,0.253,1.71,1.174
-0.613,0.638,0.407,0.179,-0.455,-0.863
0.824,1.057,1.437,0.663,1.324,-0.112
-0.605,0.63,0.429,0.175,-0.391,-0.82
-0.284,0.45,0.75,0.349,-0.027,-0.777
-0.412,0.456,0.472,0.195,-0.155,-0.627
-0.627,0.628,0.064,0.03,-0.605,-0.67
0.174,0.808,1.78,0.789,1.281,-0.498
0.181,0.613,1.244,0.586,0.595,-0.648
-0.348,0.357,0.193,0.08,-0.241,-0.434
0.838,0.906,0.729,0.344,1.324,0.595
-0.67,0.732,0.686,0.295,-0.262,-0.948
-0.913,0.99,0.815,0.384,-0.37,-1.184
-0.713,0.716,0.172,0.07,-0.627,-0.798
-0.57,0.803,1.201,0.566,0.231,-0.97
0.224,0.725,1.522,0.689,1.196,-0.327
-0.57,0.592,0.343,0.162,-0.455,-0.798
-0.455,0.498,0.472,0.202,-0.262,-0.734
-0.663,0.663,0.043,0.02,-0.648,-0.691
0.374,0.999,2.123,0.927,1.667,-0.455
-0.384,0.384,0.021,0.01,-0.37,-0.391
0.545,1.038,2.037,0.883,1.775,-0.262
-0.27,0.347,0.493,0.219,0.038,-0.455
-0.334,0.344,0.193,0.083,-0.219,-0.412
-0.148,0.712,1.565,0.697,0.831,-0.734
-0.541,0.544,0.129,0.061,-0.498,-0.627
0.031,1.037,2.251,1.037,1.496,-0.756
-0.398,0.443,0.472,0.194,-0.177,-0.648
-0.005,1.046,2.251,1.046,1.474,-0.777
-0.948,0.961,0.343,0.153,-0.734,-1.077
0.288,0.936,1.951,0.891,0.981,-0.97
0.074,0.798,1.737,0.795,1.196,-0.541
0.031,0.584,1.286,0.583,0.853,-0.434
-0.348,0.402,0.493,0.202,-0.112,-0.605
-0.248,1.116,2.53,1.089,1.26,-1.27
0.224,0.689,1.565,0.651,0.917,-0.648
-0.784,0.827,0.643,0.263,-0.477,-1.12
-0.405,0.48,0.6,0.258,-0.048,-0.648
0.945,1.449,2.401,1.098,1.796,-0.605
-0.613,0.624,0.279,0.119,-0.498,-0.777
0.702,1.189,2.23,0.96,1.603,-0.627
-0.377,0.402,0.343,0.142,-0.219,-0.563
-0.412,0.43,0.257,0.121,-0.327,-0.584
-0.012,0.737,1.651,0.737,1.024,-0.627
-0.57,0.586,0.322,0.136,-0.434,-0.756
0.66,1.044,1.822,0.809,1.346,-0.477
0.209,0.641,1.415,0.606,1.046,-0.37
-0.591,0.591,0.021,0.01,-0.584,-0.605
-0.055,0.261,0.6,0.255,0.295,-0.305
0.116,1.021,2.294,1.014,1.539,-0.756
-0.427,0.474,0.45,0.207,-0.134,-0.584
0.095,1.015,2.251,1.01,1.517,-0.734
-0.462,0.47,0.193,0.083,-0.348,-0.541
-0.748,0.824,0.836,0.346,-0.37,-1.206
0.031,1.068,2.316,1.067,1.539,-0.777
1.56,1.589,0.643,0.303,1.775,1.131
0.109,1.107,2.359,1.102,1.667,-0.691
1.138,1.489,2.037,0.96,1.817,-0.219
0.695,1.117,1.865,0.874,1.324,-0.541
-0.119,0.235,0.429,0.202,0.166,-0.262
-0.427,0.447,0.322,0.131,-0.262,-0.584
-0.47,0.533,0.536,0.253,-0.112,-0.648
-0.055,0.509,1.093,0.506,0.66,-0.434
-0.927,0.945,0.386,0.182,-0.798,-1.184
-0.455,0.456,0.064,0.03,-0.412,-0.477
-0.434,0.435,0.064,0.03,-0.412,-0.477
0.109,0.881,1.887,0.875,1.346,-0.541
-0.327,0.332,0.129,0.061,-0.241,-0.37
1.081,1.328,1.801,0.771,1.817,0.016
0.138,0.82,1.715,0.809,1.281,-0.434
0.953,1.108,1.308,0.566,1.474,0.166
-0.513,0.514,0.086,0.04,-0.455,-0.541
0.488,0.902,1.651,0.759,1.067,-0.584
1.096,1.149,0.836,0.348,1.56,0.724
-0.498,0.513,0.279,0.123,-0.391,-0.67
0.688,1.085,1.78,0.839,1.281,-0.498
0.181,1.009,2.423,0.993,1.453,-0.97
0.467,1.215,2.38,1.122,1.26,-1.12
0.867,1.231,1.865,0.874,1.496,-0.37
-0.205,0.206,0.043,0.02,-0.177,-0.219
0.188,0.708,1.479,0.683,1.153,-0.327
-0.563,0.563,0.0,0.0,-0.563,-0.563
-0.47,0.488,0.322,0.134,-0.327,-0.648
0.967,1.321,1.908,0.9,1.603,-0.305
-0.591,0.606,0.3,0.133,-0.477,-0.777
1.567,1.576,0.343,0.162,1.796,1.453
0.202,0.975,2.23,0.953,1.517,-0.713
-0.127,0.168,0.236,0.111,-0.048,-0.284
0.895,1.165,1.737,0.745,1.603,-0.134
-0.627,0.725,0.772,0.364,-0.112,-0.884
-0.105,0.582,1.265,0.573,0.702,-0.563
0.931,1.299,1.973,0.906,1.624,-0.348
-0.184,0.328,0.643,0.272,0.188,-0.455
-0.341,0.401,0.515,0.21,-0.091,-0.605
0.424,0.857,1.737,0.745,1.453,-0.284
1.131,1.427,1.951,0.87,1.86,-0.091
0.288,0.732,1.63,0.673,1.174,-0.455
0.202,0.775,1.587,0.748,1.26,-0.327
-0.27,0.353,0.557,0.228,0.016,-0.541
0.309,0.811,1.651,0.75,1.367,-0.284
-0.32,0.346,0.322,0.134,-0.177,-0.498
-0.412,0.485,0.622,0.254,-0.091,-0.713
1.138,1.141,0.172,0.071,1.217,1.046
0.51,1.069,2.015,0.94,1.839,-0.177
1.231,1.288,0.901,0.376,1.624,0.724
0.767,0.962,1.308,0.58,1.26,-0.048
0.288,0.865,1.844,0.815,1.431,-0.412
-0.205,0.408,0.858,0.352,0.252,-0.605
-0.169,0.171,0.043,0.02,-0.155,-0.198
-0.241,0.341,0.579,0.241,0.016,-0.563
-0.291,0.294,0.107,0.044,-0.241,-0.348
-0.477,0.483,0.172,0.076,-0.412,-0.584
0.81,1.1,1.801,0.745,1.796,-0.005
0.245,0.576,1.136,0.521,0.981,-0.155
0.602,0.913,1.651,0.686,1.517,-0.134
0.66,1.153,2.123,0.946,1.989,-0.134
0.274,0.88,1.844,0.836,1.453,-0.391
-0.191,0.198,0.129,0.053,-0.134,-0.262
-0.284,0.377,0.579,0.248,0.059,-0.52
0.424,0.904,1.887,0.799,1.517,-0.37
0.267,1.202,2.487,1.172,1.925,-0.563
0.195,0.946,2.08,0.926,1.496,-0.584
-0.462,0.484,0.3,0.142,-0.262,-0.563
0.888,1.325,2.166,0.983,1.667,-0.498
-0.234,0.235,0.043,0.02,-0.219,-0.262
0.431,0.861,1.694,0.745,1.474,-0.219
-0.098,0.225,0.429,0.202,0.188,-0.241
-0.119,0.522,1.136,0.508,0.595,-0.541
1.61,1.611,0.107,0.051,1.646,1.539
0.095,0.724,1.522,0.718,1.11,-0.412
-0.262,0.289,0.257,0.121,-0.091,-0.348
0.109,0.717,1.544,0.708,1.11,-0.434
0.274,0.835,1.672,0.788,1.389,-0.284
-0.077,0.418,1.008,0.411,0.424,-0.584
0.717,0.986,1.437,0.677,1.196,-0.241
-0.148,0.154,0.107,0.044,-0.091,-0.198
0.209,0.86,1.78,0.834,1.389,-0.391
1.117,1.473,2.058,0.96,1.817,-0.241
-0.405,0.472,0.557,0.242,-0.069,-0.627
0.359,0.928,1.93,0.855,1.56,-0.37
-0.541,0.555,0.257,0.121,-0.455,-0.713
-0.169,0.226,0.343,0.149,0.038,-0.305
-0.177,0.214,0.257,0.121,-0.091,-0.348
0.595,0.982,1.78,0.782,1.689,-0.091
-0.284,0.298,0.193,0.091,-0.155,-0.348
0.674,1.069,1.865,0.829,1.839,-0.027
-0.277,0.295,0.214,0.101,-0.134,-0.348
0.216,0.61,1.394,0.57,0.938,-0.455
0.024,0.163,0.343,0.162,0.252,-0.091
0.317,0.93,1.994,0.874,1.539,-0.455
0.066,0.067,0.021,0.01,0.081,0.059
0.66,1.034,1.951,0.797,1.624,-0.327
-0.027,0.214,0.45,0.212,0.124,-0.327
0.617,1.145,2.187,0.964,1.967,-0.219
0.152,0.201,0.279,0.131,0.338,0.059
0.095,0.183,0.343,0.157,0.317,-0.027
0.267,0.312,0.343,0.162,0.381,0.038
0.674,0.934,1.458,0.647,1.582,0.124
0.295,0.331,0.364,0.15,0.488,0.124
0.131,0.162,0.214,0.096,0.209,-0.005
0.131,0.263,0.536,0.228,0.445,-0.091
0.452,0.959,1.844,0.845,1.646,-0.198
0.617,1.027,1.822,0.822,1.775,-0.048
1.06,1.25,1.608,0.662,1.925,0.317
0.188,0.389,0.793,0.341,0.66,-0.134
1.553,1.669,1.458,0.612,2.182,0.724
1.231,1.483,1.908,0.827,1.989,0.081
0.124,0.139,0.15,0.063,0.188,0.038
0.738,1.109,1.93,0.827,1.882,-0.048
0.181,0.232,0.343,0.146,0.381,0.038
1.153,1.517,2.144,0.986,1.903,-0.241
0.502,0.932,1.78,0.785,1.603,-0.177
0.624,1.006,1.908,0.789,1.667,-0.241
0.624,0.999,1.801,0.781,1.71,-0.091
1.167,1.448,2.058,0.858,2.075,0.016
0.059,0.325,0.708,0.319,0.51,-0.198
0.295,0.309,0.193,0.091,0.359,0.166
0.038,0.038,0.0,0.0,0.038,0.038
1.003,1.313,1.951,0.847,1.775,-0.177
-0.348,0.434,0.579,0.259,0.016,-0.563
-0.327,0.355,0.343,0.14,-0.155,-0.498
1.667,1.69,0.643,0.278,1.925,1.281
1.074,1.256,1.501,0.652,1.667,0.166
0.76,1.132,1.822,0.84,1.946,0.124
0.795,1.077,1.737,0.726,1.775,0.038
1.424,1.564,1.372,0.647,1.882,0.51
-0.241,0.258,0.193,0.091,-0.177,-0.37
0.51,0.564,0.515,0.243,0.681,0.166
0.581,1.041,2.015,0.864,1.775,-0.241
-0.048,0.057,0.064,0.03,-0.005,-0.069
0.795,1.096,1.63,0.753,1.86,0.231
0.159,0.189,0.214,0.101,0.231,0.016
0.445,0.464,0.322,0.132,0.617,0.295
1.803,1.805,0.172,0.081,1.86,1.689
0.345,0.376,0.343,0.149,0.552,0.209
-0.084,0.182,0.343,0.162,0.145,-0.198
-0.062,0.331,0.793,0.325,0.317,-0.477
0.045,0.049,0.043,0.02,0.059,0.016
0.781,1.203,1.951,0.915,2.075,0.124
0.088,0.142,0.236,0.111,0.166,-0.069
0.981,1.082,1.115,0.456,1.56,0.445
0.867,1.187,1.78,0.81,2.01,0.231
1.217,1.358,1.437,0.602,2.032,0.595
1.624,1.863,1.994,0.911,2.332,0.338
0.381,0.413,0.386,0.16,0.595,0.209
0.552,0.988,1.737,0.819,1.71,-0.027
0.188,0.311,0.579,0.248,0.531,-0.048
1.16,1.607,2.359,1.112,1.946,-0.412
0.967,1.283,1.994,0.843,2.118,0.124
0.517,0.737,1.115,0.526,1.26,0.145
0.76,1.123,1.844,0.828,1.925,0.081
0.631,1.026,1.715,0.809,1.775,0.059
0.803,1.144,1.994,0.816,1.839,-0.155
0.131,0.294,0.557,0.263,0.317,-0.241
0.652,0.723,0.708,0.311,1.088,0.381
0.652,0.773,0.879,0.414,1.239,0.359
0.424,0.728,1.286,0.592,1.26,-0.027
1.639,1.836,1.758,0.829,2.225,0.467
0.895,1.101,1.565,0.641,1.646,0.081
0.388,0.96,1.951,0.878,1.624,-0.327
0.781,1.001,1.501,0.627,1.624,0.124
0.731,0.853,1.008,0.44,1.346,0.338
0.052,0.228,0.536,0.222,0.295,-0.241
0.352,0.384,0.364,0.153,0.51,0.145
1.639,1.648,0.429,0.176,1.839,1.41
0.617,0.814,1.158,0.531,1.367,0.209
1.324,1.47,1.372,0.637,1.796,0.424
0.774,1.239,2.123,0.967,2.139,0.016
0.388,0.7,1.351,0.582,1.196,-0.155
0.838,1.159,1.758,0.8,1.967,0.209
0.881,1.159,1.63,0.753,1.946,0.317
0.874,1.213,2.058,0.841,1.925,-0.134
0.231,0.278,0.364,0.156,0.445,0.081
0.888,1.065,1.394,0.588,1.689,0.295
0.781,0.876,0.965,0.395,1.239,0.274
0.967,1.028,0.815,0.348,1.303,0.488
1.21,1.402,1.544,0.708,1.753,0.209
0.617,0.845,1.265,0.577,1.431,0.166
0.567,0.965,1.822,0.781,1.646,-0.177
0.288,0.517,0.922,0.43,0.895,-0.027
0.681,0.824,1.072,0.463,1.324,0.252
1.196,1.341,1.458,0.607,1.839,0.381
0.667,0.868,1.179,0.556,1.453,0.274
0.867,1.115,1.608,0.702,1.496,-0.112
0.352,0.779,1.672,0.695,1.281,-0.391
0.76,0.971,1.394,0.606,1.603,0.209
0.824,1.044,1.522,0.641,1.474,-0.048
0.224,0.262,0.322,0.136,0.359,0.038
0.367,0.399,0.386,0.158,0.552,0.166
0.045,0.086,0.172,0.073,0.145,-0.027
0.145,0.148,0.064,0.03,0.166,0.102
-0.255,0.362,0.622,0.256,0.081,-0.541
1.003,1.172,1.286,0.606,1.431,0.145
1.067,1.18,1.201,0.505,1.582,0.381
1.046,1.194,1.222,0.576,1.453,0.231
0.381,0.821,1.544,0.728,1.41,-0.134
0.095,0.108,0.107,0.051,0.166,0.059
0.359,0.751,1.501,0.659,1.281,-0.219
-0.019,0.073,0.15,0.071,0.081,-0.069
0.502,0.769,1.394,0.583,1.11,-0.284
0.988,1.124,1.136,0.536,1.367,0.231
-0.027,0.197,0.472,0.195,0.231,-0.241
0.502,0.691,1.008,0.475,1.174,0.166
1.088,1.218,1.286,0.547,1.624,0.338
0.052,0.123,0.236,0.111,0.209,-0.027
0.56,0.757,1.244,0.51,1.217,-0.027
0.095,0.096,0.021,0.01,0.102,0.081
0.545,0.89,1.522,0.703,1.539,0.016
0.188,0.209,0.193,0.091,0.252,0.059
0.845,1.127,1.822,0.745,1.732,-0.091
0.602,0.848,1.265,0.596,1.024,-0.241
-0.062,0.188,0.386,0.177,0.188,-0.198
-0.298,0.303,0.129,0.056,-0.219,-0.348
0.367,0.604,1.029,0.48,1.046,0.016
-0.205,0.207,0.064,0.027,-0.177,-0.241
0.81,1.316,2.487,1.037,1.903,-0.584
1.146,1.346,1.501,0.708,1.646,0.145
0.552,1.082,2.208,0.93,1.817,-0.391
-0.148,0.164,0.15,0.071,-0.048,-0.198
0.481,1.273,2.637,1.179,2.139,-0.498
0.367,0.463,0.6,0.283,0.767,0.166
-0.005,0.289,0.643,0.289,0.402,-0.241
0.259,0.272,0.172,0.081,0.317,0.145
0.581,0.939,1.715,0.738,1.603,-0.112
1.024,1.39,1.994,0.94,1.689,-0.305
-0.055,0.086,0.15,0.066,0.038,-0.112
1.274,1.554,1.887,0.889,1.903,0.016
-0.055,0.153,0.322,0.143,0.145,-0.177
-0.362,0.369,0.15,0.071,-0.262,-0.412
0.588,0.989,1.737,0.795,1.71,-0.027
-0.005,0.182,0.386,0.182,0.124,-0.262
1.031,1.178,1.286,0.57,1.517,0.231
-0.134,0.156,0.193,0.08,-0.048,-0.241
0.917,1.168,1.758,0.724,1.86,0.102
-0.134,0.181,0.257,0.121,-0.048,-0.305
0.181,0.385,0.75,0.34,0.66,-0.091
0.502,1.02,1.973,0.888,1.753,-0.219
0.66,1.174,2.123,0.972,2.032,-0.091
0.116,0.197,0.364,0.159,0.338,-0.027
-0.162,0.227,0.364,0.159,0.059,-0.305
-0.312,0.414,0.643,0.272,0.059,-0.584
0.517,1.085,2.123,0.954,1.86,-0.262
1.667,1.68,0.493,0.202,1.903,1.41
-0.141,0.2,0.322,0.143,0.059,-0.262
-0.084,0.268,0.622,0.255,0.209,-0.412
-0.084,0.185,0.386,0.165,0.145,-0.241
0.753,1.17,2.015,0.896,2.01,-0.005
0.567,1.015,1.865,0.842,1.753,-0.112
-0.034,0.212,0.493,0.209,0.252,-0.241
0.86,1.093,1.63,0.674,1.753,0.124
0.731,1.157,2.101,0.897,1.967,-0.134
0.96,1.254,1.801,0.807,2.096,0.295
0.574,1.09,2.144,0.926,1.86,-0.284
0.402,0.967,1.865,0.879,1.646,-0.219
1.253,1.532,2.101,0.881,2.16,0.059
-0.305,0.312,0.15,0.063,-0.241,-0.391
-0.312,0.339,0.322,0.131,-0.155,-0.477
-0.234,0.318,0.515,0.216,0.059,-0.455
1.153,1.304,1.351,0.609,1.646,0.295
0.445,0.935,1.822,0.822,1.603,-0.219
0.717,1.224,2.166,0.992,2.118,-0.048
-0.441,0.46,0.322,0.131,-0.284,-0.605
0.288,0.806,1.822,0.753,1.281,-0.541
0.96,1.322,1.93,0.91,1.603,-0.327
-0.219,0.317,0.515,0.229,-0.027,-0.541
-0.019,0.203,0.429,0.202,0.124,-0.305
-0.234,0.282,0.386,0.158,-0.048,-0.434
0.216,0.231,0.172,0.081,0.274,0.102
-0.355,0.484,0.708,0.329,-0.112,-0.82
0.76,1.147,1.822,0.859,1.367,-0.455
-0.305,0.458,0.793,0.341,0.016,-0.777
0.531,1.08,1.994,0.94,1.86,-0.134
-0.448,0.55,0.772,0.319,-0.027,-0.798
0.517,0.723,1.072,0.505,0.874,-0.198
0.181,1.056,2.316,1.04,1.646,-0.67
-0.127,0.15,0.172,0.081,-0.069,-0.241
0.424,1.122,2.423,1.039,1.86,-0.563
-0.084,0.093,0.086,0.04,-0.027,-0.112
0.066,0.7,1.565,0.697,1.046,-0.52
1.138,1.415,1.951,0.84,1.925,-0.027
0.352,0.746,1.415,0.657,1.281,-0.134
-0.219,0.272,0.386,0.16,-0.048,-0.434
-0.177,0.194,0.193,0.08,-0.091,-0.284
-0.005,0.121,0.257,0.121,0.166,-0.091
0.081,1.125,2.401,1.122,1.667,-0.734
0.245,0.265,0.214,0.101,0.317,0.102
0.267,0.93,2.123,0.891,1.474,-0.648
-0.398,0.413,0.236,0.111,-0.241,-0.477
-0.084,0.26,0.6,0.246,0.231,-0.37
-0.555,0.566,0.236,0.111,-0.477,-0.713
0.345,0.986,2.058,0.924,1.646,-0.412
-0.448,0.53,0.6,0.283,-0.048,-0.648
-0.384,0.447,0.557,0.228,-0.091,-0.648
-0.377,0.379,0.086,0.04,-0.348,-0.434
-0.748,0.769,0.429,0.176,-0.52,-0.948
-0.248,1.347,2.809,1.324,1.624,-1.184
0.967,1.507,2.637,1.155,1.989,-0.648
0.359,0.556,0.901,0.425,0.66,-0.241
-0.641,1.212,2.38,1.029,0.788,-1.592
-0.841,0.847,0.236,0.097,-0.713,-0.948
0.174,0.907,1.93,0.89,1.431,-0.498
-0.698,0.741,0.557,0.249,-0.348,-0.906
-0.541,0.568,0.407,0.172,-0.37,-0.777
-0.462,0.494,0.386,0.173,-0.219,-0.605
0.095,0.8,1.844,0.794,1.196,-0.648
-0.341,0.483,0.772,0.341,-0.048,-0.82
-0.663,0.666,0.15,0.066,-0.605,-0.756
0.245,0.993,2.23,0.963,1.582,-0.648
-0.563,0.568,0.172,0.076,-0.498,-0.67
-0.663,0.689,0.429,0.189,-0.498,-0.927
-0.72,0.721,0.086,0.04,-0.691,-0.777
-0.184,0.854,1.908,0.834,0.981,-0.927
-0.727,0.793,0.772,0.316,-0.327,-1.099
-0.448,0.452,0.129,0.056,-0.37,-0.498
-0.091,0.647,1.437,0.641,0.81,-0.627
-0.555,0.609,0.557,0.249,-0.348,-0.906
-0.077,0.484,1.072,0.478,0.595,-0.477
-0.984,1.142,1.415,0.579,-0.305,-1.72
-0.756,0.765,0.3,0.123,-0.605,-0.906
-0.362,1.035,2.251,0.969,0.981,-1.27
-0.119,1.208,2.937,1.202,1.41,-1.527
-0.177,1.061,2.251,1.046,1.303,-0.948
-1.02,1.021,0.129,0.053,-0.948,-1.077
-0.513,0.53,0.322,0.136,-0.327,-0.648
-0.741,0.754,0.343,0.14,-0.563,-0.906
0.181,0.697,1.479,0.674,1.131,-0.348
-0.298,0.855,1.78,0.802,0.831,-0.948
-0.262,0.774,1.544,0.728,0.767,-0.777
-1.006,1.01,0.236,0.096,-0.884,-1.12
-0.598,0.617,0.364,0.149,-0.412,-0.777
-0.841,0.846,0.193,0.091,-0.713,-0.906
-0.956,0.984,0.579,0.236,-0.67,-1.249
-0.705,0.72,0.3,0.142,-0.605,-0.906
-0.162,1.266,2.809,1.255,1.603,-1.206
-0.698,0.706,0.214,0.101,-0.627,-0.841
-0.741,0.75,0.279,0.114,-0.605,-0.884
-0.605,0.606,0.064,0.03,-0.563,-0.627
-0.527,0.55,0.343,0.157,-0.305,-0.648
-1.17,1.187,0.429,0.202,-0.884,-1.313
-0.72,0.76,0.579,0.245,-0.477,-1.056
0.152,0.992,2.08,0.98,1.539,-0.541
-0.934,0.96,0.536,0.22,-0.648,-1.184
-0.941,0.977,0.557,0.263,-0.756,-1.313
0.031,1.071,2.616,1.07,1.389,-1.227
-1.277,1.281,0.214,0.101,-1.206,-1.42
-0.863,0.898,0.579,0.248,-0.52,-1.099
-0.298,0.939,1.93,0.89,0.96,-0.97
-0.97,0.98,0.322,0.139,-0.841,-1.163
-0.999,1.033,0.557,0.263,-0.627,-1.184
0.088,0.716,1.587,0.711,1.088,-0.498
-0.698,0.724,0.407,0.192,-0.563,-0.97
0.238,0.655,1.479,0.61,0.917,-0.563
-0.634,0.636,0.107,0.051,-0.563,-0.67
-0.763,0.796,0.536,0.228,-0.541,-1.077
-0.684,0.693,0.236,0.111,-0.605,-0.841
-0.184,1.016,2.337,1.0,1.196,-1.141
-0.791,0.875,0.793,0.374,-0.262,-1.056
-0.255,0.94,1.951,0.905,1.024,-0.927
-0.663,0.664,0.086,0.04,-0.605,-0.691
-0.963,0.981,0.429,0.189,-0.798,-1.227
1.067,1.101,0.579,0.273,1.26,0.681
-0.262,1.036,2.316,1.002,1.131,-1.184
-0.798,0.799,0.064,0.03,-0.756,-0.82
-0.377,0.838,1.63,0.749,0.681,-0.948
-0.448,0.889,1.63,0.768,0.638,-0.991
-1.006,1.014,0.322,0.134,-0.863,-1.184
0.803,0.805,0.129,0.056,0.853,0.724
-0.984,0.992,0.279,0.127,-0.884,-1.163
-1.456,1.489,0.75,0.313,-1.034,-1.785
-0.391,0.829,1.63,0.731,0.638,-0.991
-0.641,0.892,1.394,0.621,0.231,-1.163
-0.077,0.881,1.951,0.878,0.638,-1.313
-1.349,1.37,0.557,0.238,-1.12,-1.677
-0.041,0.719,1.758,0.718,0.853,-0.906
-0.484,1.198,2.573,1.096,1.024,-1.549
-1.077,1.105,0.6,0.247,-0.756,-1.356
-0.641,1.073,1.887,0.861,0.574,-1.313
-1.284,1.293,0.322,0.147,-1.077,-1.399
-1.106,1.136,0.622,0.26,-0.756,-1.377
-1.156,1.171,0.429,0.189,-0.991,-1.42
-1.37,1.422,0.922,0.38,-0.948,-1.87
-0.105,0.694,1.672,0.686,0.681,-0.991
-1.306,1.306,0.086,0.036,-1.27,-1.356
-1.234,1.275,0.772,0.319,-0.884,-1.656
-1.592,1.593,0.15,0.063,-1.527,-1.677
-1.427,1.455,0.643,0.281,-1.034,-1.677
-0.827,1.408,2.594,1.139,0.767,-1.828
-0.906,1.148,1.608,0.705,0.081,-1.527
-1.041,1.215,1.329,0.627,-0.155,-1.484
-1.17,1.175,0.257,0.107,-1.056,-1.313
-1.099,1.109,0.322,0.152,-0.884,-1.206
-1.706,1.732,0.729,0.298,-1.334,-2.063
-1.149,1.186,0.665,0.295,-0.734,-1.399
-1.22,1.745,3.002,1.247,0.445,-2.557
-1.42,1.436,0.472,0.213,-1.12,-1.592
-1.149,1.233,1.008,0.448,-0.52,-1.527
-1.556,1.559,0.214,0.101,-1.484,-1.699
-0.084,0.843,1.78,0.839,0.51,-1.27
-1.599,1.599,0.064,0.027,-1.57,-1.635
-0.284,0.67,1.286,0.606,0.145,-1.141
-1.284,1.298,0.429,0.189,-1.12,-1.549
-1.506,1.509,0.193,0.091,-1.377,-1.57
-0.412,0.784,1.437,0.667,0.081,-1.356
-1.32,1.32,0.043,0.02,-1.292,-1.334
-1.191,1.232,0.75,0.313,-0.863,-1.613
-1.649,1.664,0.472,0.222,-1.334,-1.806
-1.184,1.193,0.343,0.14,-1.013,-1.356
-1.077,1.078,0.064,0.03,-1.056,-1.12
-1.449,1.46,0.386,0.177,-1.313,-1.699
-0.891,0.906,0.343,0.162,-0.777,-1.12
-1.349,1.415,1.051,0.429,-0.82,-1.87
-1.727,1.738,0.407,0.192,-1.592,-1.999
-0.87,0.901,0.579,0.236,-0.584,-1.163
-1.263,1.517,1.822,0.84,-0.627,-2.449
-1.134,1.139,0.236,0.103,-0.991,-1.227
-1.313,1.324,0.407,0.172,-1.141,-1.549
-1.184,1.194,0.343,0.153,-1.056,-1.399
-1.406,1.408,0.15,0.071,-1.356,-1.506
-1.699,1.919,2.058,0.893,-0.884,-2.942
-1.442,1.473,0.643,0.303,-1.013,-1.656
-1.477,1.621,1.608,0.667,-0.756,-2.364
-0.605,0.606,0.064,0.03,-0.584,-0.648
-0.884,0.897,0.322,0.152,-0.67,-0.991
-1.527,1.747,1.801,0.849,-0.927,-2.728
-1.099,1.119,0.515,0.212,-0.82,-1.334
-1.313,1.313,0.064,0.03,-1.292,-1.356
-0.956,1.036,0.965,0.399,-0.52,-1.484
-3.286,3.289,0.322,0.152,-3.071,-3.393
-1.249,1.293,0.772,0.338,-0.777,-1.549
-1.549,1.781,1.865,0.879,-0.927,-2.792
-1.077,1.106,0.6,0.252,-0.734,-1.334
-1.22,1.24,0.472,0.222,-0.906,-1.377
-1.013,1.015,0.129,0.061,-0.927,-1.056
-0.963,1.112,1.201,0.556,-0.177,-1.377
-2.456,2.596,1.844,0.841,-1.27,-3.114
-1.013,1.022,0.3,0.137,-0.906,-1.206
-1.499,1.499,0.021,0.01,-1.484,-1.506
-1.184,1.189,0.236,0.106,-1.099,-1.334
-1.184,1.191,0.3,0.123,-1.034,-1.334
-1.127,1.137,0.364,0.151,-0.927,-1.292
-1.513,1.527,0.45,0.203,-1.227,-1.677
-0.798,0.808,0.3,0.126,-0.627,-0.927
-0.934,0.974,0.665,0.277,-0.563,-1.227
-1.392,1.609,1.865,0.807,-0.648,-2.514
-1.763,1.961,1.951,0.858,-1.013,-2.964
-1.256,1.265,0.364,0.153,-1.099,-1.463
-1.056,1.193,1.351,0.557,-0.327,-1.677
-0.934,0.95,0.407,0.175,-0.691,-1.099
-1.141,1.145,0.214,0.088,-1.034,-1.249
-1.42,1.422,0.172,0.07,-1.334,-1.506
-1.449,1.452,0.214,0.096,-1.313,-1.527
-1.356,1.431,1.008,0.456,-0.991,-1.999
-1.163,1.167,0.214,0.093,-1.034,-1.249
-1.363,1.374,0.429,0.175,-1.141,-1.57
-1.563,1.584,0.622,0.256,-1.227,-1.849
-1.277,1.294,0.493,0.209,-0.991,-1.484
-1.556,1.601,0.836,0.376,-1.249,-2.085
-1.363,1.366,0.193,0.083,-1.249,-1.442
-1.47,1.485,0.493,0.212,-1.27,-1.763
-1.635,1.653,0.536,0.243,-1.292,-1.828
-1.778,1.786,0.429,0.175,-1.57,-1.999
-1.27,1.319,0.836,0.357,-0.927,-1.763
-1.542,1.607,1.093,0.455,-1.056,-2.149
-1.384,1.441,0.943,0.401,-0.991,-1.935
-1.184,1.186,0.172,0.07,-1.099,-1.27
-1.034,1.056,0.472,0.213,-0.734,-1.206
-1.049,1.081,0.557,0.263,-0.863,-1.42
-0.891,0.939,0.665,0.295,-0.477,-1.141
-1.227,1.272,0.708,0.334,-0.991,-1.699
-1.177,1.183,0.279,0.117,-1.056,-1.334
-1.149,1.153,0.214,0.101,-1.077,-1.292
-1.356,1.375,0.557,0.23,-1.099,-1.656
-1.449,1.455,0.279,0.131,-1.356,-1.635
-0.941,0.955,0.364,0.163,-0.713,-1.077
-1.37,1.377,0.3,0.142,-1.27,-1.57
-1.099,1.136,0.622,0.288,-0.884,-1.506
-1.292,1.292,0.0,0.0,-1.292,-1.292
-1.392,1.397,0.3,0.123,-1.249,-1.549
-1.177,1.194,0.429,0.202,-1.034,-1.463
-1.249,1.255,0.279,0.123,-1.077,-1.356
-1.484,1.486,0.129,0.061,-1.399,-1.527
-1.492,1.525,0.772,0.315,-1.099,-1.87
-1.413,1.434,0.579,0.243,-1.163,-1.742
-0.856,0.871,0.386,0.165,-0.627,-1.013
-1.406,1.419,0.45,0.192,-1.141,-1.592
-0.913,0.933,0.472,0.193,-0.67,-1.141
-1.642,1.642,0.086,0.04,-1.613,-1.699
-1.32,1.341,0.557,0.233,-1.077,-1.635
-0.884,0.884,0.0,0.0,-0.884,-0.884
-1.263,1.396,1.415,0.595,-0.455,-1.87
-1.234,1.235,0.043,0.02,-1.206,-1.249
-0.67,0.935,1.394,0.652,0.252,-1.141
-1.392,1.393,0.107,0.051,-1.356,-1.463
-0.891,0.908,0.429,0.175,-0.67,-1.099
-1.363,1.406,0.729,0.344,-1.12,-1.849
-0.991,0.999,0.3,0.126,-0.863,-1.163
-0.863,0.865,0.129,0.061,-0.82,-0.948
-0.627,1.13,2.037,0.941,0.702,-1.334
-0.934,0.956,0.429,0.202,-0.648,-1.077
-0.52,1.219,2.509,1.103,1.024,-1.484
-1.056,1.056,0.0,0.0,-1.056,-1.056
-1.241,1.289,0.836,0.346,-0.863,-1.699
-0.062,0.781,1.651,0.778,0.488,-1.163
-1.506,1.514,0.364,0.156,-1.292,-1.656
-0.42,0.717,1.265,0.582,0.402,-0.863
-1.292,1.32,0.6,0.273,-1.077,-1.677
-0.691,0.862,1.115,0.516,0.038,-1.077
-0.97,0.982,0.322,0.152,-0.756,-1.077
-1.27,1.272,0.129,0.061,-1.184,-1.313
-0.47,1.151,2.38,1.05,1.003,-1.377
-1.091,1.127,0.643,0.281,-0.841,-1.484
-0.548,0.891,1.501,0.703,0.445,-1.056
-1.213,1.26,0.772,0.341,-0.734,-1.506
0.288,0.912,1.951,0.866,1.024,-0.927
-0.412,0.925,1.887,0.828,0.745,-1.141
-0.634,0.767,0.965,0.432,-0.027,-0.991
-0.763,0.885,1.093,0.45,-0.177,-1.27
-0.027,0.841,2.058,0.841,1.024,-1.034
-0.127,0.68,1.608,0.669,0.767,-0.841
-0.248,0.779,1.587,0.738,0.295,-1.292
-0.591,0.973,1.822,0.772,0.467,-1.356
-1.013,1.016,0.172,0.076,-0.906,-1.077
-0.32,0.62,1.286,0.531,0.381,-0.906
-0.984,0.987,0.172,0.073,-0.884,-1.056
-0.87,0.877,0.257,0.113,-0.713,-0.97
0.052,0.687,1.565,0.685,0.66,-0.906
-0.134,0.757,1.651,0.745,0.917,-0.734
-0.806,0.809,0.193,0.079,-0.713,-0.906
-0.927,0.965,0.643,0.27,-0.563,-1.206
-0.713,1.125,2.101,0.871,0.445,-1.656
-0.984,1.017,0.6,0.255,-0.734,-1.334
-0.348,0.553,1.029,0.43,0.102,-0.927
0.052,0.704,1.672,0.702,1.003,-0.67
0.009,0.922,2.037,0.922,0.745,-1.292
0.224,0.625,1.415,0.583,0.874,-0.541
-0.148,0.512,1.136,0.49,0.531,-0.605
-1.056,1.077,0.515,0.212,-0.777,-1.292
-0.27,0.381,0.6,0.269,-0.048,-0.648
0.045,0.931,2.144,0.93,0.895,-1.249
-0.927,0.951,0.45,0.212,-0.627,-1.077
-0.32,0.841,1.865,0.777,0.724,-1.141
0.374,0.882,1.694,0.798,0.938,-0.756
-0.648,0.68,0.493,0.206,-0.37,-0.863
0.209,0.642,1.286,0.606,0.638,-0.648
-0.505,0.759,1.329,0.566,0.274,-1.056
-0.698,0.724,0.407,0.192,-0.563,-0.97
0.309,0.546,0.965,0.45,0.638,-0.327
0.031,0.86,1.822,0.859,0.638,-1.184
-0.806,0.819,0.322,0.147,-0.691,-1.013
0.095,0.804,1.694,0.798,0.66,-1.034
-0.57,0.961,1.78,0.774,0.51,-1.27
-0.098,0.714,1.501,0.708,0.402,-1.099
-1.141,1.144,0.172,0.076,-1.034,-1.206
-0.655,0.686,0.429,0.202,-0.37,-0.798
-0.713,0.76,0.643,0.264,-0.37,-1.013
-0.591,1.176,2.444,1.016,0.767,-1.677
-0.505,0.541,0.429,0.193,-0.348,-0.777
-0.012,0.677,1.437,0.677,0.467,-0.97
-0.019,0.476,1.158,0.475,0.595,-0.563
0.002,0.323,0.686,0.323,0.231,-0.455
0.159,0.535,1.115,0.511,0.552,-0.563
0.595,0.988,1.672,0.788,1.153,-0.52
0.209,0.786,1.801,0.757,0.981,-0.82
-0.462,0.501,0.407,0.192,-0.327,-0.734
0.295,0.407,0.686,0.28,0.638,-0.048
-0.806,0.854,0.6,0.283,-0.605,-1.206
-0.062,0.615,1.479,0.612,0.745,-0.734
0.224,0.8,1.63,0.768,0.767,-0.863
-0.555,1.167,2.187,1.026,0.895,-1.292
-0.305,1.163,2.38,1.122,1.281,-1.099
-0.605,1.064,2.058,0.875,0.595,-1.463
-0.813,0.829,0.343,0.162,-0.584,-0.927
-0.641,1.109,1.93,0.905,0.638,-1.292
-0.648,1.075,2.015,0.858,0.531,-1.484
-0.999,1.055,0.815,0.34,-0.541,-1.356
0.245,1.204,2.637,1.179,1.903,-0.734
0.359,0.994,2.037,0.927,1.088,-0.948
0.974,1.032,0.772,0.341,1.453,0.681
0.324,0.878,1.973,0.816,1.217,-0.756
0.803,0.815,0.343,0.142,0.96,0.617
-0.806,0.816,0.3,0.129,-0.627,-0.927
-0.784,0.791,0.257,0.107,-0.67,-0.927
0.424,1.107,2.294,1.022,1.281,-1.013
-0.513,0.979,1.951,0.834,0.638,-1.313
0.059,0.881,1.865,0.879,1.303,-0.563
-0.484,0.921,1.758,0.783,0.617,-1.141
-0.27,1.007,2.208,0.97,1.088,-1.12
-0.241,0.959,2.058,0.928,1.067,-0.991
-0.377,1.034,2.23,0.963,0.96,-1.27
0.331,0.98,2.037,0.922,1.067,-0.97
0.795,0.848,0.643,0.294,1.024,0.381
-0.605,1.186,2.273,1.02,0.831,-1.442
0.631,0.967,1.737,0.733,1.367,-0.37
0.324,1.13,2.359,1.083,1.153,-1.206
-0.72,0.745,0.472,0.194,-0.498,-0.97
0.717,1.029,1.565,0.738,1.239,-0.327
-0.848,0.871,0.472,0.197,-0.584,-1.056
0.631,1.103,1.951,0.905,1.303,-0.648
0.374,0.96,2.166,0.885,1.431,-0.734
-0.977,0.99,0.343,0.157,-0.756,-1.099
-0.555,0.727,1.115,0.469,0.081,-1.034
0.917,0.943,0.536,0.219,1.196,0.66
0.753,0.761,0.279,0.117,0.874,0.595
-0.027,0.59,1.372,0.589,0.788,-0.584
-0.477,0.535,0.515,0.243,-0.305,-0.82
-0.241,1.092,2.466,1.065,1.239,-1.227
0.824,0.893,0.729,0.344,1.067,0.338
-0.884,0.921,0.579,0.259,-0.67,-1.249
-0.362,0.75,1.394,0.657,0.102,-1.292
-0.105,0.976,2.273,0.97,0.831,-1.442
-0.098,0.724,1.522,0.718,0.917,-0.605
-0.391,0.792,1.565,0.689,0.574,-0.991
0.131,0.749,1.565,0.738,1.174,-0.391
-0.484,0.539,0.557,0.238,-0.155,-0.713
0.345,0.851,1.651,0.778,0.895,-0.756
-0.906,0.976,0.793,0.364,-0.627,-1.42
-0.441,0.46,0.279,0.131,-0.348,-0.627
-0.112,0.887,1.887,0.88,1.131,-0.756
-1.077,1.084,0.257,0.121,-0.991,-1.249
0.152,0.734,1.651,0.718,1.153,-0.498
-0.727,0.757,0.515,0.211,-0.455,-0.97
0.159,0.847,1.887,0.832,1.324,-0.563
-0.012,1.135,2.637,1.135,1.56,-1.077
0.045,0.925,2.058,0.924,1.346,-0.713
1.138,1.432,1.844,0.869,1.753,-0.091
1.446,1.448,0.193,0.083,1.56,1.367
-0.412,0.464,0.45,0.212,-0.262,-0.713
0.617,1.072,2.101,0.877,1.539,-0.563
-0.148,1.082,2.273,1.071,1.367,-0.906
-0.534,0.562,0.429,0.175,-0.327,-0.756
-0.191,0.221,0.236,0.111,-0.112,-0.348
-0.112,0.429,0.943,0.414,0.467,-0.477
-0.756,0.839,0.772,0.364,-0.241,-1.013
0.031,0.28,0.6,0.278,0.424,-0.177
-0.334,0.363,0.3,0.142,-0.134,-0.434
-0.091,0.178,0.343,0.153,0.038,-0.305
0.402,0.858,1.608,0.758,1.474,-0.134
0.452,1.135,2.208,1.041,1.925,-0.284
0.695,1.161,1.973,0.93,2.01,0.038
1.081,1.324,1.758,0.764,1.775,0.016
0.431,0.687,1.136,0.536,0.81,-0.327
-0.191,0.214,0.214,0.096,-0.112,-0.327
0.309,0.695,1.437,0.622,1.174,-0.262
0.71,1.068,1.694,0.798,1.839,0.145
-0.019,0.203,0.429,0.202,0.124,-0.305
0.645,1.005,1.694,0.77,1.732,0.038
1.31,1.674,2.423,1.042,2.289,-0.134
2.039,2.04,0.193,0.079,2.139,1.946
1.096,1.353,1.694,0.793,1.667,-0.027
-0.119,0.156,0.214,0.101,-0.048,-0.262
0.359,0.897,1.822,0.822,1.517,-0.305
1.003,1.213,1.63,0.682,1.71,0.081
1.86,1.861,0.064,0.03,1.903,1.839
0.631,1.272,2.487,1.104,2.182,-0.305
1.453,1.616,1.63,0.708,2.096,0.467
-0.069,0.153,0.3,0.137,0.038,-0.262
-0.005,0.213,0.472,0.213,0.166,-0.305
0.803,1.111,1.865,0.768,1.667,-0.198
-0.041,0.092,0.193,0.083,0.038,-0.155
0.867,1.156,1.844,0.764,1.882,0.038
0.738,1.072,1.801,0.777,1.817,0.016
0.674,1.009,1.672,0.751,1.732,0.059
-0.041,0.118,0.236,0.111,0.038,-0.198
-0.041,0.07,0.129,0.056,0.038,-0.091
1.289,1.53,1.78,0.824,1.903,0.124
0.502,1.211,2.551,1.102,2.032,-0.52
1.253,1.584,2.251,0.969,2.16,-0.091
0.717,1.015,1.565,0.718,1.732,0.166
0.638,1.022,1.822,0.798,1.753,-0.069
1.439,1.69,2.101,0.886,2.332,0.231
1.489,1.844,2.38,1.088,2.332,-0.048
1.367,1.529,1.501,0.684,1.903,0.402
0.881,1.004,1.072,0.482,1.56,0.488
0.881,1.633,2.916,1.375,2.825,-0.091
1.253,1.511,1.822,0.844,1.882,0.059
0.953,1.25,1.715,0.809,2.096,0.381
1.66,1.955,2.401,1.032,2.632,0.231
0.731,1.083,1.694,0.798,1.86,0.166
1.703,1.955,2.316,0.961,2.739,0.424
2.146,2.149,0.214,0.101,2.289,2.075
1.446,1.638,1.694,0.77,2.053,0.359
0.045,0.139,0.279,0.131,0.231,-0.048
1.117,1.382,1.737,0.814,2.268,0.531
2.053,2.071,0.579,0.273,2.439,1.86
1.667,1.756,1.244,0.55,2.139,0.895
1.825,1.83,0.3,0.142,1.925,1.624
1.324,1.534,1.651,0.773,1.882,0.231
1.867,1.869,0.15,0.071,1.967,1.817
-0.027,0.125,0.279,0.123,0.145,-0.134
0.845,1.257,1.973,0.93,2.16,0.188
1.374,1.681,2.187,0.968,2.203,0.016
2.118,2.13,0.536,0.232,2.332,1.796
1.76,1.804,0.965,0.395,2.225,1.26
0.145,0.157,0.129,0.061,0.231,0.102
0.974,1.229,1.822,0.749,1.946,0.124
0.795,1.127,1.694,0.798,1.925,0.231
1.91,1.921,0.472,0.205,2.096,1.624
1.717,1.939,1.908,0.9,2.353,0.445
1.539,1.78,1.951,0.896,2.225,0.274
0.467,0.969,1.801,0.849,1.667,-0.134
0.967,1.31,2.08,0.884,2.182,0.102
1.732,1.769,0.772,0.364,1.989,1.217
0.845,1.15,1.715,0.78,1.946,0.231
0.459,0.473,0.236,0.111,0.617,0.381
0.738,0.941,1.372,0.583,1.539,0.166
2.096,2.097,0.129,0.061,2.139,2.01
1.796,1.859,1.115,0.48,2.246,1.131
0.331,0.477,0.729,0.344,0.574,-0.155
0.845,0.977,1.051,0.49,1.539,0.488
0.76,1.146,1.908,0.858,1.967,0.059
0.231,0.351,0.622,0.265,0.595,-0.027
1.317,1.397,1.029,0.466,1.689,0.66
1.617,1.622,0.3,0.129,1.796,1.496
1.224,1.403,1.587,0.685,1.86,0.274
1.567,1.694,1.372,0.642,2.032,0.66
1.696,1.709,0.515,0.21,1.946,1.431
1.646,1.669,0.665,0.275,2.01,1.346
1.31,1.575,2.123,0.874,2.289,0.166
1.925,1.943,0.622,0.265,2.289,1.667
0.631,0.831,1.286,0.541,1.367,0.081
1.803,1.819,0.536,0.239,2.139,1.603
1.596,1.773,1.844,0.772,2.396,0.552
0.795,0.913,1.093,0.448,1.367,0.274
0.881,1.06,1.308,0.589,1.71,0.402
1.624,1.625,0.107,0.046,1.689,1.582
1.046,1.087,0.708,0.299,1.453,0.745
1.038,1.303,1.844,0.788,1.796,-0.048
1.289,1.401,1.179,0.551,1.689,0.51
1.417,1.423,0.279,0.131,1.603,1.324
0.86,0.993,1.179,0.498,1.539,0.359
1.61,1.613,0.214,0.096,1.689,1.474
0.774,1.239,2.123,0.967,2.139,0.016
1.096,1.229,1.265,0.556,1.582,0.317
0.803,1.015,1.437,0.622,1.667,0.231
0.824,0.969,1.158,0.51,1.539,0.381
0.61,0.693,0.708,0.329,0.853,0.145
0.345,0.577,1.115,0.462,0.96,-0.155
0.881,1.122,1.544,0.695,1.86,0.317
0.545,0.975,1.715,0.809,1.689,-0.027
0.438,0.867,1.587,0.748,1.496,-0.091
1.003,1.239,1.544,0.728,1.517,-0.027
0.502,0.948,1.844,0.804,1.624,-0.219
0.059,0.109,0.193,0.091,0.188,-0.005
0.495,0.566,0.643,0.275,0.874,0.231
-0.041,0.167,0.343,0.162,0.188,-0.155
0.074,0.326,0.772,0.318,0.488,-0.284
1.224,1.519,1.908,0.9,1.86,-0.048
1.267,1.394,1.265,0.582,1.71,0.445
1.782,1.782,0.107,0.051,1.817,1.71
0.71,0.908,1.351,0.566,1.474,0.124
1.353,1.478,1.265,0.596,1.775,0.51
1.417,1.597,1.651,0.737,2.032,0.381
1.231,1.246,0.407,0.192,1.367,0.96
0.724,1.148,2.037,0.89,1.967,-0.069
-0.055,0.21,0.429,0.202,0.231,-0.198
0.838,0.919,0.879,0.377,1.196,0.317
1.267,1.309,0.708,0.329,1.732,1.024
0.088,0.22,0.429,0.202,0.231,-0.198
-0.127,0.256,0.472,0.222,0.188,-0.284
0.574,0.944,1.694,0.749,1.624,-0.069
1.046,1.24,1.415,0.667,1.517,0.102
-0.134,0.165,0.236,0.097,-0.005,-0.241
0.088,0.158,0.279,0.131,0.274,-0.005
1.024,1.033,0.322,0.139,1.153,0.831
0.581,0.939,1.565,0.738,1.624,0.059
0.574,0.975,1.672,0.788,1.689,0.016
0.438,0.867,1.587,0.748,1.496,-0.091
0.71,0.983,1.608,0.68,1.389,-0.219
0.645,0.767,0.879,0.414,0.938,0.059
1.01,1.179,1.415,0.609,1.582,0.166
-0.177,0.377,0.708,0.334,0.295,-0.412
-0.248,0.294,0.343,0.157,-0.027,-0.37
0.031,0.059,0.107,0.051,0.102,-0.005
0.238,0.78,1.672,0.743,1.281,-0.391
-0.112,0.128,0.129,0.061,-0.027,-0.155
1.003,1.206,1.608,0.671,1.71,0.102
0.459,0.465,0.15,0.071,0.51,0.359
0.052,0.137,0.279,0.127,0.231,-0.048
0.074,0.488,1.179,0.482,0.681,-0.498
0.016,0.106,0.257,0.105,0.145,-0.112
0.081,0.123,0.214,0.093,0.209,-0.005
0.038,0.177,0.407,0.172,0.274,-0.134
0.409,0.691,1.201,0.556,1.196,-0.005
0.581,1.205,2.423,1.056,2.053,-0.37
-0.212,0.361,0.686,0.292,0.188,-0.498
0.467,1.005,2.037,0.89,1.71,-0.327
0.481,0.928,1.715,0.794,1.603,-0.112
1.017,1.295,1.951,0.802,1.925,-0.027
0.095,0.128,0.193,0.086,0.166,-0.027
-0.391,0.394,0.107,0.046,-0.327,-0.434
-0.141,0.226,0.386,0.177,-0.005,-0.391
-0.148,0.232,0.407,0.179,0.102,-0.305
-0.198,0.2,0.064,0.03,-0.177,-0.241
-0.134,0.137,0.064,0.03,-0.091,-0.155
-0.048,0.16,0.343,0.153,0.081,-0.262
-0.212,0.259,0.364,0.149,-0.027,-0.391
0.074,0.16,0.322,0.143,0.274,-0.048
-0.012,0.368,0.858,0.367,0.338,-0.52
0.474,1.044,2.187,0.931,1.753,-0.434
0.009,0.106,0.257,0.106,0.145,-0.112
-0.198,0.203,0.107,0.046,-0.155,-0.262
-0.613,0.657,0.557,0.238,-0.284,-0.841
-0.212,0.267,0.343,0.162,0.016,-0.327
-0.169,0.292,0.515,0.238,0.166,-0.348
-0.727,0.764,0.579,0.236,-0.434,-1.013
-0.584,0.798,1.329,0.544,0.059,-1.27
-0.663,0.693,0.493,0.201,-0.412,-0.906
-0.713,0.744,0.45,0.212,-0.412,-0.863
0.238,0.538,1.072,0.482,0.917,-0.155
-0.591,0.591,0.043,0.02,-0.563,-0.605
-0.341,1.004,2.144,0.944,0.981,-1.163
-0.484,0.489,0.15,0.071,-0.434,-0.584
-0.255,0.344,0.557,0.231,-0.005,-0.563
-0.798,0.819,0.386,0.182,-0.67,-1.056
-0.834,0.847,0.343,0.149,-0.627,-0.97
-0.555,0.793,1.201,0.566,-0.155,-1.356
-0.641,0.684,0.579,0.238,-0.37,-0.948
-0.856,0.873,0.364,0.172,-0.734,-1.099
-0.598,0.629,0.472,0.193,-0.37,-0.841
-0.598,0.598,0.021,0.01,-0.584,-0.605
-0.798,0.822,0.472,0.195,-0.541,-1.013
-0.605,0.606,0.064,0.03,-0.584,-0.648
-0.763,0.82,0.686,0.301,-0.498,-1.184
-0.891,0.935,0.6,0.283,-0.691,-1.292
-0.956,0.964,0.3,0.124,-0.82,-1.12
-0.37,1.038,2.058,0.97,1.003,-1.056
-0.827,0.835,0.279,0.114,-0.691,-0.97
-1.056,1.078,0.515,0.219,-0.756,-1.27
-0.934,0.971,0.6,0.265,-0.563,-1.163
-0.984,1.005,0.429,0.202,-0.841,-1.27
