mean,RMS,ptp,std,max,min
-0.151,0.932,5.258,0.92,2.757,-2.501
-0.13,0.95,5.258,0.941,2.757,-2.501
-0.055,0.991,5.258,0.99,2.757,-2.501
-0.014,0.987,5.258,0.987,2.757,-2.501
-0.004,0.982,5.258,0.982,2.757,-2.501
0.08,1.008,5.258,1.005,2.757,-2.501
0.083,1.005,5.258,1.001,2.757,-2.501
0.041,0.987,4.586,0.986,2.085,-2.501
0.033,1.014,4.83,1.013,2.329,-2.501
0.026,1.007,4.83,1.007,2.329,-2.501
0.045,0.975,4.83,0.974,2.329,-2.501
-0.044,0.946,4.83,0.945,2.329,-2.501
-0.078,0.919,4.83,0.916,2.329,-2.501
-0.103,0.868,3.638,0.862,2.329,-1.309
-0.089,0.845,3.638,0.84,2.329,-1.309
-0.102,0.83,3.577,0.824,2.421,-1.156
-0.129,0.771,3.546,0.76,2.421,-1.125
-0.198,0.679,3.546,0.649,2.421,-1.125
-0.207,0.65,3.546,0.616,2.421,-1.125
-0.177,0.682,3.546,0.659,2.421,-1.125
-0.243,0.651,3.546,0.604,2.421,-1.125
-0.242,0.651,3.546,0.605,2.421,-1.125
-0.24,0.653,3.791,0.607,2.421,-1.37
-0.266,0.612,3.791,0.551,2.421,-1.37
-0.262,0.602,3.791,0.542,2.421,-1.37
-0.243,0.615,3.791,0.565,2.421,-1.37
-0.199,0.589,3.791,0.554,2.421,-1.37
-0.153,0.639,3.883,0.621,2.513,-1.37
-0.14,0.632,3.883,0.617,2.513,-1.37
-0.151,0.652,3.883,0.634,2.513,-1.37
-0.148,0.608,3.883,0.59,2.513,-1.37
-0.153,0.646,3.883,0.628,2.513,-1.37
-0.154,0.68,3.883,0.662,2.513,-1.37
-0.173,0.67,3.883,0.647,2.513,-1.37
-0.209,0.642,3.883,0.608,2.513,-1.37
-0.169,0.65,3.883,0.628,2.513,-1.37
-0.173,0.656,3.883,0.633,2.513,-1.37
-0.133,0.643,3.76,0.629,2.513,-1.248
-0.103,0.664,3.76,0.656,2.513,-1.248
-0.121,0.666,3.76,0.655,2.513,-1.248
-0.131,0.656,3.76,0.642,2.513,-1.248
-0.145,0.657,3.76,0.641,2.513,-1.248
-0.179,0.602,3.546,0.575,2.299,-1.248
-0.194,0.607,3.546,0.576,2.299,-1.248
-0.194,0.588,3.546,0.555,2.299,-1.248
-0.184,0.588,3.546,0.558,2.299,-1.248
-0.168,0.538,3.546,0.511,2.299,-1.248
-0.147,0.494,3.516,0.472,2.268,-1.248
-0.122,0.487,3.516,0.471,2.268,-1.248
-0.099,0.47,3.516,0.46,2.268,-1.248
-0.125,0.433,3.516,0.415,2.268,-1.248
-0.121,0.433,3.302,0.416,2.268,-1.034
-0.143,0.429,3.302,0.405,2.268,-1.034
-0.177,0.404,1.834,0.363,0.801,-1.034
-0.167,0.397,1.834,0.36,0.801,-1.034
-0.166,0.389,1.834,0.352,0.801,-1.034
-0.177,0.396,1.834,0.354,0.801,-1.034
-0.168,0.407,1.834,0.371,0.801,-1.034
-0.16,0.404,1.834,0.371,0.801,-1.034
-0.149,0.397,1.834,0.368,0.801,-1.034
-0.15,0.394,1.834,0.364,0.801,-1.034
-0.169,0.402,1.834,0.365,0.801,-1.034
-0.226,0.441,1.926,0.379,0.801,-1.125
-0.267,0.466,1.926,0.381,0.801,-1.125
-0.279,0.468,1.926,0.376,0.801,-1.125
-0.296,0.463,1.773,0.356,0.648,-1.125
-0.286,0.455,1.773,0.354,0.648,-1.125
-0.29,0.474,1.773,0.375,0.648,-1.125
-0.286,0.465,1.773,0.366,0.648,-1.125
-0.278,0.463,1.773,0.37,0.648,-1.125
-0.286,0.467,1.773,0.369,0.648,-1.125
-0.29,0.478,2.018,0.38,0.648,-1.37
-0.324,0.487,1.957,0.363,0.587,-1.37
-0.344,0.528,2.843,0.401,1.229,-1.615
-0.347,0.562,3.699,0.442,2.085,-1.615
-0.364,0.567,3.699,0.435,2.085,-1.615
-0.36,0.58,3.699,0.455,2.085,-1.615
-0.303,0.562,3.699,0.473,2.085,-1.615
-0.25,0.564,3.73,0.505,2.115,-1.615
-0.24,0.564,3.73,0.51,2.115,-1.615
-0.237,0.561,3.73,0.508,2.115,-1.615
-0.246,0.566,3.73,0.51,2.115,-1.615
-0.243,0.555,3.73,0.498,2.115,-1.615
-0.226,0.562,3.73,0.515,2.115,-1.615
-0.24,0.585,3.73,0.533,2.115,-1.615
-0.237,0.602,3.73,0.554,2.115,-1.615
-0.222,0.618,3.73,0.576,2.115,-1.615
-0.186,0.619,3.73,0.59,2.115,-1.615
-0.141,0.644,3.516,0.629,2.36,-1.156
-0.119,0.689,3.516,0.678,2.36,-1.156
-0.115,0.69,3.516,0.68,2.36,-1.156
-0.138,0.69,3.516,0.676,2.36,-1.156
-0.186,0.699,3.516,0.674,2.36,-1.156
-0.241,0.706,3.577,0.664,2.36,-1.217
-0.259,0.757,3.883,0.711,2.452,-1.431
-0.262,0.786,3.883,0.741,2.452,-1.431
-0.253,0.828,4.097,0.789,2.452,-1.645
-0.257,0.846,4.097,0.806,2.452,-1.645
-0.272,0.843,4.097,0.799,2.452,-1.645
-0.221,0.871,4.097,0.843,2.452,-1.645
-0.223,0.858,4.097,0.829,2.452,-1.645
-0.216,0.836,4.097,0.808,2.452,-1.645
-0.241,0.83,4.097,0.795,2.452,-1.645
-0.272,0.813,4.097,0.766,2.452,-1.645
-0.31,0.778,4.097,0.713,2.452,-1.645
-0.308,0.807,4.097,0.746,2.452,-1.645
-0.315,0.835,4.097,0.773,2.452,-1.645
-0.306,0.829,4.097,0.771,2.452,-1.645
-0.293,0.822,4.097,0.768,2.452,-1.645
-0.26,0.832,4.097,0.791,2.452,-1.645
-0.247,0.803,4.097,0.764,2.452,-1.645
-0.258,0.754,3.883,0.709,2.452,-1.431
-0.245,0.73,3.883,0.688,2.452,-1.431
-0.249,0.77,3.883,0.728,2.452,-1.431
-0.291,0.74,3.883,0.681,2.452,-1.431
-0.301,0.75,3.883,0.687,2.452,-1.431
-0.328,0.763,3.883,0.689,2.452,-1.431
-0.327,0.765,3.883,0.691,2.452,-1.431
-0.304,0.742,3.883,0.676,2.452,-1.431
-0.316,0.723,3.883,0.651,2.452,-1.431
-0.3,0.701,3.883,0.633,2.452,-1.431
-0.268,0.654,3.883,0.596,2.452,-1.431
-0.243,0.668,3.669,0.622,2.452,-1.217
-0.216,0.651,3.669,0.614,2.452,-1.217
-0.24,0.576,3.638,0.524,2.421,-1.217
-0.272,0.595,3.638,0.529,2.421,-1.217
-0.299,0.629,3.791,0.553,2.421,-1.37
-0.343,0.661,3.852,0.564,2.421,-1.431
-0.348,0.647,3.546,0.546,2.115,-1.431
-0.352,0.63,3.546,0.522,2.115,-1.431
-0.348,0.621,3.546,0.515,2.115,-1.431
-0.323,0.614,3.546,0.521,2.115,-1.431
-0.321,0.609,3.546,0.518,2.115,-1.431
-0.348,0.604,3.546,0.494,2.115,-1.431
-0.352,0.612,3.546,0.5,2.115,-1.431
-0.392,0.618,3.546,0.478,2.115,-1.431
-0.38,0.652,3.822,0.53,2.39,-1.431
-0.412,0.639,3.822,0.489,2.39,-1.431
-0.443,0.649,3.822,0.475,2.39,-1.431
-0.43,0.677,3.822,0.522,2.39,-1.431
-0.402,0.692,3.822,0.564,2.39,-1.431
-0.37,0.668,3.822,0.556,2.39,-1.431
-0.332,0.661,3.638,0.572,2.39,-1.248
-0.315,0.623,3.638,0.538,2.39,-1.248
-0.284,0.668,4.372,0.604,3.124,-1.248
-0.29,0.681,4.647,0.616,3.124,-1.523
-0.298,0.681,4.647,0.613,3.124,-1.523
-0.309,0.689,4.647,0.615,3.124,-1.523
-0.313,0.69,4.647,0.615,3.124,-1.523
-0.287,0.71,4.647,0.649,3.124,-1.523
-0.229,0.734,4.647,0.697,3.124,-1.523
-0.247,0.705,4.647,0.66,3.124,-1.523
-0.213,0.738,4.647,0.707,3.124,-1.523
-0.199,0.767,4.647,0.741,3.124,-1.523
-0.203,0.75,4.647,0.722,3.124,-1.523
-0.216,0.747,4.647,0.715,3.124,-1.523
-0.224,0.777,4.647,0.744,3.124,-1.523
-0.251,0.777,4.678,0.735,3.124,-1.553
-0.243,0.829,4.678,0.793,3.124,-1.553
-0.292,0.807,4.341,0.753,2.788,-1.553
-0.256,0.808,4.341,0.766,2.788,-1.553
-0.209,0.839,4.341,0.813,2.788,-1.553
-0.195,0.831,4.341,0.808,2.788,-1.553
-0.173,0.823,4.341,0.805,2.788,-1.553
-0.185,0.798,4.341,0.776,2.788,-1.553
-0.23,0.764,4.341,0.728,2.788,-1.553
-0.249,0.778,4.341,0.737,2.788,-1.553
-0.276,0.77,3.791,0.719,2.237,-1.553
-0.281,0.737,3.791,0.681,2.237,-1.553
-0.256,0.798,3.791,0.756,2.237,-1.553
-0.262,0.797,3.791,0.752,2.237,-1.553
-0.253,0.763,3.791,0.72,2.237,-1.553
-0.221,0.742,3.73,0.709,2.237,-1.492
-0.207,0.728,3.73,0.698,2.237,-1.492
-0.182,0.708,3.608,0.685,2.237,-1.37
-0.198,0.713,3.608,0.685,2.237,-1.37
-0.254,0.696,3.669,0.648,2.237,-1.431
-0.28,0.715,3.669,0.658,2.237,-1.431
-0.306,0.726,3.669,0.658,2.237,-1.431
-0.312,0.729,3.669,0.659,2.237,-1.431
-0.297,0.722,3.669,0.659,2.237,-1.431
-0.29,0.724,3.669,0.663,2.237,-1.431
-0.278,0.691,3.669,0.633,2.237,-1.431
-0.265,0.687,3.669,0.633,2.237,-1.431
-0.291,0.604,3.669,0.53,2.237,-1.431
-0.281,0.575,3.669,0.502,2.237,-1.431
-0.283,0.579,3.669,0.505,2.237,-1.431
-0.294,0.583,3.669,0.504,2.237,-1.431
-0.344,0.549,3.21,0.427,1.779,-1.431
-0.349,0.551,3.21,0.426,1.779,-1.431
-0.336,0.52,2.721,0.397,1.29,-1.431
-0.337,0.534,3.241,0.414,0.464,-2.776
-0.301,0.504,3.241,0.405,0.464,-2.776
-0.283,0.497,3.302,0.409,0.525,-2.776
-0.273,0.546,3.424,0.473,0.556,-2.868
-0.281,0.577,3.424,0.504,0.556,-2.868
-0.263,0.553,3.424,0.487,0.556,-2.868
-0.266,0.551,3.424,0.483,0.556,-2.868
-0.281,0.565,3.485,0.491,0.617,-2.868
-0.308,0.586,3.485,0.498,0.617,-2.868
-0.318,0.591,3.485,0.498,0.617,-2.868
-0.337,0.608,3.485,0.506,0.617,-2.868
-0.345,0.617,3.485,0.511,0.617,-2.868
-0.327,0.626,3.485,0.534,0.617,-2.868
-0.303,0.631,3.546,0.554,0.678,-2.868
-0.316,0.637,3.546,0.553,0.678,-2.868
-0.296,0.602,3.546,0.524,0.678,-2.868
-0.308,0.61,3.546,0.527,0.678,-2.868
-0.326,0.618,3.546,0.525,0.678,-2.868
-0.336,0.573,3.149,0.464,0.678,-2.471
-0.329,0.545,3.149,0.435,0.678,-2.471
-0.329,0.554,3.149,0.445,0.678,-2.471
-0.324,0.556,3.149,0.452,0.678,-2.471
-0.306,0.537,3.149,0.442,0.678,-2.471
-0.286,0.525,3.149,0.44,0.678,-2.471
-0.263,0.519,3.149,0.447,0.678,-2.471
-0.233,0.491,3.241,0.432,0.77,-2.471
-0.224,0.508,3.241,0.456,0.77,-2.471
-0.212,0.478,2.843,0.429,0.77,-2.073
-0.261,0.546,4.005,0.48,0.77,-3.235
-0.252,0.544,4.005,0.482,0.77,-3.235
-0.268,0.564,4.005,0.496,0.77,-3.235
-0.252,0.556,4.005,0.496,0.77,-3.235
-0.261,0.621,4.005,0.564,0.77,-3.235
-0.223,0.615,4.005,0.573,0.77,-3.235
-0.202,0.614,4.005,0.58,0.77,-3.235
-0.198,0.625,4.005,0.593,0.77,-3.235
-0.197,0.655,4.036,0.625,0.801,-3.235
-0.187,0.658,4.036,0.63,0.801,-3.235
-0.195,0.655,4.036,0.626,0.801,-3.235
-0.221,0.667,4.036,0.629,0.801,-3.235
-0.231,0.682,4.036,0.641,0.801,-3.235
-0.228,0.701,4.097,0.663,0.862,-3.235
-0.263,0.78,4.097,0.734,0.862,-3.235
-0.223,0.734,3.913,0.699,0.862,-3.052
-0.228,0.787,3.913,0.754,0.862,-3.052
-0.2,0.767,3.913,0.741,0.862,-3.052
-0.187,0.771,3.913,0.747,0.862,-3.052
-0.147,0.708,3.913,0.693,0.862,-3.052
-0.223,0.805,3.913,0.773,0.862,-3.052
-0.237,0.806,3.913,0.77,0.862,-3.052
-0.26,0.805,3.913,0.761,0.862,-3.052
-0.321,0.878,3.913,0.817,0.862,-3.052
-0.32,0.876,3.913,0.815,0.862,-3.052
-0.34,0.933,4.158,0.869,1.106,-3.052
-0.33,0.96,4.158,0.902,1.106,-3.052
-0.311,0.97,4.158,0.919,1.106,-3.052
-0.332,1.003,4.28,0.946,1.229,-3.052
-0.282,0.946,4.005,0.903,1.229,-2.776
-0.307,0.981,4.097,0.931,1.229,-2.868
-0.293,0.935,4.097,0.888,1.229,-2.868
-0.303,0.947,4.097,0.897,1.229,-2.868
-0.32,0.947,4.097,0.891,1.229,-2.868
-0.353,0.981,4.097,0.915,1.229,-2.868
-0.273,0.903,4.097,0.861,1.229,-2.868
-0.269,0.929,4.097,0.889,1.229,-2.868
-0.227,0.937,4.097,0.909,1.229,-2.868
-0.142,0.841,4.097,0.829,1.229,-2.868
-0.174,0.901,4.097,0.884,1.229,-2.868
-0.114,0.85,4.097,0.842,1.229,-2.868
-0.087,0.805,4.097,0.8,1.229,-2.868
-0.106,0.818,4.097,0.811,1.229,-2.868
-0.081,0.759,3.76,0.755,0.892,-2.868
-0.096,0.773,3.76,0.767,0.892,-2.868
-0.058,0.724,3.73,0.722,0.892,-2.838
-0.079,0.739,3.73,0.735,0.892,-2.838
-0.071,0.723,3.73,0.719,0.892,-2.838
-0.069,0.73,3.73,0.727,0.892,-2.838
-0.047,0.701,3.73,0.699,0.892,-2.838
-0.055,0.703,3.73,0.701,0.892,-2.838
-0.082,0.735,3.974,0.731,1.137,-2.838
-0.149,0.785,3.974,0.771,1.137,-2.838
-0.169,0.802,3.974,0.784,1.137,-2.838
-0.174,0.769,3.822,0.749,1.137,-2.685
-0.206,0.78,3.822,0.752,1.137,-2.685
-0.221,0.783,3.822,0.751,1.137,-2.685
-0.2,0.759,3.883,0.732,1.198,-2.685
-0.24,0.801,3.883,0.764,1.198,-2.685
-0.235,0.802,3.883,0.767,1.198,-2.685
-0.268,0.861,3.883,0.819,1.198,-2.685
-0.309,0.929,3.883,0.876,1.198,-2.685
-0.309,0.927,3.883,0.874,1.198,-2.685
-0.342,0.968,3.883,0.906,1.198,-2.685
-0.338,0.954,3.883,0.892,1.198,-2.685
-0.371,0.976,3.883,0.903,1.198,-2.685
-0.337,0.924,3.883,0.861,1.198,-2.685
-0.292,0.889,3.883,0.84,1.198,-2.685
-0.302,0.912,3.883,0.861,1.198,-2.685
-0.267,0.907,3.883,0.867,1.198,-2.685
-0.241,0.913,3.883,0.881,1.198,-2.685
-0.26,0.953,3.883,0.917,1.198,-2.685
-0.275,0.958,3.822,0.918,1.137,-2.685
-0.216,0.909,3.822,0.883,1.137,-2.685
-0.221,0.919,3.883,0.892,1.137,-2.746
-0.221,0.905,3.883,0.878,1.137,-2.746
-0.213,0.904,3.883,0.879,1.137,-2.746
-0.208,0.933,3.883,0.909,1.137,-2.746
-0.223,0.965,3.974,0.939,1.137,-2.838
-0.203,0.971,3.974,0.949,1.137,-2.838
-0.204,0.997,3.974,0.976,1.137,-2.838
-0.204,1.008,3.974,0.987,1.137,-2.838
-0.235,1.026,3.974,0.998,1.137,-2.838
-0.236,1.055,5.778,1.028,2.941,-2.838
-0.234,1.084,5.778,1.058,2.941,-2.838
-0.252,1.091,5.778,1.062,2.941,-2.838
-0.298,1.119,5.778,1.078,2.941,-2.838
-0.3,1.15,5.778,1.11,2.941,-2.838
-0.311,1.197,5.778,1.156,2.941,-2.838
-0.363,1.223,5.778,1.168,2.941,-2.838
-0.352,1.227,5.778,1.175,2.941,-2.838
-0.355,1.211,5.778,1.157,2.941,-2.838
-0.329,1.232,5.778,1.187,2.941,-2.838
-0.271,1.199,5.411,1.168,2.941,-2.471
-0.326,1.248,5.534,1.205,2.941,-2.593
-0.387,1.262,5.534,1.201,2.941,-2.593
-0.432,1.287,5.534,1.213,2.941,-2.593
-0.45,1.31,5.534,1.23,2.941,-2.593
-0.487,1.307,5.472,1.213,2.88,-2.593
-0.473,1.289,5.228,1.199,2.635,-2.593
-0.478,1.315,5.228,1.225,2.635,-2.593
-0.366,1.308,5.228,1.255,2.635,-2.593
-0.398,1.312,4.861,1.25,2.268,-2.593
-0.399,1.304,4.341,1.241,1.748,-2.593
-0.408,1.314,4.341,1.249,1.748,-2.593
-0.439,1.317,4.341,1.241,1.748,-2.593
-0.421,1.322,4.341,1.253,1.748,-2.593
-0.463,1.305,4.25,1.221,1.657,-2.593
-0.509,1.327,4.25,1.225,1.657,-2.593
-0.514,1.309,4.066,1.203,1.657,-2.41
-0.404,1.275,4.066,1.209,1.657,-2.41
-0.432,1.287,4.066,1.213,1.657,-2.41
-0.427,1.281,4.066,1.207,1.657,-2.41
-0.393,1.264,4.066,1.201,1.657,-2.41
-0.393,1.262,4.066,1.199,1.657,-2.41
-0.391,1.235,4.066,1.172,1.657,-2.41
-0.47,1.228,3.974,1.135,1.565,-2.41
-0.413,1.18,3.974,1.106,1.565,-2.41
-0.408,1.158,3.944,1.084,1.534,-2.41
-0.355,1.122,3.944,1.065,1.534,-2.41
-0.326,1.108,3.944,1.059,1.534,-2.41
-0.252,1.069,3.944,1.039,1.534,-2.41
-0.285,1.093,3.944,1.055,1.534,-2.41
-0.317,1.106,3.944,1.059,1.534,-2.41
-0.29,1.107,3.944,1.069,1.534,-2.41
-0.333,1.145,3.883,1.096,1.32,-2.562
-0.276,1.118,3.883,1.083,1.32,-2.562
-0.25,1.104,3.883,1.075,1.32,-2.562
-0.257,1.103,3.883,1.072,1.32,-2.562
-0.25,1.089,3.883,1.06,1.32,-2.562
-0.284,1.115,3.883,1.078,1.32,-2.562
-0.257,1.105,3.883,1.075,1.32,-2.562
-0.273,1.129,3.883,1.096,1.32,-2.562
-0.299,1.146,3.883,1.106,1.32,-2.562
-0.307,1.16,3.883,1.118,1.32,-2.562
-0.263,1.138,3.883,1.108,1.32,-2.562
-0.327,1.162,3.883,1.115,1.32,-2.562
-0.277,1.144,3.883,1.11,1.32,-2.562
-0.26,1.132,3.883,1.101,1.32,-2.562
-0.247,1.131,3.883,1.104,1.32,-2.562
-0.242,1.102,3.73,1.075,1.29,-2.44
-0.273,1.127,3.73,1.093,1.29,-2.44
-0.266,1.133,3.73,1.101,1.29,-2.44
-0.21,1.129,3.791,1.11,1.351,-2.44
-0.204,1.146,3.791,1.128,1.351,-2.44
-0.169,1.133,3.791,1.12,1.351,-2.44
-0.171,1.143,3.638,1.13,1.351,-2.287
-0.192,1.16,3.638,1.144,1.351,-2.287
-0.191,1.182,4.066,1.167,1.657,-2.41
-0.188,1.187,4.066,1.172,1.657,-2.41
-0.246,1.238,4.066,1.214,1.657,-2.41
-0.218,1.214,4.066,1.195,1.657,-2.41
-0.215,1.212,4.066,1.193,1.657,-2.41
-0.143,1.177,4.066,1.168,1.657,-2.41
-0.108,1.177,4.066,1.172,1.657,-2.41
-0.084,1.172,4.066,1.169,1.657,-2.41
-0.037,1.147,4.066,1.146,1.657,-2.41
-0.051,1.138,4.066,1.137,1.657,-2.41
-0.117,1.164,4.311,1.158,1.657,-2.654
-0.124,1.169,4.311,1.162,1.657,-2.654
-0.124,1.164,4.311,1.157,1.657,-2.654
-0.163,1.185,4.311,1.174,1.657,-2.654
-0.208,1.211,4.311,1.193,1.657,-2.654
-0.198,1.194,4.127,1.177,1.473,-2.654
-0.187,1.184,4.127,1.169,1.473,-2.654
-0.151,1.149,4.127,1.139,1.473,-2.654
-0.197,1.184,4.127,1.168,1.473,-2.654
-0.233,1.201,4.127,1.179,1.473,-2.654
-0.277,1.216,4.127,1.184,1.473,-2.654
-0.287,1.197,4.127,1.162,1.473,-2.654
-0.297,1.203,4.066,1.166,1.412,-2.654
-0.319,1.235,4.188,1.193,1.412,-2.776
-0.334,1.246,4.188,1.2,1.412,-2.776
-0.301,1.224,4.188,1.186,1.412,-2.776
-0.316,1.224,4.188,1.182,1.412,-2.776
-0.291,1.217,4.188,1.182,1.412,-2.776
-0.22,1.183,4.188,1.162,1.412,-2.776
-0.162,1.147,4.219,1.135,1.443,-2.776
-0.127,1.124,4.219,1.117,1.443,-2.776
-0.144,1.133,4.219,1.124,1.443,-2.776
-0.163,1.16,4.219,1.148,1.443,-2.776
-0.155,1.151,4.219,1.14,1.443,-2.776
-0.092,1.112,4.219,1.108,1.443,-2.776
-0.067,1.109,4.219,1.107,1.443,-2.776
-0.102,1.123,4.219,1.118,1.443,-2.776
-0.123,1.153,4.219,1.147,1.443,-2.776
-0.119,1.125,3.944,1.118,1.443,-2.501
-0.036,1.094,3.76,1.094,1.443,-2.318
0.023,1.078,3.76,1.078,1.443,-2.318
0.052,1.074,3.76,1.072,1.443,-2.318
0.033,1.082,3.76,1.081,1.443,-2.318
0.037,1.075,3.76,1.075,1.443,-2.318
0.092,1.074,3.76,1.07,1.443,-2.318
0.037,1.092,3.76,1.091,1.443,-2.318
0.072,1.072,3.76,1.069,1.443,-2.318
0.095,1.038,3.76,1.034,1.443,-2.318
0.108,1.036,3.516,1.03,1.443,-2.073
0.106,1.057,3.546,1.051,1.443,-2.104
0.098,1.063,3.546,1.059,1.443,-2.104
0.167,1.05,3.546,1.037,1.443,-2.104
0.186,1.025,3.546,1.008,1.443,-2.104
0.198,1.027,3.577,1.008,1.443,-2.134
0.145,1.05,3.699,1.04,1.32,-2.379
0.063,1.083,3.699,1.081,1.32,-2.379
0.022,1.086,3.699,1.085,1.32,-2.379
0.032,1.057,3.699,1.057,1.32,-2.379
0.035,1.047,3.699,1.046,1.32,-2.379
-0.045,1.064,3.76,1.063,1.381,-2.379
0.017,1.048,3.76,1.048,1.381,-2.379
0.028,1.036,3.76,1.036,1.381,-2.379
0.031,1.039,3.76,1.039,1.381,-2.379
0.025,1.042,3.76,1.042,1.381,-2.379
0.028,1.02,3.76,1.019,1.381,-2.379
0.054,0.993,3.76,0.991,1.381,-2.379
-0.021,1.022,3.76,1.022,1.381,-2.379
-0.045,1.023,3.76,1.022,1.381,-2.379
-0.009,0.997,3.791,0.997,1.412,-2.379
-0.012,1.005,3.73,1.005,1.412,-2.318
0.042,0.965,3.73,0.964,1.412,-2.318
0.061,0.957,3.73,0.955,1.412,-2.318
0.038,1.01,4.005,1.009,1.687,-2.318
0.03,1.018,4.005,1.017,1.687,-2.318
0.121,1.003,4.005,0.995,1.687,-2.318
0.104,1.007,4.005,1.002,1.687,-2.318
0.103,1.026,4.005,1.021,1.687,-2.318
0.113,1.023,4.005,1.016,1.687,-2.318
0.097,1.036,4.005,1.032,1.687,-2.318
0.052,1.052,4.005,1.051,1.687,-2.318
0.053,1.069,4.005,1.067,1.687,-2.318
0.1,1.052,4.005,1.048,1.687,-2.318
0.197,1.084,5.136,1.066,2.818,-2.318
0.216,1.11,5.136,1.089,2.818,-2.318
0.253,1.12,4.861,1.091,2.818,-2.043
0.264,1.138,4.861,1.107,2.818,-2.043
0.276,1.129,4.861,1.095,2.818,-2.043
0.312,1.083,4.861,1.037,2.818,-2.043
0.306,1.063,4.861,1.019,2.818,-2.043
0.255,1.028,4.861,0.995,2.818,-2.043
0.235,1.01,4.861,0.982,2.818,-2.043
0.216,0.974,4.861,0.949,2.818,-2.043
0.201,0.955,4.861,0.934,2.818,-2.043
0.243,0.905,4.739,0.872,2.818,-1.92
0.26,0.879,4.678,0.839,2.818,-1.859
0.255,0.839,4.678,0.8,2.818,-1.859
0.265,0.824,4.678,0.78,2.818,-1.859
0.204,0.722,4.616,0.693,2.757,-1.859
0.148,0.662,4.616,0.646,2.757,-1.859
0.131,0.558,4.433,0.542,2.757,-1.676
0.113,0.521,4.036,0.508,2.36,-1.676
0.124,0.588,4.158,0.575,2.482,-1.676
0.103,0.57,4.158,0.561,2.482,-1.676
0.131,0.615,4.158,0.601,2.482,-1.676
0.145,0.623,4.158,0.606,2.482,-1.676
0.145,0.609,4.158,0.592,2.482,-1.676
0.187,0.653,4.158,0.625,2.482,-1.676
0.196,0.679,4.158,0.65,2.482,-1.676
0.191,0.693,3.363,0.666,2.482,-0.881
0.198,0.734,3.546,0.707,2.666,-0.881
0.234,0.821,3.546,0.787,2.666,-0.881
0.243,0.863,3.546,0.828,2.666,-0.881
0.236,0.884,3.546,0.852,2.666,-0.881
0.232,0.912,3.791,0.882,2.666,-1.125
0.22,0.923,3.791,0.897,2.666,-1.125
0.24,0.943,3.791,0.912,2.666,-1.125
0.221,0.91,3.791,0.883,2.666,-1.125
0.243,0.943,3.791,0.911,2.666,-1.125
0.21,0.945,3.791,0.921,2.666,-1.125
0.214,0.975,3.791,0.951,2.666,-1.125
0.201,0.978,3.852,0.957,2.666,-1.187
0.165,0.99,3.852,0.976,2.666,-1.187
0.155,1.005,3.852,0.993,2.666,-1.187
0.158,1.013,3.852,1.001,2.666,-1.187
0.225,1.078,3.852,1.054,2.666,-1.187
0.161,1.021,3.852,1.008,2.666,-1.187
0.127,0.999,3.852,0.991,2.666,-1.187
0.123,0.983,3.852,0.975,2.666,-1.187
0.127,0.984,4.097,0.976,2.666,-1.431
0.193,1.039,4.127,1.021,2.696,-1.431
0.147,1.034,4.127,1.023,2.696,-1.431
0.14,1.025,4.127,1.016,2.696,-1.431
0.122,1.019,4.127,1.012,2.696,-1.431
0.111,1.017,4.127,1.011,2.696,-1.431
0.098,1.012,4.127,1.007,2.696,-1.431
0.156,1.05,4.127,1.038,2.696,-1.431
0.153,1.048,4.127,1.037,2.696,-1.431
0.164,1.046,4.127,1.033,2.696,-1.431
0.182,1.038,4.127,1.022,2.696,-1.431
0.153,1.002,4.127,0.991,2.696,-1.431
0.242,1.066,4.127,1.038,2.696,-1.431
0.274,1.084,4.127,1.049,2.696,-1.431
0.291,1.116,4.127,1.077,2.696,-1.431
0.352,1.139,3.883,1.084,2.696,-1.187
0.318,1.12,3.791,1.074,2.482,-1.309
0.322,1.125,3.791,1.078,2.482,-1.309
0.321,1.158,3.791,1.113,2.482,-1.309
0.375,1.194,3.791,1.134,2.482,-1.309
0.406,1.209,3.791,1.139,2.482,-1.309
0.474,1.246,3.791,1.152,2.482,-1.309
0.445,1.264,4.494,1.183,2.482,-2.012
0.499,1.289,4.494,1.188,2.482,-2.012
0.532,1.318,4.494,1.206,2.482,-2.012
0.606,1.362,4.494,1.22,2.482,-2.012
0.533,1.341,4.494,1.23,2.482,-2.012
0.469,1.315,4.311,1.229,2.299,-2.012
0.477,1.313,4.311,1.223,2.299,-2.012
0.432,1.333,4.311,1.261,2.299,-2.012
0.425,1.36,4.861,1.293,2.849,-2.012
0.437,1.376,4.861,1.305,2.849,-2.012
0.479,1.41,4.861,1.326,2.849,-2.012
0.472,1.4,4.861,1.318,2.849,-2.012
0.437,1.405,4.861,1.335,2.849,-2.012
0.39,1.419,4.861,1.365,2.849,-2.012
0.382,1.431,4.861,1.379,2.849,-2.012
0.368,1.419,4.525,1.371,2.849,-1.676
0.329,1.408,4.678,1.369,2.849,-1.829
0.242,1.39,4.678,1.369,2.849,-1.829
0.172,1.389,4.678,1.379,2.849,-1.829
0.205,1.402,4.739,1.387,2.849,-1.89
0.174,1.412,4.739,1.402,2.849,-1.89
0.189,1.429,4.739,1.417,2.849,-1.89
0.215,1.444,4.739,1.428,2.849,-1.89
0.149,1.396,4.464,1.388,2.574,-1.89
0.137,1.379,4.464,1.372,2.574,-1.89
0.149,1.387,4.464,1.379,2.574,-1.89
0.104,1.404,4.464,1.4,2.574,-1.89
0.009,1.39,4.494,1.39,2.574,-1.92
0.027,1.378,4.341,1.378,2.421,-1.92
-0.054,1.337,4.341,1.336,2.421,-1.92
-0.044,1.336,4.341,1.335,2.421,-1.92
-0.029,1.32,4.341,1.32,2.421,-1.92
0.021,1.328,4.341,1.328,2.421,-1.92
-0.053,1.296,4.341,1.295,2.421,-1.92
-0.067,1.286,4.341,1.284,2.421,-1.92
0.002,1.295,4.341,1.295,2.421,-1.92
-0.061,1.28,4.341,1.278,2.421,-1.92
-0.015,1.259,4.127,1.259,2.207,-1.92
-0.022,1.282,4.311,1.282,2.207,-2.104
-0.03,1.272,4.311,1.271,2.207,-2.104
-0.023,1.25,4.219,1.25,2.115,-2.104
0.091,1.27,4.494,1.267,2.39,-2.104
0.178,1.265,4.494,1.253,2.39,-2.104
0.178,1.271,4.494,1.259,2.39,-2.104
0.204,1.287,4.494,1.271,2.39,-2.104
0.207,1.301,4.494,1.285,2.39,-2.104
0.199,1.332,4.525,1.317,2.421,-2.104
0.154,1.325,4.525,1.316,2.421,-2.104
0.202,1.334,4.525,1.318,2.421,-2.104
0.205,1.355,4.525,1.34,2.421,-2.104
0.163,1.339,4.525,1.329,2.421,-2.104
0.164,1.333,4.586,1.323,2.421,-2.165
0.135,1.348,4.647,1.342,2.421,-2.226
0.249,1.381,4.647,1.358,2.421,-2.226
0.258,1.405,4.647,1.381,2.421,-2.226
0.24,1.426,4.678,1.406,2.452,-2.226
0.242,1.429,4.678,1.408,2.452,-2.226
0.249,1.43,4.678,1.408,2.452,-2.226
0.237,1.423,4.678,1.403,2.452,-2.226
0.275,1.432,4.678,1.406,2.452,-2.226
0.262,1.423,4.678,1.399,2.452,-2.226
0.265,1.409,4.678,1.384,2.452,-2.226
0.307,1.427,4.678,1.394,2.452,-2.226
0.252,1.424,4.678,1.402,2.452,-2.226
0.248,1.415,4.678,1.393,2.452,-2.226
0.292,1.442,4.8,1.413,2.574,-2.226
0.306,1.456,4.8,1.423,2.574,-2.226
0.358,1.464,4.494,1.42,2.574,-1.92
0.277,1.45,4.494,1.424,2.574,-1.92
0.284,1.45,4.525,1.422,2.574,-1.951
0.302,1.423,4.525,1.391,2.574,-1.951
0.246,1.414,4.83,1.392,2.574,-2.257
0.214,1.424,4.83,1.408,2.574,-2.257
0.254,1.441,4.83,1.419,2.574,-2.257
0.267,1.447,4.83,1.422,2.574,-2.257
0.295,1.466,4.83,1.436,2.574,-2.257
0.262,1.489,4.83,1.466,2.574,-2.257
0.283,1.483,4.83,1.456,2.574,-2.257
0.318,1.499,4.83,1.465,2.574,-2.257
0.301,1.522,4.83,1.492,2.574,-2.257
0.23,1.503,4.586,1.485,2.329,-2.257
0.189,1.507,4.769,1.495,2.329,-2.44
0.137,1.475,4.708,1.469,2.268,-2.44
0.164,1.463,4.708,1.453,2.268,-2.44
0.136,1.453,4.708,1.446,2.268,-2.44
0.115,1.468,4.708,1.463,2.268,-2.44
0.113,1.451,4.708,1.446,2.268,-2.44
0.132,1.451,4.708,1.445,2.268,-2.44
0.122,1.42,4.647,1.415,2.207,-2.44
-0.01,1.421,4.647,1.421,2.207,-2.44
-0.01,1.378,4.647,1.378,2.207,-2.44
-0.053,1.356,4.647,1.355,2.207,-2.44
-0.092,1.34,4.647,1.336,2.207,-2.44
-0.056,1.316,4.647,1.315,2.207,-2.44
-0.046,1.301,4.647,1.3,2.207,-2.44
-0.002,1.288,4.647,1.288,2.207,-2.44
0.076,1.265,4.311,1.263,2.207,-2.104
0.044,1.263,4.311,1.262,2.207,-2.104
0.025,1.257,4.311,1.257,2.207,-2.104
0.071,1.25,4.311,1.248,2.207,-2.104
0.012,1.23,4.311,1.23,2.207,-2.104
-0.015,1.214,4.066,1.214,1.962,-2.104
-0.032,1.193,4.066,1.193,1.962,-2.104
-0.042,1.183,4.066,1.182,1.962,-2.104
0.04,1.147,3.76,1.146,1.962,-1.798
0.058,1.17,3.76,1.169,1.962,-1.798
0.131,1.168,3.76,1.161,1.962,-1.798
0.103,1.161,3.76,1.157,1.962,-1.798
0.067,1.155,3.76,1.153,1.962,-1.798
0.106,1.119,3.76,1.114,1.962,-1.798
0.079,1.114,3.76,1.111,1.962,-1.798
0.001,1.132,3.791,1.132,1.962,-1.829
0.038,1.128,3.791,1.127,1.962,-1.829
0.044,1.129,3.913,1.128,1.962,-1.951
0.001,1.122,3.76,1.122,1.809,-1.951
0.011,1.129,3.944,1.129,1.809,-2.134
0.054,1.139,3.944,1.137,1.809,-2.134
0.091,1.133,3.944,1.129,1.809,-2.134
0.113,1.15,3.944,1.144,1.809,-2.134
0.097,1.157,3.944,1.153,1.809,-2.134
0.076,1.143,3.944,1.14,1.809,-2.134
0.03,1.123,3.944,1.122,1.809,-2.134
-0.0,1.138,3.944,1.138,1.809,-2.134
0.004,1.159,3.944,1.159,1.809,-2.134
-0.026,1.165,3.944,1.165,1.809,-2.134
-0.021,1.168,3.944,1.168,1.809,-2.134
0.026,1.151,3.944,1.151,1.809,-2.134
0.022,1.149,3.944,1.149,1.809,-2.134
0.013,1.174,4.127,1.173,1.993,-2.134
0.031,1.186,4.127,1.186,1.993,-2.134
0.085,1.157,4.066,1.154,1.993,-2.073
0.076,1.15,4.066,1.148,1.993,-2.073
0.035,1.169,4.066,1.168,1.993,-2.073
-0.023,1.183,4.066,1.182,1.993,-2.073
0.039,1.17,4.066,1.169,1.993,-2.073
0.021,1.171,4.066,1.171,1.993,-2.073
0.071,1.176,4.066,1.173,1.993,-2.073
0.18,1.18,4.219,1.166,2.146,-2.073
0.164,1.176,4.036,1.164,2.146,-1.89
0.15,1.18,4.036,1.171,2.146,-1.89
0.17,1.204,4.005,1.192,2.146,-1.859
0.17,1.219,4.372,1.207,2.146,-2.226
0.122,1.236,4.372,1.229,2.146,-2.226
0.098,1.212,4.372,1.208,2.146,-2.226
0.062,1.217,4.372,1.216,2.146,-2.226
0.089,1.235,4.372,1.231,2.146,-2.226
0.054,1.245,4.372,1.244,2.146,-2.226
0.07,1.238,4.372,1.236,2.146,-2.226
0.092,1.239,4.372,1.235,2.146,-2.226
0.006,1.257,4.372,1.257,2.146,-2.226
0.037,1.261,4.372,1.26,2.146,-2.226
0.036,1.279,4.372,1.278,2.146,-2.226
-0.043,1.267,4.066,1.266,1.84,-2.226
-0.026,1.259,4.066,1.259,1.84,-2.226
-0.022,1.26,4.066,1.26,1.84,-2.226
-0.054,1.264,4.066,1.263,1.84,-2.226
-0.098,1.26,3.76,1.257,1.84,-1.92
-0.093,1.267,3.76,1.263,1.84,-1.92
-0.086,1.258,3.76,1.255,1.84,-1.92
-0.103,1.255,3.76,1.251,1.84,-1.92
-0.135,1.264,3.76,1.257,1.84,-1.92
-0.092,1.28,4.188,1.277,2.268,-1.92
-0.12,1.285,4.188,1.279,2.268,-1.92
-0.099,1.283,4.188,1.28,2.268,-1.92
-0.034,1.297,4.188,1.296,2.268,-1.92
-0.061,1.289,4.188,1.287,2.268,-1.92
-0.076,1.257,4.188,1.254,2.268,-1.92
-0.014,1.256,4.188,1.256,2.268,-1.92
0.002,1.256,4.188,1.256,2.268,-1.92
0.03,1.256,4.188,1.256,2.268,-1.92
0.023,1.231,4.188,1.23,2.268,-1.92
0.084,1.243,4.188,1.24,2.268,-1.92
0.086,1.211,4.188,1.208,2.268,-1.92
0.069,1.187,4.188,1.185,2.268,-1.92
0.128,1.187,4.188,1.18,2.268,-1.92
0.063,1.163,4.188,1.161,2.268,-1.92
0.01,1.12,3.883,1.12,2.146,-1.737
0.015,1.097,3.883,1.097,2.146,-1.737
-0.002,1.092,3.883,1.092,2.146,-1.737
-0.04,1.057,3.669,1.056,2.146,-1.523
0.012,1.101,4.005,1.101,2.482,-1.523
0.053,1.127,4.005,1.126,2.482,-1.523
0.011,1.12,4.005,1.12,2.482,-1.523
-0.01,1.097,3.944,1.097,2.482,-1.462
-0.016,1.084,3.944,1.084,2.482,-1.462
-0.034,1.061,3.883,1.06,2.482,-1.401
-0.025,1.043,3.883,1.043,2.482,-1.401
-0.035,1.038,4.036,1.037,2.482,-1.553
-0.046,1.064,4.036,1.063,2.482,-1.553
-0.042,1.065,4.036,1.064,2.482,-1.553
0.012,1.075,4.036,1.075,2.482,-1.553
0.061,1.12,4.036,1.118,2.482,-1.553
0.106,1.128,4.036,1.123,2.482,-1.553
0.121,1.125,4.036,1.118,2.482,-1.553
0.116,1.129,4.036,1.123,2.482,-1.553
0.095,1.111,3.944,1.107,2.39,-1.553
0.032,1.089,3.944,1.088,2.39,-1.553
0.059,1.108,3.944,1.107,2.39,-1.553
0.088,1.133,3.944,1.129,2.39,-1.553
0.133,1.171,3.944,1.163,2.39,-1.553
0.158,1.181,3.944,1.171,2.39,-1.553
0.166,1.187,3.944,1.175,2.39,-1.553
0.219,1.221,3.944,1.202,2.39,-1.553
0.211,1.219,3.822,1.201,2.39,-1.431
0.181,1.203,3.822,1.189,2.39,-1.431
0.159,1.203,3.913,1.193,2.482,-1.431
0.163,1.184,3.913,1.173,2.482,-1.431
0.185,1.212,3.974,1.198,2.543,-1.431
0.17,1.198,3.974,1.186,2.543,-1.431
0.197,1.23,5.381,1.214,2.543,-2.838
0.174,1.26,5.381,1.247,2.543,-2.838
0.15,1.297,5.381,1.288,2.543,-2.838
0.167,1.315,5.564,1.305,2.543,-3.021
0.167,1.297,5.564,1.287,2.543,-3.021
0.132,1.265,5.564,1.258,2.543,-3.021
0.139,1.265,5.564,1.257,2.543,-3.021
0.074,1.233,5.564,1.231,2.543,-3.021
0.082,1.211,5.564,1.208,2.543,-3.021
0.131,1.19,5.564,1.183,2.543,-3.021
0.136,1.172,5.564,1.165,2.543,-3.021
0.155,1.143,5.564,1.133,2.543,-3.021
0.122,1.103,5.564,1.096,2.543,-3.021
0.104,1.05,5.564,1.045,2.543,-3.021
0.111,1.026,5.564,1.02,2.543,-3.021
0.079,0.958,5.381,0.955,2.36,-3.021
0.069,0.878,5.472,0.875,2.452,-3.021
0.105,0.792,5.472,0.785,2.452,-3.021
0.061,0.695,4.769,0.692,2.452,-2.318
0.077,0.67,4.769,0.665,2.452,-2.318
0.052,0.624,4.769,0.622,2.452,-2.318
0.093,0.637,5.197,0.63,2.88,-2.318
0.088,0.614,4.8,0.607,2.88,-1.92
0.069,0.565,4.219,0.56,2.88,-1.339
0.055,0.547,4.219,0.544,2.88,-1.339
0.04,0.569,4.219,0.568,2.88,-1.339
0.024,0.559,4.219,0.558,2.88,-1.339
0.043,0.584,4.219,0.582,2.88,-1.339
0.016,0.582,4.219,0.582,2.88,-1.339
0.017,0.597,4.219,0.597,2.88,-1.339
0.078,0.7,4.219,0.696,2.88,-1.339
0.073,0.696,4.219,0.692,2.88,-1.339
0.103,0.775,4.586,0.768,3.246,-1.339
0.11,0.804,4.586,0.796,3.246,-1.339
0.097,0.872,4.708,0.867,3.246,-1.462
0.168,0.982,4.708,0.967,3.246,-1.462
0.115,0.972,4.708,0.965,3.246,-1.462
0.094,0.999,4.708,0.994,3.246,-1.462
0.123,1.058,4.708,1.051,3.246,-1.462
0.133,1.105,4.708,1.097,3.246,-1.462
0.092,1.1,4.708,1.096,3.246,-1.462
0.143,1.172,4.708,1.163,3.246,-1.462
0.144,1.189,4.708,1.181,3.246,-1.462
0.165,1.225,4.708,1.214,3.246,-1.462
0.142,1.222,4.708,1.214,3.246,-1.462
0.097,1.203,4.708,1.199,3.246,-1.462
0.084,1.212,4.708,1.209,3.246,-1.462
0.03,1.185,4.555,1.185,3.094,-1.462
0.033,1.207,4.555,1.206,3.094,-1.462
0.021,1.198,4.433,1.198,3.094,-1.339
-0.05,1.168,4.433,1.167,3.094,-1.339
-0.008,1.182,4.433,1.182,3.094,-1.339
0.091,1.232,4.433,1.229,3.094,-1.339
0.099,1.252,4.647,1.248,3.308,-1.339
0.076,1.236,4.647,1.233,3.308,-1.339
0.084,1.23,4.647,1.227,3.308,-1.339
0.034,1.204,4.647,1.204,3.308,-1.339
-0.017,1.184,4.647,1.184,3.308,-1.339
-0.044,1.167,4.647,1.166,3.308,-1.339
-0.015,1.193,4.647,1.193,3.308,-1.339
-0.023,1.187,4.647,1.187,3.308,-1.339
0.016,1.231,4.647,1.23,3.308,-1.339
0.047,1.234,4.647,1.233,3.308,-1.339
0.076,1.241,4.555,1.238,3.308,-1.248
0.136,1.257,4.555,1.249,3.308,-1.248
0.144,1.232,4.525,1.224,3.308,-1.217
0.151,1.246,4.525,1.237,3.308,-1.217
0.057,1.188,4.525,1.187,3.308,-1.217
0.09,1.194,4.311,1.19,2.941,-1.37
0.087,1.189,4.311,1.186,2.941,-1.37
0.137,1.231,4.341,1.223,2.941,-1.401
0.115,1.197,4.341,1.192,2.941,-1.401
0.143,1.2,4.341,1.191,2.941,-1.401
0.228,1.238,4.066,1.217,2.666,-1.401
0.225,1.215,4.066,1.194,2.666,-1.401
0.223,1.183,4.066,1.162,2.666,-1.401
0.173,1.116,4.066,1.102,2.666,-1.401
0.183,1.113,4.066,1.098,2.666,-1.401
0.141,1.079,4.066,1.07,2.666,-1.401
0.076,1.033,4.066,1.03,2.666,-1.401
0.047,1.009,4.066,1.007,2.666,-1.401
0.029,0.989,4.066,0.988,2.666,-1.401
0.041,0.983,4.066,0.982,2.666,-1.401
-0.056,0.887,3.852,0.885,2.452,-1.401
-0.053,0.861,3.852,0.859,2.452,-1.401
-0.084,0.791,3.577,0.787,2.452,-1.125
-0.067,0.779,3.577,0.776,2.452,-1.125
-0.079,0.763,3.577,0.759,2.452,-1.125
-0.152,0.705,3.822,0.688,2.696,-1.125
-0.146,0.727,3.822,0.712,2.696,-1.125
-0.154,0.734,3.822,0.718,2.696,-1.125
-0.147,0.733,3.822,0.718,2.696,-1.125
-0.144,0.75,3.822,0.736,2.696,-1.125
-0.16,0.728,3.974,0.71,2.696,-1.278
-0.124,0.759,3.974,0.749,2.696,-1.278
-0.093,0.77,3.974,0.764,2.696,-1.278
-0.102,0.76,4.036,0.753,2.757,-1.278
-0.073,0.768,4.036,0.764,2.757,-1.278
-0.064,0.769,4.036,0.766,2.757,-1.278
-0.045,0.788,4.036,0.786,2.757,-1.278
-0.033,0.809,4.036,0.808,2.757,-1.278
-0.063,0.817,4.036,0.814,2.757,-1.278
-0.059,0.84,4.036,0.838,2.757,-1.278
-0.092,0.802,4.188,0.797,2.757,-1.431
-0.108,0.792,4.188,0.784,2.757,-1.431
-0.1,0.819,4.188,0.813,2.757,-1.431
-0.079,0.858,4.188,0.854,2.757,-1.431
-0.066,0.848,4.188,0.845,2.757,-1.431
-0.036,0.874,4.188,0.873,2.757,-1.431
-0.066,0.832,4.188,0.829,2.757,-1.431
-0.066,0.835,4.188,0.832,2.757,-1.431
-0.074,0.804,3.974,0.801,2.543,-1.431
-0.088,0.828,3.699,0.823,2.268,-1.431
-0.097,0.832,3.699,0.826,2.268,-1.431
-0.125,0.815,3.699,0.806,2.268,-1.431
-0.092,0.853,3.669,0.848,2.237,-1.431
-0.051,0.901,3.974,0.9,2.543,-1.431
-0.008,0.908,3.974,0.908,2.543,-1.431
0.024,0.935,3.791,0.935,2.543,-1.248
0.038,0.931,3.791,0.93,2.543,-1.248
0.009,0.907,3.791,0.907,2.543,-1.248
-0.013,0.879,3.791,0.879,2.543,-1.248
-0.014,0.89,3.791,0.89,2.543,-1.248
-0.038,0.884,3.791,0.883,2.543,-1.248
-0.062,0.878,3.791,0.876,2.543,-1.248
-0.089,0.863,3.791,0.858,2.543,-1.248
-0.096,0.861,3.791,0.855,2.543,-1.248
-0.101,0.81,3.791,0.804,2.543,-1.248
-0.079,0.816,3.76,0.812,2.543,-1.217
-0.076,0.818,3.76,0.814,2.543,-1.217
-0.064,0.812,3.76,0.809,2.543,-1.217
-0.039,0.81,3.516,0.809,2.299,-1.217
-0.087,0.778,3.516,0.773,2.299,-1.217
-0.13,0.749,3.577,0.738,2.237,-1.339
-0.133,0.767,3.577,0.756,2.237,-1.339
-0.11,0.797,3.577,0.789,2.237,-1.339
-0.124,0.811,3.577,0.802,2.237,-1.339
-0.182,0.769,3.577,0.747,2.237,-1.339
-0.184,0.745,3.577,0.722,2.237,-1.339
-0.171,0.743,3.577,0.723,2.237,-1.339
-0.158,0.733,3.577,0.716,2.237,-1.339
-0.151,0.73,3.577,0.714,2.237,-1.339
-0.128,0.778,3.638,0.768,2.299,-1.339
-0.167,0.781,3.638,0.763,2.299,-1.339
-0.166,0.788,3.638,0.77,2.299,-1.339
-0.174,0.759,3.638,0.739,2.299,-1.339
-0.241,0.704,3.638,0.662,2.299,-1.339
-0.194,0.77,3.638,0.745,2.299,-1.339
-0.145,0.792,3.73,0.779,2.39,-1.339
-0.111,0.816,3.73,0.808,2.39,-1.339
-0.075,0.83,3.73,0.827,2.39,-1.339
-0.048,0.827,3.546,0.826,2.39,-1.156
-0.027,0.832,3.546,0.831,2.39,-1.156
-0.016,0.824,3.546,0.824,2.39,-1.156
-0.04,0.834,3.546,0.833,2.39,-1.156
-0.074,0.85,3.546,0.847,2.39,-1.156
-0.097,0.856,3.546,0.851,2.39,-1.156
-0.143,0.827,3.546,0.814,2.39,-1.156
-0.108,0.813,3.546,0.805,2.39,-1.156
-0.093,0.801,3.516,0.795,2.39,-1.125
-0.113,0.8,3.944,0.792,2.818,-1.125
-0.078,0.828,3.944,0.824,2.818,-1.125
-0.097,0.799,3.944,0.793,2.818,-1.125
-0.095,0.81,3.944,0.804,2.818,-1.125
-0.133,0.768,3.944,0.756,2.818,-1.125
-0.161,0.737,3.944,0.719,2.818,-1.125
-0.187,0.756,4.066,0.733,2.818,-1.248
-0.16,0.795,4.066,0.779,2.818,-1.248
-0.182,0.808,4.066,0.787,2.818,-1.248
-0.198,0.821,4.219,0.797,2.818,-1.401
-0.169,0.839,4.219,0.821,2.818,-1.401
-0.168,0.838,4.219,0.821,2.818,-1.401
-0.113,0.88,4.219,0.873,2.818,-1.401
-0.089,0.929,4.219,0.924,2.818,-1.401
-0.083,0.959,4.219,0.955,2.818,-1.401
-0.093,0.958,3.852,0.953,2.452,-1.401
-0.114,0.933,3.852,0.926,2.452,-1.401
-0.149,0.909,3.852,0.897,2.452,-1.401
-0.189,0.876,3.852,0.855,2.452,-1.401
-0.213,0.864,3.852,0.838,2.452,-1.401
-0.224,0.846,3.852,0.816,2.452,-1.401
-0.227,0.812,3.852,0.779,2.452,-1.401
-0.26,0.772,3.852,0.727,2.452,-1.401
-0.24,0.763,3.852,0.724,2.452,-1.401
-0.199,0.735,3.791,0.707,2.452,-1.339
-0.16,0.74,3.608,0.723,2.268,-1.339
-0.137,0.769,3.608,0.756,2.268,-1.339
-0.162,0.76,3.608,0.742,2.268,-1.339
-0.194,0.727,3.608,0.7,2.268,-1.339
-0.197,0.728,3.546,0.701,2.207,-1.339
-0.22,0.701,3.546,0.665,2.207,-1.339
-0.225,0.696,3.546,0.659,2.207,-1.339
-0.196,0.704,3.546,0.676,2.207,-1.339
-0.175,0.693,3.546,0.671,2.207,-1.339
-0.16,0.691,3.546,0.672,2.207,-1.339
-0.166,0.689,3.546,0.669,2.207,-1.339
-0.141,0.705,3.546,0.69,2.207,-1.339
-0.154,0.701,3.363,0.684,2.207,-1.156
-0.166,0.708,3.394,0.688,2.207,-1.187
-0.158,0.732,3.394,0.715,2.207,-1.187
-0.136,0.766,3.394,0.753,2.207,-1.187
-0.128,0.77,3.363,0.76,2.176,-1.187
-0.094,0.783,3.485,0.777,2.299,-1.187
-0.063,0.794,3.485,0.792,2.299,-1.187
-0.05,0.808,3.608,0.806,2.36,-1.248
-0.04,0.802,3.608,0.801,2.36,-1.248
-0.014,0.823,3.638,0.823,2.39,-1.248
-0.02,0.822,3.638,0.821,2.39,-1.248
-0.029,0.83,3.638,0.83,2.39,-1.248
-0.061,0.846,3.638,0.843,2.39,-1.248
-0.044,0.855,3.638,0.853,2.39,-1.248
-0.081,0.858,3.944,0.855,2.39,-1.553
-0.023,0.895,4.311,0.895,2.757,-1.553
-0.003,0.885,4.311,0.885,2.757,-1.553
0.004,0.897,4.311,0.897,2.757,-1.553
-0.034,0.85,4.311,0.849,2.757,-1.553
-0.042,0.829,4.311,0.828,2.757,-1.553
-0.071,0.804,4.311,0.801,2.757,-1.553
-0.077,0.795,4.311,0.791,2.757,-1.553
-0.115,0.78,4.311,0.772,2.757,-1.553
-0.121,0.813,4.311,0.804,2.757,-1.553
-0.102,0.826,4.311,0.819,2.757,-1.553
-0.122,0.82,4.311,0.811,2.757,-1.553
-0.127,0.815,4.311,0.805,2.757,-1.553
-0.096,0.821,4.311,0.815,2.757,-1.553
-0.107,0.811,4.311,0.804,2.757,-1.553
-0.082,0.793,4.066,0.788,2.757,-1.309
-0.104,0.756,3.76,0.748,2.452,-1.309
-0.1,0.786,3.76,0.779,2.452,-1.309
-0.113,0.761,3.516,0.753,2.207,-1.309
-0.151,0.753,3.516,0.737,2.207,-1.309
-0.161,0.742,3.516,0.724,2.207,-1.309
-0.192,0.71,3.516,0.683,2.207,-1.309
-0.193,0.725,3.76,0.699,2.452,-1.309
-0.17,0.704,3.73,0.683,2.452,-1.278
-0.129,0.691,3.73,0.679,2.452,-1.278
-0.161,0.65,3.73,0.629,2.452,-1.278
-0.138,0.644,3.73,0.629,2.452,-1.278
-0.12,0.658,3.73,0.647,2.452,-1.278
-0.136,0.641,3.73,0.627,2.452,-1.278
-0.163,0.662,3.73,0.641,2.452,-1.278
-0.142,0.699,3.577,0.685,2.452,-1.125
-0.188,0.697,3.577,0.672,2.452,-1.125
-0.21,0.671,3.577,0.637,2.452,-1.125
-0.235,0.678,3.577,0.636,2.452,-1.125
-0.226,0.689,3.546,0.651,2.452,-1.095
-0.195,0.732,3.546,0.705,2.452,-1.095
-0.176,0.73,3.546,0.708,2.452,-1.095
-0.202,0.684,3.394,0.653,2.299,-1.095
-0.197,0.662,3.394,0.632,2.299,-1.095
-0.224,0.632,3.394,0.59,2.299,-1.095
-0.211,0.646,3.394,0.611,2.299,-1.095
-0.22,0.652,3.394,0.613,2.299,-1.095
-0.226,0.656,3.394,0.616,2.299,-1.095
-0.229,0.661,3.394,0.62,2.299,-1.095
-0.211,0.642,3.394,0.606,2.299,-1.095
-0.241,0.606,3.394,0.557,2.299,-1.095
-0.215,0.593,3.394,0.552,2.299,-1.095
-0.198,0.589,3.394,0.555,2.299,-1.095
-0.163,0.573,3.363,0.549,2.299,-1.064
-0.135,0.542,3.363,0.525,2.299,-1.064
-0.154,0.51,3.332,0.486,2.268,-1.064
-0.156,0.505,3.332,0.48,2.268,-1.064
-0.169,0.515,3.332,0.486,2.268,-1.064
-0.126,0.61,3.424,0.597,2.36,-1.064
-0.153,0.629,3.516,0.61,2.36,-1.156
-0.151,0.612,3.516,0.592,2.36,-1.156
-0.137,0.598,3.516,0.582,2.36,-1.156
-0.134,0.572,3.516,0.556,2.36,-1.156
-0.111,0.555,3.516,0.544,2.36,-1.156
-0.091,0.56,3.516,0.553,2.36,-1.156
-0.08,0.551,3.516,0.545,2.36,-1.156
-0.113,0.579,3.516,0.568,2.36,-1.156
-0.109,0.645,3.516,0.636,2.36,-1.156
-0.152,0.658,3.516,0.641,2.36,-1.156
-0.177,0.69,3.516,0.667,2.36,-1.156
-0.174,0.683,3.516,0.66,2.36,-1.156
-0.169,0.718,3.638,0.697,2.482,-1.156
-0.115,0.741,3.638,0.732,2.482,-1.156
-0.158,0.668,3.638,0.649,2.482,-1.156
-0.134,0.655,3.638,0.641,2.482,-1.156
-0.14,0.651,3.638,0.636,2.482,-1.156
-0.151,0.713,3.73,0.697,2.482,-1.248
-0.126,0.748,3.73,0.738,2.482,-1.248
-0.149,0.758,3.73,0.743,2.482,-1.248
-0.183,0.762,3.73,0.74,2.482,-1.248
-0.198,0.77,3.73,0.744,2.482,-1.248
-0.141,0.783,3.73,0.77,2.482,-1.248
-0.139,0.727,3.73,0.714,2.482,-1.248
-0.11,0.713,3.73,0.704,2.482,-1.248
-0.109,0.69,3.73,0.682,2.482,-1.248
-0.107,0.697,3.73,0.688,2.482,-1.248
-0.087,0.707,3.73,0.701,2.482,-1.248
-0.09,0.754,3.73,0.748,2.482,-1.248
-0.049,0.816,3.73,0.815,2.482,-1.248
-0.042,0.854,3.73,0.853,2.482,-1.248
-0.013,0.914,3.974,0.914,2.727,-1.248
-0.022,0.894,3.944,0.893,2.727,-1.217
-0.054,0.879,3.944,0.878,2.727,-1.217
-0.036,0.871,3.944,0.87,2.727,-1.217
-0.028,0.868,3.944,0.868,2.727,-1.217
0.002,0.872,3.76,0.872,2.727,-1.034
-0.02,0.857,3.76,0.857,2.727,-1.034
-0.028,0.859,3.76,0.858,2.727,-1.034
-0.04,0.864,3.76,0.863,2.727,-1.034
-0.03,0.888,4.097,0.888,2.727,-1.37
-0.053,0.901,4.097,0.899,2.727,-1.37
-0.095,0.888,4.097,0.883,2.727,-1.37
-0.101,0.864,4.097,0.858,2.727,-1.37
-0.122,0.834,4.097,0.825,2.727,-1.37
-0.119,0.833,4.097,0.824,2.727,-1.37
-0.152,0.782,3.638,0.766,2.268,-1.37
-0.131,0.786,3.638,0.775,2.268,-1.37
-0.141,0.772,3.638,0.759,2.268,-1.37
-0.136,0.79,3.638,0.778,2.268,-1.37
-0.148,0.802,3.638,0.788,2.268,-1.37
-0.152,0.837,3.638,0.823,2.268,-1.37
-0.117,0.867,3.638,0.859,2.268,-1.37
-0.108,0.911,3.791,0.904,2.421,-1.37
-0.105,0.907,3.791,0.9,2.421,-1.37
-0.094,0.893,3.76,0.888,2.421,-1.339
-0.073,0.898,3.76,0.895,2.421,-1.339
-0.065,0.874,3.76,0.872,2.421,-1.339
-0.115,0.842,3.76,0.834,2.421,-1.339
-0.157,0.838,3.76,0.823,2.421,-1.339
-0.185,0.811,3.76,0.79,2.421,-1.339
-0.189,0.817,3.76,0.794,2.421,-1.339
-0.182,0.831,3.76,0.811,2.421,-1.339
-0.191,0.842,3.76,0.82,2.421,-1.339
-0.189,0.851,3.76,0.829,2.421,-1.339
-0.186,0.843,3.699,0.822,2.421,-1.278
-0.191,0.813,3.699,0.79,2.421,-1.278
-0.216,0.794,3.699,0.764,2.421,-1.278
-0.235,0.748,3.546,0.71,2.268,-1.278
-0.204,0.804,3.974,0.778,2.696,-1.278
-0.232,0.796,3.974,0.762,2.696,-1.278
-0.215,0.795,3.974,0.765,2.696,-1.278
-0.224,0.828,3.974,0.797,2.696,-1.278
-0.192,0.85,3.974,0.828,2.696,-1.278
-0.177,0.851,3.974,0.833,2.696,-1.278
-0.165,0.857,3.974,0.841,2.696,-1.278
-0.171,0.868,3.974,0.851,2.696,-1.278
-0.145,0.882,3.974,0.87,2.696,-1.278
-0.113,0.912,3.974,0.905,2.696,-1.278
-0.122,0.887,3.974,0.879,2.696,-1.278
-0.087,0.894,3.974,0.89,2.696,-1.278
-0.108,0.885,3.974,0.878,2.696,-1.278
-0.088,0.902,3.974,0.898,2.696,-1.278
-0.081,0.912,3.974,0.908,2.696,-1.278
-0.129,0.874,3.516,0.865,2.207,-1.309
-0.105,0.905,3.516,0.899,2.207,-1.309
-0.143,0.879,3.516,0.867,2.207,-1.309
-0.088,0.899,3.546,0.894,2.237,-1.309
-0.08,0.891,3.546,0.887,2.237,-1.309
-0.075,0.868,3.546,0.865,2.237,-1.309
-0.072,0.851,3.546,0.848,2.237,-1.309
-0.022,0.868,3.577,0.868,2.268,-1.309
-0.044,0.841,3.577,0.84,2.268,-1.309
-0.036,0.826,3.577,0.826,2.268,-1.309
-0.021,0.845,3.577,0.845,2.268,-1.309
-0.002,0.865,3.577,0.865,2.268,-1.309
0.0,0.867,3.577,0.867,2.268,-1.309
-0.016,0.861,3.577,0.86,2.268,-1.309
0.031,0.889,3.577,0.888,2.268,-1.309
0.091,0.914,3.485,0.909,2.421,-1.064
0.09,0.899,3.546,0.895,2.482,-1.064
0.142,0.929,3.546,0.919,2.482,-1.064
0.115,0.896,3.546,0.888,2.482,-1.064
0.09,0.882,3.546,0.878,2.482,-1.064
0.106,0.903,3.546,0.897,2.482,-1.064
0.106,0.909,3.546,0.903,2.482,-1.064
0.067,0.872,3.546,0.869,2.482,-1.064
0.064,0.864,3.546,0.862,2.482,-1.064
0.055,0.856,3.546,0.854,2.482,-1.064
0.055,0.858,3.546,0.856,2.482,-1.064
0.017,0.822,3.546,0.821,2.482,-1.064
0.07,0.869,3.669,0.866,2.482,-1.187
0.075,0.855,3.669,0.852,2.482,-1.187
0.07,0.848,3.669,0.845,2.482,-1.187
0.033,0.805,3.669,0.804,2.482,-1.187
0.051,0.828,3.669,0.826,2.482,-1.187
0.014,0.786,3.669,0.786,2.482,-1.187
0.007,0.782,3.669,0.782,2.482,-1.187
-0.0,0.793,3.669,0.793,2.482,-1.187
-0.061,0.789,3.76,0.786,2.482,-1.278
-0.041,0.817,3.76,0.816,2.482,-1.278
-0.068,0.819,3.76,0.816,2.482,-1.278
-0.065,0.852,3.76,0.849,2.482,-1.278
-0.073,0.856,3.76,0.853,2.482,-1.278
-0.064,0.868,3.913,0.866,2.635,-1.278
-0.03,0.892,3.913,0.891,2.635,-1.278
-0.029,0.85,3.913,0.849,2.635,-1.278
0.011,0.9,3.913,0.9,2.635,-1.278
-0.012,0.885,3.913,0.885,2.635,-1.278
-0.022,0.892,3.913,0.892,2.635,-1.278
-0.004,0.888,3.913,0.888,2.635,-1.278
0.02,0.914,3.913,0.914,2.635,-1.278
0.024,0.902,3.913,0.902,2.635,-1.278
0.076,0.924,3.913,0.921,2.635,-1.278
0.15,0.94,3.699,0.928,2.635,-1.064
0.19,1.001,3.76,0.983,2.635,-1.125
0.259,1.029,3.76,0.995,2.635,-1.125
0.283,1.024,3.76,0.984,2.635,-1.125
0.287,1.015,3.76,0.973,2.635,-1.125
0.307,1.026,3.76,0.979,2.635,-1.125
0.253,1.014,3.76,0.982,2.635,-1.125
0.212,1.021,3.883,0.999,2.635,-1.248
0.17,0.994,3.883,0.979,2.635,-1.248
0.184,1.009,3.883,0.992,2.635,-1.248
0.199,1.024,3.883,1.004,2.635,-1.248
0.162,0.993,3.883,0.98,2.635,-1.248
0.192,1.015,3.883,0.997,2.635,-1.248
0.222,1.048,3.883,1.024,2.635,-1.248
0.218,1.055,3.883,1.032,2.635,-1.248
0.204,1.07,3.883,1.05,2.635,-1.248
0.211,1.051,3.822,1.03,2.574,-1.248
0.196,1.048,3.822,1.03,2.574,-1.248
0.119,1.019,3.822,1.012,2.574,-1.248
0.121,1.032,3.822,1.025,2.574,-1.248
0.16,1.058,3.822,1.046,2.574,-1.248
0.212,1.069,3.822,1.048,2.574,-1.248
0.282,1.108,3.699,1.071,2.574,-1.125
0.298,1.1,3.699,1.058,2.574,-1.125
0.369,1.171,3.852,1.112,2.727,-1.125
0.391,1.167,3.791,1.1,2.727,-1.064
0.397,1.172,3.791,1.103,2.727,-1.064
0.392,1.185,3.791,1.119,2.727,-1.064
0.376,1.196,3.883,1.136,2.818,-1.064
0.353,1.182,3.883,1.128,2.818,-1.064
0.342,1.159,3.852,1.107,2.818,-1.034
0.303,1.124,3.852,1.083,2.818,-1.034
0.336,1.155,3.852,1.105,2.818,-1.034
0.426,1.19,3.852,1.111,2.818,-1.034
0.431,1.166,3.852,1.083,2.818,-1.034
0.379,1.141,3.852,1.076,2.818,-1.034
0.397,1.158,3.852,1.088,2.818,-1.034
0.356,1.12,3.852,1.062,2.818,-1.034
0.359,1.15,4.036,1.093,2.818,-1.217
0.292,1.074,4.036,1.034,2.818,-1.217
0.276,1.076,4.036,1.04,2.818,-1.217
0.272,1.075,4.036,1.039,2.818,-1.217
0.232,1.014,4.036,0.987,2.818,-1.217
0.218,0.966,4.036,0.941,2.818,-1.217
0.245,0.959,4.036,0.928,2.818,-1.217
0.262,0.942,4.036,0.905,2.818,-1.217
0.266,0.933,4.036,0.894,2.818,-1.217
0.271,0.92,4.036,0.879,2.818,-1.217
0.278,0.952,4.311,0.91,3.094,-1.217
0.267,0.953,4.311,0.915,3.094,-1.217
0.25,0.935,4.311,0.901,3.094,-1.217
0.274,0.941,4.311,0.9,3.094,-1.217
0.235,0.928,4.311,0.898,3.094,-1.217
0.219,0.864,3.974,0.835,3.094,-0.881
0.213,0.85,3.974,0.823,3.094,-0.881
0.222,0.829,3.974,0.799,3.094,-0.881
0.264,0.853,3.974,0.811,3.094,-0.881
0.28,0.884,3.974,0.838,3.094,-0.881
0.281,0.882,3.974,0.836,3.094,-0.881
0.288,0.904,3.974,0.857,3.094,-0.881
0.276,0.897,3.974,0.854,3.094,-0.881
0.26,0.89,3.974,0.851,3.094,-0.881
0.212,0.825,3.974,0.797,3.094,-0.881
0.18,0.769,3.791,0.747,2.91,-0.881
0.178,0.77,3.822,0.749,2.91,-0.911
0.183,0.744,3.822,0.721,2.91,-0.911
0.165,0.757,3.822,0.739,2.91,-0.911
0.198,0.773,3.822,0.747,2.91,-0.911
0.217,0.799,3.822,0.769,2.91,-0.911
0.226,0.798,3.822,0.766,2.91,-0.911
0.213,0.801,3.822,0.772,2.91,-0.911
0.225,0.837,3.822,0.806,2.91,-0.911
0.237,0.869,3.699,0.836,2.788,-0.911
0.22,0.873,3.699,0.845,2.788,-0.911
0.221,0.892,3.699,0.865,2.788,-0.911
0.188,0.897,3.699,0.877,2.788,-0.911
0.234,0.934,3.699,0.904,2.788,-0.911
0.245,0.954,3.699,0.922,2.788,-0.911
0.246,0.941,3.699,0.908,2.788,-0.911
0.293,0.987,3.638,0.943,2.788,-0.85
0.289,0.986,3.638,0.943,2.788,-0.85
0.282,0.953,3.638,0.91,2.788,-0.85
0.273,0.952,3.73,0.912,2.788,-0.942
0.298,0.972,3.608,0.925,2.666,-0.942
0.291,0.981,3.608,0.937,2.666,-0.942
0.314,1.008,3.608,0.958,2.666,-0.942
0.286,0.994,3.76,0.952,2.818,-0.942
0.235,0.939,3.76,0.909,2.818,-0.942
0.292,0.991,3.76,0.947,2.818,-0.942
0.258,0.96,3.76,0.924,2.818,-0.942
0.318,0.992,3.76,0.94,2.818,-0.942
0.311,0.997,3.76,0.947,2.818,-0.942
0.32,1.012,3.76,0.96,2.818,-0.942
0.276,0.992,3.76,0.953,2.818,-0.942
0.258,0.977,3.76,0.942,2.818,-0.942
0.252,0.995,3.76,0.963,2.818,-0.942
0.213,0.988,3.76,0.964,2.818,-0.942
0.213,0.985,3.638,0.962,2.818,-0.82
0.202,0.981,3.638,0.96,2.818,-0.82
0.207,0.995,3.638,0.973,2.818,-0.82
0.228,1.008,3.638,0.982,2.818,-0.82
0.219,0.987,3.608,0.963,2.788,-0.82
0.249,1.014,3.669,0.983,2.849,-0.82
0.23,0.98,3.669,0.952,2.849,-0.82
0.294,1.022,3.669,0.979,2.849,-0.82
0.327,1.049,3.669,0.997,2.849,-0.82
0.326,1.032,3.669,0.979,2.849,-0.82
0.288,0.998,3.669,0.956,2.849,-0.82
0.32,1.019,3.669,0.967,2.849,-0.82
0.34,1.047,3.76,0.991,2.941,-0.82
0.349,1.044,3.73,0.984,2.941,-0.789
0.398,1.066,3.73,0.989,2.941,-0.789
0.458,1.098,3.73,0.998,2.941,-0.789
0.457,1.083,3.73,0.982,2.941,-0.789
0.441,1.059,3.73,0.963,2.941,-0.789
0.466,1.084,3.73,0.979,2.941,-0.789
0.443,1.061,3.73,0.964,2.941,-0.789
0.447,1.038,3.73,0.937,2.941,-0.789
0.416,1.023,3.73,0.934,2.941,-0.789
0.375,0.974,3.73,0.899,2.941,-0.789
0.297,0.908,3.73,0.858,2.941,-0.789
0.269,0.901,3.73,0.86,2.941,-0.789
0.276,0.921,3.73,0.879,2.941,-0.789
0.26,0.913,3.73,0.875,2.941,-0.789
0.224,0.847,3.455,0.816,2.666,-0.789
0.249,0.845,3.424,0.807,2.666,-0.759
0.227,0.798,3.424,0.765,2.666,-0.759
0.178,0.732,3.18,0.711,2.421,-0.759
0.168,0.736,3.18,0.717,2.421,-0.759
0.162,0.756,3.18,0.738,2.421,-0.759
0.151,0.794,3.944,0.78,2.971,-0.973
0.135,0.806,4.066,0.795,2.971,-1.095
0.125,0.843,4.066,0.833,2.971,-1.095
0.224,0.947,4.066,0.92,2.971,-1.095
0.201,0.939,4.066,0.917,2.971,-1.095
0.223,0.947,4.066,0.921,2.971,-1.095
0.221,0.924,4.066,0.897,2.971,-1.095
0.22,0.903,4.066,0.876,2.971,-1.095
0.244,0.92,4.066,0.887,2.971,-1.095
0.256,0.951,4.066,0.916,2.971,-1.095
0.214,0.942,4.066,0.917,2.971,-1.095
0.231,0.998,4.066,0.971,2.971,-1.095
0.211,1.018,4.066,0.996,2.971,-1.095
0.156,0.992,4.066,0.98,2.971,-1.095
0.176,1.002,4.066,0.986,2.971,-1.095
0.164,0.945,3.791,0.93,2.696,-1.095
0.201,0.986,3.669,0.965,2.696,-0.973
0.239,0.999,3.822,0.97,2.696,-1.125
0.168,0.946,4.219,0.931,2.696,-1.523
0.173,0.932,4.219,0.916,2.696,-1.523
0.185,0.964,4.219,0.946,2.696,-1.523
0.206,1.009,4.372,0.987,2.849,-1.523
0.246,1.053,4.372,1.024,2.849,-1.523
0.191,1.028,4.372,1.01,2.849,-1.523
0.165,1.014,4.372,1.001,2.849,-1.523
0.191,1.043,4.372,1.025,2.849,-1.523
0.151,1.018,4.372,1.006,2.849,-1.523
0.181,1.034,4.372,1.018,2.849,-1.523
0.202,1.031,4.372,1.011,2.849,-1.523
0.197,1.023,4.372,1.003,2.849,-1.523
0.188,1.028,4.372,1.01,2.849,-1.523
0.213,1.015,4.372,0.992,2.849,-1.523
0.211,1.015,4.372,0.993,2.849,-1.523
0.219,1.018,3.913,0.994,2.849,-1.064
0.199,1.047,3.913,1.028,2.849,-1.064
0.179,1.035,3.913,1.019,2.849,-1.064
0.171,1.028,3.669,1.014,2.604,-1.064
0.135,0.995,3.669,0.985,2.604,-1.064
0.177,1.002,3.669,0.986,2.604,-1.064
0.21,1.026,3.974,1.004,2.91,-1.064
0.186,0.993,3.974,0.975,2.91,-1.064
0.22,1.014,4.25,0.99,3.246,-1.003
0.184,0.977,4.25,0.96,3.246,-1.003
0.183,0.994,4.311,0.977,3.246,-1.064
0.145,0.967,4.402,0.956,3.246,-1.156
0.143,0.963,4.402,0.952,3.246,-1.156
0.078,0.927,4.402,0.924,3.246,-1.156
0.058,0.913,4.402,0.911,3.246,-1.156
0.048,0.884,4.402,0.882,3.246,-1.156
0.086,0.895,4.402,0.891,3.246,-1.156
0.084,0.874,4.402,0.87,3.246,-1.156
0.043,0.831,4.402,0.829,3.246,-1.156
0.088,0.878,4.402,0.873,3.246,-1.156
0.093,0.885,4.402,0.88,3.246,-1.156
0.145,0.943,4.402,0.932,3.246,-1.156
0.142,0.968,4.402,0.958,3.246,-1.156
0.128,0.951,3.913,0.942,2.757,-1.156
0.128,0.971,4.097,0.963,2.757,-1.339
0.117,0.969,4.097,0.962,2.757,-1.339
0.138,0.99,4.097,0.98,2.757,-1.339
0.106,0.952,4.097,0.946,2.757,-1.339
0.151,0.999,4.097,0.987,2.757,-1.339
0.134,0.967,4.097,0.958,2.757,-1.339
0.147,0.973,4.097,0.962,2.757,-1.339
0.153,0.962,4.097,0.95,2.757,-1.339
0.169,1.013,4.494,0.999,3.155,-1.339
0.184,1.023,4.494,1.006,3.155,-1.339
0.176,1.023,4.494,1.008,3.155,-1.339
0.184,1.033,4.494,1.016,3.155,-1.339
0.095,0.952,4.494,0.947,3.155,-1.339
0.12,0.953,4.494,0.946,3.155,-1.339
0.089,0.922,4.494,0.918,3.155,-1.339
0.103,0.901,4.341,0.895,3.155,-1.187
0.193,0.954,4.341,0.934,3.155,-1.187
0.21,0.956,4.341,0.932,3.155,-1.187
0.255,1.02,4.25,0.987,3.155,-1.095
0.238,0.994,4.25,0.965,3.155,-1.095
0.228,1.005,4.25,0.979,3.155,-1.095
0.235,1.028,4.25,1.001,3.155,-1.095
0.188,1.02,4.25,1.002,3.155,-1.095
0.156,0.986,3.485,0.974,2.39,-1.095
0.149,0.983,3.485,0.971,2.39,-1.095
0.093,0.933,3.485,0.928,2.39,-1.095
0.095,0.938,3.485,0.933,2.39,-1.095
0.183,1.006,3.485,0.989,2.39,-1.095
0.185,1.007,3.485,0.99,2.39,-1.095
0.229,1.041,3.485,1.015,2.39,-1.095
0.236,1.065,3.485,1.038,2.39,-1.095
0.173,1.047,3.485,1.032,2.39,-1.095
0.122,1.031,3.485,1.023,2.39,-1.095
0.058,0.978,3.455,0.976,2.39,-1.064
0.015,0.966,3.455,0.966,2.39,-1.064
0.05,0.993,3.455,0.992,2.39,-1.064
0.088,1.021,3.455,1.018,2.39,-1.064
0.113,1.026,3.455,1.02,2.39,-1.064
0.147,1.037,3.73,1.027,2.666,-1.064
0.173,1.056,3.73,1.042,2.666,-1.064
0.225,1.085,3.73,1.061,2.666,-1.064
0.208,1.094,3.73,1.074,2.666,-1.064
0.105,1.042,3.73,1.037,2.666,-1.064
0.102,1.062,3.76,1.057,2.666,-1.095
0.049,1.045,3.822,1.044,2.666,-1.156
0.04,1.054,3.822,1.054,2.666,-1.156
0.035,1.038,3.822,1.037,2.666,-1.156
0.077,1.06,3.822,1.058,2.666,-1.156
0.14,1.081,3.822,1.072,2.666,-1.156
0.17,1.099,3.822,1.086,2.666,-1.156
0.12,1.089,3.822,1.082,2.666,-1.156
0.009,1.027,3.944,1.027,2.666,-1.278
0.02,1.042,3.944,1.042,2.666,-1.278
-0.004,1.044,3.883,1.044,2.39,-1.492
-0.05,1.035,3.883,1.034,2.39,-1.492
-0.084,1.033,3.883,1.03,2.39,-1.492
-0.077,1.022,3.883,1.019,2.39,-1.492
-0.059,1.021,3.883,1.02,2.39,-1.492
-0.067,1.02,3.913,1.017,2.421,-1.492
-0.049,1.029,3.913,1.028,2.421,-1.492
-0.009,1.047,3.913,1.047,2.421,-1.492
-0.038,1.043,3.913,1.042,2.421,-1.492
-0.024,1.047,3.913,1.047,2.421,-1.492
-0.062,1.055,3.913,1.053,2.421,-1.492
-0.068,1.056,3.913,1.054,2.421,-1.492
-0.069,1.052,3.913,1.049,2.421,-1.492
-0.045,1.074,3.913,1.073,2.421,-1.492
-0.036,1.073,3.913,1.072,2.421,-1.492
-0.015,1.087,3.913,1.087,2.421,-1.492
0.013,1.091,3.913,1.091,2.421,-1.492
0.027,1.098,3.913,1.098,2.421,-1.492
0.018,1.116,4.097,1.116,2.604,-1.492
0.038,1.118,4.097,1.117,2.604,-1.492
-0.004,1.102,4.097,1.102,2.604,-1.492
0.021,1.116,4.097,1.116,2.604,-1.492
-0.034,1.107,4.097,1.107,2.604,-1.492
-0.035,1.112,4.097,1.112,2.604,-1.492
-0.057,1.127,4.25,1.125,2.604,-1.645
-0.014,1.132,4.25,1.132,2.604,-1.645
0.023,1.144,4.25,1.144,2.604,-1.645
0.005,1.155,4.25,1.155,2.604,-1.645
0.026,1.154,4.25,1.154,2.604,-1.645
-0.014,1.134,4.25,1.134,2.604,-1.645
0.002,1.121,4.25,1.121,2.604,-1.645
0.003,1.137,4.25,1.137,2.604,-1.645
-0.013,1.146,4.25,1.146,2.604,-1.645
-0.039,1.123,3.791,1.122,2.146,-1.645
-0.031,1.134,3.791,1.134,2.146,-1.645
0.03,1.145,3.913,1.145,2.268,-1.645
-0.034,1.119,3.913,1.119,2.268,-1.645
0.04,1.135,3.913,1.134,2.268,-1.645
0.041,1.135,3.913,1.135,2.268,-1.645
-0.01,1.104,3.73,1.104,2.268,-1.462
-0.049,1.094,3.73,1.093,2.268,-1.462
-0.109,1.075,3.73,1.069,2.268,-1.462
-0.058,1.079,4.036,1.078,2.268,-1.768
-0.087,1.059,4.036,1.056,2.268,-1.768
-0.057,1.076,4.036,1.074,2.268,-1.768
-0.08,1.087,4.036,1.084,2.268,-1.768
-0.116,1.059,4.036,1.053,2.268,-1.768
-0.141,1.031,4.036,1.022,2.268,-1.768
-0.143,1.033,4.036,1.023,2.268,-1.768
-0.124,1.05,4.036,1.043,2.268,-1.768
-0.13,1.044,3.76,1.035,1.993,-1.768
-0.045,1.071,3.76,1.07,1.993,-1.768
-0.087,1.087,4.127,1.083,2.36,-1.768
-0.094,1.102,4.127,1.098,2.36,-1.768
-0.072,1.118,4.127,1.116,2.36,-1.768
-0.08,1.127,4.127,1.125,2.36,-1.768
-0.043,1.137,4.127,1.136,2.36,-1.768
-0.056,1.155,4.127,1.154,2.36,-1.768
-0.005,1.194,4.188,1.194,2.36,-1.829
0.02,1.21,4.188,1.21,2.36,-1.829
-0.02,1.206,4.311,1.206,2.36,-1.951
0.023,1.221,4.311,1.22,2.36,-1.951
0.036,1.236,4.311,1.235,2.36,-1.951
0.039,1.262,4.311,1.261,2.36,-1.951
-0.011,1.258,4.311,1.258,2.36,-1.951
-0.004,1.273,4.311,1.273,2.36,-1.951
-0.008,1.274,4.311,1.274,2.36,-1.951
0.01,1.244,4.158,1.244,2.207,-1.951
-0.01,1.25,4.158,1.25,2.207,-1.951
0.048,1.252,4.158,1.251,2.207,-1.951
0.111,1.252,4.158,1.247,2.207,-1.951
0.101,1.251,4.158,1.247,2.207,-1.951
0.101,1.238,4.158,1.234,2.207,-1.951
0.07,1.232,4.158,1.23,2.207,-1.951
0.016,1.227,4.158,1.227,2.207,-1.951
0.079,1.224,4.005,1.222,2.207,-1.798
0.067,1.237,4.005,1.235,2.207,-1.798
0.08,1.25,4.464,1.247,2.207,-2.257
0.069,1.22,4.219,1.218,1.962,-2.257
0.128,1.206,4.219,1.199,1.962,-2.257
0.134,1.195,4.219,1.187,1.962,-2.257
0.097,1.188,4.219,1.184,1.962,-2.257
0.086,1.178,4.219,1.175,1.962,-2.257
0.115,1.179,4.219,1.174,1.962,-2.257
0.072,1.2,4.219,1.198,1.962,-2.257
0.038,1.205,4.219,1.204,1.962,-2.257
0.023,1.213,4.219,1.213,1.962,-2.257
-0.037,1.24,4.219,1.239,1.962,-2.257
-0.091,1.268,4.219,1.265,1.962,-2.257
-0.062,1.287,4.219,1.286,1.962,-2.257
-0.051,1.314,4.219,1.313,1.962,-2.257
-0.001,1.315,4.219,1.315,1.962,-2.257
-0.037,1.307,4.127,1.307,1.962,-2.165
-0.006,1.355,4.464,1.355,2.299,-2.165
-0.035,1.369,4.464,1.369,2.299,-2.165
-0.058,1.378,4.464,1.377,2.299,-2.165
-0.081,1.375,4.464,1.372,2.299,-2.165
-0.126,1.389,4.464,1.383,2.299,-2.165
-0.146,1.382,4.464,1.374,2.299,-2.165
-0.137,1.364,4.464,1.357,2.299,-2.165
-0.164,1.353,4.464,1.343,2.299,-2.165
-0.119,1.359,4.464,1.354,2.299,-2.165
-0.064,1.328,4.372,1.326,2.299,-2.073
-0.027,1.287,4.372,1.286,2.299,-2.073
-0.02,1.272,4.892,1.272,2.818,-2.073
-0.118,1.278,5.258,1.272,2.818,-2.44
-0.133,1.243,5.258,1.236,2.818,-2.44
-0.077,1.211,5.258,1.209,2.818,-2.44
-0.108,1.164,5.258,1.159,2.818,-2.44
-0.105,1.143,5.258,1.139,2.818,-2.44
-0.075,1.118,5.258,1.115,2.818,-2.44
-0.014,1.099,5.258,1.099,2.818,-2.44
0.056,1.062,5.258,1.061,2.818,-2.44
0.111,1.042,5.258,1.036,2.818,-2.44
0.136,1.023,5.258,1.014,2.818,-2.44
0.135,1.01,5.258,1.001,2.818,-2.44
0.132,0.954,5.258,0.945,2.818,-2.44
0.122,0.93,5.258,0.922,2.818,-2.44
0.151,0.894,5.258,0.881,2.818,-2.44
0.109,0.882,4.066,0.876,1.534,-2.532
0.126,0.838,4.066,0.829,1.534,-2.532
0.08,0.878,4.066,0.874,1.534,-2.532
0.104,0.881,4.066,0.875,1.534,-2.532
0.135,0.877,4.066,0.867,1.534,-2.532
0.154,0.852,4.066,0.838,1.534,-2.532
0.108,0.862,4.066,0.856,1.534,-2.532
0.09,0.845,4.066,0.84,1.534,-2.532
0.05,0.858,4.066,0.856,1.534,-2.532
0.044,0.833,4.066,0.832,1.534,-2.532
0.031,0.811,3.76,0.811,1.229,-2.532
0.033,0.771,3.76,0.77,1.229,-2.532
0.041,0.781,3.76,0.78,1.229,-2.532
0.068,0.763,3.76,0.76,1.229,-2.532
0.076,0.765,3.76,0.761,1.229,-2.532
0.113,0.715,3.73,0.706,1.229,-2.501
0.179,0.649,3.73,0.624,1.229,-2.501
0.217,0.588,3.73,0.547,1.229,-2.501
0.172,0.57,3.699,0.543,1.198,-2.501
0.167,0.511,3.699,0.483,1.198,-2.501
0.138,0.493,3.699,0.473,1.198,-2.501
0.161,0.456,4.311,0.426,1.809,-2.501
0.132,0.453,4.311,0.434,1.809,-2.501
0.132,0.405,2.476,0.383,1.809,-0.667
0.116,0.402,2.476,0.385,1.809,-0.667
0.119,0.409,2.476,0.391,1.809,-0.667
0.149,0.464,3.149,0.44,2.482,-0.667
0.135,0.45,3.149,0.429,2.482,-0.667
0.132,0.454,3.149,0.435,2.482,-0.667
0.133,0.458,3.149,0.438,2.482,-0.667
0.116,0.44,3.149,0.425,2.482,-0.667
0.094,0.477,3.271,0.467,2.482,-0.789
0.087,0.506,3.271,0.498,2.482,-0.789
0.092,0.536,3.302,0.528,2.482,-0.82
0.082,0.541,3.302,0.535,2.482,-0.82
0.094,0.56,3.302,0.552,2.482,-0.82
0.065,0.55,3.516,0.546,2.482,-1.034
0.076,0.548,3.516,0.543,2.482,-1.034
0.091,0.564,3.516,0.557,2.482,-1.034
0.104,0.611,3.73,0.602,2.696,-1.034
0.138,0.682,3.73,0.668,2.696,-1.034
0.166,0.749,3.883,0.731,2.849,-1.034
0.128,0.754,3.883,0.743,2.849,-1.034
0.146,0.837,3.974,0.824,2.941,-1.034
0.088,0.849,3.974,0.844,2.941,-1.034
0.07,0.873,3.974,0.87,2.941,-1.034
0.078,0.91,3.974,0.906,2.941,-1.034
0.092,0.941,3.974,0.936,2.941,-1.034
0.108,0.964,3.974,0.958,2.941,-1.034
0.126,0.989,3.974,0.981,2.941,-1.034
0.103,0.979,3.974,0.974,2.941,-1.034
0.155,1.013,3.944,1.001,2.941,-1.003
0.212,1.106,4.097,1.085,3.094,-1.003
0.165,1.103,4.097,1.09,3.094,-1.003
0.096,1.102,4.616,1.098,3.094,-1.523
0.033,1.086,4.616,1.085,3.094,-1.523
-0.049,1.02,4.616,1.019,3.094,-1.523
0.004,1.059,4.616,1.059,3.094,-1.523
-0.039,0.999,4.616,0.998,3.094,-1.523
-0.02,0.987,4.616,0.986,3.094,-1.523
-0.018,0.968,4.616,0.968,3.094,-1.523
-0.054,0.914,4.616,0.913,3.094,-1.523
-0.095,0.868,4.616,0.863,3.094,-1.523
-0.134,0.831,4.616,0.82,3.094,-1.523
-0.13,0.851,4.616,0.841,3.094,-1.523
-0.158,0.86,4.616,0.845,3.094,-1.523
-0.203,0.864,4.739,0.84,3.216,-1.523
-0.282,0.746,4.739,0.691,3.216,-1.523
-0.259,0.743,4.739,0.697,3.216,-1.523
-0.185,0.734,4.555,0.711,3.216,-1.339
-0.18,0.691,4.555,0.667,3.216,-1.339
-0.143,0.715,4.555,0.7,3.216,-1.339
-0.169,0.683,4.555,0.662,3.216,-1.339
-0.146,0.712,4.555,0.697,3.216,-1.339
-0.087,0.816,4.555,0.812,3.216,-1.339
-0.06,0.856,4.555,0.853,3.216,-1.339
-0.054,0.855,4.555,0.854,3.216,-1.339
-0.057,0.881,4.555,0.879,3.216,-1.339
-0.016,0.93,4.555,0.93,3.216,-1.339
-0.029,0.886,4.555,0.886,3.216,-1.339
0.029,0.922,4.555,0.922,3.216,-1.339
0.056,0.911,4.097,0.909,3.002,-1.095
0.075,0.937,4.097,0.934,3.002,-1.095
0.068,0.935,4.097,0.932,3.002,-1.095
0.051,0.931,4.311,0.93,3.002,-1.309
0.049,0.932,4.311,0.931,3.002,-1.309
0.023,0.925,4.311,0.925,3.002,-1.309
0.024,0.924,4.311,0.924,3.002,-1.309
0.036,0.946,4.311,0.946,3.002,-1.309
-0.039,0.871,4.066,0.87,2.757,-1.309
-0.036,0.858,4.066,0.858,2.757,-1.309
0.027,0.894,4.066,0.893,2.757,-1.309
0.046,0.893,4.066,0.892,2.757,-1.309
0.044,0.868,3.852,0.867,2.543,-1.309
0.009,0.879,3.852,0.879,2.543,-1.309
-0.007,0.886,3.852,0.886,2.543,-1.309
-0.004,0.905,3.913,0.905,2.543,-1.37
0.009,0.926,3.913,0.926,2.543,-1.37
-0.004,0.946,3.913,0.946,2.543,-1.37
-0.008,0.954,3.913,0.954,2.543,-1.37
0.034,0.992,3.913,0.991,2.543,-1.37
0.074,1.002,3.913,1.0,2.543,-1.37
0.062,0.979,3.913,0.977,2.543,-1.37
0.041,0.949,3.913,0.948,2.543,-1.37
0.091,0.966,3.913,0.962,2.543,-1.37
0.111,0.986,3.944,0.98,2.543,-1.401
0.065,0.998,3.944,0.996,2.543,-1.401
0.042,0.977,3.913,0.976,2.513,-1.401
0.01,0.975,3.913,0.975,2.513,-1.401
0.106,1.023,3.913,1.017,2.513,-1.401
0.105,1.013,3.913,1.008,2.513,-1.401
0.079,0.96,3.913,0.957,2.513,-1.401
0.084,0.944,3.913,0.94,2.513,-1.401
0.12,0.961,4.525,0.954,3.124,-1.401
0.165,0.995,4.525,0.981,3.124,-1.401
0.129,0.979,4.525,0.97,3.124,-1.401
0.114,0.989,4.525,0.983,3.124,-1.401
0.106,1.015,4.525,1.01,3.124,-1.401
0.097,1.023,4.525,1.018,3.124,-1.401
0.067,0.994,4.525,0.992,3.124,-1.401
0.032,0.979,4.525,0.978,3.124,-1.401
0.031,0.951,4.525,0.951,3.124,-1.401
0.065,0.962,4.525,0.96,3.124,-1.401
0.126,0.989,4.525,0.98,3.124,-1.401
0.104,0.961,4.525,0.955,3.124,-1.401
0.083,0.922,4.525,0.918,3.124,-1.401
0.054,0.934,4.525,0.933,3.124,-1.401
0.017,0.933,4.525,0.933,3.124,-1.401
-0.031,0.905,4.005,0.905,2.604,-1.401
-0.056,0.882,3.944,0.88,2.543,-1.401
-0.066,0.86,3.944,0.857,2.543,-1.401
-0.051,0.888,3.944,0.887,2.543,-1.401
-0.012,0.896,3.944,0.896,2.543,-1.401
0.011,0.893,3.791,0.893,2.543,-1.248
0.054,0.928,3.791,0.926,2.543,-1.248
0.064,0.911,3.791,0.908,2.543,-1.248
0.084,0.928,3.791,0.924,2.543,-1.248
0.072,0.945,3.822,0.943,2.574,-1.248
-0.002,0.895,3.822,0.895,2.574,-1.248
-0.016,0.898,3.822,0.897,2.574,-1.248
0.002,0.915,3.822,0.915,2.574,-1.248
0.018,0.908,3.76,0.908,2.574,-1.187
0.019,0.882,3.76,0.881,2.574,-1.187
0.069,0.869,3.76,0.866,2.574,-1.187
0.075,0.849,3.669,0.846,2.574,-1.095
0.113,0.882,4.097,0.875,3.002,-1.095
0.074,0.816,4.097,0.813,3.002,-1.095
0.057,0.774,4.036,0.772,3.002,-1.034
0.026,0.751,4.036,0.751,3.002,-1.034
0.009,0.768,4.036,0.768,3.002,-1.034
-0.022,0.762,4.036,0.761,3.002,-1.034
-0.084,0.728,4.036,0.723,3.002,-1.034
-0.075,0.72,4.036,0.716,3.002,-1.034
-0.041,0.71,4.036,0.709,3.002,-1.034
-0.053,0.661,4.036,0.659,3.002,-1.034
-0.04,0.637,4.036,0.636,3.002,-1.034
0.01,0.686,4.464,0.685,3.43,-1.034
0.026,0.678,4.402,0.678,3.43,-0.973
0.03,0.677,4.402,0.677,3.43,-0.973
0.042,0.654,4.402,0.653,3.43,-0.973
0.027,0.603,4.402,0.603,3.43,-0.973
0.035,0.601,4.402,0.6,3.43,-0.973
0.042,0.6,4.402,0.599,3.43,-0.973
0.06,0.589,4.402,0.586,3.43,-0.973
0.064,0.51,4.402,0.506,3.43,-0.973
0.119,0.519,4.402,0.505,3.43,-0.973
0.159,0.501,4.188,0.475,3.43,-0.759
0.181,0.467,4.188,0.431,3.43,-0.759
0.185,0.491,5.014,0.455,3.43,-1.584
0.19,0.497,5.014,0.46,3.43,-1.584
0.185,0.495,5.014,0.459,3.43,-1.584
0.158,0.412,2.813,0.381,1.229,-1.584
0.17,0.42,2.813,0.384,1.229,-1.584
0.151,0.417,2.813,0.389,1.229,-1.584
0.142,0.409,2.813,0.383,1.229,-1.584
0.145,0.414,2.813,0.388,1.229,-1.584
0.163,0.415,2.813,0.382,1.229,-1.584
0.175,0.463,3.027,0.429,1.229,-1.798
0.2,0.473,3.027,0.429,1.229,-1.798
0.217,0.483,3.027,0.431,1.229,-1.798
0.189,0.481,2.874,0.442,1.076,-1.798
0.17,0.528,3.241,0.5,1.076,-2.165
0.147,0.513,3.241,0.492,1.076,-2.165
0.119,0.535,3.577,0.521,1.076,-2.501
0.114,0.534,3.577,0.521,1.076,-2.501
0.122,0.543,3.577,0.529,1.076,-2.501
0.111,0.594,3.577,0.584,1.076,-2.501
0.13,0.656,3.852,0.643,1.137,-2.715
0.157,0.672,3.852,0.654,1.137,-2.715
0.145,0.688,3.852,0.673,1.137,-2.715
0.167,0.692,3.852,0.672,1.137,-2.715
0.176,0.695,3.852,0.672,1.137,-2.715
0.192,0.682,3.852,0.654,1.137,-2.715
0.199,0.686,3.852,0.657,1.137,-2.715
0.171,0.679,3.852,0.657,1.137,-2.715
0.183,0.666,3.852,0.64,1.137,-2.715
0.203,0.626,3.852,0.592,1.137,-2.715
0.203,0.642,3.852,0.609,1.137,-2.715
0.249,0.621,4.036,0.569,1.32,-2.715
0.228,0.694,4.036,0.656,1.32,-2.715
0.245,0.701,4.036,0.656,1.32,-2.715
0.26,0.695,4.036,0.644,1.32,-2.715
0.246,0.659,3.852,0.611,1.32,-2.532
0.234,0.646,3.852,0.602,1.32,-2.532
0.193,0.697,3.852,0.67,1.32,-2.532
0.163,0.715,3.852,0.696,1.32,-2.532
0.171,0.721,3.852,0.7,1.32,-2.532
0.125,0.721,3.852,0.71,1.32,-2.532
0.124,0.719,3.852,0.708,1.32,-2.532
0.146,0.751,3.852,0.736,1.32,-2.532
0.174,0.77,3.852,0.75,1.32,-2.532
0.208,0.78,3.852,0.752,1.32,-2.532
0.238,0.785,3.852,0.748,1.32,-2.532
0.237,0.796,3.76,0.76,1.229,-2.532
0.259,0.751,3.883,0.705,1.351,-2.532
0.221,0.758,3.883,0.725,1.351,-2.532
0.221,0.737,3.791,0.703,1.351,-2.44
0.217,0.757,3.791,0.726,1.351,-2.44
0.259,0.826,4.83,0.784,2.39,-2.44
0.302,0.843,4.678,0.787,2.635,-2.043
0.316,0.834,4.586,0.772,2.635,-1.951
0.275,0.859,4.586,0.814,2.635,-1.951
0.341,0.897,4.8,0.829,2.849,-1.951
0.275,0.977,5.106,0.937,2.849,-2.257
0.268,1.035,5.503,1.0,3.246,-2.257
0.27,1.06,5.503,1.025,3.246,-2.257
0.234,1.091,5.503,1.066,3.246,-2.257
0.155,1.114,5.503,1.103,3.246,-2.257
0.116,1.131,5.503,1.126,3.246,-2.257
0.087,1.164,5.503,1.16,3.246,-2.257
0.092,1.191,5.503,1.188,3.246,-2.257
0.128,1.225,5.503,1.218,3.246,-2.257
0.14,1.225,5.503,1.217,3.246,-2.257
0.083,1.202,5.503,1.199,3.246,-2.257
0.1,1.206,5.503,1.202,3.246,-2.257
0.101,1.224,5.503,1.219,3.246,-2.257
0.094,1.233,5.503,1.229,3.246,-2.257
0.042,1.22,5.503,1.219,3.246,-2.257
0.093,1.182,5.381,1.178,3.246,-2.134
0.132,1.132,4.8,1.125,2.666,-2.134
0.089,1.13,3.852,1.127,1.718,-2.134
0.071,1.131,3.852,1.129,1.718,-2.134
0.138,1.131,3.852,1.122,1.718,-2.134
0.18,1.129,3.852,1.114,1.718,-2.134
0.227,1.119,3.822,1.095,1.718,-2.104
0.257,1.124,4.066,1.094,1.962,-2.104
0.202,1.135,4.066,1.116,1.962,-2.104
0.265,1.173,4.219,1.143,2.115,-2.104
0.266,1.192,4.402,1.162,2.115,-2.287
0.25,1.187,4.402,1.16,2.115,-2.287
0.313,1.198,4.402,1.156,2.115,-2.287
0.315,1.216,4.402,1.174,2.115,-2.287
0.345,1.243,4.402,1.194,2.115,-2.287
0.334,1.264,4.402,1.219,2.115,-2.287
0.286,1.292,4.402,1.26,2.115,-2.287
0.344,1.316,4.402,1.27,2.115,-2.287
0.391,1.338,4.402,1.28,2.115,-2.287
0.356,1.354,4.402,1.306,2.115,-2.287
0.333,1.37,4.402,1.329,2.115,-2.287
0.324,1.381,4.402,1.343,2.115,-2.287
0.253,1.388,4.402,1.365,2.115,-2.287
0.278,1.411,4.402,1.383,2.115,-2.287
0.209,1.392,4.402,1.376,2.115,-2.287
0.229,1.418,4.341,1.399,2.115,-2.226
0.238,1.421,4.341,1.401,2.115,-2.226
0.139,1.434,4.341,1.427,2.115,-2.226
0.143,1.433,4.341,1.426,2.115,-2.226
0.104,1.43,4.341,1.426,2.115,-2.226
0.083,1.426,4.311,1.424,2.115,-2.196
0.038,1.458,4.555,1.457,2.115,-2.44
-0.018,1.446,4.555,1.446,2.115,-2.44
0.0,1.449,4.494,1.449,2.054,-2.44
0.047,1.448,4.494,1.447,2.054,-2.44
0.029,1.447,4.494,1.447,2.054,-2.44
0.032,1.457,4.494,1.457,2.054,-2.44
0.133,1.453,4.494,1.446,2.054,-2.44
0.204,1.423,4.494,1.408,2.054,-2.44
0.135,1.421,4.494,1.415,2.054,-2.44
0.121,1.382,4.494,1.377,2.054,-2.44
0.144,1.373,4.494,1.366,2.054,-2.44
0.136,1.359,4.494,1.353,2.054,-2.44
0.153,1.352,4.494,1.343,2.054,-2.44
0.151,1.334,4.494,1.325,2.054,-2.44
0.197,1.3,4.494,1.285,2.054,-2.44
0.237,1.242,4.097,1.219,1.901,-2.196
0.256,1.223,4.097,1.196,1.901,-2.196
0.234,1.179,4.066,1.156,1.871,-2.196
0.184,1.174,4.066,1.159,1.871,-2.196
0.248,1.142,4.066,1.114,1.871,-2.196
0.231,1.102,4.066,1.078,1.871,-2.196
0.199,1.073,3.974,1.055,1.779,-2.196
0.124,1.057,3.974,1.05,1.779,-2.196
0.168,1.05,3.974,1.036,1.779,-2.196
0.13,1.061,3.974,1.053,1.779,-2.196
0.083,1.036,3.944,1.032,1.748,-2.196
0.137,1.018,3.944,1.009,1.748,-2.196
0.129,1.004,3.944,0.996,1.748,-2.196
0.166,1.001,3.699,0.987,1.748,-1.951
0.19,1.044,3.699,1.026,1.748,-1.951
0.224,1.043,3.546,1.019,1.595,-1.951
0.185,1.07,3.546,1.054,1.595,-1.951
0.172,1.079,3.546,1.066,1.595,-1.951
0.165,1.075,3.791,1.062,1.595,-2.196
0.126,1.092,3.791,1.085,1.595,-2.196
0.162,1.08,3.791,1.068,1.595,-2.196
0.125,1.094,3.791,1.087,1.595,-2.196
0.152,1.097,3.791,1.086,1.595,-2.196
0.14,1.093,3.791,1.084,1.595,-2.196
0.199,1.094,3.883,1.076,1.687,-2.196
0.194,1.102,3.883,1.085,1.687,-2.196
0.189,1.097,3.883,1.08,1.687,-2.196
0.176,1.104,3.883,1.09,1.687,-2.196
0.091,1.134,3.883,1.13,1.687,-2.196
0.057,1.107,3.883,1.106,1.687,-2.196
0.012,1.116,3.913,1.116,1.687,-2.226
0.044,1.078,3.913,1.077,1.687,-2.226
0.03,1.081,3.913,1.081,1.687,-2.226
0.04,1.098,4.25,1.097,2.023,-2.226
0.04,1.094,4.25,1.093,2.023,-2.226
0.04,1.113,4.25,1.113,2.023,-2.226
0.068,1.114,4.25,1.112,2.023,-2.226
0.029,1.125,4.25,1.124,2.023,-2.226
0.061,1.11,4.25,1.109,2.023,-2.226
0.057,1.101,4.25,1.099,2.023,-2.226
0.064,1.098,4.25,1.096,2.023,-2.226
0.028,1.122,4.25,1.122,2.023,-2.226
0.029,1.104,4.25,1.103,2.023,-2.226
0.094,1.061,4.25,1.057,2.023,-2.226
0.05,1.082,4.25,1.08,2.023,-2.226
0.052,1.1,4.219,1.099,2.023,-2.196
0.021,1.119,4.219,1.119,2.023,-2.196
-0.004,1.132,4.219,1.132,2.023,-2.196
-0.023,1.12,3.73,1.12,1.534,-2.196
-0.009,1.116,3.73,1.116,1.534,-2.196
-0.06,1.111,3.822,1.11,1.443,-2.379
-0.092,1.11,3.822,1.106,1.443,-2.379
-0.079,1.085,3.822,1.082,1.443,-2.379
-0.087,1.1,3.822,1.097,1.443,-2.379
-0.138,1.131,3.883,1.123,1.504,-2.379
-0.112,1.133,3.883,1.128,1.504,-2.379
-0.105,1.13,3.883,1.125,1.504,-2.379
-0.078,1.148,3.883,1.145,1.504,-2.379
-0.088,1.169,3.883,1.166,1.504,-2.379
-0.085,1.162,3.883,1.159,1.504,-2.379
-0.061,1.131,3.913,1.13,1.534,-2.379
-0.069,1.141,3.913,1.139,1.534,-2.379
-0.042,1.123,3.913,1.122,1.534,-2.379
-0.047,1.111,3.913,1.11,1.534,-2.379
-0.042,1.115,3.913,1.114,1.534,-2.379
0.013,1.119,3.638,1.119,1.534,-2.104
0.046,1.12,3.822,1.119,1.534,-2.287
0.069,1.134,3.822,1.132,1.534,-2.287
0.08,1.143,3.822,1.14,1.534,-2.287
0.149,1.1,3.822,1.089,1.534,-2.287
0.099,1.109,3.913,1.105,1.534,-2.379
0.078,1.12,3.913,1.117,1.534,-2.379
0.095,1.115,4.005,1.111,1.626,-2.379
0.078,1.117,4.005,1.114,1.626,-2.379
0.134,1.118,4.066,1.11,1.687,-2.379
0.14,1.122,4.066,1.113,1.687,-2.379
0.126,1.115,4.066,1.108,1.687,-2.379
0.119,1.134,4.066,1.128,1.687,-2.379
0.15,1.151,4.066,1.141,1.687,-2.379
0.145,1.139,4.066,1.13,1.687,-2.379
0.06,1.15,4.066,1.148,1.687,-2.379
0.025,1.144,4.066,1.143,1.687,-2.379
-0.031,1.145,4.066,1.144,1.687,-2.379
-0.063,1.162,4.066,1.161,1.687,-2.379
-0.104,1.175,4.066,1.171,1.687,-2.379
-0.059,1.156,3.974,1.154,1.687,-2.287
-0.037,1.147,4.097,1.147,1.687,-2.41
-0.115,1.156,4.097,1.15,1.687,-2.41
-0.12,1.164,4.097,1.158,1.687,-2.41
-0.113,1.157,4.036,1.152,1.626,-2.41
-0.19,1.184,4.036,1.169,1.626,-2.41
-0.1,1.163,4.036,1.159,1.626,-2.41
-0.129,1.168,4.036,1.161,1.626,-2.41
-0.181,1.163,4.036,1.149,1.626,-2.41
-0.206,1.175,4.036,1.157,1.626,-2.41
-0.139,1.156,4.036,1.148,1.626,-2.41
-0.159,1.17,4.036,1.159,1.626,-2.41
-0.093,1.16,4.036,1.156,1.626,-2.41
-0.072,1.148,4.066,1.146,1.626,-2.44
-0.089,1.162,4.066,1.158,1.626,-2.44
-0.183,1.189,4.066,1.175,1.626,-2.44
-0.113,1.197,4.066,1.191,1.626,-2.44
-0.03,1.193,4.066,1.193,1.626,-2.44
-0.083,1.221,4.066,1.218,1.626,-2.44
-0.126,1.22,4.036,1.213,1.595,-2.44
-0.095,1.203,4.036,1.199,1.595,-2.44
-0.198,1.237,4.036,1.221,1.595,-2.44
-0.16,1.224,4.036,1.214,1.595,-2.44
-0.073,1.204,4.036,1.202,1.595,-2.44
-0.062,1.211,4.127,1.209,1.687,-2.44
-0.149,1.241,4.127,1.233,1.687,-2.44
-0.132,1.242,4.127,1.235,1.687,-2.44
-0.178,1.242,4.127,1.23,1.687,-2.44
-0.213,1.237,4.127,1.219,1.687,-2.44
-0.154,1.206,4.127,1.196,1.687,-2.44
-0.097,1.207,4.127,1.203,1.687,-2.44
-0.189,1.202,4.127,1.187,1.687,-2.44
-0.236,1.194,4.127,1.17,1.687,-2.44
-0.161,1.151,3.883,1.14,1.687,-2.196
-0.107,1.142,3.883,1.137,1.687,-2.196
-0.088,1.151,3.883,1.148,1.687,-2.196
-0.055,1.125,3.883,1.124,1.687,-2.196
-0.031,1.113,3.883,1.113,1.687,-2.196
-0.126,1.141,3.883,1.134,1.687,-2.196
-0.168,1.163,3.822,1.151,1.565,-2.257
-0.123,1.157,3.852,1.15,1.595,-2.257
-0.137,1.145,3.852,1.137,1.595,-2.257
-0.164,1.176,3.852,1.165,1.595,-2.257
-0.159,1.175,3.852,1.164,1.595,-2.257
-0.186,1.201,3.852,1.187,1.595,-2.257
-0.158,1.174,3.974,1.164,1.718,-2.257
-0.077,1.176,3.974,1.173,1.718,-2.257
-0.063,1.178,3.974,1.177,1.718,-2.257
-0.062,1.184,3.974,1.182,1.718,-2.257
-0.096,1.193,3.974,1.189,1.718,-2.257
-0.084,1.205,4.219,1.202,1.962,-2.257
-0.079,1.216,4.219,1.213,1.962,-2.257
-0.095,1.214,4.219,1.21,1.962,-2.257
-0.016,1.191,4.219,1.191,1.962,-2.257
0.037,1.159,4.066,1.158,1.962,-2.104
0.038,1.142,4.066,1.142,1.962,-2.104
0.098,1.143,4.066,1.138,1.962,-2.104
0.185,1.125,4.066,1.11,1.962,-2.104
0.162,1.137,4.066,1.125,1.962,-2.104
0.168,1.142,4.066,1.129,1.962,-2.104
0.136,1.155,4.066,1.147,1.962,-2.104
0.056,1.148,4.066,1.146,1.962,-2.104
0.032,1.168,4.402,1.167,1.962,-2.44
0.034,1.159,4.402,1.159,1.962,-2.44
-0.027,1.176,4.402,1.176,1.962,-2.44
-0.063,1.165,4.219,1.163,1.779,-2.44
-0.075,1.159,4.219,1.157,1.779,-2.44
-0.113,1.183,4.219,1.178,1.779,-2.44
-0.125,1.182,4.219,1.175,1.779,-2.44
-0.141,1.185,4.219,1.176,1.779,-2.44
-0.127,1.179,4.219,1.173,1.779,-2.44
-0.186,1.185,4.219,1.17,1.779,-2.44
-0.198,1.175,4.219,1.158,1.779,-2.44
-0.212,1.203,4.219,1.185,1.779,-2.44
-0.253,1.193,4.158,1.166,1.718,-2.44
-0.252,1.211,4.158,1.184,1.718,-2.44
-0.215,1.212,4.158,1.193,1.718,-2.44
-0.212,1.205,3.913,1.186,1.718,-2.196
-0.173,1.205,3.913,1.193,1.718,-2.196
-0.118,1.194,3.913,1.188,1.718,-2.196
-0.146,1.19,3.913,1.181,1.718,-2.196
-0.084,1.177,3.913,1.174,1.718,-2.196
-0.091,1.184,3.76,1.181,1.565,-2.196
-0.088,1.172,3.76,1.169,1.565,-2.196
-0.101,1.178,3.76,1.174,1.565,-2.196
-0.183,1.224,3.974,1.21,1.565,-2.41
-0.177,1.228,3.974,1.215,1.565,-2.41
-0.199,1.226,3.852,1.21,1.443,-2.41
-0.089,1.177,3.852,1.174,1.443,-2.41
-0.056,1.197,4.066,1.195,1.657,-2.41
-0.051,1.18,4.066,1.179,1.657,-2.41
-0.111,1.19,4.066,1.185,1.657,-2.41
-0.111,1.181,4.066,1.175,1.657,-2.41
-0.106,1.164,4.066,1.159,1.657,-2.41
-0.136,1.159,4.066,1.151,1.657,-2.41
-0.112,1.154,4.066,1.148,1.657,-2.41
-0.169,1.186,4.066,1.174,1.657,-2.41
-0.185,1.183,4.066,1.169,1.657,-2.41
-0.161,1.214,4.158,1.204,1.748,-2.41
-0.161,1.224,4.158,1.213,1.748,-2.41
-0.079,1.197,4.066,1.195,1.748,-2.318
-0.053,1.196,3.791,1.195,1.748,-2.043
-0.105,1.211,3.791,1.206,1.748,-2.043
-0.131,1.204,3.791,1.197,1.748,-2.043
-0.151,1.188,3.791,1.178,1.748,-2.043
-0.124,1.177,3.791,1.17,1.748,-2.043
-0.108,1.176,3.791,1.171,1.748,-2.043
-0.071,1.168,3.791,1.166,1.748,-2.043
-0.156,1.2,3.852,1.19,1.748,-2.104
-0.146,1.208,3.852,1.199,1.748,-2.104
-0.135,1.212,3.852,1.205,1.748,-2.104
-0.09,1.193,3.852,1.189,1.748,-2.104
-0.016,1.167,3.852,1.167,1.748,-2.104
-0.064,1.177,3.913,1.175,1.657,-2.257
-0.059,1.171,3.913,1.169,1.657,-2.257
-0.081,1.166,3.822,1.163,1.565,-2.257
-0.043,1.139,3.822,1.138,1.565,-2.257
-0.083,1.172,3.822,1.169,1.565,-2.257
-0.109,1.18,3.822,1.175,1.565,-2.257
-0.117,1.166,3.822,1.16,1.565,-2.257
-0.163,1.186,3.822,1.175,1.565,-2.257
-0.122,1.172,3.822,1.165,1.565,-2.257
-0.147,1.184,3.822,1.175,1.565,-2.257
-0.092,1.183,3.822,1.179,1.565,-2.257
-0.079,1.165,3.822,1.162,1.565,-2.257
-0.04,1.153,3.822,1.152,1.565,-2.257
-0.049,1.149,3.822,1.148,1.565,-2.257
-0.074,1.15,3.822,1.147,1.565,-2.257
-0.036,1.116,3.669,1.115,1.534,-2.134
-0.065,1.116,3.669,1.114,1.534,-2.134
-0.087,1.117,3.669,1.113,1.534,-2.134
-0.136,1.135,3.669,1.127,1.534,-2.134
-0.063,1.093,3.516,1.092,1.534,-1.982
-0.088,1.126,3.546,1.122,1.534,-2.012
-0.039,1.145,3.608,1.145,1.534,-2.073
-0.005,1.123,3.608,1.123,1.534,-2.073
-0.002,1.112,3.608,1.112,1.534,-2.073
-0.021,1.129,3.852,1.129,1.504,-2.348
-0.044,1.111,3.852,1.11,1.504,-2.348
-0.056,1.143,3.852,1.141,1.504,-2.348
-0.085,1.145,3.852,1.142,1.504,-2.348
-0.109,1.154,3.699,1.149,1.32,-2.379
-0.184,1.196,3.699,1.182,1.32,-2.379
-0.204,1.193,3.699,1.176,1.32,-2.379
-0.171,1.216,3.791,1.204,1.412,-2.379
-0.157,1.218,3.791,1.208,1.412,-2.379
-0.102,1.214,3.944,1.21,1.565,-2.379
-0.1,1.242,3.974,1.238,1.595,-2.379
-0.087,1.247,3.974,1.244,1.595,-2.379
-0.102,1.234,3.974,1.23,1.595,-2.379
-0.096,1.249,3.974,1.245,1.595,-2.379
-0.092,1.275,3.974,1.272,1.595,-2.379
-0.053,1.274,3.974,1.273,1.595,-2.379
-0.043,1.311,4.494,1.31,1.993,-2.501
-0.058,1.331,4.494,1.329,1.993,-2.501
-0.056,1.351,4.494,1.35,1.993,-2.501
-0.049,1.355,4.494,1.354,1.993,-2.501
-0.012,1.364,4.83,1.364,1.993,-2.838
0.022,1.38,4.83,1.379,1.993,-2.838
0.013,1.358,4.83,1.358,1.993,-2.838
0.049,1.366,4.83,1.365,1.993,-2.838
-0.007,1.367,4.83,1.367,1.993,-2.838
-0.018,1.346,4.83,1.346,1.993,-2.838
0.01,1.306,4.83,1.306,1.993,-2.838
-0.012,1.309,4.83,1.309,1.993,-2.838
0.014,1.315,4.83,1.314,1.993,-2.838
0.012,1.301,4.83,1.301,1.993,-2.838
-0.004,1.277,4.83,1.277,1.993,-2.838
-0.012,1.251,4.739,1.251,1.901,-2.838
0.073,1.271,5.656,1.269,2.818,-2.838
0.089,1.251,5.656,1.248,2.818,-2.838
0.073,1.237,5.656,1.234,2.818,-2.838
0.114,1.167,5.044,1.162,2.818,-2.226
0.089,1.13,5.044,1.127,2.818,-2.226
0.099,1.114,5.044,1.109,2.818,-2.226
0.073,1.098,5.014,1.096,2.818,-2.196
0.105,1.09,5.014,1.085,2.818,-2.196
0.123,1.051,5.014,1.044,2.818,-2.196
0.116,1.051,5.014,1.044,2.818,-2.196
0.126,1.014,5.014,1.006,2.818,-2.196
0.109,0.966,5.014,0.96,2.818,-2.196
0.109,0.93,5.014,0.923,2.818,-2.196
0.116,0.891,5.014,0.884,2.818,-2.196
0.131,0.839,5.014,0.829,2.818,-2.196
0.069,0.697,4.586,0.693,2.635,-1.951
0.082,0.652,3.546,0.647,1.595,-1.951
0.115,0.612,3.424,0.601,1.595,-1.829
0.143,0.61,3.424,0.593,1.595,-1.829
0.15,0.613,3.424,0.594,1.595,-1.829
0.144,0.576,3.424,0.558,1.595,-1.829
0.156,0.505,3.424,0.48,1.595,-1.829
0.175,0.566,4.708,0.538,2.941,-1.768
0.16,0.606,4.708,0.584,2.941,-1.768
0.154,0.605,3.883,0.585,2.941,-0.942
0.165,0.627,3.883,0.605,2.941,-0.942
0.146,0.624,3.883,0.607,2.941,-0.942
0.131,0.626,3.883,0.613,2.941,-0.942
0.171,0.719,3.883,0.699,2.941,-0.942
0.173,0.72,3.883,0.699,2.941,-0.942
0.159,0.726,3.883,0.708,2.941,-0.942
0.128,0.72,3.883,0.709,2.941,-0.942
0.119,0.727,3.883,0.717,2.941,-0.942
0.114,0.748,3.883,0.739,2.941,-0.942
0.093,0.785,3.883,0.779,2.941,-0.942
0.073,0.789,3.883,0.785,2.941,-0.942
0.096,0.824,3.791,0.818,2.941,-0.85
0.02,0.769,3.791,0.769,2.666,-1.125
0.013,0.74,3.791,0.74,2.666,-1.125
0.055,0.761,3.791,0.759,2.666,-1.125
0.114,0.869,3.913,0.862,2.788,-1.125
0.126,0.886,3.913,0.877,2.788,-1.125
0.165,0.914,3.913,0.899,2.788,-1.125
0.099,0.854,3.913,0.848,2.788,-1.125
0.091,0.872,3.913,0.867,2.788,-1.125
0.096,0.904,3.913,0.899,2.788,-1.125
0.07,0.911,3.913,0.908,2.788,-1.125
0.069,0.938,3.913,0.936,2.788,-1.125
0.048,0.93,3.913,0.929,2.788,-1.125
0.082,0.962,3.913,0.959,2.788,-1.125
0.151,1.028,4.127,1.017,2.788,-1.339
0.135,1.008,4.127,0.999,2.788,-1.339
0.198,1.03,4.127,1.011,2.788,-1.339
0.208,1.032,4.127,1.01,2.788,-1.339
0.197,1.062,4.188,1.044,2.849,-1.339
0.137,1.005,4.188,0.996,2.849,-1.339
0.134,1.034,4.188,1.025,2.849,-1.339
0.128,1.069,4.188,1.061,2.849,-1.339
0.086,1.09,4.464,1.087,2.849,-1.615
0.059,1.101,4.464,1.1,2.849,-1.615
0.087,1.13,4.464,1.127,2.849,-1.615
0.168,1.204,4.586,1.192,2.971,-1.615
0.211,1.243,4.586,1.225,2.971,-1.615
0.238,1.287,4.586,1.265,2.971,-1.615
0.217,1.262,4.586,1.244,2.971,-1.615
0.202,1.259,4.586,1.242,2.971,-1.615
0.229,1.274,4.586,1.253,2.971,-1.615
0.163,1.253,4.586,1.243,2.971,-1.615
0.166,1.264,4.586,1.253,2.971,-1.615
0.125,1.208,4.586,1.202,2.971,-1.615
0.123,1.19,4.586,1.184,2.971,-1.615
0.125,1.156,4.586,1.15,2.971,-1.615
0.113,1.1,4.586,1.094,2.971,-1.615
0.204,1.089,4.464,1.069,2.971,-1.492
0.26,1.117,4.464,1.087,2.971,-1.492
0.302,1.121,4.464,1.08,2.971,-1.492
0.29,1.067,4.464,1.027,2.971,-1.492
0.273,1.012,4.464,0.975,2.971,-1.492
0.296,1.011,3.974,0.967,2.971,-1.003
0.264,0.982,3.883,0.946,2.971,-0.911
0.211,0.924,4.127,0.9,2.971,-1.156
0.192,0.91,4.127,0.89,2.971,-1.156
0.243,0.922,4.127,0.889,2.971,-1.156
0.236,0.936,4.188,0.906,2.971,-1.217
0.295,1.003,4.188,0.959,2.971,-1.217
0.276,0.997,4.188,0.958,2.971,-1.217
0.315,1.046,4.188,0.998,2.971,-1.217
0.292,1.052,4.188,1.01,2.971,-1.217
0.236,1.04,4.188,1.013,2.971,-1.217
0.204,0.996,3.974,0.975,2.757,-1.217
0.115,0.931,3.974,0.924,2.757,-1.217
0.088,0.93,3.73,0.926,2.513,-1.217
0.026,0.908,3.73,0.908,2.513,-1.217
-0.034,0.843,3.73,0.842,2.513,-1.217
-0.028,0.848,3.73,0.847,2.513,-1.217
0.005,0.857,3.73,0.857,2.513,-1.217
0.039,0.9,4.188,0.9,2.971,-1.217
-0.007,0.886,4.188,0.886,2.971,-1.217
0.007,0.885,4.127,0.885,2.971,-1.156
-0.041,0.825,4.127,0.824,2.971,-1.156
-0.037,0.818,4.127,0.817,2.971,-1.156
-0.088,0.759,4.127,0.754,2.971,-1.156
-0.101,0.754,4.127,0.747,2.971,-1.156
-0.057,0.793,4.127,0.791,2.971,-1.156
-0.004,0.853,4.127,0.853,2.971,-1.156
0.036,0.875,4.127,0.874,2.971,-1.156
0.054,0.86,4.127,0.858,2.971,-1.156
0.089,0.876,4.127,0.871,2.971,-1.156
0.097,0.88,4.127,0.875,2.971,-1.156
0.13,0.927,3.974,0.918,2.971,-1.003
0.143,0.966,3.974,0.956,2.971,-1.003
0.079,0.908,3.822,0.904,2.788,-1.034
0.095,0.914,3.822,0.909,2.788,-1.034
0.085,0.939,3.822,0.936,2.788,-1.034
0.093,0.96,3.822,0.956,2.788,-1.034
0.081,0.951,3.822,0.947,2.788,-1.034
0.067,0.946,3.822,0.943,2.788,-1.034
0.097,0.957,3.822,0.952,2.788,-1.034
0.075,0.939,3.822,0.936,2.788,-1.034
0.059,0.906,3.822,0.904,2.788,-1.034
0.069,0.92,3.822,0.917,2.788,-1.034
0.036,0.918,3.852,0.917,2.788,-1.064
0.017,0.916,3.974,0.916,2.788,-1.187
0.009,0.918,3.974,0.917,2.788,-1.187
