mean,RMS,ptp,std,max,min
0.178,0.973,5.06,0.957,2.396,-2.664
0.198,0.984,5.06,0.964,2.396,-2.664
0.211,0.996,5.06,0.973,2.396,-2.664
0.226,1.002,5.06,0.976,2.396,-2.664
0.242,1.007,5.06,0.977,2.396,-2.664
0.255,1.016,5.06,0.983,2.396,-2.664
0.285,1.034,5.06,0.994,2.396,-2.664
0.312,1.051,5.06,1.004,2.396,-2.664
0.334,1.063,5.06,1.009,2.396,-2.664
0.349,1.067,5.06,1.009,2.396,-2.664
0.372,1.073,4.46,1.007,2.396,-2.063
0.386,1.076,4.46,1.004,2.396,-2.063
0.407,1.083,4.46,1.003,2.396,-2.063
0.439,1.089,4.46,0.997,2.396,-2.063
0.47,1.098,4.46,0.993,2.396,-2.063
0.488,1.1,4.46,0.986,2.396,-2.063
0.498,1.107,4.46,0.989,2.396,-2.063
0.51,1.114,4.46,0.99,2.396,-2.063
0.527,1.12,4.46,0.989,2.396,-2.063
0.558,1.123,4.46,0.974,2.396,-2.063
0.578,1.125,4.46,0.966,2.396,-2.063
0.594,1.127,4.46,0.958,2.396,-2.063
0.611,1.13,4.46,0.95,2.396,-2.063
0.63,1.133,4.46,0.941,2.396,-2.063
0.641,1.137,4.46,0.939,2.396,-2.063
0.653,1.142,4.46,0.937,2.396,-2.063
0.659,1.143,4.46,0.934,2.396,-2.063
0.671,1.146,4.46,0.929,2.396,-2.063
0.671,1.146,4.46,0.929,2.396,-2.063
0.662,1.14,3.602,0.928,2.396,-1.206
0.671,1.141,3.602,0.923,2.396,-1.206
0.67,1.141,3.602,0.924,2.396,-1.206
0.665,1.137,3.602,0.922,2.396,-1.206
0.673,1.142,3.666,0.923,2.568,-1.099
0.676,1.143,3.624,0.921,2.568,-1.056
0.666,1.141,3.624,0.926,2.568,-1.056
0.656,1.14,3.624,0.932,2.568,-1.056
0.645,1.133,3.624,0.931,2.568,-1.056
0.629,1.125,3.624,0.933,2.568,-1.056
0.614,1.121,3.624,0.938,2.568,-1.056
0.594,1.112,3.624,0.94,2.568,-1.056
0.584,1.108,3.624,0.942,2.568,-1.056
0.568,1.101,3.624,0.943,2.568,-1.056
0.565,1.099,3.666,0.942,2.568,-1.099
0.553,1.094,3.666,0.944,2.568,-1.099
0.545,1.09,3.666,0.944,2.568,-1.099
0.515,1.074,3.666,0.943,2.568,-1.099
0.484,1.062,4.095,0.945,2.568,-1.527
0.462,1.054,4.095,0.947,2.568,-1.527
0.452,1.049,4.095,0.946,2.568,-1.527
0.428,1.036,4.095,0.943,2.568,-1.527
0.406,1.031,4.588,0.948,2.568,-2.021
0.379,1.022,4.588,0.949,2.568,-2.021
0.36,1.008,4.588,0.942,2.568,-2.021
0.338,0.997,4.588,0.937,2.568,-2.021
0.328,0.991,4.588,0.935,2.568,-2.021
0.309,0.982,4.588,0.931,2.568,-2.021
0.303,0.98,4.588,0.932,2.568,-2.021
0.292,0.975,4.588,0.93,2.568,-2.021
0.277,0.962,4.588,0.922,2.568,-2.021
0.27,0.957,4.588,0.918,2.568,-2.021
0.272,0.959,4.588,0.92,2.568,-2.021
0.26,0.95,4.588,0.914,2.568,-2.021
0.252,0.947,4.588,0.912,2.568,-2.021
0.241,0.939,4.588,0.908,2.568,-2.021
0.233,0.932,4.588,0.903,2.568,-2.021
0.235,0.935,4.588,0.905,2.568,-2.021
0.228,0.929,4.588,0.9,2.568,-2.021
0.239,0.934,4.588,0.903,2.568,-2.021
0.24,0.932,4.588,0.901,2.568,-2.021
0.249,0.942,4.588,0.909,2.568,-2.021
0.254,0.944,4.588,0.909,2.568,-2.021
0.26,0.947,4.588,0.91,2.568,-2.021
0.264,0.95,4.46,0.912,2.439,-2.021
0.261,0.948,4.46,0.911,2.439,-2.021
0.261,0.946,4.46,0.909,2.439,-2.021
0.265,0.945,4.46,0.907,2.439,-2.021
0.268,0.947,4.46,0.908,2.439,-2.021
0.28,0.953,4.46,0.911,2.439,-2.021
0.29,0.956,4.46,0.911,2.439,-2.021
0.298,0.956,4.46,0.909,2.439,-2.021
0.307,0.96,4.46,0.91,2.439,-2.021
0.313,0.963,4.46,0.911,2.439,-2.021
0.314,0.964,4.46,0.911,2.439,-2.021
0.333,0.973,4.46,0.914,2.439,-2.021
0.337,0.973,4.46,0.913,2.439,-2.021
0.35,0.978,4.31,0.913,2.289,-2.021
0.36,0.975,4.31,0.906,2.289,-2.021
0.376,0.975,4.31,0.9,2.289,-2.021
0.385,0.976,4.31,0.897,2.289,-2.021
0.41,0.985,4.31,0.895,2.289,-2.021
0.441,0.997,3.881,0.894,2.568,-1.313
0.47,1.009,3.881,0.892,2.568,-1.313
0.486,1.016,3.881,0.893,2.568,-1.313
0.505,1.026,3.881,0.894,2.568,-1.313
0.518,1.035,3.881,0.896,2.568,-1.313
0.533,1.039,3.881,0.892,2.568,-1.313
0.532,1.034,3.495,0.887,2.568,-0.927
0.536,1.033,3.495,0.884,2.568,-0.927
0.545,1.038,3.495,0.883,2.568,-0.927
0.545,1.039,3.495,0.885,2.568,-0.927
0.537,1.032,3.495,0.881,2.568,-0.927
0.542,1.033,3.495,0.879,2.568,-0.927
0.544,1.033,3.495,0.879,2.568,-0.927
0.542,1.03,3.495,0.876,2.568,-0.927
0.54,1.027,3.452,0.874,2.568,-0.884
0.529,1.017,3.452,0.868,2.568,-0.884
0.523,1.013,3.452,0.868,2.568,-0.884
0.511,1.005,3.452,0.866,2.568,-0.884
0.506,1.004,3.452,0.868,2.568,-0.884
0.495,0.998,3.473,0.867,2.568,-0.906
0.477,0.991,3.988,0.869,2.568,-1.42
0.455,0.981,3.988,0.869,2.568,-1.42
0.434,0.966,3.988,0.863,2.568,-1.42
0.413,0.959,3.988,0.866,2.568,-1.42
0.4,0.954,3.988,0.867,2.568,-1.42
0.393,0.956,3.988,0.872,2.568,-1.42
0.377,0.949,3.988,0.871,2.568,-1.42
0.354,0.938,3.988,0.869,2.568,-1.42
0.34,0.933,3.988,0.869,2.568,-1.42
0.323,0.929,3.988,0.871,2.568,-1.42
0.306,0.924,3.988,0.872,2.568,-1.42
0.295,0.922,3.988,0.873,2.568,-1.42
0.284,0.918,3.988,0.873,2.568,-1.42
0.257,0.908,4.224,0.871,2.568,-1.656
0.234,0.902,4.224,0.871,2.568,-1.656
0.21,0.896,4.224,0.871,2.568,-1.656
0.194,0.892,4.224,0.87,2.568,-1.656
0.173,0.888,4.224,0.871,2.568,-1.656
0.152,0.885,4.224,0.872,2.568,-1.656
0.123,0.878,4.224,0.869,2.568,-1.656
0.1,0.869,4.052,0.863,2.396,-1.656
0.064,0.856,4.031,0.854,2.375,-1.656
0.039,0.85,3.967,0.85,2.311,-1.656
0.011,0.84,3.902,0.84,2.246,-1.656
-0.028,0.833,3.902,0.833,2.246,-1.656
-0.058,0.83,3.902,0.828,2.246,-1.656
-0.081,0.83,3.902,0.826,2.246,-1.656
-0.11,0.829,3.902,0.821,2.246,-1.656
-0.139,0.833,3.902,0.821,2.246,-1.656
-0.16,0.831,3.752,0.815,2.096,-1.656
-0.188,0.839,3.752,0.818,2.096,-1.656
-0.206,0.847,3.752,0.821,2.096,-1.656
-0.23,0.849,3.988,0.817,2.096,-1.892
-0.246,0.855,3.988,0.819,2.096,-1.892
-0.275,0.866,3.881,0.821,1.989,-1.892
-0.289,0.88,3.881,0.831,1.989,-1.892
-0.313,0.892,3.881,0.835,1.989,-1.892
-0.345,0.901,3.881,0.833,1.989,-1.892
-0.365,0.912,3.881,0.836,1.989,-1.892
-0.39,0.916,3.881,0.829,1.989,-1.892
-0.402,0.923,3.881,0.831,1.989,-1.892
-0.404,0.931,4.117,0.839,1.989,-2.128
-0.432,0.947,4.117,0.843,1.989,-2.128
-0.457,0.968,4.117,0.854,1.989,-2.128
-0.478,0.983,4.117,0.858,1.989,-2.128
-0.505,0.993,4.117,0.855,1.989,-2.128
-0.525,1.011,4.009,0.864,1.882,-2.128
-0.547,1.026,4.052,0.869,1.817,-2.235
-0.564,1.041,4.181,0.875,1.817,-2.364
-0.577,1.053,4.181,0.881,1.817,-2.364
-0.607,1.07,4.245,0.881,1.817,-2.428
-0.629,1.08,4.245,0.878,1.817,-2.428
-0.662,1.102,4.288,0.881,1.817,-2.471
-0.678,1.115,4.288,0.885,1.817,-2.471
-0.691,1.122,4.374,0.885,1.817,-2.557
-0.702,1.132,4.374,0.887,1.817,-2.557
-0.718,1.141,4.374,0.887,1.817,-2.557
-0.738,1.146,4.374,0.877,1.817,-2.557
-0.754,1.151,4.095,0.869,1.539,-2.557
-0.776,1.163,4.095,0.866,1.539,-2.557
-0.806,1.174,4.095,0.853,1.539,-2.557
-0.827,1.188,4.095,0.852,1.539,-2.557
-0.855,1.204,4.095,0.847,1.539,-2.557
-0.884,1.219,4.095,0.84,1.539,-2.557
-0.901,1.234,4.095,0.842,1.539,-2.557
-0.924,1.249,4.095,0.84,1.539,-2.557
-0.945,1.262,4.095,0.836,1.539,-2.557
-0.962,1.272,4.095,0.832,1.539,-2.557
-0.975,1.28,4.095,0.83,1.539,-2.557
-0.997,1.289,3.945,0.817,1.389,-2.557
-1.004,1.292,3.945,0.813,1.389,-2.557
-1.02,1.296,3.945,0.799,1.389,-2.557
-1.035,1.3,3.945,0.787,1.389,-2.557
-1.053,1.306,3.945,0.772,1.389,-2.557
-1.058,1.309,3.945,0.77,1.389,-2.557
-1.075,1.314,3.945,0.756,1.389,-2.557
-1.074,1.311,3.945,0.753,1.389,-2.557
-1.071,1.312,3.945,0.759,1.389,-2.557
-1.07,1.312,3.945,0.759,1.389,-2.557
-1.069,1.309,3.945,0.755,1.389,-2.557
-1.072,1.308,3.945,0.749,1.389,-2.557
-1.087,1.311,3.945,0.734,1.389,-2.557
-1.082,1.307,3.945,0.733,1.389,-2.557
-1.064,1.293,3.945,0.735,1.389,-2.557
-1.063,1.289,3.945,0.73,1.389,-2.557
-1.063,1.284,3.945,0.721,1.389,-2.557
-1.058,1.276,3.945,0.714,1.389,-2.557
-1.046,1.266,3.945,0.713,1.389,-2.557
-1.041,1.257,3.473,0.705,0.917,-2.557
-1.034,1.249,3.473,0.7,0.917,-2.557
-1.02,1.239,3.473,0.704,0.917,-2.557
-1.012,1.233,3.473,0.704,0.917,-2.557
-0.992,1.217,3.473,0.704,0.917,-2.557
-0.987,1.21,3.473,0.7,0.917,-2.557
-0.979,1.208,3.388,0.707,0.938,-2.449
-0.972,1.203,3.388,0.709,0.938,-2.449
-0.965,1.201,3.431,0.715,0.981,-2.449
-0.957,1.2,3.431,0.725,0.981,-2.449
-0.956,1.204,3.431,0.732,0.981,-2.449
-0.943,1.201,3.431,0.743,0.981,-2.449
-0.923,1.193,3.516,0.756,1.067,-2.449
-0.916,1.188,3.516,0.757,1.067,-2.449
-0.894,1.177,3.516,0.766,1.067,-2.449
-0.868,1.164,3.602,0.775,1.153,-2.449
-0.833,1.146,3.688,0.787,1.239,-2.449
-0.802,1.13,3.688,0.796,1.239,-2.449
-0.777,1.118,3.688,0.804,1.239,-2.449
-0.757,1.108,3.881,0.809,1.431,-2.449
-0.733,1.098,3.881,0.817,1.431,-2.449
-0.706,1.085,3.881,0.824,1.431,-2.449
-0.68,1.078,3.881,0.836,1.431,-2.449
-0.652,1.069,3.881,0.847,1.431,-2.449
-0.637,1.061,3.881,0.848,1.431,-2.449
-0.624,1.056,3.881,0.852,1.431,-2.449
-0.609,1.047,3.881,0.852,1.431,-2.449
-0.59,1.038,3.881,0.854,1.431,-2.449
-0.571,1.034,3.881,0.862,1.431,-2.449
-0.556,1.026,3.881,0.862,1.431,-2.449
-0.537,1.024,3.988,0.872,1.539,-2.449
-0.514,1.024,3.988,0.885,1.539,-2.449
-0.506,1.02,3.988,0.886,1.539,-2.449
-0.482,1.014,4.117,0.892,1.667,-2.449
-0.458,1.008,4.117,0.898,1.667,-2.449
-0.444,1.007,4.117,0.904,1.667,-2.449
-0.415,1.003,4.31,0.913,1.86,-2.449
-0.393,0.996,4.288,0.915,1.86,-2.428
-0.379,0.993,4.288,0.918,1.86,-2.428
-0.362,0.993,4.288,0.924,1.86,-2.428
-0.346,0.991,4.288,0.929,1.86,-2.428
-0.33,0.994,4.288,0.937,1.86,-2.428
-0.306,0.99,4.288,0.941,1.86,-2.428
-0.285,0.99,4.288,0.949,1.86,-2.428
-0.267,0.99,4.288,0.953,1.86,-2.428
-0.236,0.987,4.288,0.958,1.86,-2.428
-0.204,0.987,4.288,0.966,1.86,-2.428
-0.18,0.988,4.288,0.971,1.86,-2.428
-0.153,0.986,4.288,0.974,1.86,-2.428
-0.122,0.986,4.288,0.978,1.86,-2.428
-0.087,0.98,4.288,0.976,1.86,-2.428
-0.057,0.976,4.374,0.975,1.946,-2.428
-0.023,0.98,4.46,0.98,2.032,-2.428
0.02,0.979,4.567,0.979,2.139,-2.428
0.06,0.984,4.567,0.982,2.139,-2.428
0.095,0.992,4.567,0.987,2.139,-2.428
0.113,1.0,4.567,0.994,2.139,-2.428
0.139,1.005,4.567,0.995,2.139,-2.428
0.162,1.006,4.567,0.993,2.139,-2.428
0.186,1.009,4.567,0.992,2.139,-2.428
0.212,1.014,3.859,0.991,2.16,-1.699
0.238,1.026,3.859,0.998,2.16,-1.699
0.257,1.033,4.009,1.0,2.311,-1.699
0.267,1.031,4.009,0.996,2.311,-1.699
0.296,1.034,4.009,0.991,2.311,-1.699
0.331,1.038,4.009,0.984,2.311,-1.699
0.351,1.037,4.009,0.976,2.311,-1.699
0.381,1.04,4.009,0.968,2.311,-1.699
0.391,1.041,4.009,0.965,2.311,-1.699
0.408,1.043,4.031,0.96,2.332,-1.699
0.419,1.042,3.688,0.954,2.332,-1.356
0.426,1.043,3.688,0.952,2.332,-1.356
0.448,1.05,3.688,0.95,2.332,-1.356
0.463,1.054,3.688,0.947,2.332,-1.356
0.476,1.061,3.795,0.949,2.439,-1.356
0.488,1.063,3.795,0.945,2.439,-1.356
0.49,1.06,3.795,0.939,2.439,-1.356
0.512,1.069,3.795,0.939,2.439,-1.356
0.531,1.073,3.795,0.933,2.439,-1.356
0.538,1.074,3.816,0.929,2.461,-1.356
0.553,1.078,3.816,0.925,2.461,-1.356
0.56,1.077,3.816,0.92,2.461,-1.356
0.563,1.074,3.816,0.915,2.461,-1.356
0.569,1.074,3.816,0.911,2.461,-1.356
0.576,1.075,3.688,0.908,2.525,-1.163
0.566,1.067,3.559,0.904,2.525,-1.034
0.555,1.059,3.559,0.902,2.525,-1.034
0.552,1.054,3.559,0.897,2.525,-1.034
0.551,1.052,3.795,0.897,2.761,-1.034
0.544,1.046,3.795,0.893,2.761,-1.034
0.543,1.041,3.795,0.888,2.761,-1.034
0.539,1.034,3.602,0.883,2.761,-0.841
0.521,1.022,3.602,0.879,2.761,-0.841
0.504,1.01,3.902,0.875,2.761,-1.141
0.487,0.996,3.902,0.869,2.761,-1.141
0.467,0.982,3.902,0.864,2.761,-1.141
0.457,0.97,3.902,0.856,2.761,-1.141
0.436,0.957,3.902,0.852,2.761,-1.141
0.428,0.952,3.902,0.851,2.761,-1.141
0.424,0.947,3.902,0.846,2.761,-1.141
0.406,0.932,3.902,0.839,2.761,-1.141
0.388,0.919,3.902,0.833,2.761,-1.141
0.369,0.904,3.902,0.825,2.761,-1.141
0.358,0.897,3.902,0.823,2.761,-1.141
0.346,0.89,3.902,0.82,2.761,-1.141
0.33,0.874,3.902,0.809,2.761,-1.141
0.323,0.87,3.902,0.807,2.761,-1.141
0.313,0.861,3.902,0.802,2.761,-1.141
0.309,0.86,3.902,0.802,2.761,-1.141
0.31,0.86,3.902,0.803,2.761,-1.141
0.304,0.855,3.902,0.799,2.761,-1.141
0.297,0.853,3.902,0.8,2.761,-1.141
0.288,0.845,3.902,0.794,2.761,-1.141
0.278,0.839,3.902,0.792,2.761,-1.141
0.264,0.824,3.902,0.781,2.761,-1.141
0.259,0.823,3.902,0.781,2.761,-1.141
0.254,0.824,4.16,0.784,2.761,-1.399
0.235,0.811,4.16,0.777,2.761,-1.399
0.227,0.806,4.16,0.773,2.761,-1.399
0.218,0.797,4.16,0.767,2.761,-1.399
0.209,0.789,4.16,0.761,2.761,-1.399
0.206,0.786,4.16,0.759,2.761,-1.399
0.205,0.789,4.16,0.762,2.761,-1.399
0.189,0.777,4.16,0.754,2.761,-1.399
0.183,0.774,4.16,0.752,2.761,-1.399
0.185,0.777,4.16,0.754,2.761,-1.399
0.18,0.778,4.16,0.756,2.761,-1.399
0.173,0.772,4.16,0.753,2.761,-1.399
0.163,0.764,3.709,0.746,2.311,-1.399
0.156,0.762,3.709,0.746,2.311,-1.399
0.141,0.757,3.709,0.744,2.311,-1.399
0.141,0.755,3.709,0.742,2.311,-1.399
0.144,0.758,3.709,0.744,2.311,-1.399
0.145,0.753,3.709,0.739,2.311,-1.399
0.142,0.757,3.709,0.744,2.311,-1.399
0.146,0.762,3.709,0.748,2.311,-1.399
0.137,0.756,3.709,0.744,2.311,-1.399
0.139,0.755,3.709,0.742,2.311,-1.399
0.134,0.748,3.709,0.736,2.311,-1.399
0.133,0.75,3.709,0.739,2.311,-1.399
0.132,0.757,3.709,0.746,2.311,-1.399
0.131,0.753,3.688,0.741,2.289,-1.399
0.143,0.764,3.752,0.751,2.353,-1.399
0.145,0.765,3.752,0.752,2.353,-1.399
0.144,0.763,3.752,0.75,2.353,-1.399
0.151,0.772,3.752,0.757,2.353,-1.399
0.156,0.775,3.752,0.759,2.353,-1.399
0.153,0.771,3.752,0.756,2.353,-1.399
0.144,0.766,3.752,0.752,2.353,-1.399
0.13,0.755,4.374,0.744,2.353,-2.021
0.117,0.749,4.374,0.74,2.353,-2.021
0.118,0.75,4.374,0.741,2.353,-2.021
0.119,0.754,4.374,0.745,2.353,-2.021
0.106,0.745,4.374,0.737,2.353,-2.021
0.108,0.749,4.374,0.741,2.353,-2.021
0.102,0.746,4.374,0.739,2.353,-2.021
0.1,0.744,4.374,0.737,2.353,-2.021
0.101,0.743,4.374,0.736,2.353,-2.021
0.094,0.74,4.374,0.734,2.353,-2.021
0.089,0.747,4.417,0.742,2.396,-2.021
0.086,0.748,4.417,0.743,2.396,-2.021
0.073,0.747,4.417,0.743,2.396,-2.021
0.073,0.754,5.017,0.75,2.997,-2.021
0.07,0.754,5.017,0.751,2.997,-2.021
0.067,0.752,5.017,0.749,2.997,-2.021
0.065,0.754,5.017,0.751,2.997,-2.021
0.059,0.757,5.017,0.755,2.997,-2.021
0.045,0.761,5.017,0.759,2.997,-2.021
0.038,0.765,5.017,0.764,2.997,-2.021
0.033,0.77,5.017,0.77,2.997,-2.021
0.033,0.777,5.017,0.776,2.997,-2.021
0.026,0.778,5.017,0.778,2.997,-2.021
0.008,0.777,5.189,0.777,2.997,-2.192
0.009,0.787,5.189,0.787,2.997,-2.192
0.0,0.784,5.189,0.784,2.997,-2.192
-0.025,0.783,5.189,0.783,2.997,-2.192
-0.031,0.794,5.189,0.794,2.997,-2.192
-0.032,0.802,5.189,0.801,2.997,-2.192
-0.038,0.809,5.189,0.808,2.997,-2.192
-0.049,0.805,5.189,0.803,2.997,-2.192
-0.055,0.804,5.189,0.802,2.997,-2.192
-0.063,0.803,5.189,0.8,2.997,-2.192
-0.077,0.795,5.189,0.791,2.997,-2.192
-0.082,0.799,5.189,0.795,2.997,-2.192
-0.083,0.801,5.189,0.797,2.997,-2.192
-0.094,0.797,5.189,0.792,2.997,-2.192
-0.106,0.796,5.189,0.789,2.997,-2.192
-0.118,0.799,5.189,0.79,2.997,-2.192
-0.116,0.803,5.189,0.794,2.997,-2.192
-0.12,0.807,5.189,0.798,2.997,-2.192
-0.116,0.813,5.189,0.804,2.997,-2.192
-0.128,0.807,5.189,0.797,2.997,-2.192
-0.132,0.805,5.189,0.794,2.997,-2.192
-0.121,0.814,5.189,0.805,2.997,-2.192
-0.125,0.816,5.189,0.807,2.997,-2.192
-0.137,0.819,5.189,0.807,2.997,-2.192
-0.141,0.819,5.189,0.807,2.997,-2.192
-0.147,0.819,5.189,0.806,2.997,-2.192
-0.142,0.824,5.189,0.812,2.997,-2.192
-0.141,0.822,5.189,0.81,2.997,-2.192
-0.149,0.822,5.189,0.808,2.997,-2.192
-0.147,0.82,5.189,0.807,2.997,-2.192
-0.159,0.813,4.288,0.797,2.096,-2.192
-0.149,0.823,4.288,0.81,2.096,-2.192
-0.145,0.825,4.288,0.813,2.096,-2.192
-0.136,0.835,4.267,0.823,2.075,-2.192
-0.134,0.835,4.267,0.824,2.075,-2.192
-0.121,0.837,4.267,0.829,2.075,-2.192
-0.107,0.839,4.267,0.832,2.075,-2.192
-0.105,0.838,4.267,0.831,2.075,-2.192
-0.096,0.838,4.267,0.833,2.075,-2.192
-0.092,0.84,4.267,0.835,2.075,-2.192
-0.081,0.84,4.117,0.836,2.075,-2.042
-0.071,0.845,4.117,0.842,2.075,-2.042
-0.063,0.843,4.117,0.841,2.075,-2.042
-0.047,0.845,4.117,0.843,2.075,-2.042
-0.038,0.84,4.224,0.839,2.182,-2.042
-0.027,0.844,4.224,0.843,2.182,-2.042
-0.018,0.843,4.224,0.843,2.182,-2.042
-0.009,0.842,4.224,0.841,2.182,-2.042
0.01,0.847,4.224,0.847,2.182,-2.042
0.016,0.848,4.224,0.847,2.182,-2.042
0.018,0.85,4.224,0.849,2.182,-2.042
0.034,0.855,4.224,0.855,2.182,-2.042
0.036,0.857,4.224,0.856,2.182,-2.042
0.046,0.86,4.224,0.859,2.182,-2.042
0.059,0.865,4.524,0.863,2.482,-2.042
0.075,0.866,4.524,0.863,2.482,-2.042
0.084,0.867,4.524,0.863,2.482,-2.042
0.1,0.867,4.524,0.861,2.482,-2.042
0.112,0.866,4.524,0.859,2.482,-2.042
0.139,0.881,4.524,0.87,2.482,-2.042
0.139,0.877,4.524,0.866,2.482,-2.042
0.145,0.878,4.524,0.865,2.482,-2.042
0.155,0.877,4.524,0.863,2.482,-2.042
0.175,0.877,4.524,0.859,2.482,-2.042
0.191,0.878,4.524,0.857,2.482,-2.042
0.208,0.883,4.524,0.858,2.482,-2.042
0.213,0.881,4.524,0.855,2.482,-2.042
0.239,0.898,4.524,0.865,2.482,-2.042
0.263,0.906,3.752,0.867,2.482,-1.27
0.279,0.909,3.752,0.865,2.482,-1.27
0.297,0.913,3.688,0.864,2.482,-1.206
0.311,0.916,3.666,0.862,2.482,-1.184
0.318,0.918,3.666,0.861,2.482,-1.184
0.321,0.919,3.666,0.861,2.482,-1.184
0.338,0.925,3.602,0.861,2.482,-1.12
0.354,0.929,3.602,0.859,2.482,-1.12
0.354,0.923,3.602,0.852,2.482,-1.12
0.376,0.934,3.602,0.855,2.482,-1.12
0.384,0.934,3.602,0.851,2.482,-1.12
0.394,0.936,3.602,0.849,2.482,-1.12
0.414,0.943,3.602,0.848,2.482,-1.12
0.421,0.944,3.602,0.846,2.482,-1.12
0.432,0.95,3.602,0.846,2.482,-1.12
0.445,0.952,3.602,0.841,2.482,-1.12
0.466,0.962,3.602,0.842,2.482,-1.12
0.478,0.968,3.602,0.842,2.482,-1.12
0.487,0.968,3.602,0.836,2.482,-1.12
0.499,0.97,3.602,0.831,2.482,-1.12
0.509,0.974,3.559,0.83,2.482,-1.077
0.526,0.983,3.559,0.83,2.482,-1.077
0.547,0.989,3.345,0.824,2.482,-0.863
0.557,0.992,3.345,0.82,2.482,-0.863
0.57,0.996,3.345,0.817,2.482,-0.863
0.577,0.997,3.345,0.813,2.482,-0.863
0.589,0.999,3.302,0.806,2.439,-0.863
0.597,0.999,3.302,0.801,2.439,-0.863
0.6,1.0,3.409,0.799,2.546,-0.863
0.611,1.005,3.409,0.799,2.546,-0.863
0.613,1.005,3.409,0.797,2.546,-0.863
0.603,0.993,3.409,0.79,2.546,-0.863
0.606,0.991,3.409,0.784,2.546,-0.863
0.609,0.989,3.409,0.78,2.546,-0.863
0.604,0.985,3.409,0.778,2.546,-0.863
0.607,0.986,3.323,0.777,2.546,-0.777
0.603,0.982,3.323,0.775,2.546,-0.777
0.598,0.979,3.323,0.776,2.546,-0.777
0.59,0.972,3.323,0.773,2.546,-0.777
0.573,0.956,3.323,0.765,2.546,-0.777
0.563,0.95,3.323,0.765,2.546,-0.777
0.557,0.948,3.323,0.768,2.546,-0.777
0.551,0.945,3.323,0.768,2.546,-0.777
0.538,0.937,3.323,0.767,2.546,-0.777
0.533,0.933,3.323,0.766,2.546,-0.777
0.525,0.925,3.366,0.762,2.546,-0.82
0.511,0.916,3.366,0.76,2.546,-0.82
0.503,0.911,3.366,0.76,2.546,-0.82
0.507,0.916,3.366,0.763,2.546,-0.82
0.491,0.903,3.366,0.758,2.546,-0.82
0.479,0.898,3.366,0.76,2.546,-0.82
0.481,0.903,3.366,0.765,2.546,-0.82
0.461,0.893,3.366,0.765,2.546,-0.82
0.445,0.883,3.366,0.763,2.546,-0.82
0.427,0.871,3.366,0.759,2.546,-0.82
0.412,0.863,3.366,0.758,2.546,-0.82
0.386,0.852,3.602,0.759,2.546,-1.056
0.366,0.837,3.602,0.752,2.546,-1.056
0.351,0.834,3.602,0.756,2.546,-1.056
0.328,0.825,3.602,0.757,2.546,-1.056
0.305,0.81,3.602,0.751,2.546,-1.056
0.281,0.798,3.602,0.747,2.546,-1.056
0.252,0.785,3.602,0.743,2.546,-1.056
0.22,0.773,3.731,0.741,2.546,-1.184
0.196,0.766,4.138,0.741,2.546,-1.592
0.169,0.758,4.138,0.739,2.546,-1.592
0.142,0.748,4.138,0.734,2.546,-1.592
0.12,0.744,4.138,0.734,2.546,-1.592
0.093,0.742,3.902,0.736,2.311,-1.592
0.061,0.734,3.902,0.732,2.311,-1.592
0.042,0.733,3.902,0.732,2.311,-1.592
0.015,0.737,4.031,0.737,2.311,-1.72
-0.003,0.744,4.031,0.744,2.311,-1.72
-0.025,0.74,4.031,0.74,2.311,-1.72
-0.04,0.748,4.031,0.747,2.311,-1.72
-0.07,0.746,4.031,0.743,2.311,-1.72
-0.09,0.751,4.031,0.745,2.311,-1.72
-0.109,0.752,4.031,0.744,2.311,-1.72
-0.126,0.763,4.052,0.753,2.311,-1.742
-0.143,0.767,4.052,0.754,2.311,-1.742
-0.168,0.77,4.052,0.752,2.311,-1.742
-0.186,0.775,4.052,0.752,2.311,-1.742
-0.205,0.777,4.524,0.749,2.311,-2.213
-0.224,0.779,4.374,0.746,2.16,-2.213
-0.249,0.781,4.374,0.741,2.16,-2.213
-0.264,0.785,4.374,0.74,2.16,-2.213
-0.282,0.789,4.374,0.737,2.16,-2.213
-0.309,0.795,4.374,0.732,2.16,-2.213
-0.341,0.801,4.374,0.725,2.16,-2.213
-0.364,0.811,4.374,0.725,2.16,-2.213
-0.386,0.822,4.331,0.725,2.118,-2.213
-0.421,0.824,4.331,0.709,2.118,-2.213
-0.442,0.834,4.202,0.708,1.989,-2.213
-0.474,0.853,4.202,0.709,1.989,-2.213
-0.491,0.871,4.202,0.719,1.989,-2.213
-0.524,0.892,4.202,0.722,1.989,-2.213
-0.547,0.909,4.545,0.726,1.989,-2.557
-0.572,0.924,4.545,0.726,1.989,-2.557
-0.595,0.94,4.545,0.728,1.989,-2.557
-0.62,0.962,4.545,0.735,1.989,-2.557
-0.643,0.976,4.545,0.733,1.989,-2.557
-0.661,0.986,4.545,0.731,1.989,-2.557
-0.677,0.996,4.545,0.73,1.989,-2.557
-0.699,1.013,4.567,0.733,1.989,-2.578
-0.727,1.033,4.803,0.733,1.86,-2.942
-0.744,1.043,4.803,0.731,1.86,-2.942
-0.767,1.059,5.017,0.731,1.86,-3.157
-0.798,1.086,5.253,0.737,1.86,-3.393
-0.817,1.105,5.253,0.744,1.86,-3.393
-0.834,1.119,5.253,0.747,1.86,-3.393
-0.865,1.148,5.253,0.755,1.86,-3.393
-0.874,1.153,5.253,0.752,1.86,-3.393
-0.893,1.165,5.253,0.747,1.86,-3.393
-0.916,1.182,5.253,0.746,1.86,-3.393
-0.935,1.19,5.253,0.737,1.86,-3.393
-0.952,1.203,5.253,0.736,1.86,-3.393
-0.976,1.221,5.253,0.734,1.86,-3.393
-1.005,1.24,5.06,0.727,1.646,-3.414
-1.028,1.254,5.06,0.717,1.646,-3.414
-1.051,1.266,5.06,0.706,1.646,-3.414
-1.061,1.269,5.06,0.695,1.646,-3.414
-1.077,1.274,5.06,0.681,1.646,-3.414
-1.101,1.288,4.974,0.669,1.56,-3.414
-1.118,1.297,4.717,0.658,1.303,-3.414
-1.138,1.308,4.674,0.646,1.26,-3.414
-1.159,1.317,4.674,0.625,1.26,-3.414
-1.175,1.325,4.674,0.612,1.26,-3.414
-1.184,1.329,4.674,0.604,1.26,-3.414
-1.192,1.333,4.674,0.597,1.26,-3.414
-1.204,1.339,4.674,0.586,1.26,-3.414
-1.204,1.339,4.674,0.584,1.26,-3.414
-1.202,1.337,4.674,0.586,1.26,-3.414
-1.2,1.336,4.674,0.587,1.26,-3.414
-1.19,1.332,4.674,0.599,1.26,-3.414
-1.184,1.328,4.674,0.602,1.26,-3.414
-1.175,1.324,4.674,0.61,1.26,-3.414
-1.158,1.316,4.674,0.625,1.26,-3.414
-1.147,1.31,4.889,0.632,1.474,-3.414
-1.135,1.302,4.889,0.638,1.474,-3.414
-1.117,1.291,4.889,0.648,1.474,-3.414
-1.104,1.283,4.889,0.654,1.474,-3.414
-1.095,1.28,4.889,0.663,1.474,-3.414
-1.074,1.274,4.889,0.685,1.474,-3.414
-1.048,1.263,4.889,0.704,1.474,-3.414
-1.029,1.249,4.889,0.709,1.474,-3.414
-1.018,1.244,4.889,0.716,1.474,-3.414
-0.995,1.231,4.889,0.725,1.474,-3.414
-0.965,1.207,4.889,0.725,1.474,-3.414
-0.944,1.191,4.889,0.727,1.474,-3.414
-0.92,1.176,4.889,0.733,1.474,-3.414
-0.89,1.147,4.889,0.723,1.474,-3.414
-0.873,1.14,4.889,0.733,1.474,-3.414
-0.85,1.127,4.889,0.74,1.474,-3.414
-0.821,1.109,4.889,0.746,1.474,-3.414
-0.793,1.1,5.21,0.762,1.796,-3.414
-0.775,1.087,5.21,0.763,1.796,-3.414
-0.745,1.069,5.21,0.766,1.796,-3.414
-0.706,1.048,4.889,0.775,1.903,-2.985
-0.672,1.031,4.889,0.782,1.903,-2.985
-0.649,1.017,4.631,0.783,1.903,-2.728
-0.621,1.012,4.631,0.8,1.903,-2.728
-0.593,1.008,4.631,0.815,1.903,-2.728
-0.551,0.992,4.631,0.825,1.903,-2.728
-0.521,0.983,4.631,0.833,1.903,-2.728
-0.489,0.966,4.631,0.833,1.903,-2.728
-0.466,0.954,4.631,0.833,1.903,-2.728
-0.44,0.942,4.631,0.833,1.903,-2.728
-0.417,0.933,4.631,0.834,1.903,-2.728
-0.397,0.922,4.631,0.832,1.903,-2.728
-0.375,0.907,4.353,0.826,1.903,-2.449
-0.36,0.904,4.481,0.829,2.032,-2.449
-0.343,0.899,4.481,0.831,2.032,-2.449
-0.322,0.898,4.481,0.839,2.032,-2.449
-0.296,0.893,4.481,0.843,2.032,-2.449
-0.283,0.888,4.481,0.841,2.032,-2.449
-0.262,0.873,3.709,0.833,2.032,-1.677
-0.25,0.871,3.709,0.834,2.032,-1.677
-0.235,0.865,3.709,0.832,2.032,-1.677
-0.203,0.876,3.967,0.852,2.289,-1.677
-0.177,0.88,3.967,0.862,2.289,-1.677
-0.141,0.898,3.988,0.887,2.311,-1.677
-0.104,0.909,3.988,0.903,2.311,-1.677
-0.079,0.925,3.988,0.921,2.311,-1.677
-0.058,0.931,3.988,0.929,2.311,-1.677
-0.029,0.929,3.988,0.928,2.311,-1.677
0.005,0.935,3.988,0.935,2.311,-1.677
0.027,0.943,4.009,0.942,2.332,-1.677
0.062,0.963,4.009,0.961,2.332,-1.677
0.106,0.982,4.009,0.976,2.332,-1.677
0.14,1.003,4.503,0.993,2.825,-1.677
0.18,1.024,4.503,1.008,2.825,-1.677
0.226,1.053,4.481,1.028,2.825,-1.656
0.263,1.073,4.481,1.04,2.825,-1.656
0.307,1.106,4.481,1.063,2.825,-1.656
0.341,1.124,4.481,1.071,2.825,-1.656
0.389,1.142,4.481,1.074,2.825,-1.656
0.427,1.156,4.481,1.075,2.825,-1.656
0.451,1.165,4.481,1.075,2.825,-1.656
0.481,1.178,4.481,1.075,2.825,-1.656
0.52,1.189,4.481,1.069,2.825,-1.656
0.551,1.205,4.481,1.072,2.825,-1.656
0.577,1.211,4.481,1.065,2.825,-1.656
0.6,1.222,4.481,1.064,2.825,-1.656
0.633,1.231,4.481,1.056,2.825,-1.656
0.674,1.252,4.481,1.055,2.825,-1.656
0.713,1.263,4.481,1.043,2.825,-1.656
0.752,1.279,4.481,1.034,2.825,-1.656
0.783,1.284,4.481,1.017,2.825,-1.656
0.813,1.288,4.481,0.999,2.825,-1.656
0.848,1.297,4.481,0.982,2.825,-1.656
0.877,1.301,4.181,0.96,2.825,-1.356
0.899,1.305,4.181,0.946,2.825,-1.356
0.911,1.303,4.181,0.932,2.825,-1.356
0.923,1.305,4.181,0.922,2.825,-1.356
0.949,1.313,3.988,0.908,2.825,-1.163
0.978,1.326,3.988,0.895,2.825,-1.163
0.993,1.326,3.816,0.879,2.825,-0.991
1.003,1.329,3.452,0.871,2.825,-0.627
0.995,1.321,3.366,0.869,2.825,-0.541
0.996,1.317,3.345,0.862,2.825,-0.52
0.984,1.307,3.345,0.86,2.825,-0.52
0.978,1.3,3.409,0.857,2.825,-0.584
0.954,1.286,3.452,0.862,2.825,-0.627
0.95,1.282,3.452,0.861,2.825,-0.627
0.94,1.277,3.452,0.864,2.825,-0.627
0.929,1.27,3.452,0.866,2.825,-0.627
0.92,1.265,3.452,0.869,2.825,-0.627
0.901,1.251,3.452,0.868,2.825,-0.627
0.865,1.229,4.009,0.873,2.825,-1.184
0.834,1.208,3.967,0.873,2.782,-1.184
0.8,1.186,3.967,0.876,2.782,-1.184
0.762,1.157,3.967,0.87,2.782,-1.184
0.723,1.133,3.967,0.873,2.782,-1.184
0.671,1.101,3.752,0.872,2.482,-1.27
0.628,1.08,3.752,0.879,2.482,-1.27
0.58,1.059,3.752,0.886,2.482,-1.27
0.534,1.039,3.731,0.891,2.461,-1.27
0.497,1.025,3.816,0.896,2.461,-1.356
0.45,1.008,3.902,0.902,2.461,-1.442
0.403,0.993,3.902,0.907,2.461,-1.442
0.35,0.976,4.417,0.911,2.461,-1.956
0.3,0.97,4.417,0.922,2.461,-1.956
