mean,RMS,ptp,std,max,min
-0.633,1.101,3.462,0.902,0.85,-2.612
-0.623,1.141,3.462,0.956,0.85,-2.612
-0.592,1.155,3.535,0.992,0.923,-2.612
-0.524,1.139,3.681,1.011,1.069,-2.612
-0.438,1.089,3.535,0.996,1.264,-2.27
-0.386,1.077,3.535,1.005,1.264,-2.27
-0.331,1.047,3.535,0.993,1.264,-2.27
-0.323,1.048,3.657,0.997,1.386,-2.27
-0.336,1.064,3.657,1.01,1.386,-2.27
-0.307,1.055,3.657,1.009,1.386,-2.27
-0.266,1.042,3.657,1.007,1.386,-2.27
-0.277,1.061,3.657,1.024,1.386,-2.27
-0.244,1.054,3.657,1.025,1.386,-2.27
-0.223,1.06,3.657,1.036,1.386,-2.27
-0.146,1.032,3.657,1.022,1.386,-2.27
-0.143,1.02,3.657,1.01,1.386,-2.27
-0.128,1.0,3.51,0.992,1.386,-2.124
-0.133,1.0,3.51,0.991,1.386,-2.124
-0.215,1.029,3.51,1.006,1.386,-2.124
-0.295,1.042,3.51,0.999,1.386,-2.124
-0.366,1.051,3.51,0.985,1.386,-2.124
-0.385,1.062,3.51,0.989,1.386,-2.124
-0.406,1.054,3.364,0.973,1.24,-2.124
-0.43,1.045,3.364,0.953,1.24,-2.124
-0.462,1.062,3.364,0.957,1.24,-2.124
-0.5,1.058,3.364,0.932,1.24,-2.124
-0.501,1.02,3.364,0.888,1.24,-2.124
-0.539,1.005,3.364,0.849,1.24,-2.124
-0.548,0.975,3.193,0.807,1.24,-1.953
-0.597,0.984,3.486,0.782,1.703,-1.783
-0.62,1.002,3.486,0.787,1.703,-1.783
-0.655,1.002,3.486,0.759,1.703,-1.783
-0.686,1.015,3.486,0.748,1.703,-1.783
-0.683,1.014,3.486,0.749,1.703,-1.783
-0.686,1.017,3.486,0.751,1.703,-1.783
-0.657,1.005,3.486,0.76,1.703,-1.783
-0.665,1.001,3.486,0.748,1.703,-1.783
-0.689,0.994,3.486,0.716,1.703,-1.783
-0.707,0.984,3.486,0.685,1.703,-1.783
-0.7,0.964,3.486,0.663,1.703,-1.783
-0.735,0.98,3.486,0.649,1.703,-1.783
-0.741,0.996,3.486,0.665,1.703,-1.783
-0.765,1.017,3.486,0.671,1.703,-1.783
-0.787,1.02,3.486,0.648,1.703,-1.783
-0.765,1.001,3.291,0.646,1.508,-1.783
-0.737,0.982,3.193,0.65,1.508,-1.685
-0.712,0.96,3.193,0.644,1.508,-1.685
-0.698,0.924,3.193,0.605,1.508,-1.685
-0.667,0.904,3.51,0.61,1.825,-1.685
-0.619,0.892,3.51,0.643,1.825,-1.685
-0.563,0.916,3.51,0.722,1.825,-1.685
-0.582,0.917,3.51,0.709,1.825,-1.685
-0.556,0.925,3.51,0.739,1.825,-1.685
-0.559,0.929,3.51,0.742,1.825,-1.685
-0.575,0.935,3.51,0.737,1.825,-1.685
-0.488,0.935,3.51,0.797,1.825,-1.685
-0.386,0.943,3.388,0.86,1.825,-1.563
-0.297,0.916,3.388,0.867,1.825,-1.563
-0.27,0.911,3.388,0.87,1.825,-1.563
-0.246,0.917,3.388,0.884,1.825,-1.563
-0.223,0.911,3.267,0.884,1.825,-1.442
-0.121,0.954,3.267,0.946,1.825,-1.442
-0.126,0.958,3.267,0.95,1.825,-1.442
-0.079,0.964,3.218,0.961,1.776,-1.442
-0.044,0.962,3.218,0.961,1.776,-1.442
-0.036,0.957,3.218,0.956,1.776,-1.442
0.087,0.974,3.218,0.97,1.776,-1.442
0.118,0.984,3.218,0.977,1.776,-1.442
0.188,0.978,3.096,0.96,1.776,-1.32
0.297,0.998,3.096,0.953,1.776,-1.32
0.315,1.0,3.096,0.949,1.776,-1.32
0.305,0.998,3.096,0.95,1.776,-1.32
0.326,1.01,3.096,0.956,1.776,-1.32
0.407,1.033,3.096,0.949,1.776,-1.32
0.479,1.047,3.096,0.931,1.776,-1.32
0.506,1.055,3.096,0.925,1.776,-1.32
0.447,1.024,3.023,0.921,1.703,-1.32
0.501,1.038,3.023,0.909,1.703,-1.32
0.511,1.043,3.315,0.91,1.996,-1.32
0.527,1.042,3.315,0.9,1.996,-1.32
0.493,1.031,3.12,0.906,1.996,-1.125
0.465,1.025,3.12,0.913,1.996,-1.125
0.526,1.042,3.12,0.9,1.996,-1.125
0.532,1.054,3.12,0.91,1.996,-1.125
0.465,1.032,3.12,0.921,1.996,-1.125
0.443,1.028,3.145,0.928,1.996,-1.149
0.412,1.018,3.145,0.93,1.996,-1.149
0.428,1.032,3.145,0.939,1.996,-1.149
0.414,1.034,3.242,0.947,2.093,-1.149
0.373,1.033,3.242,0.963,2.093,-1.149
0.455,1.075,3.242,0.974,2.093,-1.149
0.474,1.087,3.242,0.978,2.093,-1.149
0.452,1.083,3.242,0.984,2.093,-1.149
0.417,1.072,3.242,0.988,2.093,-1.149
0.386,1.061,3.242,0.988,2.093,-1.149
0.446,1.074,3.242,0.977,2.093,-1.149
0.426,1.08,3.242,0.992,2.093,-1.149
0.371,1.05,3.242,0.982,2.093,-1.149
0.398,1.057,3.242,0.98,2.093,-1.149
0.387,1.063,3.315,0.99,2.093,-1.222
0.388,1.056,3.315,0.982,2.093,-1.222
0.37,1.046,3.315,0.978,2.093,-1.222
0.361,1.047,3.315,0.983,2.093,-1.222
0.339,1.03,3.242,0.973,2.02,-1.222
0.285,1.008,3.242,0.967,2.02,-1.222
0.163,0.939,3.242,0.925,2.02,-1.222
0.172,0.946,3.242,0.93,2.02,-1.222
0.196,0.945,3.242,0.925,2.02,-1.222
0.202,0.93,3.242,0.908,2.02,-1.222
0.236,0.942,3.242,0.912,2.02,-1.222
0.232,0.948,3.242,0.919,2.02,-1.222
0.214,0.932,3.315,0.907,2.093,-1.222
0.236,0.948,3.315,0.919,2.093,-1.222
0.218,0.937,3.315,0.911,2.093,-1.222
0.287,0.953,3.193,0.909,2.093,-1.1
0.292,0.96,3.071,0.914,2.093,-0.978
0.31,0.985,3.096,0.935,2.093,-1.003
0.253,0.954,3.096,0.919,2.093,-1.003
0.234,0.935,3.096,0.905,2.093,-1.003
0.28,0.959,3.145,0.918,2.093,-1.052
0.288,0.97,3.145,0.926,2.093,-1.052
0.27,0.957,3.145,0.918,2.093,-1.052
0.275,0.956,3.145,0.916,2.093,-1.052
0.335,1.007,3.169,0.95,2.117,-1.052
0.332,1.013,3.291,0.957,2.239,-1.052
0.34,1.017,3.291,0.958,2.239,-1.052
0.37,1.03,3.291,0.961,2.239,-1.052
0.339,1.018,3.291,0.96,2.239,-1.052
0.306,1.001,3.291,0.953,2.239,-1.052
0.238,0.968,3.291,0.938,2.239,-1.052
0.185,0.938,3.291,0.92,2.239,-1.052
0.157,0.914,3.315,0.9,2.239,-1.076
0.148,0.903,3.315,0.89,2.239,-1.076
0.132,0.894,3.315,0.885,2.239,-1.076
0.091,0.848,3.315,0.843,2.239,-1.076
0.104,0.828,3.315,0.821,2.239,-1.076
0.056,0.793,3.315,0.791,2.239,-1.076
-0.033,0.845,4.827,0.844,2.239,-2.587
-0.161,0.848,4.827,0.832,2.239,-2.587
-0.23,0.84,4.656,0.808,2.069,-2.587
-0.386,0.894,4.656,0.807,2.069,-2.587
-0.525,0.955,4.29,0.798,1.63,-2.66
-0.623,1.021,4.485,0.809,1.63,-2.855
-0.677,1.056,4.485,0.81,1.63,-2.855
-0.679,1.094,4.949,0.858,2.093,-2.855
-0.603,1.12,4.949,0.944,2.093,-2.855
-0.586,1.13,4.949,0.966,2.093,-2.855
-0.629,1.19,4.949,1.01,2.093,-2.855
-0.694,1.263,4.949,1.055,2.093,-2.855
-0.696,1.265,4.949,1.056,2.093,-2.855
-0.73,1.283,4.949,1.056,2.093,-2.855
-0.751,1.304,4.949,1.065,2.093,-2.855
-0.698,1.253,4.949,1.041,2.093,-2.855
-0.648,1.207,4.949,1.019,2.093,-2.855
-0.672,1.242,4.997,1.045,2.093,-2.904
-0.584,1.162,4.997,1.004,2.093,-2.904
-0.526,1.105,4.997,0.972,2.093,-2.904
-0.447,1.022,4.997,0.919,2.093,-2.904
-0.4,0.976,4.997,0.891,2.093,-2.904
-0.38,0.935,4.949,0.854,2.044,-2.904
-0.395,0.931,4.949,0.843,2.044,-2.904
-0.337,0.968,4.949,0.907,2.044,-2.904
-0.244,0.931,4.949,0.899,2.044,-2.904
-0.116,0.881,4.949,0.874,2.044,-2.904
-0.076,0.916,4.949,0.913,2.044,-2.904
-0.005,0.949,5.387,0.949,2.483,-2.904
0.054,0.947,5.387,0.945,2.483,-2.904
0.127,1.003,5.387,0.995,2.483,-2.904
0.171,1.04,5.387,1.026,2.483,-2.904
0.228,0.977,4.656,0.95,2.483,-2.173
0.314,1.045,4.656,0.996,2.483,-2.173
0.38,1.049,3.583,0.978,2.483,-1.1
0.379,1.08,3.583,1.011,2.483,-1.1
0.426,1.115,3.583,1.031,2.483,-1.1
0.402,1.118,3.583,1.044,2.483,-1.1
0.434,1.135,3.583,1.049,2.483,-1.1
0.415,1.119,3.583,1.039,2.483,-1.1
0.423,1.118,3.559,1.034,2.483,-1.076
0.4,1.107,3.559,1.032,2.483,-1.076
0.433,1.116,3.559,1.029,2.483,-1.076
0.447,1.109,3.291,1.015,2.215,-1.076
0.495,1.137,3.291,1.023,2.215,-1.076
0.431,1.098,3.291,1.01,2.215,-1.076
0.432,1.077,3.291,0.987,2.215,-1.076
0.456,1.103,3.291,1.004,2.215,-1.076
0.412,1.077,3.291,0.995,2.215,-1.076
0.415,1.066,3.291,0.982,2.215,-1.076
0.451,1.065,3.267,0.965,2.264,-1.003
0.452,1.065,3.267,0.965,2.264,-1.003
0.511,1.082,3.096,0.953,2.264,-0.832
0.523,1.092,3.096,0.958,2.264,-0.832
0.5,1.068,3.096,0.943,2.264,-0.832
0.534,1.083,3.096,0.941,2.264,-0.832
0.572,1.095,3.096,0.934,2.264,-0.832
0.5,1.072,3.218,0.948,2.264,-0.954
0.483,1.054,3.218,0.937,2.264,-0.954
0.478,1.047,3.218,0.932,2.264,-0.954
0.535,1.081,3.218,0.939,2.264,-0.954
0.524,1.081,3.218,0.946,2.264,-0.954
0.537,1.088,3.218,0.947,2.264,-0.954
0.509,1.064,3.218,0.934,2.264,-0.954
0.499,1.071,3.218,0.948,2.264,-0.954
0.49,1.062,3.145,0.942,2.191,-0.954
0.467,1.044,3.145,0.934,2.191,-0.954
0.464,1.052,3.145,0.944,2.191,-0.954
0.428,1.03,3.096,0.937,2.142,-0.954
0.427,1.034,3.096,0.942,2.142,-0.954
0.401,1.023,3.096,0.941,2.142,-0.954
0.347,0.994,3.096,0.932,2.142,-0.954
0.379,0.999,2.998,0.924,2.142,-0.857
0.367,1.002,3.047,0.932,2.191,-0.857
0.34,0.989,3.047,0.929,2.191,-0.857
0.344,0.993,3.071,0.931,2.215,-0.857
0.366,1.003,3.071,0.933,2.215,-0.857
0.357,0.996,3.12,0.93,2.215,-0.905
0.368,1.022,3.193,0.953,2.215,-0.978
0.4,1.032,3.193,0.952,2.215,-0.978
0.413,1.049,3.267,0.964,2.215,-1.052
0.442,1.063,3.267,0.967,2.215,-1.052
0.42,1.052,3.267,0.964,2.215,-1.052
0.446,1.069,3.267,0.972,2.215,-1.052
0.434,1.078,3.291,0.986,2.239,-1.052
0.409,1.066,3.34,0.984,2.239,-1.1
0.467,1.098,3.34,0.994,2.239,-1.1
0.527,1.129,3.34,0.998,2.239,-1.1
0.544,1.137,3.34,0.998,2.239,-1.1
0.512,1.125,3.34,1.002,2.239,-1.1
0.469,1.104,3.34,0.999,2.239,-1.1
0.458,1.107,3.34,1.008,2.239,-1.1
0.446,1.099,3.34,1.005,2.239,-1.1
0.443,1.085,3.34,0.991,2.239,-1.1
0.381,1.061,3.34,0.99,2.239,-1.1
0.353,1.04,3.34,0.979,2.239,-1.1
0.324,1.035,3.34,0.982,2.239,-1.1
0.289,1.02,3.34,0.978,2.239,-1.1
0.244,0.978,3.34,0.947,2.239,-1.1
0.239,0.984,3.12,0.954,2.02,-1.1
0.227,0.98,3.023,0.954,1.971,-1.052
0.161,0.936,3.023,0.922,1.971,-1.052
0.128,0.918,3.023,0.909,1.971,-1.052
0.082,0.895,3.023,0.891,1.971,-1.052
0.095,0.891,3.023,0.886,1.971,-1.052
0.097,0.879,3.023,0.874,1.971,-1.052
0.093,0.878,3.023,0.873,1.971,-1.052
0.12,0.888,2.755,0.88,1.776,-0.978
0.09,0.895,2.828,0.891,1.776,-1.052
0.117,0.921,3.047,0.914,1.776,-1.271
0.079,0.919,3.047,0.915,1.776,-1.271
0.044,0.923,3.12,0.922,1.776,-1.344
0.024,0.921,3.12,0.921,1.776,-1.344
0.01,0.924,3.12,0.924,1.776,-1.344
0.047,0.925,3.071,0.923,1.727,-1.344
0.1,0.953,3.437,0.948,2.093,-1.344
0.129,0.985,3.437,0.977,2.093,-1.344
0.096,0.97,3.437,0.965,2.093,-1.344
0.098,0.972,3.437,0.967,2.093,-1.344
0.119,0.973,3.437,0.966,2.093,-1.344
0.105,0.989,3.437,0.983,2.093,-1.344
0.076,0.976,3.437,0.973,2.093,-1.344
0.069,0.984,3.437,0.982,2.093,-1.344
0.127,0.984,3.437,0.976,2.093,-1.344
0.137,0.966,3.437,0.956,2.093,-1.344
0.208,0.983,3.437,0.961,2.093,-1.344
0.278,0.995,3.315,0.955,2.093,-1.222
0.329,1.021,3.315,0.967,2.093,-1.222
0.331,1.017,3.315,0.961,2.093,-1.222
0.355,1.032,3.315,0.969,2.093,-1.222
0.342,1.018,3.193,0.959,1.971,-1.222
0.337,1.017,3.267,0.959,1.971,-1.295
0.35,1.009,3.267,0.947,1.971,-1.295
0.388,1.023,3.267,0.946,1.971,-1.295
0.372,1.044,3.267,0.976,1.971,-1.295
0.395,1.038,3.267,0.96,1.971,-1.295
0.409,1.041,3.267,0.957,1.971,-1.295
0.457,1.053,3.267,0.949,1.971,-1.295
0.411,1.045,3.267,0.961,1.971,-1.295
0.403,1.051,3.267,0.971,1.971,-1.295
0.355,1.042,3.267,0.98,1.971,-1.295
0.328,1.031,3.267,0.977,1.971,-1.295
0.317,1.028,3.267,0.978,1.971,-1.295
0.351,1.041,3.267,0.98,1.971,-1.295
0.304,1.015,3.145,0.968,1.849,-1.295
0.279,1.006,3.145,0.967,1.849,-1.295
0.283,0.996,3.023,0.955,1.849,-1.173
0.255,1.0,3.023,0.967,1.849,-1.173
0.255,0.994,3.023,0.96,1.849,-1.173
0.263,0.981,3.023,0.946,1.849,-1.173
0.286,0.991,3.023,0.949,1.849,-1.173
0.316,0.99,3.023,0.939,1.849,-1.173
0.29,0.959,2.95,0.914,1.776,-1.173
0.315,0.973,3.047,0.921,1.776,-1.271
0.316,0.983,3.096,0.93,1.776,-1.32
0.357,0.984,3.096,0.918,1.776,-1.32
0.396,0.994,3.096,0.912,1.776,-1.32
0.399,0.982,3.096,0.897,1.776,-1.32
0.367,0.972,3.096,0.901,1.776,-1.32
0.416,1.002,3.096,0.912,1.776,-1.32
0.405,1.005,3.096,0.92,1.776,-1.32
0.426,1.005,3.096,0.91,1.776,-1.32
0.423,1.0,3.071,0.906,1.752,-1.32
0.418,1.016,3.071,0.926,1.752,-1.32
0.411,1.002,3.071,0.914,1.752,-1.32
0.363,0.993,3.071,0.924,1.752,-1.32
0.416,1.033,3.071,0.945,1.752,-1.32
0.404,1.054,3.071,0.973,1.752,-1.32
0.444,1.064,3.193,0.968,1.874,-1.32
0.417,1.044,3.023,0.957,1.874,-1.149
0.411,1.052,3.071,0.969,1.874,-1.198
0.353,1.03,3.071,0.968,1.874,-1.198
0.335,1.028,3.071,0.972,1.874,-1.198
0.322,1.037,3.071,0.986,1.874,-1.198
0.277,1.019,3.071,0.98,1.874,-1.198
0.3,1.012,3.071,0.966,1.874,-1.198
0.278,1.018,3.071,0.979,1.874,-1.198
0.32,1.04,3.12,0.989,1.874,-1.247
0.362,1.047,3.388,0.982,1.874,-1.515
0.408,1.067,3.388,0.987,1.874,-1.515
0.426,1.063,3.388,0.974,1.874,-1.515
0.37,1.044,3.388,0.976,1.874,-1.515
0.409,1.042,3.388,0.958,1.874,-1.515
0.364,1.018,3.388,0.95,1.874,-1.515
0.392,1.02,3.388,0.942,1.874,-1.515
0.377,1.026,3.486,0.955,1.874,-1.612
0.414,1.038,3.486,0.952,1.874,-1.612
0.47,1.046,3.486,0.935,1.874,-1.612
0.508,1.042,3.486,0.91,1.874,-1.612
0.565,1.05,3.486,0.885,1.874,-1.612
0.569,1.056,3.486,0.89,1.874,-1.612
0.579,1.05,3.486,0.875,1.874,-1.612
0.591,1.045,3.486,0.863,1.874,-1.612
0.569,1.016,3.486,0.841,1.874,-1.612
0.538,1.0,3.193,0.842,1.581,-1.612
0.552,1.0,3.193,0.834,1.581,-1.612
0.529,0.984,3.193,0.829,1.581,-1.612
0.5,0.964,3.193,0.824,1.581,-1.612
0.533,0.964,3.193,0.803,1.581,-1.612
0.546,0.961,3.193,0.79,1.581,-1.612
0.595,0.952,3.193,0.743,1.581,-1.612
0.615,0.954,3.145,0.729,1.532,-1.612
0.585,0.964,3.145,0.766,1.532,-1.612
0.608,0.969,3.145,0.755,1.532,-1.612
0.545,0.95,3.145,0.778,1.532,-1.612
0.508,0.938,3.145,0.789,1.532,-1.612
0.509,0.931,3.145,0.78,1.532,-1.612
0.526,0.924,3.145,0.76,1.532,-1.612
0.553,0.935,3.145,0.754,1.532,-1.612
0.569,0.946,3.145,0.757,1.532,-1.612
0.633,0.992,3.413,0.763,1.801,-1.612
0.631,0.993,3.047,0.767,1.801,-1.247
0.649,1.014,3.047,0.779,1.801,-1.247
0.653,1.03,3.047,0.796,1.801,-1.247
0.663,1.032,3.047,0.79,1.801,-1.247
0.604,1.033,3.364,0.838,1.801,-1.563
0.589,1.021,3.364,0.834,1.801,-1.563
0.611,1.007,3.364,0.8,1.801,-1.563
0.576,1.005,3.364,0.824,1.801,-1.563
0.624,1.01,3.364,0.794,1.801,-1.563
0.678,1.023,3.364,0.765,1.801,-1.563
0.715,1.036,3.364,0.749,1.801,-1.563
0.68,1.035,3.364,0.78,1.801,-1.563
0.682,1.039,3.364,0.783,1.801,-1.563
0.672,1.026,3.364,0.775,1.801,-1.563
0.649,0.997,3.364,0.757,1.801,-1.563
0.685,1.0,3.242,0.728,1.679,-1.563
0.67,0.985,3.388,0.721,1.825,-1.563
0.691,0.983,3.388,0.699,1.825,-1.563
0.669,0.999,3.388,0.741,1.825,-1.563
0.682,1.007,3.364,0.741,1.825,-1.539
0.682,1.056,3.973,0.806,2.069,-1.905
0.624,1.061,3.973,0.859,2.069,-1.905
0.607,1.072,3.973,0.883,2.069,-1.905
0.566,1.085,3.973,0.926,2.069,-1.905
0.54,1.091,3.973,0.949,2.069,-1.905
0.524,1.101,3.973,0.968,2.069,-1.905
0.502,1.124,3.973,1.006,2.069,-1.905
0.436,1.126,3.973,1.038,2.069,-1.905
0.412,1.146,3.973,1.07,2.069,-1.905
0.388,1.147,3.973,1.08,2.069,-1.905
0.385,1.162,3.973,1.097,2.069,-1.905
0.396,1.197,4.022,1.13,2.117,-1.905
0.346,1.19,4.022,1.138,2.117,-1.905
0.414,1.21,4.022,1.136,2.117,-1.905
0.446,1.217,4.022,1.132,2.117,-1.905
0.424,1.198,3.876,1.12,2.117,-1.758
0.451,1.197,3.876,1.108,2.117,-1.758
0.396,1.185,3.876,1.117,2.117,-1.758
0.306,1.182,3.876,1.142,2.117,-1.758
0.216,1.167,3.876,1.147,2.117,-1.758
0.117,1.159,3.876,1.153,2.117,-1.758
0.053,1.134,3.754,1.132,2.117,-1.637
0.017,1.11,3.754,1.11,2.117,-1.637
-0.033,1.101,3.754,1.1,2.117,-1.637
-0.113,1.075,3.754,1.069,2.117,-1.637
-0.197,1.043,3.754,1.024,2.117,-1.637
-0.307,0.99,3.73,0.941,2.093,-1.637
-0.376,0.979,3.73,0.904,2.093,-1.637
-0.522,0.943,3.73,0.786,2.093,-1.637
-0.621,0.917,3.681,0.675,2.044,-1.637
-0.697,0.889,3.681,0.552,2.044,-1.637
-0.752,0.876,3.681,0.448,2.044,-1.637
-0.755,0.877,3.681,0.446,2.044,-1.637
-0.725,0.846,3.681,0.435,2.044,-1.637
-0.711,0.834,3.681,0.434,2.044,-1.637
-0.716,0.812,3.681,0.384,2.044,-1.637
-0.687,0.802,3.681,0.413,2.044,-1.637
-0.713,0.827,3.681,0.419,2.044,-1.637
-0.734,0.815,3.12,0.356,1.484,-1.637
-0.743,0.828,3.12,0.366,1.484,-1.637
-0.759,0.838,3.12,0.355,1.484,-1.637
-0.751,0.856,3.12,0.411,1.484,-1.637
-0.74,0.864,3.12,0.446,1.484,-1.637
-0.737,0.857,3.12,0.438,1.484,-1.637
-0.724,0.845,3.12,0.435,1.484,-1.637
-0.699,0.837,3.12,0.46,1.484,-1.637
-0.694,0.833,3.12,0.46,1.484,-1.637
-0.676,0.82,3.12,0.465,1.484,-1.637
-0.672,0.837,3.12,0.499,1.484,-1.637
-0.675,0.855,3.12,0.523,1.484,-1.637
-0.682,0.859,3.12,0.522,1.484,-1.637
-0.725,0.884,2.901,0.506,1.264,-1.637
-0.72,0.877,2.852,0.501,1.264,-1.588
-0.683,0.88,2.876,0.554,1.289,-1.588
-0.671,0.879,2.876,0.569,1.289,-1.588
-0.667,0.877,2.876,0.57,1.289,-1.588
-0.699,0.888,3.023,0.547,1.289,-1.734
-0.711,0.893,3.023,0.54,1.289,-1.734
-0.703,0.91,3.023,0.577,1.289,-1.734
-0.718,0.94,3.193,0.607,1.289,-1.905
-0.747,0.957,3.193,0.597,1.289,-1.905
-0.767,0.988,3.193,0.622,1.289,-1.905
-0.808,1.022,3.193,0.625,1.289,-1.905
-0.829,1.02,3.193,0.595,1.289,-1.905
-0.827,1.009,3.193,0.577,1.289,-1.905
-0.815,1.001,3.193,0.581,1.289,-1.905
-0.816,1.002,3.193,0.583,1.289,-1.905
-0.818,1.005,3.193,0.584,1.289,-1.905
-0.867,1.013,2.876,0.524,0.972,-1.905
-0.894,1.017,2.876,0.485,0.972,-1.905
-0.893,1.054,3.291,0.56,1.386,-1.905
-0.882,1.049,3.291,0.568,1.386,-1.905
-0.913,1.083,3.559,0.582,1.386,-2.173
-0.905,1.08,3.559,0.589,1.386,-2.173
-0.924,1.084,3.559,0.568,1.386,-2.173
-0.925,1.095,3.559,0.587,1.386,-2.173
-0.947,1.107,3.559,0.572,1.386,-2.173
-0.927,1.1,3.559,0.592,1.386,-2.173
-0.906,1.103,3.827,0.628,1.654,-2.173
-0.929,1.12,3.827,0.626,1.654,-2.173
-0.941,1.136,3.827,0.636,1.654,-2.173
-0.919,1.149,3.827,0.691,1.654,-2.173
-0.905,1.18,3.827,0.756,1.654,-2.173
-0.903,1.205,3.827,0.798,1.654,-2.173
-0.919,1.229,3.827,0.817,1.654,-2.173
-0.942,1.228,3.827,0.788,1.654,-2.173
-0.902,1.227,3.827,0.832,1.654,-2.173
-0.876,1.223,3.608,0.854,1.654,-1.953
-0.91,1.229,3.608,0.827,1.654,-1.953
-0.871,1.222,3.608,0.858,1.654,-1.953
-0.879,1.228,3.608,0.858,1.654,-1.953
-0.843,1.214,3.608,0.874,1.654,-1.953
-0.834,1.225,3.705,0.897,1.654,-2.051
-0.832,1.237,3.632,0.915,1.581,-2.051
-0.812,1.252,3.632,0.953,1.581,-2.051
-0.836,1.266,3.632,0.951,1.581,-2.051
-0.83,1.259,3.364,0.947,1.313,-2.051
-0.794,1.233,3.388,0.944,1.337,-2.051
-0.77,1.202,3.388,0.924,1.337,-2.051
-0.77,1.205,3.388,0.927,1.337,-2.051
-0.753,1.196,3.388,0.93,1.337,-2.051
-0.796,1.214,3.388,0.917,1.337,-2.051
-0.805,1.209,3.388,0.902,1.337,-2.051
-0.746,1.215,3.388,0.959,1.337,-2.051
-0.761,1.231,3.437,0.968,1.337,-2.1
-0.752,1.241,3.51,0.987,1.337,-2.173
-0.737,1.247,3.51,1.005,1.337,-2.173
-0.74,1.234,3.51,0.987,1.337,-2.173
-0.789,1.254,3.51,0.975,1.337,-2.173
-0.808,1.26,3.51,0.967,1.337,-2.173
-0.751,1.26,3.51,1.011,1.337,-2.173
-0.774,1.279,3.51,1.018,1.337,-2.173
-0.835,1.305,3.437,1.003,1.264,-2.173
-0.833,1.334,3.462,1.042,1.264,-2.197
-0.796,1.33,3.583,1.066,1.386,-2.197
-0.804,1.352,3.583,1.087,1.386,-2.197
-0.777,1.345,3.583,1.098,1.386,-2.197
-0.748,1.335,3.583,1.106,1.386,-2.197
-0.809,1.346,3.583,1.075,1.386,-2.197
-0.809,1.333,3.583,1.059,1.386,-2.197
-0.781,1.316,3.583,1.059,1.386,-2.197
-0.808,1.318,3.583,1.041,1.386,-2.197
-0.781,1.334,3.608,1.082,1.411,-2.197
-0.767,1.322,3.608,1.076,1.411,-2.197
-0.745,1.319,3.608,1.088,1.411,-2.197
-0.776,1.325,3.608,1.074,1.411,-2.197
-0.787,1.332,3.608,1.074,1.411,-2.197
-0.719,1.312,3.608,1.098,1.411,-2.197
-0.72,1.301,3.462,1.084,1.411,-2.051
-0.705,1.296,3.388,1.087,1.411,-1.978
-0.634,1.261,3.388,1.09,1.411,-1.978
-0.666,1.261,3.388,1.071,1.411,-1.978
-0.691,1.284,3.486,1.083,1.411,-2.075
-0.655,1.285,3.583,1.105,1.411,-2.173
-0.655,1.306,3.583,1.13,1.411,-2.173
-0.665,1.318,3.583,1.137,1.411,-2.173
-0.687,1.333,3.583,1.143,1.411,-2.173
-0.728,1.338,3.388,1.122,1.216,-2.173
-0.739,1.343,3.388,1.121,1.216,-2.173
-0.744,1.337,3.315,1.11,1.142,-2.173
-0.75,1.335,3.34,1.104,1.167,-2.173
-0.734,1.309,3.34,1.084,1.167,-2.173
-0.799,1.328,3.34,1.061,1.167,-2.173
-0.786,1.325,3.34,1.067,1.167,-2.173
-0.852,1.338,3.34,1.032,1.167,-2.173
-0.943,1.356,3.34,0.974,1.167,-2.173
-0.917,1.36,3.437,1.004,1.264,-2.173
-0.894,1.341,3.437,1.0,1.264,-2.173
-0.953,1.363,3.34,0.974,1.264,-2.075
-0.948,1.345,3.291,0.954,1.264,-2.027
-0.958,1.352,3.291,0.953,1.264,-2.027
-0.881,1.325,3.291,0.989,1.264,-2.027
-0.86,1.313,3.583,0.992,1.557,-2.027
-0.836,1.306,3.583,1.004,1.557,-2.027
-0.821,1.297,3.583,1.005,1.557,-2.027
-0.768,1.288,3.583,1.034,1.557,-2.027
-0.734,1.278,3.583,1.046,1.557,-2.027
-0.721,1.284,3.632,1.062,1.581,-2.051
-0.745,1.289,3.632,1.052,1.581,-2.051
-0.679,1.268,3.632,1.071,1.581,-2.051
-0.641,1.261,3.632,1.086,1.581,-2.051
-0.632,1.259,3.632,1.089,1.581,-2.051
-0.627,1.251,3.632,1.083,1.581,-2.051
-0.581,1.215,3.632,1.067,1.581,-2.051
-0.593,1.228,3.632,1.076,1.581,-2.051
-0.533,1.212,3.632,1.088,1.581,-2.051
-0.555,1.227,3.73,1.095,1.581,-2.148
-0.584,1.23,3.73,1.082,1.581,-2.148
-0.605,1.239,3.73,1.081,1.581,-2.148
-0.63,1.257,3.754,1.088,1.581,-2.173
-0.694,1.274,3.754,1.068,1.581,-2.173
-0.75,1.306,3.754,1.069,1.581,-2.173
-0.775,1.31,3.51,1.057,1.337,-2.173
-0.747,1.293,3.51,1.056,1.337,-2.173
-0.753,1.3,3.559,1.06,1.337,-2.222
-0.748,1.294,3.559,1.055,1.337,-2.222
-0.786,1.296,3.559,1.03,1.337,-2.222
-0.814,1.312,3.559,1.03,1.337,-2.222
-0.784,1.324,3.559,1.066,1.337,-2.222
-0.755,1.308,3.559,1.068,1.337,-2.222
-0.766,1.287,3.559,1.035,1.337,-2.222
-0.783,1.274,3.559,1.005,1.337,-2.222
-0.741,1.261,3.559,1.02,1.337,-2.222
-0.711,1.251,3.559,1.029,1.337,-2.222
-0.677,1.232,3.559,1.029,1.337,-2.222
-0.668,1.211,3.559,1.01,1.337,-2.222
-0.628,1.184,3.559,1.004,1.337,-2.222
-0.578,1.142,3.34,0.985,1.118,-2.222
-0.604,1.154,3.34,0.982,1.118,-2.222
-0.638,1.163,3.218,0.973,1.118,-2.1
-0.646,1.169,3.218,0.974,1.118,-2.1
-0.609,1.168,3.218,0.997,1.118,-2.1
-0.596,1.16,3.218,0.995,1.118,-2.1
-0.65,1.161,3.071,0.962,1.021,-2.051
-0.655,1.159,3.047,0.956,0.996,-2.051
-0.73,1.186,3.047,0.935,0.996,-2.051
-0.721,1.193,3.047,0.951,0.996,-2.051
-0.748,1.201,3.047,0.94,0.996,-2.051
-0.76,1.206,3.096,0.937,0.996,-2.1
-0.796,1.221,3.096,0.927,0.996,-2.1
-0.776,1.223,3.096,0.945,0.996,-2.1
-0.747,1.205,3.291,0.946,0.996,-2.295
-0.767,1.206,3.291,0.931,0.996,-2.295
-0.776,1.218,3.291,0.939,0.996,-2.295
-0.812,1.234,3.291,0.929,0.996,-2.295
-0.823,1.242,3.291,0.93,0.996,-2.295
-0.756,1.203,3.096,0.936,0.801,-2.295
-0.722,1.183,3.096,0.938,0.801,-2.295
-0.686,1.17,3.096,0.947,0.801,-2.295
-0.653,1.155,3.12,0.952,0.825,-2.295
-0.604,1.155,3.12,0.984,0.825,-2.295
-0.59,1.137,3.12,0.972,0.825,-2.295
-0.583,1.138,3.12,0.978,0.825,-2.295
-0.579,1.138,3.12,0.98,0.825,-2.295
-0.56,1.12,3.12,0.97,0.825,-2.295
-0.547,1.113,3.12,0.969,0.825,-2.295
-0.593,1.144,3.047,0.979,0.825,-2.222
-0.625,1.174,3.047,0.994,0.825,-2.222
-0.623,1.172,3.023,0.992,0.825,-2.197
-0.564,1.142,3.023,0.992,0.825,-2.197
-0.519,1.123,2.95,0.996,0.825,-2.124
-0.595,1.148,2.95,0.982,0.825,-2.124
-0.647,1.173,2.95,0.979,0.825,-2.124
-0.684,1.183,2.95,0.965,0.825,-2.124
-0.766,1.223,3.071,0.954,0.825,-2.246
-0.849,1.269,3.12,0.944,0.777,-2.344
-0.88,1.288,3.12,0.941,0.777,-2.344
-0.936,1.328,3.12,0.942,0.777,-2.344
-0.876,1.287,3.12,0.943,0.777,-2.344
-0.8,1.275,4.9,0.992,2.556,-2.344
-0.755,1.249,4.9,0.996,2.556,-2.344
-0.715,1.217,4.9,0.986,2.556,-2.344
-0.635,1.174,4.9,0.987,2.556,-2.344
-0.602,1.146,4.9,0.975,2.556,-2.344
-0.567,1.118,4.9,0.963,2.556,-2.344
-0.551,1.089,4.9,0.94,2.556,-2.344
-0.54,1.084,4.9,0.94,2.556,-2.344
-0.474,1.046,4.9,0.932,2.556,-2.344
-0.416,1.011,4.9,0.921,2.556,-2.344
-0.329,0.961,4.9,0.902,2.556,-2.344
-0.212,0.854,4.778,0.828,2.556,-2.222
-0.202,0.849,4.705,0.825,2.556,-2.148
-0.096,0.724,4.705,0.717,2.556,-2.148
-0.152,0.789,4.705,0.775,2.556,-2.148
-0.195,0.771,3.071,0.746,0.923,-2.148
-0.199,0.777,3.071,0.751,0.923,-2.148
-0.203,0.784,3.071,0.757,0.923,-2.148
-0.192,0.77,3.071,0.746,0.923,-2.148
-0.182,0.756,3.071,0.733,0.923,-2.148
-0.196,0.777,3.071,0.751,0.923,-2.148
-0.179,0.793,3.071,0.772,0.923,-2.148
-0.205,0.834,3.437,0.809,0.923,-2.514
-0.236,0.862,3.242,0.829,0.728,-2.514
-0.239,0.868,3.242,0.835,0.728,-2.514
-0.257,0.879,3.242,0.84,0.728,-2.514
-0.336,0.938,3.242,0.876,0.728,-2.514
-0.351,0.95,3.242,0.883,0.728,-2.514
-0.345,0.95,3.242,0.885,0.728,-2.514
-0.307,0.923,3.583,0.87,1.069,-2.514
-0.295,0.938,3.583,0.89,1.069,-2.514
-0.289,0.935,3.583,0.89,1.069,-2.514
-0.249,0.908,3.583,0.874,1.069,-2.514
-0.255,0.922,3.583,0.886,1.069,-2.514
-0.193,0.928,4.168,0.908,1.654,-2.514
-0.164,0.901,4.168,0.886,1.654,-2.514
-0.182,0.886,4.168,0.867,1.654,-2.514
-0.127,0.811,4.144,0.801,1.654,-2.49
-0.098,0.775,4.144,0.769,1.654,-2.49
-0.104,0.786,4.144,0.779,1.654,-2.49
-0.068,0.749,4.144,0.746,1.654,-2.49
0.018,0.663,4.144,0.662,1.654,-2.49
0.083,0.575,3.876,0.569,1.654,-2.222
0.1,0.582,3.876,0.573,1.654,-2.222
0.131,0.543,3.876,0.526,1.654,-2.222
0.138,0.499,3.876,0.479,1.654,-2.222
0.126,0.517,4.071,0.501,1.849,-2.222
0.104,0.514,4.071,0.503,1.849,-2.222
0.106,0.515,4.095,0.504,1.874,-2.222
0.081,0.508,4.266,0.502,2.044,-2.222
0.072,0.511,4.266,0.506,2.044,-2.222
0.102,0.546,4.534,0.537,2.312,-2.222
0.122,0.554,4.534,0.54,2.312,-2.222
0.138,0.541,4.534,0.523,2.312,-2.222
0.179,0.481,3.193,0.446,2.312,-0.881
0.213,0.588,3.193,0.548,2.312,-0.881
0.196,0.58,3.193,0.546,2.312,-0.881
0.233,0.63,3.193,0.585,2.312,-0.881
0.235,0.654,3.193,0.61,2.312,-0.881
0.229,0.665,3.193,0.625,2.312,-0.881
0.232,0.67,3.193,0.628,2.312,-0.881
0.248,0.673,3.193,0.626,2.312,-0.881
0.255,0.672,3.193,0.622,2.312,-0.881
0.265,0.678,3.193,0.624,2.312,-0.881
0.273,0.674,3.193,0.616,2.312,-0.881
0.274,0.67,2.876,0.611,2.312,-0.564
0.252,0.645,2.803,0.593,2.239,-0.564
0.254,0.672,2.828,0.622,2.239,-0.588
0.231,0.67,2.828,0.628,2.239,-0.588
0.229,0.676,2.828,0.636,2.239,-0.588
0.173,0.581,2.706,0.554,2.117,-0.588
0.181,0.581,2.706,0.552,2.117,-0.588
0.155,0.529,2.706,0.506,2.117,-0.588
0.149,0.491,2.706,0.467,2.117,-0.588
0.163,0.502,2.73,0.475,2.142,-0.588
0.163,0.499,2.73,0.472,2.142,-0.588
0.157,0.496,2.73,0.471,2.142,-0.588
0.16,0.503,2.73,0.477,2.142,-0.588
0.165,0.496,2.73,0.467,2.142,-0.588
0.14,0.465,2.73,0.443,2.142,-0.588
0.15,0.467,2.73,0.442,2.142,-0.588
0.157,0.466,2.73,0.439,2.142,-0.588
0.154,0.42,2.584,0.391,2.142,-0.442
0.194,0.479,2.901,0.438,2.532,-0.369
0.207,0.476,2.901,0.428,2.532,-0.369
0.214,0.486,3.437,0.436,2.532,-0.905
0.238,0.51,3.437,0.452,2.532,-0.905
0.224,0.508,3.437,0.456,2.532,-0.905
0.222,0.525,3.437,0.476,2.532,-0.905
0.2,0.496,3.437,0.453,2.532,-0.905
0.203,0.525,3.437,0.484,2.532,-0.905
0.21,0.524,3.437,0.48,2.532,-0.905
0.212,0.52,3.437,0.475,2.532,-0.905
0.191,0.497,3.437,0.459,2.532,-0.905
0.215,0.531,3.437,0.486,2.532,-0.905
0.247,0.606,3.437,0.553,2.532,-0.905
0.247,0.606,3.437,0.553,2.532,-0.905
0.241,0.605,3.437,0.555,2.532,-0.905
0.221,0.567,3.193,0.522,2.288,-0.905
0.213,0.597,3.193,0.557,2.288,-0.905
0.21,0.6,2.998,0.562,2.288,-0.71
0.179,0.577,2.998,0.549,2.288,-0.71
0.182,0.582,2.998,0.553,2.288,-0.71
0.174,0.564,2.998,0.536,2.288,-0.71
0.195,0.603,3.315,0.57,2.605,-0.71
0.182,0.575,3.315,0.545,2.605,-0.71
0.184,0.585,3.315,0.556,2.605,-0.71
0.189,0.6,3.315,0.569,2.605,-0.71
0.2,0.612,3.315,0.578,2.605,-0.71
0.188,0.608,3.315,0.579,2.605,-0.71
0.153,0.581,3.315,0.561,2.605,-0.71
0.135,0.578,3.315,0.563,2.605,-0.71
0.162,0.626,3.315,0.604,2.605,-0.71
0.162,0.62,3.315,0.598,2.605,-0.71
0.162,0.587,3.315,0.564,2.605,-0.71
0.171,0.579,3.169,0.554,2.605,-0.564
0.176,0.583,3.193,0.556,2.605,-0.588
0.17,0.575,3.193,0.549,2.605,-0.588
0.19,0.612,3.193,0.582,2.605,-0.588
0.164,0.573,2.852,0.549,2.264,-0.588
0.166,0.584,2.852,0.56,2.264,-0.588
0.148,0.572,2.779,0.553,2.191,-0.588
0.156,0.588,2.901,0.567,2.312,-0.588
0.209,0.66,2.901,0.626,2.312,-0.588
0.21,0.641,2.901,0.605,2.312,-0.588
0.227,0.626,2.901,0.584,2.312,-0.588
0.262,0.674,2.901,0.621,2.312,-0.588
0.227,0.63,2.901,0.587,2.312,-0.588
0.218,0.626,2.901,0.587,2.312,-0.588
0.214,0.643,2.901,0.606,2.312,-0.588
0.207,0.661,2.901,0.628,2.312,-0.588
0.2,0.659,2.852,0.628,2.312,-0.54
0.198,0.662,2.852,0.631,2.312,-0.54
0.184,0.641,2.852,0.614,2.312,-0.54
0.207,0.659,2.852,0.626,2.312,-0.54
0.231,0.687,2.852,0.647,2.312,-0.54
0.235,0.696,2.901,0.656,2.312,-0.588
0.224,0.675,2.852,0.637,2.264,-0.588
0.191,0.622,2.852,0.591,2.264,-0.588
0.174,0.62,2.876,0.595,2.264,-0.613
0.193,0.664,2.876,0.636,2.264,-0.613
0.174,0.642,2.876,0.618,2.264,-0.613
0.206,0.694,2.876,0.662,2.264,-0.613
0.22,0.71,2.876,0.675,2.264,-0.613
0.208,0.693,2.876,0.661,2.264,-0.613
0.266,0.751,3.193,0.702,2.581,-0.613
0.301,0.778,3.193,0.717,2.581,-0.613
0.34,0.815,3.193,0.741,2.581,-0.613
0.344,0.82,3.193,0.744,2.581,-0.613
0.348,0.844,3.632,0.769,2.581,-1.052
0.372,0.873,3.632,0.79,2.581,-1.052
0.398,0.895,3.632,0.802,2.581,-1.052
0.381,0.891,3.632,0.806,2.581,-1.052
0.331,0.873,3.632,0.807,2.581,-1.052
0.328,0.876,3.632,0.813,2.581,-1.052
0.294,0.836,3.632,0.783,2.581,-1.052
0.299,0.835,3.632,0.78,2.581,-1.052
0.313,0.843,3.632,0.783,2.581,-1.052
0.34,0.87,3.632,0.801,2.581,-1.052
0.358,0.885,3.632,0.81,2.581,-1.052
0.325,0.851,3.486,0.786,2.434,-1.052
0.323,0.869,3.632,0.807,2.581,-1.052
0.297,0.861,3.632,0.808,2.581,-1.052
0.285,0.862,3.632,0.813,2.581,-1.052
0.239,0.826,3.267,0.79,2.581,-0.686
0.206,0.784,3.267,0.757,2.581,-0.686
0.213,0.779,3.267,0.749,2.581,-0.686
0.276,0.84,3.267,0.793,2.581,-0.686
0.328,0.882,3.267,0.818,2.581,-0.686
0.37,0.909,3.267,0.83,2.581,-0.686
0.389,0.932,3.267,0.847,2.581,-0.686
0.385,0.941,3.267,0.858,2.581,-0.686
0.395,0.958,3.267,0.873,2.581,-0.686
0.374,0.95,3.267,0.873,2.581,-0.686
0.384,0.978,3.267,0.899,2.581,-0.686
0.433,1.017,3.267,0.92,2.581,-0.686
0.403,1.006,3.071,0.921,2.215,-0.857
0.412,1.021,3.071,0.934,2.215,-0.857
0.476,1.074,3.071,0.963,2.215,-0.857
0.595,1.145,3.169,0.978,2.312,-0.857
0.645,1.19,3.169,1.0,2.312,-0.857
0.654,1.201,3.169,1.007,2.312,-0.857
0.62,1.186,3.169,1.011,2.312,-0.857
0.626,1.189,3.169,1.011,2.312,-0.857
0.588,1.177,3.169,1.019,2.312,-0.857
0.618,1.188,3.169,1.015,2.312,-0.857
0.618,1.196,3.437,1.024,2.312,-1.125
0.592,1.17,3.437,1.009,2.312,-1.125
0.576,1.17,3.437,1.019,2.312,-1.125
0.649,1.208,3.437,1.019,2.312,-1.125
0.583,1.171,3.437,1.015,2.312,-1.125
0.654,1.207,3.437,1.014,2.312,-1.125
0.668,1.214,3.437,1.013,2.312,-1.125
0.67,1.215,3.437,1.014,2.312,-1.125
0.642,1.2,3.388,1.013,2.264,-1.125
0.61,1.166,3.388,0.994,2.264,-1.125
0.596,1.154,3.388,0.989,2.264,-1.125
0.612,1.165,3.388,0.992,2.264,-1.125
0.615,1.157,3.388,0.98,2.264,-1.125
0.613,1.156,3.388,0.98,2.264,-1.125
0.604,1.166,3.388,0.997,2.264,-1.125
0.626,1.174,3.12,0.993,2.264,-0.857
0.634,1.19,3.169,1.007,2.312,-0.857
0.685,1.214,3.169,1.002,2.312,-0.857
0.61,1.167,3.169,0.994,2.312,-0.857
0.631,1.181,3.193,0.998,2.312,-0.881
0.602,1.15,3.193,0.98,2.312,-0.881
0.58,1.122,3.193,0.961,2.312,-0.881
0.536,1.073,3.193,0.929,2.312,-0.881
0.483,1.035,3.193,0.916,2.312,-0.881
0.475,1.022,3.193,0.905,2.312,-0.881
0.448,0.99,3.193,0.883,2.312,-0.881
0.401,0.951,3.193,0.862,2.312,-0.881
0.373,0.919,3.193,0.841,2.312,-0.881
0.37,0.919,4.193,0.841,2.312,-1.88
0.296,0.897,4.607,0.847,2.312,-2.295
0.248,0.873,4.9,0.837,2.312,-2.587
0.183,0.855,4.924,0.835,2.069,-2.855
0.103,0.812,4.924,0.805,2.069,-2.855
0.078,0.769,4.924,0.765,2.069,-2.855
0.029,0.744,4.924,0.744,2.069,-2.855
-0.056,0.768,4.924,0.766,2.069,-2.855
-0.074,0.748,4.924,0.744,2.069,-2.855
-0.128,0.771,5.144,0.76,2.069,-3.075
-0.202,0.821,5.144,0.796,2.069,-3.075
-0.271,0.863,3.9,0.819,0.825,-3.075
-0.343,0.926,3.9,0.86,0.825,-3.075
-0.385,0.964,3.9,0.883,0.825,-3.075
-0.448,1.002,3.9,0.897,0.825,-3.075
-0.494,1.039,3.9,0.914,0.825,-3.075
-0.584,1.14,3.632,0.979,0.533,-3.099
-0.61,1.158,3.632,0.985,0.533,-3.099
-0.627,1.178,3.632,0.998,0.533,-3.099
-0.647,1.196,3.632,1.006,0.533,-3.099
-0.697,1.242,3.632,1.028,0.533,-3.099
-0.715,1.262,3.583,1.04,0.484,-3.099
-0.762,1.303,3.583,1.057,0.484,-3.099
-0.84,1.363,3.583,1.073,0.484,-3.099
-0.832,1.341,3.583,1.052,0.484,-3.099
-0.833,1.342,3.583,1.052,0.484,-3.099
-0.869,1.365,3.583,1.053,0.484,-3.099
-0.882,1.393,3.583,1.079,0.484,-3.099
-0.858,1.393,3.583,1.097,0.484,-3.099
-0.86,1.409,3.632,1.117,0.533,-3.099
-0.843,1.391,3.632,1.106,0.533,-3.099
-0.765,1.305,3.632,1.057,0.533,-3.099
-0.777,1.299,3.632,1.041,0.533,-3.099
-0.802,1.318,3.632,1.046,0.533,-3.099
-0.816,1.322,3.632,1.04,0.533,-3.099
-0.858,1.339,3.632,1.027,0.533,-3.099
-0.868,1.337,3.632,1.017,0.533,-3.099
-0.834,1.3,3.632,0.997,0.533,-3.099
-0.871,1.336,3.632,1.012,0.533,-3.099
-0.938,1.399,3.632,1.037,0.533,-3.099
-0.932,1.385,3.632,1.025,0.533,-3.099
-0.914,1.368,3.632,1.018,0.533,-3.099
-0.877,1.317,3.267,0.982,0.533,-2.734
-0.903,1.315,3.267,0.956,0.533,-2.734
-0.929,1.315,3.218,0.931,0.484,-2.734
-0.981,1.359,3.218,0.94,0.484,-2.734
-1.016,1.379,3.218,0.932,0.484,-2.734
-1.071,1.43,3.218,0.947,0.484,-2.734
-1.104,1.452,3.218,0.942,0.484,-2.734
-1.098,1.455,3.218,0.955,0.484,-2.734
-1.07,1.433,3.218,0.954,0.484,-2.734
-1.1,1.452,3.218,0.948,0.484,-2.734
-1.082,1.452,3.364,0.967,0.63,-2.734
-0.989,1.374,3.364,0.953,0.63,-2.734
-0.957,1.341,3.364,0.939,0.63,-2.734
-0.96,1.335,3.364,0.929,0.63,-2.734
-1.015,1.392,3.413,0.952,0.63,-2.782
-1.033,1.394,3.413,0.936,0.63,-2.782
-1.044,1.4,3.413,0.932,0.63,-2.782
-1.045,1.412,3.437,0.95,0.63,-2.807
-1.027,1.397,3.437,0.947,0.63,-2.807
-0.99,1.372,3.437,0.95,0.63,-2.807
-0.932,1.319,3.437,0.933,0.63,-2.807
-0.857,1.237,3.437,0.892,0.63,-2.807
-0.859,1.219,3.437,0.864,0.63,-2.807
-0.839,1.191,3.437,0.845,0.63,-2.807
-0.878,1.242,3.437,0.878,0.63,-2.807
-0.899,1.229,3.023,0.839,0.216,-2.807
-0.948,1.27,3.023,0.846,0.216,-2.807
-0.959,1.281,3.023,0.85,0.216,-2.807
-0.98,1.302,3.023,0.857,0.216,-2.807
-0.924,1.241,3.023,0.829,0.216,-2.807
-0.922,1.25,3.023,0.843,0.216,-2.807
-0.891,1.219,3.023,0.833,0.216,-2.807
-0.856,1.169,2.901,0.796,0.216,-2.685
-0.84,1.14,2.852,0.771,0.167,-2.685
-0.875,1.171,2.974,0.777,0.167,-2.807
-0.867,1.149,2.95,0.754,0.143,-2.807
-0.883,1.165,2.95,0.76,0.143,-2.807
-0.866,1.15,2.95,0.756,0.143,-2.807
-0.873,1.176,2.95,0.787,0.143,-2.807
-0.799,1.075,2.95,0.719,0.143,-2.807
-0.799,1.098,3.193,0.753,0.143,-3.05
-0.739,1.036,3.193,0.726,0.143,-3.05
-0.702,0.997,3.193,0.708,0.143,-3.05
-0.672,0.966,3.193,0.694,0.143,-3.05
-0.678,0.975,3.193,0.701,0.143,-3.05
-0.677,0.963,3.12,0.686,0.07,-3.05
-0.697,0.99,3.12,0.702,0.07,-3.05
-0.684,0.973,3.12,0.692,0.07,-3.05
-0.663,0.949,3.12,0.679,0.07,-3.05
-0.619,0.889,3.12,0.638,0.07,-3.05
-0.621,0.897,3.291,0.647,0.24,-3.05
-0.611,0.893,3.291,0.651,0.24,-3.05
-0.6,0.887,3.291,0.654,0.24,-3.05
-0.571,0.839,3.291,0.615,0.24,-3.05
-0.558,0.83,3.291,0.614,0.24,-3.05
-0.531,0.762,2.901,0.546,0.24,-2.66
-0.59,0.833,2.901,0.588,0.24,-2.66
-0.614,0.84,2.901,0.573,0.24,-2.66
-0.639,0.866,2.901,0.585,0.24,-2.66
-0.643,0.85,2.852,0.556,0.24,-2.612
-0.616,0.821,2.852,0.543,0.24,-2.612
-0.617,0.836,2.974,0.565,0.24,-2.734
-0.627,0.853,2.974,0.579,0.24,-2.734
-0.648,0.885,2.974,0.603,0.24,-2.734
-0.714,0.979,2.974,0.67,0.24,-2.734
-0.751,1.035,2.974,0.712,0.216,-2.758
-0.786,1.08,2.803,0.74,0.045,-2.758
-0.823,1.113,2.803,0.749,0.045,-2.758
-0.84,1.12,2.803,0.74,0.045,-2.758
-0.87,1.159,2.803,0.766,0.045,-2.758
-0.895,1.18,2.803,0.769,0.045,-2.758
-0.919,1.218,2.901,0.799,0.045,-2.855
-0.913,1.22,2.901,0.809,0.045,-2.855
-0.895,1.207,2.901,0.81,0.045,-2.855
-0.858,1.174,2.901,0.801,0.045,-2.855
-0.868,1.195,2.901,0.821,0.045,-2.855
-0.857,1.171,2.901,0.798,0.045,-2.855
-0.881,1.199,2.901,0.814,0.045,-2.855
-0.908,1.234,2.925,0.835,0.045,-2.88
-0.886,1.203,2.925,0.814,0.045,-2.88
-0.888,1.201,2.925,0.808,0.045,-2.88
-0.891,1.211,2.925,0.82,0.045,-2.88
-0.941,1.286,2.998,0.876,0.119,-2.88
-0.927,1.28,2.998,0.882,0.119,-2.88
-0.951,1.311,3.071,0.903,0.119,-2.953
-0.931,1.305,3.071,0.914,0.119,-2.953
-0.862,1.229,3.071,0.876,0.119,-2.953
-0.87,1.258,3.34,0.908,0.338,-3.002
-0.887,1.275,3.34,0.916,0.338,-3.002
-0.946,1.361,3.51,0.978,0.338,-3.172
-0.941,1.354,3.51,0.974,0.338,-3.172
-0.969,1.391,3.51,0.998,0.338,-3.172
-0.96,1.376,3.51,0.987,0.338,-3.172
-0.929,1.358,3.51,0.99,0.338,-3.172
-0.954,1.391,3.559,1.012,0.338,-3.221
-0.907,1.365,3.559,1.02,0.338,-3.221
-0.886,1.345,3.559,1.012,0.338,-3.221
-0.812,1.264,3.559,0.969,0.338,-3.221
-0.831,1.282,3.559,0.977,0.338,-3.221
-0.809,1.266,3.559,0.973,0.338,-3.221
-0.866,1.319,3.559,0.995,0.338,-3.221
-0.944,1.403,3.559,1.038,0.338,-3.221
-0.957,1.401,3.486,1.023,0.265,-3.221
-0.947,1.407,3.486,1.041,0.265,-3.221
-0.892,1.325,3.486,0.979,0.265,-3.221
-0.931,1.371,3.583,1.006,0.362,-3.221
-0.922,1.367,3.583,1.009,0.362,-3.221
-0.897,1.347,3.583,1.005,0.362,-3.221
-0.905,1.338,3.583,0.985,0.362,-3.221
-0.864,1.277,3.583,0.94,0.362,-3.221
-0.882,1.264,3.583,0.905,0.362,-3.221
-0.832,1.241,4.851,0.922,1.63,-3.221
-0.77,1.251,4.851,0.986,1.63,-3.221
-0.766,1.24,4.851,0.974,1.63,-3.221
-0.746,1.193,4.778,0.931,1.63,-3.148
-0.674,1.124,4.778,0.899,1.63,-3.148
-0.584,1.03,4.778,0.849,1.63,-3.148
-0.521,0.976,4.778,0.826,1.63,-3.148
-0.46,0.935,4.778,0.814,1.63,-3.148
-0.443,0.963,4.778,0.855,1.63,-3.148
-0.401,0.895,4.412,0.8,1.63,-2.782
-0.363,0.862,4.315,0.782,1.63,-2.685
-0.355,0.882,4.315,0.807,1.63,-2.685
-0.347,0.872,3.12,0.801,1.63,-1.49
-0.279,0.885,3.145,0.84,1.654,-1.49
-0.215,0.902,3.145,0.876,1.654,-1.49
-0.226,0.904,3.145,0.876,1.654,-1.49
-0.26,0.882,3.145,0.843,1.654,-1.49
-0.231,0.892,3.145,0.861,1.654,-1.49
-0.161,0.916,3.145,0.902,1.654,-1.49
-0.14,0.93,3.145,0.92,1.654,-1.49
-0.134,0.933,3.145,0.923,1.654,-1.49
-0.133,0.96,3.145,0.951,1.654,-1.49
-0.141,0.959,3.145,0.949,1.654,-1.49
-0.095,0.954,3.145,0.949,1.654,-1.49
-0.024,0.968,3.145,0.968,1.654,-1.49
0.026,0.958,3.145,0.958,1.654,-1.49
0.093,0.974,3.145,0.97,1.654,-1.49
0.19,0.98,3.145,0.962,1.654,-1.49
0.161,0.971,3.145,0.958,1.654,-1.49
0.168,0.955,3.145,0.94,1.654,-1.49
0.209,0.968,3.145,0.945,1.654,-1.49
0.226,0.978,3.145,0.951,1.654,-1.49
0.271,0.991,3.145,0.954,1.654,-1.49
0.268,0.987,3.145,0.95,1.654,-1.49
0.254,0.993,3.145,0.96,1.654,-1.49
0.305,1.01,3.218,0.962,1.727,-1.49
0.346,1.006,3.218,0.944,1.727,-1.49
0.362,1.008,3.218,0.94,1.727,-1.49
0.362,1.003,3.096,0.935,1.727,-1.368
0.36,1.0,3.096,0.933,1.727,-1.368
0.375,1.01,3.096,0.937,1.727,-1.368
0.366,0.993,3.096,0.923,1.727,-1.368
0.335,0.979,3.267,0.92,1.727,-1.539
0.363,0.988,3.267,0.919,1.727,-1.539
0.336,1.0,3.267,0.942,1.727,-1.539
0.364,0.992,3.267,0.923,1.727,-1.539
0.394,0.993,3.267,0.911,1.727,-1.539
0.392,0.993,3.267,0.912,1.727,-1.539
0.443,1.004,3.267,0.902,1.727,-1.539
0.495,1.006,3.267,0.876,1.727,-1.539
0.485,0.986,3.145,0.858,1.606,-1.539
0.459,0.984,3.145,0.871,1.606,-1.539
0.487,0.99,3.242,0.862,1.703,-1.539
0.484,0.993,3.242,0.867,1.703,-1.539
0.468,0.977,3.242,0.858,1.703,-1.539
0.454,0.989,3.242,0.879,1.703,-1.539
0.473,1.026,3.559,0.91,2.02,-1.539
0.516,1.051,3.437,0.916,2.02,-1.417
0.567,1.066,3.437,0.903,2.02,-1.417
0.618,1.076,3.437,0.88,2.02,-1.417
0.598,1.071,3.437,0.888,2.02,-1.417
0.595,1.063,3.437,0.881,2.02,-1.417
0.604,1.055,3.437,0.865,2.02,-1.417
0.554,1.039,3.437,0.879,2.02,-1.417
0.538,1.035,3.437,0.884,2.02,-1.417
0.541,1.043,3.437,0.892,2.02,-1.417
0.574,1.055,3.364,0.885,2.02,-1.344
0.602,1.061,3.364,0.873,2.02,-1.344
0.62,1.078,3.657,0.882,2.02,-1.637
0.678,1.115,3.657,0.885,2.02,-1.637
0.679,1.1,3.657,0.866,2.02,-1.637
0.66,1.072,3.608,0.845,1.971,-1.637
0.632,1.055,3.608,0.845,1.971,-1.637
0.581,1.034,3.608,0.856,1.971,-1.637
0.552,1.013,3.608,0.85,1.971,-1.637
0.515,1.009,3.608,0.868,1.971,-1.637
0.522,1.022,3.608,0.879,1.971,-1.637
0.505,1.025,3.608,0.891,1.971,-1.637
0.518,1.03,3.608,0.89,1.971,-1.637
0.525,1.03,3.608,0.887,1.971,-1.637
0.535,1.027,3.608,0.877,1.971,-1.637
0.521,1.019,3.608,0.876,1.971,-1.637
0.459,1.001,3.608,0.889,1.971,-1.637
0.451,0.978,3.218,0.868,1.971,-1.247
0.364,0.952,3.047,0.879,1.581,-1.466
0.329,0.938,3.047,0.878,1.581,-1.466
0.261,0.939,3.047,0.902,1.581,-1.466
0.244,0.945,3.047,0.913,1.581,-1.466
0.242,0.945,3.047,0.914,1.581,-1.466
0.278,0.977,3.047,0.937,1.581,-1.466
0.302,0.994,3.169,0.947,1.703,-1.466
0.343,1.009,3.169,0.949,1.703,-1.466
0.387,1.02,3.169,0.944,1.703,-1.466
0.359,1.017,3.169,0.951,1.703,-1.466
0.35,1.015,3.169,0.952,1.703,-1.466
0.358,1.028,3.169,0.963,1.703,-1.466
0.357,1.022,3.169,0.957,1.703,-1.466
0.368,1.024,3.169,0.956,1.703,-1.466
0.358,1.019,3.169,0.954,1.703,-1.466
0.337,1.021,3.12,0.964,1.703,-1.417
0.366,1.04,3.12,0.973,1.703,-1.417
0.386,1.039,3.096,0.965,1.703,-1.393
0.38,1.034,3.096,0.962,1.703,-1.393
0.377,1.038,3.096,0.967,1.703,-1.393
0.341,1.017,3.096,0.959,1.703,-1.393
0.303,1.014,2.95,0.967,1.557,-1.393
0.235,0.992,2.925,0.964,1.532,-1.393
0.158,0.983,2.852,0.971,1.459,-1.393
0.148,0.976,2.852,0.964,1.459,-1.393
0.112,0.97,2.852,0.964,1.459,-1.393
0.086,0.958,2.876,0.954,1.484,-1.393
0.046,0.958,2.876,0.957,1.484,-1.393
0.028,0.957,2.876,0.957,1.484,-1.393
-0.01,0.962,2.876,0.962,1.484,-1.393
0.043,0.963,3.145,0.962,1.752,-1.393
0.004,0.947,3.145,0.947,1.752,-1.393
0.013,0.948,3.096,0.948,1.752,-1.344
-0.0,0.951,3.291,0.951,1.752,-1.539
-0.059,0.953,3.291,0.951,1.752,-1.539
-0.107,0.946,3.291,0.94,1.752,-1.539
-0.086,0.942,3.291,0.938,1.752,-1.539
-0.101,0.932,3.291,0.927,1.752,-1.539
-0.086,0.93,3.291,0.926,1.752,-1.539
-0.053,0.955,3.291,0.954,1.752,-1.539
-0.063,0.952,3.291,0.95,1.752,-1.539
-0.081,0.956,3.291,0.953,1.752,-1.539
-0.107,0.951,3.291,0.945,1.752,-1.539
-0.157,0.954,3.291,0.941,1.752,-1.539
-0.163,0.959,3.291,0.945,1.752,-1.539
-0.165,0.963,3.12,0.949,1.581,-1.539
-0.122,0.979,3.12,0.971,1.581,-1.539
-0.109,0.995,3.291,0.989,1.752,-1.539
-0.087,0.991,3.291,0.988,1.752,-1.539
-0.041,0.981,3.071,0.981,1.752,-1.32
-0.022,0.983,3.071,0.983,1.752,-1.32
-0.008,0.991,3.071,0.991,1.752,-1.32
-0.034,0.994,3.291,0.993,1.752,-1.539
-0.091,1.002,3.291,0.998,1.752,-1.539
-0.108,0.986,3.291,0.98,1.752,-1.539
-0.062,1.0,3.291,0.998,1.752,-1.539
-0.073,0.99,3.291,0.987,1.752,-1.539
-0.046,0.99,3.291,0.989,1.752,-1.539
0.053,1.006,3.291,1.004,1.752,-1.539
0.116,1.005,3.291,0.999,1.752,-1.539
0.107,1.001,3.291,0.995,1.752,-1.539
0.109,0.999,3.291,0.993,1.752,-1.539
0.115,0.984,3.218,0.977,1.679,-1.539
0.082,0.976,3.218,0.972,1.679,-1.539
0.107,0.976,3.218,0.97,1.679,-1.539
0.16,0.981,3.218,0.968,1.679,-1.539
0.118,0.955,3.218,0.948,1.679,-1.539
0.174,0.958,3.023,0.942,1.679,-1.344
0.246,0.943,2.998,0.911,1.679,-1.32
0.274,0.958,2.998,0.918,1.679,-1.32
0.3,0.976,2.95,0.929,1.679,-1.271
0.332,0.983,2.95,0.925,1.679,-1.271
0.351,0.993,2.95,0.929,1.679,-1.271
0.306,0.979,3.12,0.929,1.679,-1.442
0.264,0.985,3.12,0.949,1.679,-1.442
0.248,0.974,3.096,0.942,1.63,-1.466
0.254,0.976,3.096,0.942,1.63,-1.466
0.283,0.977,3.096,0.936,1.63,-1.466
0.314,0.978,3.096,0.926,1.63,-1.466
0.305,0.984,3.096,0.936,1.63,-1.466
0.289,0.987,3.096,0.944,1.63,-1.466
0.328,1.001,3.096,0.945,1.63,-1.466
0.365,1.016,3.096,0.948,1.63,-1.466
0.351,1.022,3.096,0.959,1.63,-1.466
0.33,1.015,3.169,0.96,1.63,-1.539
0.278,1.013,3.218,0.974,1.63,-1.588
0.274,1.015,3.193,0.977,1.606,-1.588
0.291,1.011,3.193,0.968,1.606,-1.588
0.331,1.012,3.169,0.956,1.581,-1.588
0.375,1.001,3.169,0.929,1.581,-1.588
0.406,1.013,3.169,0.928,1.581,-1.588
0.394,1.016,3.315,0.937,1.727,-1.588
0.417,1.036,3.315,0.949,1.727,-1.588
0.447,1.049,3.315,0.949,1.727,-1.588
0.492,1.054,3.315,0.932,1.727,-1.588
0.492,1.053,3.315,0.931,1.727,-1.588
0.495,1.046,3.315,0.921,1.727,-1.588
0.414,1.034,3.315,0.947,1.727,-1.588
0.443,1.037,3.315,0.938,1.727,-1.588
0.466,1.035,3.315,0.924,1.727,-1.588
0.516,1.018,3.242,0.878,1.727,-1.515
0.517,1.022,3.242,0.881,1.727,-1.515
0.55,1.021,3.242,0.861,1.727,-1.515
0.566,1.026,3.242,0.856,1.727,-1.515
0.574,1.022,3.242,0.846,1.727,-1.515
0.573,1.023,3.242,0.847,1.727,-1.515
0.576,1.009,3.169,0.829,1.654,-1.515
0.497,0.975,3.169,0.839,1.654,-1.515
0.474,0.963,3.169,0.838,1.654,-1.515
0.437,0.95,3.169,0.844,1.654,-1.515
0.451,0.939,3.169,0.823,1.654,-1.515
0.471,0.946,3.169,0.82,1.654,-1.515
0.525,0.961,3.193,0.805,1.679,-1.515
0.524,0.967,3.193,0.812,1.679,-1.515
0.518,0.972,3.193,0.823,1.679,-1.515
0.516,0.98,3.193,0.833,1.679,-1.515
0.524,0.972,3.193,0.819,1.679,-1.515
0.485,0.967,3.193,0.836,1.679,-1.515
0.466,0.956,3.193,0.835,1.679,-1.515
0.408,0.967,3.242,0.877,1.679,-1.563
0.415,0.949,3.242,0.854,1.679,-1.563
0.42,0.95,3.242,0.852,1.679,-1.563
0.446,0.966,3.242,0.857,1.679,-1.563
0.452,0.977,3.242,0.867,1.679,-1.563
0.434,0.976,3.242,0.875,1.679,-1.563
0.411,0.983,3.242,0.893,1.679,-1.563
0.391,0.98,3.242,0.898,1.679,-1.563
0.379,0.972,3.023,0.895,1.459,-1.563
0.305,0.966,3.145,0.916,1.459,-1.685
0.256,0.957,3.145,0.922,1.459,-1.685
0.204,0.947,3.145,0.925,1.459,-1.685
0.117,0.95,3.145,0.943,1.459,-1.685
0.039,0.96,3.145,0.959,1.459,-1.685
-0.046,0.963,3.145,0.962,1.459,-1.685
-0.095,0.953,3.145,0.948,1.459,-1.685
-0.187,0.964,3.145,0.945,1.459,-1.685
-0.287,0.977,3.145,0.934,1.459,-1.685
-0.375,0.983,3.145,0.909,1.435,-1.71
-0.466,0.978,3.145,0.86,1.435,-1.71
-0.543,1.005,3.169,0.846,1.435,-1.734
-0.644,1.033,3.193,0.807,1.435,-1.758
-0.746,1.058,3.267,0.751,1.435,-1.832
-0.837,1.054,3.023,0.64,1.191,-1.832
-0.89,1.08,3.023,0.612,1.191,-1.832
-0.953,1.09,2.925,0.528,1.094,-1.832
-1.027,1.121,3.925,0.451,0.752,-3.172
-1.042,1.133,3.925,0.443,0.752,-3.172
-1.072,1.161,3.925,0.446,0.752,-3.172
-1.101,1.175,3.925,0.411,0.752,-3.172
-1.111,1.184,3.925,0.409,0.752,-3.172
-1.136,1.205,2.876,0.4,-0.296,-3.172
-1.138,1.217,2.876,0.43,-0.296,-3.172
-1.145,1.22,2.876,0.421,-0.296,-3.172
-1.152,1.225,2.876,0.417,-0.296,-3.172
-1.13,1.204,3.023,0.416,-0.15,-3.172
-1.076,1.194,4.461,0.519,1.289,-3.172
-0.941,1.177,4.632,0.707,1.459,-3.172
-0.835,1.181,4.753,0.835,1.581,-3.172
-0.759,1.152,4.753,0.867,1.581,-3.172
-0.701,1.136,4.753,0.894,1.581,-3.172
-0.584,1.106,4.534,0.939,1.581,-2.953
-0.495,1.097,4.534,0.979,1.581,-2.953
-0.422,1.068,4.534,0.981,1.581,-2.953
-0.308,1.05,4.534,1.004,1.581,-2.953
-0.174,1.057,4.583,1.042,1.63,-2.953
-0.075,1.028,4.583,1.026,1.63,-2.953
0.058,1.01,3.218,1.009,1.63,-1.588
0.138,0.994,3.218,0.985,1.63,-1.588
0.244,0.981,3.218,0.95,1.63,-1.588
0.345,0.982,3.218,0.919,1.63,-1.588
0.393,0.967,3.023,0.884,1.63,-1.393
0.386,0.951,3.023,0.869,1.63,-1.393
0.377,0.939,3.023,0.86,1.63,-1.393
0.405,0.929,3.023,0.837,1.63,-1.393
0.453,0.927,3.023,0.809,1.63,-1.393
0.486,0.937,3.023,0.802,1.63,-1.393
0.494,0.931,3.023,0.79,1.63,-1.393
0.532,0.923,3.145,0.754,1.63,-1.515
0.554,0.919,3.145,0.734,1.63,-1.515
0.517,0.913,2.974,0.752,1.459,-1.515
0.548,0.909,2.974,0.726,1.459,-1.515
0.503,0.908,2.974,0.756,1.459,-1.515
0.532,0.899,2.974,0.725,1.459,-1.515
0.515,0.898,2.974,0.736,1.459,-1.515
0.493,0.906,2.974,0.76,1.459,-1.515
0.488,0.908,3.145,0.766,1.459,-1.685
0.457,0.922,3.145,0.801,1.459,-1.685
0.458,0.934,3.145,0.814,1.459,-1.685
0.479,0.948,3.193,0.818,1.508,-1.685
0.473,0.958,3.193,0.833,1.508,-1.685
0.426,0.932,3.193,0.83,1.508,-1.685
0.405,0.93,3.193,0.837,1.508,-1.685
0.403,0.932,3.193,0.84,1.508,-1.685
0.369,0.925,3.193,0.849,1.508,-1.685
0.334,0.915,3.193,0.852,1.508,-1.685
0.325,0.922,3.193,0.863,1.508,-1.685
0.376,0.93,3.193,0.851,1.508,-1.685
0.404,0.953,3.267,0.863,1.581,-1.685
0.439,0.958,3.267,0.852,1.581,-1.685
0.478,0.971,3.267,0.845,1.581,-1.685
0.503,0.965,3.096,0.824,1.581,-1.515
0.508,0.966,3.096,0.822,1.581,-1.515
0.492,0.956,3.096,0.82,1.581,-1.515
0.46,0.948,3.096,0.828,1.581,-1.515
0.478,0.948,3.096,0.819,1.581,-1.515
0.502,0.969,3.096,0.829,1.581,-1.515
0.488,0.974,3.096,0.843,1.581,-1.515
0.482,0.964,3.096,0.835,1.581,-1.515
0.511,0.972,3.096,0.827,1.581,-1.515
0.523,0.965,3.096,0.811,1.581,-1.515
0.555,0.982,3.096,0.81,1.581,-1.515
0.516,0.965,3.096,0.815,1.581,-1.515
0.465,0.945,2.998,0.823,1.484,-1.515
0.433,0.933,2.998,0.827,1.484,-1.515
0.373,0.926,2.998,0.847,1.484,-1.515
0.371,0.928,2.998,0.85,1.484,-1.515
0.375,0.923,2.998,0.843,1.484,-1.515
0.384,0.93,2.925,0.848,1.484,-1.442
0.424,0.935,2.925,0.833,1.484,-1.442
0.359,0.927,2.901,0.855,1.459,-1.442
0.335,0.93,3.096,0.868,1.654,-1.442
0.361,0.947,3.096,0.875,1.654,-1.442
0.366,0.945,3.096,0.872,1.654,-1.442
0.323,0.952,3.096,0.896,1.654,-1.442
0.37,0.962,3.096,0.888,1.654,-1.442
0.317,0.938,3.096,0.883,1.654,-1.442
0.332,0.935,3.096,0.874,1.654,-1.442
0.339,0.942,3.096,0.879,1.654,-1.442
0.329,0.963,3.364,0.905,1.654,-1.71
0.323,0.94,3.364,0.883,1.654,-1.71
0.324,0.943,3.364,0.885,1.654,-1.71
0.303,0.95,3.364,0.9,1.654,-1.71
0.329,0.943,3.364,0.883,1.654,-1.71
0.335,0.949,3.364,0.888,1.654,-1.71
0.379,0.944,3.364,0.865,1.654,-1.71
0.409,0.928,3.291,0.834,1.581,-1.71
0.434,0.912,3.291,0.802,1.581,-1.71
0.425,0.917,3.291,0.813,1.581,-1.71
0.42,0.922,3.291,0.821,1.581,-1.71
0.399,0.916,3.291,0.825,1.581,-1.71
0.398,0.922,3.291,0.832,1.581,-1.71
0.422,0.934,3.291,0.833,1.581,-1.71
0.445,0.935,3.291,0.822,1.581,-1.71
0.481,0.929,3.12,0.795,1.581,-1.539
0.524,0.937,3.12,0.777,1.581,-1.539
0.505,0.926,3.023,0.777,1.484,-1.539
0.553,0.914,3.023,0.728,1.484,-1.539
0.522,0.905,3.023,0.739,1.484,-1.539
0.512,0.902,3.023,0.742,1.484,-1.539
0.514,0.903,3.023,0.742,1.484,-1.539
0.512,0.906,3.023,0.747,1.484,-1.539
0.517,0.902,3.023,0.739,1.484,-1.539
0.563,0.914,3.023,0.72,1.484,-1.539
0.608,0.915,3.023,0.684,1.484,-1.539
0.624,0.943,3.413,0.707,1.874,-1.539
0.612,0.946,3.413,0.721,1.874,-1.539
0.578,0.929,3.413,0.727,1.874,-1.539
0.566,0.915,3.413,0.719,1.874,-1.539
0.556,0.906,3.413,0.715,1.874,-1.539
0.526,0.9,3.413,0.731,1.874,-1.539
0.544,0.892,3.413,0.706,1.874,-1.539
0.551,0.896,3.413,0.707,1.874,-1.539
0.57,0.914,3.413,0.715,1.874,-1.539
0.569,0.902,3.218,0.699,1.874,-1.344
0.607,0.911,3.218,0.68,1.874,-1.344
0.577,0.924,3.267,0.722,1.874,-1.393
0.579,0.935,3.364,0.734,1.874,-1.49
0.564,0.924,3.364,0.732,1.874,-1.49
0.552,0.91,3.364,0.724,1.874,-1.49
0.549,0.87,2.925,0.674,1.435,-1.49
0.567,0.861,2.925,0.648,1.435,-1.49
0.579,0.87,2.925,0.65,1.435,-1.49
0.567,0.88,2.925,0.673,1.435,-1.49
0.497,0.88,2.925,0.726,1.435,-1.49
0.539,0.899,2.925,0.72,1.435,-1.49
0.546,0.907,2.925,0.725,1.435,-1.49
0.479,0.91,2.925,0.774,1.435,-1.49
0.451,0.906,2.925,0.786,1.435,-1.49
0.365,0.91,2.925,0.833,1.435,-1.49
0.293,0.914,2.925,0.865,1.435,-1.49
0.29,0.899,3.071,0.851,1.411,-1.661
0.2,0.906,3.071,0.883,1.411,-1.661
0.138,0.914,3.071,0.903,1.411,-1.661
0.064,0.933,3.071,0.931,1.411,-1.661
-0.003,0.949,3.071,0.949,1.411,-1.661
-0.015,0.954,3.071,0.954,1.411,-1.661
-0.016,0.956,3.071,0.956,1.411,-1.661
-0.041,0.969,3.071,0.968,1.411,-1.661
-0.004,0.975,3.071,0.975,1.411,-1.661
-0.093,0.978,3.145,0.973,1.386,-1.758
-0.18,0.996,3.145,0.979,1.386,-1.758
-0.178,0.993,3.145,0.977,1.386,-1.758
-0.227,1.0,3.145,0.974,1.386,-1.758
-0.153,0.996,3.145,0.985,1.386,-1.758
-0.12,0.975,3.145,0.967,1.386,-1.758
-0.093,0.984,3.145,0.98,1.386,-1.758
-0.016,0.965,3.145,0.965,1.386,-1.758
0.063,0.963,3.145,0.961,1.386,-1.758
0.113,0.937,3.047,0.931,1.289,-1.758
0.142,0.922,3.047,0.911,1.289,-1.758
0.17,0.912,3.12,0.895,1.362,-1.758
0.149,0.909,3.12,0.897,1.362,-1.758
0.179,0.88,3.12,0.862,1.362,-1.758
0.194,0.87,3.12,0.848,1.362,-1.758
0.248,0.848,3.096,0.811,1.362,-1.734
0.31,0.842,3.193,0.783,1.362,-1.832
0.355,0.838,3.193,0.759,1.362,-1.832
0.448,0.823,3.193,0.691,1.362,-1.832
0.46,0.814,3.193,0.672,1.362,-1.832
0.48,0.834,3.193,0.682,1.362,-1.832
0.399,0.826,3.193,0.723,1.362,-1.832
0.385,0.818,3.193,0.722,1.362,-1.832
0.366,0.8,3.193,0.712,1.362,-1.832
0.405,0.804,3.218,0.694,1.386,-1.832
0.408,0.816,3.218,0.707,1.386,-1.832
0.401,0.84,3.315,0.738,1.484,-1.832
0.431,0.836,3.315,0.717,1.484,-1.832
0.471,0.856,3.315,0.715,1.484,-1.832
0.492,0.862,3.315,0.708,1.484,-1.832
0.497,0.858,3.315,0.7,1.484,-1.832
0.475,0.847,3.023,0.701,1.484,-1.539
0.468,0.832,3.023,0.688,1.484,-1.539
0.423,0.819,3.023,0.701,1.484,-1.539
0.396,0.837,3.047,0.738,1.484,-1.563
0.362,0.829,3.047,0.745,1.484,-1.563
0.45,0.821,3.047,0.688,1.484,-1.563
0.483,0.829,3.047,0.673,1.484,-1.563
0.502,0.847,3.047,0.682,1.484,-1.563
0.467,0.855,3.047,0.717,1.484,-1.563
0.476,0.855,3.047,0.71,1.484,-1.563
0.481,0.832,2.998,0.678,1.435,-1.563
0.466,0.819,2.998,0.674,1.435,-1.563
0.435,0.799,2.974,0.67,1.411,-1.563
0.389,0.801,2.974,0.7,1.411,-1.563
0.395,0.806,2.974,0.703,1.411,-1.563
0.424,0.818,3.047,0.7,1.484,-1.563
0.452,0.842,3.047,0.71,1.484,-1.563
0.465,0.858,3.12,0.721,1.484,-1.637
0.518,0.867,3.12,0.695,1.484,-1.637
0.558,0.876,3.12,0.675,1.484,-1.637
0.575,0.893,3.12,0.684,1.484,-1.637
0.539,0.891,3.12,0.71,1.484,-1.637
0.527,0.878,3.12,0.702,1.484,-1.637
0.526,0.865,3.12,0.687,1.484,-1.637
0.541,0.85,3.12,0.655,1.484,-1.637
0.517,0.847,3.12,0.67,1.484,-1.637
0.517,0.867,3.12,0.696,1.484,-1.637
0.551,0.886,3.12,0.694,1.484,-1.637
0.605,0.892,3.12,0.656,1.484,-1.637
0.64,0.905,3.12,0.639,1.484,-1.637
0.645,0.896,3.096,0.622,1.459,-1.637
0.624,0.888,3.096,0.632,1.459,-1.637
0.637,0.879,2.852,0.606,1.459,-1.393
0.587,0.865,2.779,0.635,1.386,-1.393
0.571,0.853,2.779,0.634,1.386,-1.393
0.518,0.834,2.901,0.653,1.386,-1.515
0.536,0.841,2.95,0.648,1.386,-1.563
0.543,0.848,2.95,0.651,1.386,-1.563
0.571,0.856,2.95,0.638,1.386,-1.563
0.592,0.875,2.95,0.644,1.386,-1.563
0.625,0.898,2.95,0.645,1.386,-1.563
0.655,0.903,2.95,0.621,1.386,-1.563
0.622,0.9,2.95,0.651,1.386,-1.563
0.602,0.884,2.876,0.647,1.313,-1.563
0.556,0.887,3.169,0.691,1.313,-1.856
0.542,0.888,3.169,0.703,1.313,-1.856
0.536,0.883,3.169,0.702,1.313,-1.856
0.517,0.877,3.169,0.709,1.313,-1.856
0.547,0.887,3.169,0.698,1.313,-1.856
0.529,0.891,3.169,0.717,1.313,-1.856
0.53,0.889,3.169,0.714,1.313,-1.856
0.506,0.884,3.169,0.725,1.313,-1.856
0.438,0.894,3.169,0.78,1.313,-1.856
0.39,0.888,3.169,0.798,1.313,-1.856
0.3,0.884,3.145,0.831,1.289,-1.856
0.197,0.869,3.145,0.847,1.289,-1.856
0.054,0.888,3.071,0.887,1.216,-1.856
-0.058,0.915,2.998,0.913,1.142,-1.856
-0.167,0.946,2.998,0.931,1.142,-1.856
-0.248,0.944,2.998,0.911,1.142,-1.856
-0.321,0.942,2.998,0.886,1.142,-1.856
-0.426,0.969,2.998,0.87,1.142,-1.856
-0.504,0.985,2.998,0.846,1.142,-1.856
-0.616,0.985,2.95,0.769,1.094,-1.856
-0.685,0.986,2.95,0.709,1.094,-1.856
-0.777,1.01,2.95,0.645,1.094,-1.856
-0.883,1.073,3.9,0.608,1.094,-2.807
-0.937,1.079,3.754,0.534,0.947,-2.807
-1.019,1.118,3.535,0.461,0.704,-2.831
-1.056,1.139,2.95,0.426,0.119,-2.831
-1.058,1.137,2.584,0.415,-0.247,-2.831
-1.051,1.129,2.584,0.412,-0.247,-2.831
-1.028,1.11,2.584,0.417,-0.247,-2.831
-1.025,1.123,2.584,0.46,-0.247,-2.831
-1.033,1.138,2.584,0.478,-0.247,-2.831
-1.065,1.18,2.95,0.508,-0.247,-3.197
-1.09,1.224,2.95,0.557,-0.247,-3.197
-1.107,1.235,2.876,0.548,-0.32,-3.197
-1.101,1.232,2.876,0.553,-0.32,-3.197
-1.121,1.256,2.876,0.566,-0.32,-3.197
-1.142,1.3,2.925,0.621,-0.271,-3.197
-1.123,1.276,2.925,0.607,-0.271,-3.197
-1.12,1.274,2.925,0.607,-0.271,-3.197
-1.108,1.275,3.193,0.632,-0.003,-3.197
-1.104,1.267,3.193,0.622,-0.003,-3.197
-1.149,1.321,3.193,0.653,-0.003,-3.197
-1.141,1.317,3.193,0.657,-0.003,-3.197
-1.161,1.331,3.193,0.651,-0.003,-3.197
-1.156,1.312,3.193,0.62,-0.003,-3.197
-1.045,1.291,4.437,0.759,1.24,-3.197
-0.958,1.253,4.339,0.807,1.24,-3.099
-0.864,1.213,4.558,0.851,1.459,-3.099
-0.774,1.21,4.558,0.931,1.459,-3.099
-0.701,1.212,4.558,0.988,1.459,-3.099
-0.601,1.197,4.558,1.035,1.459,-3.099
-0.522,1.139,4.558,1.013,1.459,-3.099
-0.403,1.126,4.558,1.052,1.459,-3.099
-0.357,1.118,4.558,1.059,1.459,-3.099
-0.282,1.082,4.558,1.045,1.459,-3.099
-0.229,1.075,4.558,1.05,1.459,-3.099
-0.089,1.007,3.12,1.003,1.459,-1.661
-0.04,0.999,3.12,0.998,1.459,-1.661
0.056,0.974,3.12,0.972,1.459,-1.661
0.168,0.956,3.12,0.941,1.459,-1.661
0.121,0.971,3.12,0.963,1.459,-1.661
0.134,0.979,3.12,0.97,1.459,-1.661
0.123,0.967,2.901,0.96,1.411,-1.49
0.106,0.953,2.901,0.947,1.411,-1.49
0.128,0.964,3.364,0.955,1.874,-1.49
0.107,0.95,3.364,0.944,1.874,-1.49
0.118,0.947,3.388,0.94,1.874,-1.515
0.092,0.929,3.388,0.924,1.874,-1.515
0.09,0.939,3.388,0.935,1.874,-1.515
0.131,0.95,3.388,0.941,1.874,-1.515
0.198,0.954,3.388,0.933,1.874,-1.515
0.207,0.97,3.388,0.948,1.874,-1.515
0.221,0.964,3.388,0.938,1.874,-1.515
0.25,0.974,3.388,0.942,1.874,-1.515
0.211,0.978,3.388,0.955,1.874,-1.515
0.27,0.975,3.388,0.937,1.874,-1.515
0.279,0.97,3.388,0.929,1.874,-1.515
0.309,0.964,3.388,0.913,1.874,-1.515
0.362,0.956,3.388,0.885,1.874,-1.515
0.375,0.942,3.096,0.865,1.581,-1.515
0.37,0.947,3.096,0.871,1.581,-1.515
0.379,0.953,2.998,0.874,1.581,-1.417
0.365,0.952,2.998,0.88,1.581,-1.417
0.414,0.951,2.925,0.856,1.581,-1.344
0.351,0.949,2.852,0.882,1.411,-1.442
0.332,0.934,2.852,0.873,1.411,-1.442
0.297,0.92,2.828,0.871,1.386,-1.442
0.283,0.938,2.828,0.894,1.386,-1.442
0.3,0.933,2.828,0.883,1.386,-1.442
0.311,0.942,2.828,0.89,1.386,-1.442
0.315,0.947,2.828,0.893,1.386,-1.442
0.293,0.953,2.828,0.907,1.386,-1.442
0.297,0.96,2.828,0.913,1.386,-1.442
0.264,0.963,2.828,0.926,1.386,-1.442
0.277,0.966,2.828,0.925,1.386,-1.442
0.317,0.972,2.828,0.919,1.386,-1.442
0.344,0.963,2.828,0.9,1.386,-1.442
0.358,0.964,2.828,0.896,1.386,-1.442
0.35,0.961,2.828,0.895,1.386,-1.442
0.375,0.957,2.779,0.88,1.386,-1.393
0.378,0.955,2.779,0.876,1.386,-1.393
0.383,0.971,2.779,0.892,1.386,-1.393
0.39,0.954,2.779,0.871,1.386,-1.393
0.373,0.959,2.779,0.883,1.386,-1.393
0.345,0.96,2.779,0.896,1.386,-1.393
0.319,0.946,2.901,0.89,1.508,-1.393
0.363,0.945,2.901,0.872,1.508,-1.393
0.348,0.949,2.901,0.883,1.508,-1.393
0.35,0.964,3.071,0.899,1.508,-1.563
0.307,0.957,3.071,0.906,1.508,-1.563
0.27,0.952,3.071,0.913,1.508,-1.563
0.271,0.95,3.071,0.911,1.508,-1.563
0.278,0.962,3.071,0.921,1.508,-1.563
0.243,0.951,3.071,0.919,1.508,-1.563
0.291,0.951,3.071,0.905,1.508,-1.563
0.281,0.956,3.071,0.914,1.508,-1.563
0.308,0.948,3.071,0.897,1.508,-1.563
0.345,0.961,3.071,0.897,1.508,-1.563
0.332,0.955,3.071,0.896,1.508,-1.563
0.396,0.94,3.071,0.853,1.508,-1.563
0.375,0.946,2.974,0.869,1.411,-1.563
0.359,0.934,2.974,0.863,1.411,-1.563
0.363,0.92,2.974,0.846,1.411,-1.563
0.375,0.921,2.974,0.841,1.411,-1.563
0.421,0.938,2.779,0.838,1.411,-1.368
0.46,0.951,3.047,0.833,1.776,-1.271
0.442,0.954,3.071,0.846,1.776,-1.295
0.478,0.956,3.071,0.828,1.776,-1.295
0.504,0.964,3.071,0.822,1.776,-1.295
0.461,0.962,3.071,0.845,1.776,-1.295
0.44,0.963,3.071,0.857,1.776,-1.295
0.381,0.969,3.12,0.891,1.776,-1.344
0.358,0.963,3.169,0.894,1.776,-1.393
0.316,0.974,3.169,0.921,1.776,-1.393
0.317,0.982,3.169,0.929,1.776,-1.393
0.379,0.988,3.169,0.913,1.776,-1.393
0.379,0.993,3.169,0.918,1.776,-1.393
0.402,0.992,3.169,0.907,1.776,-1.393
0.406,0.978,3.169,0.89,1.776,-1.393
0.375,0.973,3.169,0.898,1.776,-1.393
0.323,0.953,2.901,0.896,1.508,-1.393
0.326,0.948,2.901,0.89,1.508,-1.393
0.281,0.936,2.901,0.893,1.508,-1.393
0.242,0.943,2.95,0.911,1.508,-1.442
0.249,0.937,2.95,0.903,1.508,-1.442
0.272,0.95,2.95,0.91,1.508,-1.442
0.331,0.947,2.95,0.887,1.508,-1.442
0.318,0.946,2.95,0.891,1.508,-1.442
0.374,0.942,2.95,0.864,1.508,-1.442
0.364,0.946,2.95,0.872,1.508,-1.442
0.29,0.955,2.95,0.91,1.508,-1.442
0.212,0.96,2.998,0.936,1.508,-1.49
0.208,0.965,2.998,0.942,1.508,-1.49
0.211,0.957,2.998,0.934,1.508,-1.49
0.177,0.949,2.998,0.933,1.508,-1.49
0.242,0.953,2.998,0.921,1.508,-1.49
0.249,0.953,2.998,0.92,1.508,-1.49
0.24,0.963,2.998,0.933,1.508,-1.49
0.302,0.971,2.998,0.923,1.508,-1.49
0.268,0.986,2.998,0.949,1.508,-1.49
0.273,0.975,2.998,0.936,1.508,-1.49
0.247,0.972,2.925,0.94,1.435,-1.49
0.285,0.968,2.925,0.925,1.435,-1.49
0.212,0.964,2.925,0.94,1.435,-1.49
0.189,0.953,2.925,0.934,1.435,-1.49
0.207,0.933,2.925,0.91,1.435,-1.49
0.281,0.928,2.828,0.884,1.435,-1.393
0.305,0.929,2.828,0.878,1.435,-1.393
0.269,0.948,2.828,0.909,1.435,-1.393
0.316,0.953,2.828,0.9,1.435,-1.393
0.292,0.956,2.828,0.91,1.435,-1.393
0.295,0.965,3.047,0.919,1.557,-1.49
0.308,0.95,3.047,0.898,1.557,-1.49
0.257,0.947,3.096,0.912,1.557,-1.539
0.284,0.937,3.096,0.893,1.557,-1.539
0.28,0.933,3.096,0.89,1.557,-1.539
0.286,0.923,3.096,0.878,1.557,-1.539
0.269,0.93,3.096,0.891,1.557,-1.539
0.322,0.92,3.096,0.862,1.557,-1.539
0.341,0.917,3.096,0.852,1.557,-1.539
0.342,0.917,3.096,0.851,1.557,-1.539
0.344,0.922,3.096,0.855,1.557,-1.539
0.34,0.923,3.096,0.858,1.557,-1.539
0.366,0.923,3.096,0.847,1.557,-1.539
0.324,0.912,3.096,0.852,1.557,-1.539
0.298,0.899,3.096,0.848,1.557,-1.539
0.306,0.883,3.023,0.828,1.484,-1.539
0.313,0.878,3.023,0.82,1.484,-1.539
0.314,0.869,2.95,0.81,1.484,-1.466
0.33,0.881,2.95,0.817,1.484,-1.466
0.3,0.883,3.071,0.831,1.484,-1.588
0.279,0.886,3.071,0.841,1.484,-1.588
0.207,0.901,3.071,0.877,1.484,-1.588
0.212,0.885,3.071,0.859,1.484,-1.588
0.194,0.899,3.218,0.878,1.484,-1.734
0.199,0.892,3.218,0.87,1.484,-1.734
0.194,0.894,3.218,0.872,1.484,-1.734
0.166,0.894,3.218,0.879,1.484,-1.734
0.143,0.881,3.12,0.869,1.386,-1.734
0.155,0.889,3.12,0.875,1.386,-1.734
0.196,0.903,3.12,0.881,1.386,-1.734
0.151,0.925,3.12,0.913,1.386,-1.734
0.103,0.938,3.12,0.932,1.386,-1.734
0.159,0.927,3.12,0.913,1.386,-1.734
0.14,0.927,2.974,0.917,1.24,-1.734
0.108,0.948,2.974,0.942,1.24,-1.734
0.103,0.945,2.974,0.939,1.24,-1.734
0.184,0.927,3.315,0.909,1.581,-1.734
0.15,0.958,3.315,0.946,1.581,-1.734
0.191,0.956,3.267,0.937,1.581,-1.685
0.177,0.963,3.267,0.946,1.581,-1.685
0.146,0.961,3.267,0.95,1.581,-1.685
0.194,0.964,3.267,0.944,1.581,-1.685
0.213,0.967,3.267,0.943,1.581,-1.685
0.174,0.97,3.267,0.955,1.581,-1.685
0.166,0.958,3.267,0.944,1.581,-1.685
0.213,0.943,3.267,0.919,1.581,-1.685
0.244,0.945,3.267,0.912,1.581,-1.685
0.204,0.956,3.267,0.934,1.581,-1.685
0.192,0.94,3.267,0.92,1.581,-1.685
0.253,0.917,3.047,0.882,1.581,-1.466
0.291,0.932,3.047,0.885,1.581,-1.466
0.279,0.941,2.925,0.899,1.459,-1.466
0.297,0.93,2.925,0.881,1.459,-1.466
0.246,0.917,2.925,0.883,1.459,-1.466
0.259,0.902,2.925,0.864,1.459,-1.466
0.257,0.895,2.998,0.857,1.459,-1.539
0.173,0.887,2.998,0.87,1.459,-1.539
0.159,0.88,3.047,0.866,1.459,-1.588
0.182,0.864,3.047,0.845,1.459,-1.588
0.179,0.872,3.047,0.854,1.459,-1.588
0.172,0.883,3.364,0.866,1.776,-1.588
0.207,0.877,3.364,0.852,1.776,-1.588
0.257,0.863,3.364,0.824,1.776,-1.588
0.274,0.855,3.364,0.81,1.776,-1.588
0.269,0.849,3.364,0.806,1.776,-1.588
0.261,0.828,3.364,0.786,1.776,-1.588
0.263,0.818,3.51,0.774,1.776,-1.734
0.244,0.816,3.51,0.778,1.776,-1.734
0.248,0.821,3.51,0.782,1.776,-1.734
0.254,0.836,3.51,0.796,1.776,-1.734
0.319,0.836,3.51,0.772,1.776,-1.734
0.383,0.822,3.51,0.728,1.776,-1.734
0.402,0.822,3.51,0.717,1.776,-1.734
0.43,0.823,3.51,0.702,1.776,-1.734
0.406,0.818,3.51,0.71,1.776,-1.734
0.387,0.81,2.998,0.712,1.264,-1.734
0.342,0.812,2.998,0.737,1.264,-1.734
0.305,0.793,2.901,0.732,1.167,-1.734
0.268,0.814,2.925,0.769,1.167,-1.758
0.258,0.817,2.876,0.775,1.118,-1.758
0.232,0.823,2.925,0.79,1.118,-1.807
0.216,0.838,2.925,0.81,1.118,-1.807
0.193,0.861,2.95,0.839,1.142,-1.807
0.157,0.881,2.95,0.867,1.142,-1.807
0.125,0.896,3.169,0.887,1.362,-1.807
0.047,0.918,3.242,0.917,1.362,-1.88
-0.007,0.929,3.242,0.929,1.362,-1.88
-0.01,0.925,3.242,0.925,1.362,-1.88
-0.071,0.939,3.242,0.936,1.362,-1.88
-0.162,0.981,3.242,0.967,1.362,-1.88
-0.192,0.976,3.242,0.957,1.362,-1.88
-0.212,0.975,3.242,0.951,1.362,-1.88
-0.199,0.995,3.242,0.975,1.362,-1.88
-0.15,0.985,3.242,0.974,1.362,-1.88
-0.141,0.982,3.242,0.972,1.362,-1.88
-0.145,0.987,3.242,0.976,1.362,-1.88
-0.166,0.98,3.242,0.966,1.362,-1.88
-0.133,0.957,3.242,0.948,1.362,-1.88
-0.096,0.941,3.242,0.936,1.362,-1.88
-0.064,0.937,3.096,0.934,1.216,-1.88
-0.025,0.92,2.95,0.919,1.24,-1.71
-0.015,0.922,2.95,0.922,1.24,-1.71
-0.043,0.936,2.95,0.935,1.24,-1.71
0.047,0.934,2.998,0.933,1.337,-1.661
0.149,0.906,2.901,0.894,1.337,-1.563
0.218,0.916,3.12,0.889,1.557,-1.563
0.254,0.919,3.12,0.884,1.557,-1.563
0.224,0.922,3.12,0.894,1.557,-1.563
0.222,0.915,3.12,0.887,1.557,-1.563
0.214,0.909,3.12,0.883,1.557,-1.563
0.242,0.898,3.12,0.865,1.557,-1.563
0.293,0.879,3.12,0.829,1.557,-1.563
0.27,0.886,3.12,0.843,1.557,-1.563
0.272,0.898,3.242,0.856,1.557,-1.685
0.227,0.892,3.242,0.863,1.557,-1.685
0.231,0.89,3.242,0.859,1.557,-1.685
0.244,0.886,3.242,0.852,1.557,-1.685
0.277,0.879,3.242,0.834,1.557,-1.685
0.244,0.876,3.242,0.842,1.557,-1.685
0.246,0.853,3.242,0.817,1.557,-1.685
0.231,0.836,2.925,0.804,1.24,-1.685
0.212,0.833,2.901,0.806,1.216,-1.685
0.229,0.832,2.901,0.8,1.216,-1.685
0.236,0.842,3.047,0.808,1.362,-1.685
0.268,0.861,3.047,0.819,1.362,-1.685
0.262,0.868,3.047,0.828,1.362,-1.685
0.251,0.866,3.047,0.829,1.362,-1.685
0.28,0.857,3.047,0.81,1.362,-1.685
0.276,0.848,2.901,0.802,1.362,-1.539
0.283,0.852,3.145,0.804,1.362,-1.783
0.239,0.866,3.145,0.833,1.362,-1.783
0.234,0.871,3.145,0.839,1.362,-1.783
0.231,0.878,3.145,0.848,1.362,-1.783
0.239,0.869,3.145,0.836,1.362,-1.783
0.228,0.891,3.145,0.862,1.362,-1.783
0.213,0.903,3.145,0.878,1.362,-1.783
0.249,0.905,3.145,0.87,1.362,-1.783
0.28,0.911,3.462,0.866,1.679,-1.783
0.251,0.914,3.462,0.879,1.679,-1.783
0.167,0.917,3.462,0.902,1.679,-1.783
0.159,0.919,3.462,0.905,1.679,-1.783
0.152,0.933,3.462,0.92,1.679,-1.783
0.164,0.938,3.535,0.923,1.679,-1.856
0.157,0.942,3.535,0.928,1.679,-1.856
0.224,0.931,3.535,0.903,1.679,-1.856
0.281,0.918,3.535,0.874,1.679,-1.856
0.287,0.917,3.535,0.871,1.679,-1.856
0.305,0.903,3.535,0.85,1.679,-1.856
0.273,0.906,3.535,0.864,1.679,-1.856
0.233,0.924,3.535,0.894,1.679,-1.856
0.222,0.919,3.535,0.891,1.679,-1.856
0.224,0.919,3.535,0.891,1.679,-1.856
0.202,0.91,3.193,0.888,1.337,-1.856
0.226,0.9,3.193,0.871,1.337,-1.856
0.287,0.892,3.193,0.844,1.337,-1.856
0.285,0.897,3.193,0.851,1.337,-1.856
0.323,0.897,3.267,0.836,1.411,-1.856
0.325,0.9,3.096,0.839,1.411,-1.685
0.349,0.893,3.096,0.822,1.411,-1.685
0.337,0.884,3.096,0.818,1.411,-1.685
0.319,0.876,3.096,0.816,1.411,-1.685
0.319,0.857,3.096,0.795,1.411,-1.685
0.309,0.848,3.096,0.79,1.411,-1.685
0.33,0.837,3.096,0.769,1.411,-1.685
0.336,0.836,3.315,0.766,1.411,-1.905
0.361,0.843,3.315,0.762,1.411,-1.905
0.369,0.831,3.315,0.745,1.411,-1.905
0.385,0.821,3.315,0.725,1.411,-1.905
0.365,0.828,3.315,0.743,1.411,-1.905
0.377,0.818,3.315,0.726,1.411,-1.905
0.353,0.816,3.315,0.736,1.411,-1.905
0.339,0.816,3.267,0.743,1.362,-1.905
0.333,0.787,3.267,0.713,1.362,-1.905
0.316,0.776,3.267,0.709,1.362,-1.905
0.311,0.774,3.267,0.709,1.362,-1.905
0.328,0.761,3.267,0.687,1.362,-1.905
0.366,0.779,3.34,0.687,1.435,-1.905
0.373,0.785,3.34,0.69,1.435,-1.905
0.374,0.784,3.34,0.689,1.435,-1.905
0.411,0.747,3.193,0.623,1.435,-1.758
0.418,0.724,3.193,0.592,1.435,-1.758
0.401,0.714,3.193,0.591,1.435,-1.758
0.383,0.692,3.193,0.577,1.435,-1.758
0.41,0.668,3.193,0.527,1.435,-1.758
0.388,0.663,3.193,0.538,1.435,-1.758
0.412,0.644,3.193,0.495,1.435,-1.758
0.419,0.628,3.193,0.468,1.435,-1.758
0.434,0.64,3.193,0.471,1.435,-1.758
0.47,0.65,2.779,0.45,1.484,-1.295
0.457,0.652,2.779,0.465,1.484,-1.295
0.454,0.666,2.779,0.487,1.484,-1.295
0.425,0.638,2.779,0.476,1.484,-1.295
0.386,0.639,2.779,0.51,1.484,-1.295
0.388,0.629,2.779,0.495,1.484,-1.295
0.394,0.604,2.779,0.458,1.484,-1.295
0.381,0.596,2.779,0.458,1.484,-1.295
0.397,0.605,2.779,0.457,1.484,-1.295
0.405,0.611,2.779,0.458,1.484,-1.295
0.4,0.609,2.779,0.459,1.484,-1.295
0.429,0.64,3.754,0.475,2.459,-1.295
0.468,0.687,3.754,0.503,2.459,-1.295
0.486,0.736,3.949,0.553,2.654,-1.295
0.484,0.732,3.949,0.55,2.654,-1.295
0.46,0.71,3.949,0.541,2.654,-1.295
0.458,0.697,3.949,0.526,2.654,-1.295
0.451,0.681,3.852,0.51,2.654,-1.198
0.446,0.681,3.852,0.514,2.654,-1.198
0.46,0.682,2.95,0.504,2.654,-0.296
0.474,0.706,2.95,0.523,2.654,-0.296
0.502,0.742,2.95,0.545,2.654,-0.296
0.52,0.773,2.95,0.572,2.654,-0.296
0.524,0.79,2.95,0.591,2.654,-0.296
0.548,0.833,2.95,0.627,2.654,-0.296
0.55,0.841,2.95,0.636,2.654,-0.296
0.529,0.832,2.95,0.642,2.654,-0.296
0.453,0.803,4.217,0.663,2.654,-1.563
0.333,0.815,4.729,0.744,2.556,-2.173
0.23,0.881,4.729,0.851,2.556,-2.173
0.167,0.905,4.729,0.889,2.556,-2.173
0.114,0.948,4.729,0.941,2.556,-2.173
0.061,0.976,4.729,0.974,2.556,-2.173
0.033,0.993,4.729,0.992,2.556,-2.173
-0.023,1.02,4.729,1.02,2.556,-2.173
-0.153,1.07,4.729,1.059,2.556,-2.173
-0.274,1.108,4.729,1.073,2.556,-2.173
-0.384,1.138,4.729,1.071,2.556,-2.173
-0.47,1.142,4.729,1.042,2.556,-2.173
-0.628,1.186,4.729,1.006,2.556,-2.173
-0.695,1.206,4.729,0.986,2.556,-2.173
-0.748,1.218,3.169,0.961,0.996,-2.173
-0.754,1.236,3.413,0.979,1.24,-2.173
-0.751,1.235,3.315,0.981,1.24,-2.075
-0.741,1.232,3.291,0.984,1.24,-2.051
-0.753,1.246,3.291,0.992,1.24,-2.051
-0.776,1.25,3.291,0.98,1.24,-2.051
-0.823,1.28,3.291,0.98,1.24,-2.051
-0.878,1.308,3.315,0.969,1.24,-2.075
-0.939,1.335,3.437,0.949,1.24,-2.197
-0.944,1.345,3.437,0.958,1.24,-2.197
-0.935,1.334,3.437,0.952,1.24,-2.197
-0.942,1.327,3.437,0.935,1.24,-2.197
-0.983,1.351,3.437,0.928,1.24,-2.197
-0.918,1.314,3.437,0.939,1.24,-2.197
-0.95,1.337,3.437,0.941,1.24,-2.197
-0.951,1.34,3.437,0.945,1.24,-2.197
-1.014,1.369,3.169,0.92,0.825,-2.344
-1.007,1.36,3.218,0.914,0.825,-2.392
-1.01,1.356,3.218,0.905,0.825,-2.392
-1.03,1.366,3.218,0.897,0.825,-2.392
-1.054,1.379,3.218,0.889,0.825,-2.392
-1.03,1.36,3.218,0.889,0.825,-2.392
-1.002,1.35,3.218,0.904,0.825,-2.392
-0.905,1.306,3.218,0.942,0.825,-2.392
-0.822,1.27,3.218,0.968,0.825,-2.392
-0.805,1.26,3.218,0.969,0.825,-2.392
-0.778,1.253,3.218,0.982,0.825,-2.392
-0.772,1.25,3.218,0.983,0.825,-2.392
-0.808,1.276,3.218,0.987,0.825,-2.392
-0.781,1.259,3.218,0.987,0.825,-2.392
-0.805,1.273,3.169,0.986,0.777,-2.392
-0.812,1.278,3.169,0.987,0.777,-2.392
-0.819,1.291,3.047,0.998,0.777,-2.27
-0.763,1.262,3.047,1.005,0.777,-2.27
-0.777,1.275,3.047,1.012,0.777,-2.27
-0.75,1.264,3.047,1.018,0.777,-2.27
-0.769,1.276,3.047,1.018,0.777,-2.27
-0.784,1.281,3.047,1.012,0.777,-2.27
-0.814,1.292,3.047,1.004,0.777,-2.27
-0.875,1.306,3.023,0.969,0.752,-2.27
-0.929,1.342,3.023,0.968,0.752,-2.27
-0.991,1.382,3.023,0.963,0.752,-2.27
-0.991,1.394,3.023,0.979,0.752,-2.27
-0.954,1.368,3.023,0.981,0.752,-2.27
-0.993,1.379,3.023,0.957,0.752,-2.27
-0.989,1.372,3.023,0.951,0.752,-2.27
-0.961,1.353,3.145,0.953,0.752,-2.392
-0.94,1.337,3.145,0.95,0.752,-2.392
-1.019,1.379,3.145,0.93,0.752,-2.392
-1.035,1.389,3.145,0.926,0.752,-2.392
-1.02,1.376,3.145,0.924,0.752,-2.392
-0.976,1.345,3.145,0.925,0.752,-2.392
-1.004,1.363,3.145,0.923,0.752,-2.392
-1.081,1.403,3.145,0.894,0.752,-2.392
-1.073,1.406,3.145,0.907,0.752,-2.392
-1.011,1.364,3.145,0.916,0.752,-2.392
-0.956,1.324,3.145,0.916,0.752,-2.392
-0.937,1.316,3.242,0.924,0.85,-2.392
-0.909,1.298,3.242,0.927,0.85,-2.392
-0.918,1.308,3.242,0.932,0.85,-2.392
-0.946,1.321,3.242,0.921,0.85,-2.392
-0.936,1.322,3.218,0.934,0.85,-2.368
-0.997,1.373,3.242,0.945,0.85,-2.392
-0.977,1.357,3.242,0.941,0.85,-2.392
-0.96,1.354,3.242,0.955,0.85,-2.392
-0.954,1.352,3.242,0.957,0.85,-2.392
-0.948,1.355,3.242,0.968,0.85,-2.392
-0.917,1.339,3.242,0.976,0.85,-2.392
-0.817,1.287,3.242,0.994,0.85,-2.392
-0.826,1.292,3.242,0.994,0.85,-2.392
-0.84,1.303,3.242,0.997,0.85,-2.392
-0.866,1.33,3.291,1.009,0.85,-2.441
-0.837,1.296,3.096,0.99,0.655,-2.441
-0.851,1.306,3.096,0.991,0.655,-2.441
-0.823,1.289,3.096,0.992,0.655,-2.441
-0.824,1.297,3.096,1.003,0.655,-2.441
-0.83,1.297,3.096,0.997,0.655,-2.441
-0.799,1.252,3.096,0.964,0.655,-2.441
-0.775,1.258,3.267,0.991,0.825,-2.441
-0.731,1.214,3.267,0.969,0.825,-2.441
-0.692,1.187,3.267,0.964,0.825,-2.441
-0.701,1.195,3.267,0.968,0.825,-2.441
-0.666,1.162,3.267,0.952,0.825,-2.441
-0.659,1.144,3.267,0.935,0.825,-2.441
-0.582,1.084,3.267,0.915,0.825,-2.441
-0.529,1.038,3.267,0.893,0.825,-2.441
-0.444,0.971,4.412,0.864,2.02,-2.392
-0.4,0.952,4.242,0.864,2.02,-2.222
-0.343,0.926,4.242,0.86,2.02,-2.222
-0.278,0.867,4.242,0.822,2.02,-2.222
-0.178,0.796,4.315,0.776,2.093,-2.222
-0.071,0.737,4.266,0.733,2.093,-2.173
0.023,0.702,4.266,0.701,2.093,-2.173
0.07,0.643,4.266,0.639,2.093,-2.173
0.184,0.717,4.412,0.693,2.239,-2.173
0.187,0.719,4.412,0.695,2.239,-2.173
0.242,0.693,3.657,0.65,2.239,-1.417
0.276,0.68,2.901,0.622,2.239,-0.662
0.293,0.69,2.901,0.625,2.239,-0.662
0.332,0.746,3.145,0.668,2.483,-0.662
0.361,0.783,3.145,0.695,2.483,-0.662
0.391,0.802,3.145,0.7,2.483,-0.662
0.407,0.839,3.145,0.734,2.483,-0.662
0.423,0.872,3.145,0.762,2.483,-0.662
0.456,0.912,3.145,0.79,2.483,-0.662
0.446,0.927,3.145,0.812,2.483,-0.662
0.472,0.974,3.145,0.851,2.483,-0.662
0.477,0.97,3.145,0.844,2.483,-0.662
0.494,0.956,3.12,0.819,2.483,-0.637
0.475,0.911,3.12,0.778,2.483,-0.637
0.495,0.925,3.096,0.781,2.483,-0.613
0.487,0.912,3.096,0.771,2.483,-0.613
0.487,0.922,3.096,0.783,2.483,-0.613
0.509,0.942,3.096,0.792,2.483,-0.613
0.494,0.916,3.096,0.771,2.483,-0.613
0.48,0.898,3.096,0.759,2.483,-0.613
0.487,0.909,3.096,0.768,2.483,-0.613
0.487,0.898,3.096,0.754,2.483,-0.613
0.501,0.927,3.169,0.78,2.556,-0.613
0.488,0.893,3.169,0.748,2.556,-0.613
0.5,0.866,3.169,0.706,2.556,-0.613
0.493,0.838,3.023,0.678,2.556,-0.466
0.479,0.827,3.023,0.674,2.556,-0.466
0.504,0.87,3.023,0.709,2.556,-0.466
0.463,0.829,3.023,0.688,2.556,-0.466
0.462,0.835,3.023,0.696,2.556,-0.466
0.473,0.851,3.023,0.707,2.556,-0.466
0.468,0.852,3.023,0.712,2.556,-0.466
0.476,0.869,3.047,0.727,2.581,-0.466
0.503,0.897,2.998,0.742,2.581,-0.418
0.511,0.891,2.998,0.731,2.581,-0.418
0.511,0.883,2.998,0.72,2.581,-0.418
0.513,0.885,2.998,0.721,2.581,-0.418
0.474,0.833,2.998,0.684,2.581,-0.418
0.467,0.848,2.998,0.708,2.581,-0.418
0.458,0.845,2.998,0.71,2.581,-0.418
0.43,0.808,2.998,0.684,2.581,-0.418
0.497,0.887,2.974,0.735,2.581,-0.393
0.462,0.84,3.071,0.702,2.581,-0.491
0.488,0.862,3.071,0.711,2.581,-0.491
0.499,0.859,3.071,0.699,2.581,-0.491
0.505,0.851,3.071,0.685,2.581,-0.491
0.532,0.868,3.071,0.686,2.581,-0.491
0.567,0.918,3.145,0.722,2.654,-0.491
0.548,0.902,3.193,0.717,2.654,-0.54
0.547,0.913,3.193,0.73,2.654,-0.54
0.579,0.952,3.193,0.756,2.654,-0.54
0.549,0.927,3.193,0.747,2.654,-0.54
0.572,0.945,3.364,0.753,2.824,-0.54
0.557,0.927,3.364,0.742,2.824,-0.54
0.568,0.934,3.364,0.742,2.824,-0.54
0.601,0.978,3.364,0.772,2.824,-0.54
0.565,0.921,3.364,0.727,2.824,-0.54
0.615,0.979,3.364,0.762,2.824,-0.54
0.617,0.983,3.364,0.765,2.824,-0.54
0.589,0.966,3.364,0.766,2.824,-0.54
0.582,0.966,3.364,0.771,2.824,-0.54
0.567,0.962,3.364,0.777,2.824,-0.54
0.523,0.897,3.364,0.729,2.824,-0.54
0.508,0.869,3.291,0.705,2.824,-0.466
0.512,0.859,3.291,0.689,2.824,-0.466
0.493,0.828,3.291,0.665,2.824,-0.466
0.556,0.886,3.291,0.691,2.824,-0.466
0.548,0.877,3.047,0.684,2.581,-0.466
0.577,0.887,2.803,0.673,2.581,-0.223
0.602,0.913,2.803,0.686,2.581,-0.223
0.577,0.878,2.828,0.663,2.581,-0.247
0.535,0.852,2.974,0.663,2.581,-0.393
0.501,0.789,2.974,0.61,2.581,-0.393
0.474,0.774,2.974,0.612,2.581,-0.393
0.471,0.775,2.974,0.615,2.581,-0.393
0.471,0.775,2.974,0.615,2.581,-0.393
0.475,0.751,2.974,0.582,2.581,-0.393
0.466,0.726,2.974,0.556,2.581,-0.393
0.488,0.739,2.974,0.555,2.581,-0.393
0.489,0.739,2.974,0.554,2.581,-0.393
0.46,0.684,2.974,0.506,2.581,-0.393
0.417,0.612,2.901,0.448,2.507,-0.393
0.383,0.588,3.852,0.446,2.507,-1.344
0.366,0.577,3.852,0.446,2.507,-1.344
0.33,0.523,3.852,0.405,2.507,-1.344
0.312,0.498,3.218,0.387,1.874,-1.344
0.335,0.508,3.218,0.382,1.874,-1.344
0.336,0.509,3.218,0.383,1.874,-1.344
0.358,0.508,2.584,0.361,1.24,-1.344
0.392,0.535,2.633,0.364,1.289,-1.344
0.412,0.55,2.633,0.364,1.289,-1.344
0.406,0.547,2.633,0.366,1.289,-1.344
0.414,0.554,2.633,0.368,1.289,-1.344
0.398,0.54,2.633,0.365,1.289,-1.344
0.379,0.526,2.633,0.364,1.289,-1.344
0.366,0.543,2.876,0.4,1.289,-1.588
0.368,0.545,2.876,0.402,1.289,-1.588
0.4,0.545,2.876,0.37,1.289,-1.588
0.439,0.579,2.95,0.379,1.362,-1.588
0.48,0.631,4.047,0.41,2.459,-1.588
0.494,0.624,4.047,0.382,2.459,-1.588
0.491,0.622,4.047,0.382,2.459,-1.588
0.471,0.608,4.047,0.385,2.459,-1.588
0.441,0.589,4.047,0.39,2.459,-1.588
0.401,0.561,4.047,0.393,2.459,-1.588
0.368,0.535,4.047,0.388,2.459,-1.588
0.355,0.526,4.047,0.388,2.459,-1.588
0.357,0.55,4.047,0.418,2.459,-1.588
0.359,0.552,4.047,0.419,2.459,-1.588
0.39,0.611,4.047,0.47,2.459,-1.588
0.413,0.638,2.803,0.487,2.459,-0.345
0.42,0.642,2.803,0.486,2.459,-0.345
0.396,0.631,2.901,0.491,2.459,-0.442
0.366,0.598,2.901,0.473,2.459,-0.442
0.334,0.548,2.681,0.434,2.239,-0.442
0.349,0.606,2.681,0.495,2.239,-0.442
0.343,0.606,2.681,0.5,2.239,-0.442
0.376,0.662,2.803,0.545,2.361,-0.442
0.422,0.721,2.803,0.585,2.361,-0.442
0.476,0.788,3.12,0.628,2.678,-0.442
0.513,0.823,3.12,0.644,2.678,-0.442
0.525,0.827,3.12,0.639,2.678,-0.442
0.519,0.81,3.12,0.622,2.678,-0.442
0.514,0.808,3.12,0.624,2.678,-0.442
0.494,0.793,3.169,0.621,2.678,-0.491
0.505,0.804,3.169,0.626,2.678,-0.491
0.481,0.794,3.169,0.632,2.678,-0.491
0.489,0.806,3.169,0.641,2.678,-0.491
0.492,0.83,3.169,0.669,2.678,-0.491
0.512,0.864,3.169,0.696,2.678,-0.491
0.484,0.819,3.169,0.661,2.678,-0.491
0.497,0.822,3.169,0.655,2.678,-0.491
0.477,0.783,3.169,0.621,2.678,-0.491
0.45,0.747,3.169,0.596,2.678,-0.491
0.429,0.726,3.023,0.585,2.532,-0.491
0.416,0.73,3.023,0.6,2.532,-0.491
0.405,0.727,3.023,0.604,2.532,-0.491
0.415,0.75,3.023,0.624,2.532,-0.491
0.432,0.792,3.047,0.664,2.532,-0.515
0.438,0.793,3.047,0.662,2.532,-0.515
0.438,0.799,3.096,0.668,2.581,-0.515
0.447,0.803,3.096,0.667,2.581,-0.515
0.437,0.79,3.096,0.658,2.581,-0.515
0.436,0.768,3.096,0.632,2.581,-0.515
0.421,0.762,3.364,0.635,2.849,-0.515
0.425,0.778,3.364,0.652,2.849,-0.515
0.417,0.779,3.364,0.658,2.849,-0.515
0.433,0.812,3.364,0.687,2.849,-0.515
0.447,0.832,3.364,0.702,2.849,-0.515
0.441,0.813,3.364,0.683,2.849,-0.515
0.419,0.775,3.364,0.652,2.849,-0.515
0.449,0.802,3.364,0.665,2.849,-0.515
0.466,0.815,3.364,0.669,2.849,-0.515
0.458,0.784,3.364,0.636,2.849,-0.515
0.459,0.785,3.34,0.637,2.849,-0.491
0.454,0.772,3.34,0.624,2.849,-0.491
0.466,0.807,3.34,0.659,2.849,-0.491
0.531,0.899,3.34,0.725,2.849,-0.491
0.534,0.911,3.34,0.738,2.849,-0.491
0.54,0.907,3.145,0.728,2.654,-0.491
0.571,0.932,3.145,0.736,2.654,-0.491
0.585,0.949,3.145,0.748,2.654,-0.491
0.569,0.929,3.145,0.735,2.654,-0.491
0.561,0.915,3.145,0.723,2.654,-0.491
0.582,0.934,3.145,0.73,2.654,-0.491
0.596,0.953,3.145,0.743,2.654,-0.491
0.57,0.945,3.145,0.754,2.654,-0.491
0.513,0.905,3.145,0.746,2.654,-0.491
0.488,0.892,3.145,0.747,2.654,-0.491
0.486,0.888,3.12,0.744,2.654,-0.466
0.509,0.919,2.974,0.765,2.507,-0.466
0.515,0.936,3.51,0.781,3.044,-0.466
0.5,0.903,3.51,0.752,3.044,-0.466
0.527,0.941,3.51,0.78,3.044,-0.466
0.536,0.948,3.51,0.782,3.044,-0.466
0.501,0.916,3.51,0.767,3.044,-0.466
0.483,0.905,3.51,0.765,3.044,-0.466
0.449,0.893,3.803,0.773,3.044,-0.759
0.433,0.874,3.803,0.76,3.044,-0.759
0.342,0.88,5.436,0.811,3.044,-2.392
0.285,0.896,5.436,0.85,3.044,-2.392
0.232,0.914,5.436,0.884,3.044,-2.392
0.192,0.948,5.436,0.928,3.044,-2.392
0.107,1.025,5.436,1.019,3.044,-2.392
-0.009,1.064,5.436,1.064,3.044,-2.392
-0.14,1.059,5.436,1.05,3.044,-2.392
-0.239,1.061,4.753,1.033,2.361,-2.392
-0.395,1.088,4.753,1.014,2.361,-2.392
-0.531,1.104,4.412,0.968,2.02,-2.392
-0.658,1.134,4.412,0.923,2.02,-2.392
-0.7,1.146,4.412,0.908,2.02,-2.392
-0.72,1.136,3.096,0.879,0.704,-2.392
-0.73,1.161,3.096,0.902,0.704,-2.392
-0.826,1.204,3.096,0.876,0.704,-2.392
-0.825,1.201,3.315,0.873,1.069,-2.246
-0.856,1.216,3.193,0.864,1.069,-2.124
-0.898,1.242,3.193,0.858,1.069,-2.124
-0.918,1.255,3.193,0.855,1.069,-2.124
-0.876,1.227,3.193,0.86,1.069,-2.124
-0.88,1.234,3.193,0.865,1.069,-2.124
-0.885,1.238,3.193,0.865,1.069,-2.124
-0.913,1.262,3.193,0.871,1.069,-2.124
-0.865,1.239,3.193,0.887,1.069,-2.124
-0.853,1.221,3.193,0.874,1.069,-2.124
-0.801,1.208,3.291,0.904,1.167,-2.124
-0.75,1.195,3.291,0.931,1.167,-2.124
-0.725,1.198,3.291,0.954,1.167,-2.124
-0.673,1.179,3.291,0.968,1.167,-2.124
-0.578,1.136,3.291,0.978,1.167,-2.124
-0.526,1.105,3.291,0.972,1.167,-2.124
-0.437,1.063,3.218,0.969,1.167,-2.051
-0.337,1.004,3.218,0.945,1.167,-2.051
-0.274,0.967,3.218,0.927,1.167,-2.051
-0.215,0.929,3.169,0.903,1.167,-2.002
-0.086,0.861,3.169,0.857,1.167,-2.002
0.016,0.797,3.169,0.797,1.167,-2.002
0.135,0.698,2.901,0.685,1.167,-1.734
0.216,0.636,2.901,0.598,1.167,-1.734
0.342,0.636,4.144,0.536,2.41,-1.734
0.408,0.581,3.925,0.414,2.41,-1.515
0.402,0.577,3.925,0.414,2.41,-1.515
0.391,0.572,3.925,0.418,2.41,-1.515
0.383,0.589,3.925,0.447,2.41,-1.515
0.384,0.585,3.925,0.442,2.41,-1.515
0.396,0.601,3.925,0.452,2.41,-1.515
0.391,0.6,3.925,0.455,2.41,-1.515
0.4,0.606,3.925,0.455,2.41,-1.515
0.439,0.614,2.876,0.429,2.41,-0.466
0.441,0.613,2.876,0.426,2.41,-0.466
0.444,0.627,2.876,0.443,2.41,-0.466
0.44,0.646,2.876,0.473,2.41,-0.466
0.428,0.642,2.876,0.478,2.41,-0.466
0.409,0.632,2.876,0.482,2.41,-0.466
0.377,0.56,2.828,0.414,2.361,-0.466
0.368,0.542,2.828,0.399,2.361,-0.466
0.364,0.537,2.828,0.395,2.361,-0.466
0.38,0.545,2.828,0.39,2.361,-0.466
0.388,0.533,2.828,0.366,2.361,-0.466
