mean,RMS,ptp,std,max,min
-0.282,0.836,4.158,0.787,2.757,-1.401
-0.263,0.788,4.036,0.742,2.757,-1.278
-0.283,0.759,4.769,0.704,2.757,-2.012
-0.233,0.753,4.769,0.717,2.757,-2.012
-0.142,0.826,4.769,0.814,2.757,-2.012
0.008,0.871,4.769,0.871,2.757,-2.012
0.029,0.972,5.258,0.972,2.757,-2.501
0.022,0.979,4.586,0.979,2.085,-2.501
-0.004,1.073,4.586,1.073,2.085,-2.501
0.055,1.125,4.586,1.124,2.085,-2.501
0.193,1.145,4.586,1.128,2.085,-2.501
0.115,1.126,4.555,1.12,2.054,-2.501
0.094,1.092,4.555,1.088,2.054,-2.501
0.13,1.057,3.363,1.049,2.054,-1.309
0.114,1.021,3.363,1.015,2.054,-1.309
0.088,0.992,3.485,0.988,2.329,-1.156
0.067,0.916,3.394,0.913,2.329,-1.064
-0.109,0.77,3.394,0.762,2.329,-1.064
-0.183,0.706,3.394,0.682,2.329,-1.064
-0.203,0.725,3.394,0.696,2.329,-1.064
-0.348,0.622,3.394,0.515,2.329,-1.064
-0.311,0.62,3.394,0.537,2.329,-1.064
-0.236,0.66,3.455,0.616,2.421,-1.034
-0.307,0.605,3.546,0.521,2.421,-1.125
-0.302,0.577,3.546,0.491,2.421,-1.125
-0.263,0.603,3.546,0.543,2.421,-1.125
-0.211,0.568,3.546,0.528,2.421,-1.125
-0.144,0.68,3.546,0.664,2.421,-1.125
-0.161,0.681,3.546,0.662,2.421,-1.125
-0.213,0.704,3.791,0.671,2.421,-1.37
-0.214,0.617,3.18,0.579,1.809,-1.37
-0.234,0.621,3.18,0.575,1.809,-1.37
-0.219,0.626,3.18,0.587,1.809,-1.37
-0.222,0.625,3.18,0.585,1.809,-1.37
-0.203,0.603,3.883,0.568,2.513,-1.37
-0.138,0.585,3.883,0.569,2.513,-1.37
-0.142,0.592,3.883,0.574,2.513,-1.37
-0.09,0.6,3.546,0.593,2.513,-1.034
-0.064,0.661,3.546,0.658,2.513,-1.034
-0.07,0.726,3.546,0.723,2.513,-1.034
-0.115,0.711,3.546,0.701,2.513,-1.034
-0.154,0.722,3.546,0.705,2.513,-1.034
-0.217,0.664,3.332,0.627,2.299,-1.034
-0.219,0.722,3.546,0.688,2.299,-1.248
-0.205,0.694,3.546,0.663,2.299,-1.248
-0.167,0.683,3.546,0.662,2.299,-1.248
-0.132,0.652,3.546,0.639,2.299,-1.248
-0.173,0.608,3.516,0.583,2.268,-1.248
-0.149,0.595,3.516,0.576,2.268,-1.248
-0.114,0.568,3.516,0.557,2.268,-1.248
-0.185,0.483,3.516,0.446,2.268,-1.248
-0.155,0.466,3.21,0.44,2.268,-0.942
-0.191,0.473,3.21,0.433,2.268,-0.942
-0.223,0.396,1.712,0.328,0.77,-0.942
-0.159,0.367,1.712,0.331,0.77,-0.942
-0.109,0.355,1.467,0.338,0.77,-0.697
-0.108,0.351,1.406,0.334,0.77,-0.636
-0.07,0.37,1.62,0.363,0.801,-0.82
-0.072,0.389,1.712,0.382,0.801,-0.911
-0.086,0.394,1.834,0.385,0.801,-1.034
-0.113,0.405,1.834,0.389,0.801,-1.034
-0.154,0.423,1.834,0.394,0.801,-1.034
-0.193,0.418,1.834,0.37,0.801,-1.034
-0.243,0.432,1.834,0.357,0.801,-1.034
-0.269,0.455,1.834,0.367,0.801,-1.034
-0.268,0.435,1.681,0.343,0.648,-1.034
-0.23,0.406,1.62,0.335,0.648,-0.973
-0.203,0.401,1.62,0.346,0.648,-0.973
-0.183,0.38,1.406,0.333,0.648,-0.759
-0.218,0.427,1.681,0.367,0.648,-1.034
-0.282,0.488,1.773,0.399,0.648,-1.125
-0.276,0.49,1.773,0.405,0.648,-1.125
-0.331,0.489,1.712,0.361,0.587,-1.125
-0.351,0.498,1.712,0.353,0.587,-1.125
-0.371,0.525,1.712,0.37,0.587,-1.125
-0.384,0.534,1.712,0.371,0.587,-1.125
-0.382,0.532,1.712,0.37,0.587,-1.125
-0.316,0.471,1.681,0.35,0.587,-1.095
-0.293,0.462,1.957,0.357,0.587,-1.37
-0.312,0.473,1.957,0.355,0.587,-1.37
-0.332,0.499,1.957,0.372,0.587,-1.37
-0.339,0.611,3.699,0.508,2.085,-1.615
-0.338,0.595,3.699,0.49,2.085,-1.615
-0.348,0.622,3.699,0.515,2.085,-1.615
-0.324,0.644,3.699,0.556,2.085,-1.615
-0.265,0.631,3.699,0.573,2.085,-1.615
-0.198,0.649,3.73,0.618,2.115,-1.615
-0.142,0.624,3.73,0.608,2.115,-1.615
-0.137,0.566,3.057,0.549,2.115,-0.942
-0.149,0.515,3.057,0.493,2.115,-0.942
-0.124,0.521,3.027,0.506,2.115,-0.911
-0.126,0.505,3.027,0.489,2.115,-0.911
-0.172,0.557,3.027,0.529,2.115,-0.911
-0.228,0.567,2.599,0.52,1.687,-0.911
-0.272,0.589,2.843,0.523,1.687,-1.156
-0.147,0.711,3.516,0.696,2.36,-1.156
-0.141,0.749,3.516,0.735,2.36,-1.156
-0.071,0.821,3.516,0.818,2.36,-1.156
-0.139,0.832,3.516,0.82,2.36,-1.156
-0.178,0.831,3.516,0.812,2.36,-1.156
-0.208,0.826,3.516,0.799,2.36,-1.156
-0.242,0.887,3.883,0.853,2.452,-1.431
-0.329,0.896,3.883,0.833,2.452,-1.431
-0.378,0.909,4.097,0.826,2.452,-1.645
-0.409,0.856,4.097,0.752,2.452,-1.645
-0.438,0.867,4.097,0.749,2.452,-1.645
-0.346,0.89,4.097,0.82,2.452,-1.645
-0.265,0.907,4.097,0.867,2.452,-1.645
-0.203,0.863,4.097,0.839,2.452,-1.645
-0.179,0.774,4.097,0.753,2.452,-1.645
-0.157,0.766,4.097,0.749,2.452,-1.645
-0.22,0.691,3.394,0.655,2.452,-0.942
-0.205,0.689,3.394,0.657,2.452,-0.942
-0.245,0.794,3.73,0.756,2.452,-1.278
-0.353,0.749,3.76,0.661,2.329,-1.431
-0.384,0.774,3.76,0.672,2.329,-1.431
-0.415,0.793,3.76,0.676,2.329,-1.431
-0.318,0.882,3.883,0.823,2.452,-1.431
-0.321,0.829,3.883,0.764,2.452,-1.431
-0.313,0.782,3.883,0.716,2.452,-1.431
-0.313,0.72,3.883,0.649,2.452,-1.431
-0.265,0.719,3.883,0.668,2.452,-1.431
-0.226,0.737,3.546,0.702,2.452,-1.095
-0.247,0.737,3.669,0.694,2.452,-1.217
-0.309,0.616,3.638,0.534,2.421,-1.217
-0.304,0.645,3.638,0.569,2.421,-1.217
-0.296,0.648,3.638,0.576,2.421,-1.217
-0.336,0.677,3.638,0.587,2.421,-1.217
-0.295,0.596,2.904,0.518,1.687,-1.217
-0.246,0.591,3.332,0.537,2.115,-1.217
-0.234,0.572,3.241,0.522,2.115,-1.125
-0.173,0.542,3.088,0.514,2.115,-0.973
-0.187,0.543,3.18,0.509,2.115,-1.064
-0.296,0.603,3.485,0.525,2.115,-1.37
-0.319,0.623,3.485,0.535,2.115,-1.37
-0.405,0.649,3.546,0.507,2.115,-1.431
-0.409,0.697,3.546,0.564,2.115,-1.431
-0.456,0.667,3.241,0.487,1.809,-1.431
-0.49,0.674,3.241,0.463,1.809,-1.431
-0.477,0.684,3.241,0.49,1.809,-1.431
-0.43,0.653,3.241,0.491,1.809,-1.431
-0.401,0.608,3.241,0.457,1.809,-1.431
-0.385,0.595,3.057,0.454,1.809,-1.248
-0.351,0.6,3.638,0.486,2.39,-1.248
-0.373,0.616,3.638,0.489,2.39,-1.248
-0.39,0.627,3.638,0.491,2.39,-1.248
-0.423,0.632,3.638,0.469,2.39,-1.248
-0.363,0.725,3.638,0.628,2.39,-1.248
-0.347,0.723,3.638,0.634,2.39,-1.248
-0.296,0.738,3.638,0.676,2.39,-1.248
-0.256,0.71,3.577,0.662,2.39,-1.187
-0.268,0.643,3.516,0.584,2.329,-1.187
-0.202,0.739,4.647,0.711,3.124,-1.523
-0.19,0.735,4.647,0.71,3.124,-1.523
-0.21,0.695,4.647,0.662,3.124,-1.523
-0.253,0.648,4.647,0.597,3.124,-1.523
-0.242,0.704,4.647,0.661,3.124,-1.523
-0.271,0.677,4.647,0.62,3.124,-1.523
-0.209,0.76,4.647,0.731,3.124,-1.523
-0.292,0.686,3.944,0.62,2.421,-1.523
-0.192,0.78,3.852,0.756,2.788,-1.064
-0.221,0.804,3.913,0.773,2.788,-1.125
-0.166,0.829,3.913,0.812,2.788,-1.125
-0.155,0.879,3.944,0.866,2.788,-1.156
-0.223,0.854,3.944,0.824,2.788,-1.156
-0.296,0.843,4.341,0.789,2.788,-1.553
-0.299,0.914,4.341,0.863,2.788,-1.553
-0.351,0.851,3.76,0.776,2.207,-1.553
-0.217,0.884,3.791,0.857,2.237,-1.553
-0.219,0.87,3.791,0.842,2.237,-1.553
-0.194,0.822,3.791,0.799,2.237,-1.553
-0.173,0.756,3.791,0.736,2.237,-1.553
-0.13,0.717,3.73,0.705,2.237,-1.492
-0.207,0.634,3.73,0.6,2.237,-1.492
-0.191,0.671,3.455,0.643,2.237,-1.217
-0.258,0.649,3.455,0.596,2.237,-1.217
-0.265,0.699,3.455,0.647,2.085,-1.37
-0.297,0.755,3.455,0.694,2.085,-1.37
-0.346,0.777,3.455,0.695,2.085,-1.37
-0.318,0.771,3.455,0.702,2.085,-1.37
-0.258,0.787,3.455,0.744,2.085,-1.37
-0.185,0.804,3.608,0.782,2.237,-1.37
-0.151,0.733,3.608,0.717,2.237,-1.37
-0.121,0.79,3.608,0.781,2.237,-1.37
-0.252,0.702,3.669,0.655,2.237,-1.431
-0.26,0.667,3.669,0.614,2.237,-1.431
-0.287,0.683,3.669,0.62,2.237,-1.431
-0.312,0.691,3.669,0.617,2.237,-1.431
-0.388,0.615,3.21,0.478,1.779,-1.431
-0.415,0.65,3.21,0.501,1.779,-1.431
-0.392,0.59,2.721,0.441,1.29,-1.431
-0.368,0.526,1.651,0.375,0.403,-1.248
-0.313,0.475,1.651,0.358,0.403,-1.248
-0.292,0.459,1.651,0.354,0.403,-1.248
-0.269,0.448,1.651,0.358,0.403,-1.248
-0.306,0.473,1.651,0.36,0.403,-1.248
-0.295,0.443,1.315,0.33,0.342,-0.973
-0.283,0.431,1.315,0.325,0.342,-0.973
-0.298,0.529,3.241,0.438,0.464,-2.776
-0.308,0.539,3.241,0.443,0.464,-2.776
-0.28,0.527,3.241,0.446,0.464,-2.776
-0.281,0.623,3.424,0.556,0.556,-2.868
-0.283,0.679,3.424,0.618,0.556,-2.868
-0.226,0.64,3.424,0.599,0.556,-2.868
-0.231,0.643,3.424,0.601,0.556,-2.868
-0.29,0.663,3.424,0.596,0.556,-2.868
-0.29,0.614,3.485,0.541,0.617,-2.868
-0.346,0.644,3.485,0.543,0.617,-2.868
-0.382,0.656,3.485,0.533,0.617,-2.868
-0.41,0.6,3.057,0.438,0.617,-2.44
-0.397,0.541,1.865,0.368,0.617,-1.248
-0.392,0.612,3.088,0.47,0.617,-2.471
-0.353,0.615,3.149,0.503,0.678,-2.471
-0.318,0.596,3.149,0.504,0.678,-2.471
-0.291,0.582,3.149,0.505,0.678,-2.471
-0.272,0.577,3.149,0.508,0.678,-2.471
-0.259,0.554,3.149,0.49,0.678,-2.471
-0.256,0.545,3.149,0.482,0.678,-2.471
-0.232,0.471,1.59,0.41,0.678,-0.911
-0.274,0.482,1.712,0.397,0.495,-1.217
-0.273,0.47,1.712,0.382,0.495,-1.217
-0.291,0.465,1.712,0.363,0.495,-1.217
-0.265,0.453,1.712,0.367,0.495,-1.217
-0.231,0.424,1.712,0.356,0.495,-1.217
-0.216,0.477,2.843,0.425,0.77,-2.073
-0.192,0.476,2.843,0.435,0.77,-2.073
-0.196,0.474,2.843,0.432,0.77,-2.073
-0.225,0.601,4.005,0.557,0.77,-3.235
-0.265,0.663,4.005,0.607,0.77,-3.235
-0.234,0.64,4.005,0.595,0.77,-3.235
-0.247,0.687,4.005,0.641,0.77,-3.235
-0.268,0.769,3.883,0.72,0.648,-3.235
-0.221,0.727,3.883,0.692,0.648,-3.235
-0.201,0.721,3.822,0.693,0.587,-3.235
-0.136,0.643,3.057,0.628,0.801,-2.257
-0.159,0.704,3.332,0.686,0.801,-2.532
-0.128,0.66,3.332,0.648,0.801,-2.532
-0.177,0.671,3.332,0.647,0.801,-2.532
-0.17,0.571,3.332,0.545,0.801,-2.532
-0.194,0.603,3.394,0.571,0.862,-2.532
-0.241,0.676,3.455,0.632,0.862,-2.593
-0.322,0.818,3.913,0.752,0.862,-3.052
-0.288,0.818,3.913,0.765,0.862,-3.052
-0.294,0.862,3.913,0.81,0.862,-3.052
-0.252,0.855,3.913,0.817,0.862,-3.052
-0.15,0.838,3.913,0.824,0.862,-3.052
-0.158,0.852,3.913,0.837,0.862,-3.052
-0.229,0.921,3.883,0.892,0.831,-3.052
-0.179,0.792,3.332,0.771,0.831,-2.501
-0.312,0.939,3.608,0.886,0.831,-2.776
-0.349,0.891,3.455,0.82,0.678,-2.776
-0.394,0.958,3.883,0.873,1.106,-2.776
-0.491,1.043,3.883,0.92,1.106,-2.776
-0.484,1.07,3.883,0.954,1.106,-2.776
-0.366,0.967,3.883,0.895,1.106,-2.776
-0.414,1.081,4.005,0.999,1.229,-2.776
-0.333,1.073,4.005,1.02,1.229,-2.776
-0.251,0.977,4.097,0.944,1.229,-2.868
-0.242,0.975,4.097,0.945,1.229,-2.868
-0.162,0.885,4.097,0.87,1.229,-2.868
-0.185,0.885,4.097,0.865,1.229,-2.868
-0.192,0.835,4.097,0.813,1.229,-2.868
-0.11,0.717,3.608,0.709,0.739,-2.868
-0.097,0.739,3.73,0.733,0.862,-2.868
-0.039,0.674,3.516,0.673,0.862,-2.654
-0.127,0.814,3.73,0.804,0.892,-2.838
-0.076,0.814,3.73,0.811,0.892,-2.838
-0.05,0.804,3.73,0.803,0.892,-2.838
-0.015,0.799,3.73,0.799,0.892,-2.838
-0.038,0.797,3.73,0.796,0.892,-2.838
-0.053,0.77,3.73,0.768,0.892,-2.838
-0.082,0.77,3.73,0.766,0.892,-2.838
-0.095,0.767,3.669,0.761,0.831,-2.838
-0.05,0.652,3.027,0.65,0.831,-2.196
-0.1,0.644,2.874,0.636,0.678,-2.196
-0.095,0.655,2.874,0.648,0.678,-2.196
-0.075,0.59,2.874,0.585,0.678,-2.196
-0.068,0.633,3.638,0.63,1.137,-2.501
-0.187,0.799,3.76,0.776,1.137,-2.624
-0.256,0.837,3.76,0.797,1.137,-2.624
-0.245,0.812,3.76,0.774,1.137,-2.624
-0.334,0.913,3.822,0.849,1.137,-2.685
-0.339,0.895,3.822,0.828,1.137,-2.685
-0.301,0.877,3.883,0.824,1.198,-2.685
-0.42,0.995,3.883,0.902,1.198,-2.685
-0.354,0.89,3.883,0.816,1.198,-2.685
-0.315,0.913,3.883,0.857,1.198,-2.685
-0.308,0.927,3.883,0.875,1.198,-2.685
-0.314,0.982,3.883,0.931,1.198,-2.685
-0.288,0.941,3.883,0.896,1.198,-2.685
-0.353,1.034,3.883,0.973,1.198,-2.685
-0.358,1.007,3.271,0.941,0.587,-2.685
-0.314,0.96,3.271,0.907,0.587,-2.685
-0.328,0.972,3.424,0.915,0.739,-2.685
-0.303,0.886,3.424,0.832,0.739,-2.685
-0.238,0.806,3.424,0.77,0.739,-2.685
-0.216,0.881,3.822,0.854,1.137,-2.685
-0.193,0.861,3.791,0.839,1.137,-2.654
-0.164,0.868,3.791,0.852,1.137,-2.654
-0.139,0.855,3.791,0.844,1.137,-2.654
-0.099,0.864,3.791,0.858,1.137,-2.654
-0.109,0.866,3.883,0.859,1.137,-2.746
-0.195,0.978,3.883,0.958,1.137,-2.746
-0.235,1.025,3.73,0.998,0.984,-2.746
-0.285,1.084,3.822,1.045,0.984,-2.838
-0.257,1.059,3.822,1.028,0.984,-2.838
-0.234,1.06,3.822,1.034,0.984,-2.838
-0.278,1.122,3.822,1.087,0.984,-2.838
-0.314,1.127,3.822,1.082,0.984,-2.838
-0.37,1.15,3.822,1.089,0.984,-2.838
-0.205,1.137,5.778,1.118,2.941,-2.838
-0.276,1.158,5.778,1.125,2.941,-2.838
-0.263,1.125,5.289,1.094,2.941,-2.348
-0.378,1.249,5.289,1.191,2.941,-2.348
-0.265,1.214,5.136,1.185,2.941,-2.196
-0.417,1.32,5.197,1.252,2.941,-2.257
-0.412,1.313,5.197,1.247,2.941,-2.257
-0.418,1.289,5.136,1.22,2.88,-2.257
-0.428,1.299,5.106,1.227,2.635,-2.471
-0.36,1.313,5.106,1.263,2.635,-2.471
-0.243,1.253,5.106,1.229,2.635,-2.471
-0.335,1.269,4.861,1.224,2.268,-2.593
-0.48,1.284,4.341,1.191,1.748,-2.593
-0.442,1.279,4.341,1.2,1.748,-2.593
-0.531,1.311,4.341,1.198,1.748,-2.593
-0.472,1.305,4.341,1.217,1.748,-2.593
-0.585,1.308,3.913,1.17,1.32,-2.593
-0.526,1.35,4.25,1.243,1.657,-2.593
-0.484,1.333,4.066,1.242,1.657,-2.41
-0.291,1.309,4.066,1.277,1.657,-2.41
-0.383,1.358,4.066,1.303,1.657,-2.41
-0.366,1.336,4.066,1.284,1.657,-2.41
-0.323,1.32,4.005,1.28,1.657,-2.348
-0.34,1.329,4.005,1.285,1.657,-2.348
-0.394,1.312,4.066,1.251,1.657,-2.41
-0.551,1.304,3.974,1.182,1.565,-2.41
-0.477,1.239,3.974,1.143,1.565,-2.41
-0.512,1.242,3.944,1.131,1.534,-2.41
-0.502,1.23,3.944,1.123,1.534,-2.41
-0.459,1.204,3.944,1.113,1.534,-2.41
-0.452,1.187,3.944,1.097,1.534,-2.41
-0.408,1.195,3.944,1.123,1.534,-2.41
-0.402,1.15,3.883,1.077,1.534,-2.348
-0.338,1.125,3.883,1.073,1.534,-2.348
-0.374,1.121,3.638,1.056,1.29,-2.348
-0.256,1.044,3.638,1.012,1.29,-2.348
-0.169,0.97,3.516,0.955,1.29,-2.226
-0.1,0.932,3.516,0.927,1.29,-2.226
-0.101,0.96,3.332,0.955,1.106,-2.226
-0.197,1.027,3.516,1.008,1.106,-2.41
-0.239,1.055,3.516,1.028,1.106,-2.41
-0.277,1.124,3.516,1.09,1.106,-2.41
-0.279,1.169,3.883,1.135,1.32,-2.562
-0.295,1.18,3.883,1.142,1.32,-2.562
-0.358,1.223,3.883,1.17,1.32,-2.562
-0.437,1.237,3.883,1.157,1.32,-2.562
-0.388,1.221,3.883,1.158,1.32,-2.562
-0.302,1.165,3.883,1.125,1.32,-2.562
-0.307,1.166,3.883,1.125,1.32,-2.562
-0.339,1.113,3.394,1.06,0.953,-2.44
-0.294,1.114,3.394,1.075,0.953,-2.44
-0.235,1.076,3.516,1.05,1.076,-2.44
-0.204,1.087,3.516,1.067,1.076,-2.44
-0.203,1.081,3.73,1.062,1.29,-2.44
-0.193,1.08,3.73,1.062,1.29,-2.44
-0.265,1.121,3.577,1.089,1.29,-2.287
-0.262,1.15,3.577,1.12,1.29,-2.287
-0.233,1.13,3.577,1.105,1.29,-2.287
-0.233,1.128,3.577,1.104,1.29,-2.287
-0.311,1.209,3.577,1.168,1.29,-2.287
-0.214,1.193,3.638,1.174,1.351,-2.287
-0.172,1.192,3.638,1.179,1.351,-2.287
-0.146,1.187,3.608,1.178,1.351,-2.257
-0.145,1.189,3.608,1.181,1.351,-2.257
-0.141,1.214,4.005,1.206,1.657,-2.348
-0.124,1.238,4.066,1.232,1.657,-2.41
-0.092,1.212,4.066,1.209,1.657,-2.41
-0.221,1.254,4.066,1.234,1.657,-2.41
-0.282,1.253,4.066,1.221,1.657,-2.41
-0.161,1.203,4.066,1.192,1.657,-2.41
-0.134,1.187,4.066,1.179,1.657,-2.41
-0.033,1.135,4.066,1.134,1.657,-2.41
0.002,1.09,3.883,1.09,1.473,-2.41
0.053,1.043,3.883,1.042,1.473,-2.41
0.021,1.013,4.127,1.013,1.473,-2.654
0.004,1.076,4.127,1.076,1.473,-2.654
-0.018,1.085,4.127,1.085,1.473,-2.654
-0.163,1.181,4.127,1.169,1.473,-2.654
-0.32,1.234,4.127,1.192,1.473,-2.654
-0.379,1.278,4.066,1.22,1.412,-2.654
-0.449,1.319,4.066,1.24,1.412,-2.654
-0.334,1.286,4.066,1.241,1.412,-2.654
-0.276,1.238,3.974,1.207,1.412,-2.562
-0.472,1.301,3.638,1.212,1.412,-2.226
-0.449,1.288,3.638,1.208,1.412,-2.226
-0.373,1.221,3.455,1.163,1.412,-2.043
-0.221,1.146,3.424,1.124,1.412,-2.012
-0.161,1.109,3.149,1.097,1.137,-2.012
-0.208,1.136,3.974,1.117,1.198,-2.776
-0.331,1.21,3.974,1.164,1.198,-2.776
-0.27,1.188,3.974,1.157,1.198,-2.776
-0.153,1.155,4.036,1.144,1.259,-2.776
-0.128,1.147,4.036,1.14,1.259,-2.776
-0.079,1.166,4.219,1.163,1.443,-2.776
-0.124,1.156,4.219,1.15,1.443,-2.776
-0.072,1.098,3.944,1.096,1.443,-2.501
0.052,1.057,3.669,1.056,1.443,-2.226
-0.056,1.137,3.76,1.135,1.443,-2.318
-0.043,1.095,3.76,1.094,1.443,-2.318
-0.054,1.08,3.76,1.079,1.443,-2.318
-0.077,1.079,3.76,1.076,1.443,-2.318
-0.082,1.104,3.699,1.101,1.381,-2.318
-0.145,1.156,3.699,1.147,1.381,-2.318
-0.088,1.124,3.76,1.12,1.443,-2.318
-0.014,1.052,3.76,1.052,1.443,-2.318
0.16,1.017,3.363,1.004,1.443,-1.92
0.145,1.049,3.455,1.039,1.443,-2.012
0.089,1.084,3.516,1.08,1.443,-2.073
0.24,1.072,3.516,1.045,1.443,-2.073
0.248,1.026,3.516,0.996,1.443,-2.073
0.25,1.031,3.516,1.0,1.443,-2.073
0.215,1.028,3.394,1.006,1.32,-2.073
0.121,1.013,3.394,1.006,1.32,-2.073
0.104,1.042,3.394,1.036,1.32,-2.073
0.083,1.041,3.424,1.037,1.32,-2.104
0.117,1.048,3.424,1.042,1.32,-2.104
0.122,1.011,3.424,1.004,1.32,-2.104
0.141,1.048,3.455,1.039,1.32,-2.134
0.092,1.075,3.699,1.071,1.32,-2.379
-0.034,1.125,3.699,1.125,1.32,-2.379
-0.024,1.15,3.699,1.149,1.32,-2.379
-0.041,1.102,3.699,1.102,1.32,-2.379
-0.029,1.059,3.699,1.058,1.32,-2.379
-0.151,1.101,3.76,1.091,1.381,-2.379
-0.13,1.077,3.76,1.069,1.381,-2.379
-0.087,1.048,3.76,1.044,1.381,-2.379
-0.029,0.996,3.699,0.996,1.381,-2.318
0.076,0.944,3.699,0.941,1.381,-2.318
0.083,0.928,3.669,0.924,1.381,-2.287
0.108,0.939,3.669,0.932,1.381,-2.287
0.091,0.952,3.669,0.947,1.381,-2.287
0.051,0.997,3.546,0.995,1.259,-2.287
0.02,0.952,3.363,0.952,1.076,-2.287
0.074,0.949,3.699,0.946,1.412,-2.287
-0.031,1.019,3.73,1.018,1.412,-2.318
0.087,0.961,3.73,0.957,1.412,-2.318
-0.023,1.053,3.76,1.052,1.443,-2.318
-0.051,1.095,4.005,1.094,1.687,-2.318
0.071,1.051,4.005,1.048,1.687,-2.318
0.213,1.042,4.005,1.02,1.687,-2.318
0.167,1.08,4.005,1.067,1.687,-2.318
0.201,1.02,3.608,1.0,1.687,-1.92
0.125,1.097,3.73,1.09,1.687,-2.043
0.092,1.107,3.73,1.104,1.687,-2.043
0.179,1.035,3.699,1.019,1.657,-2.043
0.205,1.049,3.699,1.029,1.657,-2.043
0.133,1.096,4.861,1.088,2.818,-2.043
0.227,1.113,4.861,1.089,2.818,-2.043
0.297,1.157,4.861,1.118,2.818,-2.043
0.24,1.197,4.861,1.172,2.818,-2.043
0.42,1.179,4.739,1.102,2.818,-1.92
0.457,1.152,4.678,1.058,2.818,-1.859
0.451,1.103,4.678,1.006,2.818,-1.859
0.427,1.043,4.678,0.952,2.818,-1.859
0.281,0.906,4.616,0.862,2.757,-1.859
0.166,0.813,4.616,0.796,2.757,-1.859
0.157,0.631,4.372,0.611,2.757,-1.615
0.099,0.563,4.036,0.554,2.36,-1.676
0.057,0.5,2.568,0.496,0.892,-1.676
0.036,0.443,2.354,0.442,0.678,-1.676
0.079,0.486,3.516,0.479,1.84,-1.676
0.11,0.519,3.516,0.507,1.84,-1.676
0.121,0.47,3.516,0.454,1.84,-1.676
0.128,0.463,3.516,0.445,1.84,-1.676
0.141,0.523,3.822,0.504,2.146,-1.676
0.169,0.629,3.363,0.605,2.482,-0.881
0.181,0.669,3.363,0.644,2.482,-0.881
0.167,0.708,3.363,0.689,2.482,-0.881
0.172,0.706,3.363,0.685,2.482,-0.881
0.163,0.719,3.363,0.701,2.482,-0.881
0.201,0.743,3.363,0.715,2.482,-0.881
0.295,0.837,3.241,0.783,2.482,-0.759
0.224,0.813,3.271,0.782,2.482,-0.789
0.196,0.733,3.241,0.707,2.452,-0.789
0.272,0.879,3.455,0.836,2.666,-0.789
0.323,0.97,3.455,0.914,2.666,-0.789
0.291,0.996,3.455,0.953,2.666,-0.789
0.321,1.06,3.455,1.01,2.666,-0.789
0.193,1.02,3.791,1.002,2.666,-1.125
0.154,1.001,3.791,0.989,2.666,-1.125
0.243,1.067,3.791,1.039,2.666,-1.125
0.235,1.04,3.791,1.013,2.666,-1.125
0.206,0.994,3.791,0.972,2.666,-1.125
0.076,0.887,3.791,0.884,2.666,-1.125
0.115,0.922,3.791,0.915,2.666,-1.125
0.137,0.957,3.852,0.947,2.666,-1.187
0.153,0.981,3.852,0.969,2.666,-1.187
0.083,0.981,3.852,0.978,2.666,-1.187
0.139,1.048,3.791,1.038,2.604,-1.187
0.157,1.09,3.791,1.079,2.604,-1.187
0.172,1.07,3.791,1.056,2.604,-1.187
0.132,1.04,3.791,1.032,2.604,-1.187
0.131,1.045,4.036,1.037,2.604,-1.431
0.228,1.086,4.036,1.062,2.604,-1.431
0.223,1.114,4.127,1.092,2.696,-1.431
0.209,1.077,4.127,1.057,2.696,-1.431
0.084,0.944,4.127,0.94,2.696,-1.431
0.06,0.949,4.127,0.947,2.696,-1.431
0.055,0.968,4.127,0.966,2.696,-1.431
0.105,1.018,4.127,1.012,2.696,-1.431
0.215,1.076,3.883,1.054,2.696,-1.187
0.034,0.961,3.669,0.96,2.482,-1.187
0.112,0.97,3.669,0.964,2.482,-1.187
0.207,1.054,3.669,1.034,2.482,-1.187
0.307,1.106,3.669,1.062,2.482,-1.187
0.395,1.137,3.577,1.066,2.482,-1.095
0.526,1.228,3.577,1.109,2.482,-1.095
0.498,1.205,3.577,1.098,2.482,-1.095
0.544,1.227,3.791,1.1,2.482,-1.309
0.541,1.238,3.791,1.114,2.482,-1.309
0.452,1.251,3.791,1.166,2.482,-1.309
0.416,1.265,3.791,1.195,2.482,-1.309
0.363,1.228,3.546,1.173,2.237,-1.309
0.439,1.287,3.546,1.21,2.237,-1.309
0.477,1.332,4.311,1.244,2.299,-2.012
0.431,1.343,4.311,1.272,2.299,-2.012
0.505,1.383,4.311,1.287,2.299,-2.012
0.666,1.449,4.311,1.287,2.299,-2.012
0.73,1.441,4.311,1.243,2.299,-2.012
0.527,1.378,4.311,1.273,2.299,-2.012
0.58,1.393,4.311,1.267,2.299,-2.012
0.43,1.36,4.311,1.29,2.299,-2.012
0.527,1.404,4.525,1.302,2.849,-1.676
0.389,1.367,4.525,1.31,2.849,-1.676
0.401,1.395,4.525,1.336,2.849,-1.676
0.176,1.346,4.525,1.334,2.849,-1.676
0.287,1.409,4.525,1.38,2.849,-1.676
0.256,1.44,4.525,1.417,2.849,-1.676
0.192,1.485,4.525,1.472,2.849,-1.676
0.347,1.496,4.433,1.455,2.849,-1.584
0.244,1.439,4.158,1.418,2.574,-1.584
0.146,1.419,4.402,1.412,2.574,-1.829
0.055,1.372,4.402,1.371,2.574,-1.829
0.113,1.428,4.464,1.424,2.574,-1.89
0.132,1.4,4.464,1.394,2.574,-1.89
0.197,1.399,4.127,1.385,2.237,-1.89
0.168,1.389,4.311,1.379,2.421,-1.89
0.066,1.367,4.311,1.365,2.421,-1.89
0.018,1.326,4.311,1.326,2.421,-1.89
0.146,1.372,4.311,1.364,2.421,-1.89
0.141,1.36,4.311,1.352,2.421,-1.89
-0.0,1.384,4.341,1.384,2.421,-1.92
-0.028,1.382,4.341,1.382,2.421,-1.92
-0.183,1.34,4.341,1.328,2.421,-1.92
-0.165,1.274,4.127,1.263,2.207,-1.92
-0.075,1.317,4.127,1.315,2.207,-1.92
-0.159,1.296,4.127,1.287,2.207,-1.92
-0.216,1.239,4.036,1.22,2.115,-1.92
-0.265,1.193,4.036,1.164,2.115,-1.92
-0.039,1.177,3.913,1.177,2.115,-1.798
-0.002,1.188,3.974,1.188,2.115,-1.859
0.115,1.25,3.974,1.245,2.115,-1.859
0.068,1.258,4.005,1.256,1.901,-2.104
0.024,1.25,4.005,1.25,1.901,-2.104
0.065,1.242,4.005,1.24,1.901,-2.104
0.296,1.306,4.494,1.272,2.39,-2.104
0.367,1.349,4.494,1.298,2.39,-2.104
0.257,1.316,4.494,1.291,2.39,-2.104
0.272,1.328,4.494,1.299,2.39,-2.104
0.261,1.332,4.494,1.306,2.39,-2.104
0.332,1.373,4.097,1.332,2.421,-1.676
0.311,1.403,4.097,1.368,2.421,-1.676
0.196,1.392,4.097,1.379,2.421,-1.676
0.011,1.347,4.097,1.347,2.421,-1.676
0.021,1.359,4.097,1.359,2.421,-1.676
0.029,1.342,4.586,1.341,2.421,-2.165
-0.055,1.341,4.647,1.34,2.421,-2.226
0.057,1.353,4.647,1.352,2.421,-2.226
0.17,1.367,4.555,1.356,2.329,-2.226
0.305,1.431,4.616,1.398,2.39,-2.226
0.38,1.483,4.678,1.434,2.452,-2.226
0.549,1.512,4.678,1.409,2.452,-2.226
0.437,1.503,4.678,1.439,2.452,-2.226
0.496,1.52,4.678,1.437,2.452,-2.226
0.497,1.5,4.127,1.415,2.452,-1.676
0.332,1.437,4.127,1.398,2.452,-1.676
0.319,1.457,4.372,1.422,2.452,-1.92
0.233,1.383,4.25,1.363,2.329,-1.92
0.031,1.322,4.158,1.322,2.237,-1.92
0.038,1.328,4.066,1.328,2.146,-1.92
0.154,1.39,4.494,1.381,2.574,-1.92
0.079,1.403,4.494,1.401,2.574,-1.92
0.261,1.445,4.494,1.421,2.574,-1.92
0.215,1.46,4.494,1.444,2.574,-1.92
0.252,1.446,4.525,1.424,2.574,-1.951
0.469,1.474,4.525,1.397,2.574,-1.951
0.51,1.506,4.83,1.417,2.574,-2.257
0.31,1.47,4.586,1.437,2.329,-2.257
0.415,1.507,4.586,1.449,2.329,-2.257
0.415,1.488,4.525,1.429,2.268,-2.257
0.366,1.503,4.525,1.457,2.268,-2.257
0.364,1.528,4.525,1.484,2.268,-2.257
0.267,1.529,4.525,1.505,2.268,-2.257
0.154,1.549,4.525,1.542,2.268,-2.257
0.136,1.542,4.525,1.536,2.268,-2.257
0.125,1.489,4.433,1.484,2.176,-2.257
-0.083,1.492,4.616,1.49,2.176,-2.44
-0.13,1.449,4.616,1.443,2.176,-2.44
-0.009,1.4,4.586,1.4,2.146,-2.44
-0.064,1.387,4.586,1.386,2.146,-2.44
0.026,1.408,4.647,1.408,2.207,-2.44
0.11,1.348,4.647,1.344,2.207,-2.44
0.17,1.341,4.647,1.331,2.207,-2.44
0.152,1.299,4.219,1.291,2.207,-2.012
0.087,1.326,4.311,1.323,2.207,-2.104
-0.008,1.287,4.311,1.287,2.207,-2.104
-0.088,1.308,4.311,1.305,2.207,-2.104
-0.113,1.248,4.311,1.243,2.207,-2.104
-0.199,1.248,3.913,1.232,1.809,-2.104
-0.183,1.236,3.913,1.223,1.809,-2.104
-0.112,1.25,3.913,1.245,1.809,-2.104
0.051,1.183,3.546,1.182,1.809,-1.737
0.045,1.209,3.546,1.208,1.809,-1.737
0.2,1.215,3.699,1.199,1.962,-1.737
0.223,1.188,3.638,1.166,1.962,-1.676
0.104,1.223,3.76,1.219,1.962,-1.798
0.105,1.167,3.76,1.162,1.962,-1.798
0.101,1.132,3.76,1.127,1.962,-1.798
-0.032,1.134,3.76,1.134,1.962,-1.798
0.077,1.126,3.76,1.123,1.962,-1.798
0.076,1.123,3.76,1.12,1.962,-1.798
-0.018,1.121,3.485,1.121,1.687,-1.798
0.02,1.1,3.485,1.1,1.687,-1.798
0.075,1.087,3.455,1.085,1.687,-1.768
0.075,1.083,3.424,1.08,1.687,-1.737
0.094,1.128,3.394,1.124,1.687,-1.706
-0.023,1.154,3.516,1.154,1.687,-1.829
-0.091,1.129,3.638,1.126,1.687,-1.951
-0.031,1.106,3.76,1.106,1.809,-1.951
0.023,1.12,3.852,1.12,1.809,-2.043
0.081,1.163,3.944,1.161,1.809,-2.134
0.06,1.183,3.944,1.181,1.809,-2.134
0.065,1.194,3.944,1.192,1.809,-2.134
0.189,1.167,3.944,1.151,1.809,-2.134
0.183,1.158,3.944,1.144,1.809,-2.134
0.177,1.126,3.852,1.113,1.718,-2.134
0.009,1.152,3.852,1.152,1.718,-2.134
-0.013,1.14,3.516,1.139,1.718,-1.798
-0.1,1.137,3.791,1.132,1.718,-2.073
-0.148,1.122,3.791,1.113,1.718,-2.073
-0.124,1.13,3.791,1.123,1.718,-2.073
-0.161,1.123,3.577,1.111,1.504,-2.073
-0.127,1.182,4.066,1.175,1.993,-2.073
0.015,1.232,4.066,1.232,1.993,-2.073
0.15,1.201,4.066,1.192,1.993,-2.073
0.19,1.161,3.883,1.146,1.993,-1.89
0.252,1.17,3.883,1.143,1.993,-1.89
0.121,1.214,3.852,1.208,1.993,-1.859
0.152,1.208,3.852,1.198,1.993,-1.859
0.167,1.203,3.852,1.191,1.993,-1.859
0.183,1.141,3.485,1.126,1.779,-1.706
0.222,1.139,3.852,1.118,2.146,-1.706
0.19,1.179,3.852,1.164,2.146,-1.706
0.057,1.189,3.852,1.187,2.146,-1.706
0.153,1.198,3.852,1.188,2.146,-1.706
0.233,1.193,3.883,1.17,2.146,-1.737
0.068,1.252,4.372,1.25,2.146,-2.226
0.025,1.267,4.372,1.267,2.146,-2.226
0.001,1.29,4.372,1.29,2.146,-2.226
-0.069,1.292,3.974,1.29,1.748,-2.226
0.017,1.295,3.974,1.295,1.748,-2.226
0.019,1.296,3.974,1.296,1.748,-2.226
0.057,1.289,4.066,1.288,1.84,-2.226
-0.087,1.269,3.76,1.266,1.84,-1.92
0.029,1.266,3.76,1.265,1.84,-1.92
0.027,1.245,3.76,1.245,1.84,-1.92
0.104,1.243,3.76,1.239,1.84,-1.92
-0.061,1.238,3.76,1.237,1.84,-1.92
-0.044,1.239,3.76,1.238,1.84,-1.92
-0.09,1.235,3.76,1.232,1.84,-1.92
-0.087,1.24,3.73,1.237,1.809,-1.92
-0.105,1.266,3.73,1.262,1.809,-1.92
-0.231,1.285,3.73,1.264,1.809,-1.92
-0.272,1.245,3.608,1.215,1.687,-1.92
-0.276,1.292,3.669,1.262,1.748,-1.92
-0.172,1.298,3.669,1.286,1.748,-1.92
-0.144,1.328,4.188,1.321,2.268,-1.92
-0.072,1.319,4.188,1.317,2.268,-1.92
-0.022,1.325,4.188,1.325,2.268,-1.92
0.12,1.308,4.188,1.303,2.268,-1.92
0.104,1.29,4.188,1.286,2.268,-1.92
0.188,1.256,4.188,1.242,2.268,-1.92
0.163,1.234,4.188,1.224,2.268,-1.92
0.107,1.153,3.791,1.148,2.054,-1.737
0.176,1.152,3.791,1.138,2.054,-1.737
0.163,1.14,3.791,1.129,2.054,-1.737
0.145,1.112,3.669,1.103,2.146,-1.523
0.044,1.086,3.669,1.085,2.146,-1.523
0.045,1.095,3.669,1.094,2.146,-1.523
0.011,1.114,3.669,1.114,2.146,-1.523
-0.048,1.08,3.608,1.079,2.146,-1.462
-0.144,1.049,3.608,1.039,2.146,-1.462
-0.127,1.051,3.516,1.043,2.146,-1.37
-0.274,0.982,3.149,0.943,1.748,-1.401
-0.103,1.069,3.883,1.064,2.482,-1.401
0.032,1.135,3.883,1.134,2.482,-1.401
0.044,1.146,3.883,1.145,2.482,-1.401
0.049,1.11,3.883,1.109,2.482,-1.401
0.112,1.133,3.883,1.127,2.482,-1.401
0.108,1.103,3.883,1.098,2.482,-1.401
0.148,1.075,3.822,1.065,2.482,-1.339
0.142,1.086,4.036,1.077,2.482,-1.553
-0.067,0.966,3.638,0.964,2.085,-1.553
-0.144,0.97,3.638,0.96,2.085,-1.553
-0.07,1.005,3.638,1.003,2.085,-1.553
0.026,1.068,3.638,1.068,2.085,-1.553
0.077,1.147,3.944,1.145,2.39,-1.553
0.094,1.162,3.944,1.158,2.39,-1.553
0.037,1.146,3.944,1.146,2.39,-1.553
0.154,1.198,3.944,1.188,2.39,-1.553
0.233,1.203,3.791,1.18,2.39,-1.401
0.16,1.173,3.791,1.162,2.39,-1.401
0.173,1.197,3.791,1.184,2.39,-1.401
0.191,1.184,3.608,1.169,2.207,-1.401
0.207,1.186,3.608,1.168,2.207,-1.401
0.254,1.216,3.608,1.19,2.207,-1.401
0.237,1.213,3.638,1.19,2.207,-1.431
0.196,1.225,3.638,1.209,2.207,-1.431
0.218,1.251,3.546,1.232,2.115,-1.431
0.18,1.236,3.913,1.223,2.482,-1.431
0.174,1.224,3.913,1.212,2.482,-1.431
0.173,1.197,3.913,1.184,2.482,-1.431
0.181,1.24,3.974,1.227,2.543,-1.431
0.096,1.253,5.381,1.249,2.543,-2.838
0.098,1.261,5.381,1.257,2.543,-2.838
0.139,1.311,5.381,1.304,2.543,-2.838
0.108,1.4,5.564,1.396,2.543,-3.021
0.159,1.389,5.564,1.38,2.543,-3.021
0.171,1.375,5.564,1.364,2.543,-3.021
0.095,1.284,5.564,1.281,2.543,-3.021
0.067,1.305,5.564,1.303,2.543,-3.021
0.065,1.197,5.381,1.196,2.36,-3.021
0.069,1.097,5.167,1.095,2.146,-3.021
0.174,0.985,5.167,0.969,2.146,-3.021
0.102,0.815,4.464,0.808,2.146,-2.318
0.096,0.782,4.464,0.777,2.146,-2.318
0.086,0.714,4.464,0.709,2.146,-2.318
0.128,0.689,4.464,0.677,2.146,-2.318
0.124,0.631,4.066,0.619,2.146,-1.92
0.091,0.612,3.424,0.605,2.452,-0.973
0.075,0.578,3.424,0.573,2.452,-0.973
0.039,0.55,3.424,0.549,2.452,-0.973
0.025,0.53,3.424,0.529,2.452,-0.973
0.057,0.528,3.424,0.525,2.452,-0.973
0.06,0.591,3.852,0.587,2.88,-0.973
0.043,0.603,4.219,0.601,2.88,-1.339
0.07,0.59,4.219,0.586,2.88,-1.339
0.05,0.514,4.219,0.511,2.88,-1.339
0.057,0.576,4.219,0.573,2.88,-1.339
0.054,0.586,4.219,0.583,2.88,-1.339
0.016,0.623,4.219,0.623,2.88,-1.339
0.038,0.639,4.219,0.638,2.88,-1.339
-0.046,0.587,3.577,0.585,2.237,-1.339
0.015,0.623,3.363,0.622,2.237,-1.125
0.094,0.797,3.791,0.792,2.666,-1.125
0.135,0.888,3.791,0.877,2.666,-1.125
0.164,0.976,4.433,0.962,3.246,-1.187
0.17,1.026,4.708,1.012,3.246,-1.462
0.272,1.179,4.708,1.147,3.246,-1.462
0.265,1.22,4.708,1.191,3.246,-1.462
0.238,1.268,4.708,1.246,3.246,-1.462
0.075,1.197,4.708,1.195,3.246,-1.462
0.157,1.295,4.708,1.286,3.246,-1.462
0.056,1.242,4.555,1.241,3.094,-1.462
0.02,1.243,4.555,1.243,3.094,-1.462
0.145,1.293,4.25,1.285,3.094,-1.156
-0.003,1.187,4.25,1.187,3.094,-1.156
0.042,1.207,4.25,1.206,3.094,-1.156
0.097,1.189,4.25,1.185,3.094,-1.156
0.048,1.178,4.219,1.177,3.094,-1.125
-0.027,1.107,3.974,1.107,2.849,-1.125
0.068,1.156,3.944,1.154,2.849,-1.095
-0.053,1.105,4.188,1.104,2.849,-1.339
-0.132,1.096,4.188,1.088,2.849,-1.339
-0.086,1.137,4.188,1.134,2.849,-1.339
0.073,1.262,4.188,1.26,2.849,-1.339
0.08,1.251,4.066,1.248,2.727,-1.339
0.126,1.333,4.647,1.327,3.308,-1.339
0.162,1.329,4.647,1.319,3.308,-1.339
0.124,1.293,4.555,1.287,3.308,-1.248
0.073,1.278,4.555,1.276,3.308,-1.248
0.029,1.186,4.525,1.185,3.308,-1.217
-0.0,1.202,4.525,1.202,3.308,-1.217
-0.095,1.14,4.525,1.136,3.308,-1.217
-0.129,1.097,4.158,1.09,2.941,-1.217
-0.09,1.123,4.158,1.12,2.941,-1.217
0.056,1.212,4.158,1.211,2.941,-1.217
0.111,1.217,4.158,1.212,2.941,-1.217
0.191,1.236,4.158,1.221,2.941,-1.217
0.252,1.255,3.822,1.23,2.604,-1.217
0.281,1.28,3.822,1.248,2.604,-1.217
0.318,1.29,3.699,1.25,2.604,-1.095
0.318,1.279,4.036,1.239,2.666,-1.37
0.3,1.29,4.036,1.255,2.666,-1.37
0.221,1.255,4.066,1.235,2.666,-1.401
0.06,1.145,4.066,1.143,2.666,-1.401
0.112,1.16,4.066,1.155,2.666,-1.401
0.151,1.153,4.066,1.143,2.666,-1.401
0.232,1.133,4.066,1.109,2.666,-1.401
0.044,0.965,3.852,0.964,2.452,-1.401
0.049,0.917,3.852,0.915,2.452,-1.401
0.083,0.874,3.455,0.87,2.452,-1.003
0.103,0.906,3.577,0.9,2.452,-1.125
0.051,0.887,3.577,0.886,2.452,-1.125
-0.151,0.7,3.546,0.684,2.421,-1.125
-0.133,0.771,3.546,0.76,2.421,-1.125
-0.153,0.806,3.546,0.791,2.421,-1.125
-0.155,0.803,3.546,0.787,2.421,-1.125
-0.211,0.743,3.394,0.712,2.268,-1.125
-0.212,0.678,3.332,0.644,2.268,-1.064
-0.217,0.619,3.332,0.58,2.268,-1.064
-0.152,0.708,3.608,0.692,2.696,-0.911
-0.228,0.616,3.608,0.572,2.696,-0.911
-0.156,0.658,3.608,0.639,2.696,-0.911
-0.155,0.66,3.608,0.641,2.696,-0.911
-0.082,0.76,3.608,0.756,2.696,-0.911
-0.082,0.759,3.577,0.755,2.696,-0.881
-0.09,0.812,3.974,0.807,2.696,-1.278
0.009,0.91,3.974,0.91,2.696,-1.278
0.025,0.882,4.036,0.882,2.757,-1.278
-0.019,0.829,4.036,0.829,2.757,-1.278
0.029,0.863,4.036,0.863,2.757,-1.278
0.016,0.869,4.036,0.869,2.757,-1.278
0.016,0.855,4.036,0.854,2.757,-1.278
0.013,0.847,3.852,0.847,2.757,-1.095
-0.109,0.757,3.852,0.749,2.757,-1.095
-0.152,0.766,3.852,0.751,2.757,-1.095
-0.202,0.756,3.974,0.729,2.543,-1.431
-0.233,0.731,3.699,0.693,2.268,-1.431
-0.19,0.81,3.699,0.788,2.268,-1.431
-0.19,0.83,3.699,0.808,2.268,-1.431
-0.077,0.893,3.638,0.89,2.207,-1.431
-0.05,0.888,3.638,0.886,2.207,-1.431
0.02,0.895,3.638,0.895,2.207,-1.431
0.054,0.886,3.394,0.884,2.207,-1.187
0.058,0.898,3.241,0.896,2.207,-1.034
0.041,0.886,3.455,0.885,2.207,-1.248
-0.032,0.816,3.455,0.815,2.207,-1.248
-0.094,0.784,3.485,0.779,2.237,-1.248
-0.099,0.808,3.485,0.802,2.237,-1.248
-0.042,0.893,3.791,0.892,2.543,-1.248
-0.047,0.927,3.791,0.926,2.543,-1.248
0.014,0.979,3.791,0.979,2.543,-1.248
-0.004,0.924,3.791,0.924,2.543,-1.248
-0.018,0.927,3.669,0.927,2.543,-1.125
0.091,1.019,3.669,1.015,2.543,-1.125
0.024,0.952,3.669,0.952,2.543,-1.125
-0.04,0.853,3.455,0.852,2.299,-1.156
-0.165,0.809,3.516,0.792,2.299,-1.217
-0.186,0.721,3.332,0.696,2.115,-1.217
-0.228,0.686,3.332,0.647,2.115,-1.217
-0.156,0.698,3.332,0.68,2.115,-1.217
-0.153,0.67,3.332,0.653,2.115,-1.217
-0.188,0.653,3.363,0.625,2.146,-1.217
-0.093,0.711,3.455,0.705,2.237,-1.217
-0.015,0.759,3.455,0.759,2.237,-1.217
-0.046,0.769,3.577,0.768,2.237,-1.339
-0.049,0.815,3.577,0.814,2.237,-1.339
-0.045,0.874,3.577,0.873,2.237,-1.339
-0.086,0.929,3.577,0.925,2.237,-1.339
-0.1,0.934,3.577,0.928,2.237,-1.339
-0.223,0.841,3.577,0.811,2.237,-1.339
-0.324,0.723,3.302,0.646,1.962,-1.339
-0.297,0.72,3.302,0.656,1.962,-1.339
-0.233,0.684,3.302,0.644,1.962,-1.339
-0.225,0.65,3.516,0.61,2.176,-1.339
-0.238,0.638,3.638,0.592,2.299,-1.339
-0.241,0.607,3.394,0.558,2.299,-1.095
-0.129,0.674,3.455,0.661,2.299,-1.156
-0.126,0.664,3.455,0.652,2.299,-1.156
-0.149,0.726,3.455,0.711,2.299,-1.156
-0.113,0.829,3.455,0.821,2.299,-1.156
-0.031,0.915,3.546,0.914,2.39,-1.156
0.038,0.972,3.546,0.972,2.39,-1.156
0.117,0.97,3.546,0.963,2.39,-1.156
0.177,1.004,3.485,0.989,2.39,-1.095
0.084,0.961,3.485,0.958,2.39,-1.095
0.099,0.957,3.516,0.952,2.39,-1.125
-0.02,0.858,3.516,0.858,2.39,-1.125
-0.119,0.818,3.455,0.809,2.329,-1.125
-0.252,0.721,3.455,0.675,2.329,-1.125
-0.344,0.612,3.455,0.507,2.329,-1.125
-0.352,0.551,2.476,0.424,1.351,-1.125
-0.348,0.507,1.804,0.369,0.678,-1.125
-0.303,0.628,3.944,0.55,2.818,-1.125
-0.222,0.696,3.822,0.66,2.818,-1.003
-0.139,0.713,3.822,0.7,2.818,-1.003
-0.033,0.805,3.822,0.804,2.818,-1.003
0.013,0.82,3.791,0.82,2.818,-0.973
0.015,0.894,3.822,0.894,2.818,-1.003
0.008,0.974,4.066,0.974,2.818,-1.248
-0.034,0.961,3.699,0.96,2.452,-1.248
-0.12,0.931,3.669,0.923,2.268,-1.401
-0.229,0.906,3.669,0.876,2.268,-1.401
-0.259,0.873,3.852,0.833,2.452,-1.401
-0.214,0.949,3.852,0.925,2.452,-1.401
-0.241,0.948,3.852,0.917,2.452,-1.401
-0.125,0.994,3.852,0.987,2.452,-1.401
-0.183,0.946,3.852,0.929,2.452,-1.401
-0.134,0.944,3.852,0.934,2.452,-1.401
-0.09,0.925,3.638,0.921,2.452,-1.187
-0.119,0.882,3.455,0.874,2.268,-1.187
-0.112,0.876,3.455,0.868,2.268,-1.187
-0.194,0.773,3.455,0.748,2.268,-1.187
-0.28,0.654,3.455,0.591,2.268,-1.187
-0.314,0.584,3.21,0.492,1.871,-1.339
-0.357,0.524,1.773,0.383,0.434,-1.339
-0.322,0.494,1.773,0.375,0.434,-1.339
-0.308,0.477,1.773,0.364,0.434,-1.339
-0.148,0.633,3.546,0.615,2.207,-1.339
-0.097,0.734,3.546,0.728,2.207,-1.339
-0.102,0.787,3.546,0.78,2.207,-1.339
-0.063,0.855,3.546,0.853,2.207,-1.339
-0.07,0.838,3.363,0.835,2.207,-1.156
-0.097,0.842,3.363,0.836,2.207,-1.156
-0.095,0.879,3.363,0.874,2.207,-1.156
-0.166,0.801,3.363,0.784,2.207,-1.156
-0.168,0.735,3.332,0.716,2.176,-1.156
-0.195,0.621,3.332,0.59,2.176,-1.156
-0.182,0.604,3.18,0.576,2.023,-1.156
-0.233,0.527,3.057,0.473,2.023,-1.034
-0.214,0.515,3.057,0.469,2.023,-1.034
-0.221,0.532,3.21,0.483,2.023,-1.187
-0.142,0.664,3.363,0.649,2.176,-1.187
-0.136,0.737,3.363,0.724,2.176,-1.187
-0.033,0.879,3.485,0.878,2.299,-1.187
0.08,0.974,3.485,0.97,2.299,-1.187
0.089,0.989,3.608,0.985,2.36,-1.248
0.136,1.012,3.608,1.003,2.36,-1.248
0.197,1.032,3.638,1.013,2.39,-1.248
0.151,1.008,3.638,0.996,2.39,-1.248
0.06,0.913,3.638,0.911,2.39,-1.248
0.003,0.865,3.638,0.865,2.39,-1.248
-0.101,0.793,3.638,0.786,2.39,-1.248
-0.203,0.747,3.944,0.718,2.39,-1.553
-0.236,0.695,3.944,0.654,2.39,-1.553
-0.181,0.762,4.311,0.74,2.757,-1.553
-0.181,0.771,4.311,0.75,2.757,-1.553
-0.183,0.749,4.311,0.726,2.757,-1.553
-0.102,0.802,4.311,0.795,2.757,-1.553
0.003,0.831,4.311,0.831,2.757,-1.553
-0.009,0.829,4.311,0.829,2.757,-1.553
0.077,0.864,3.913,0.861,2.757,-1.156
-0.033,0.847,3.76,0.847,2.452,-1.309
-0.049,0.899,3.76,0.897,2.452,-1.309
-0.075,0.886,3.516,0.883,2.207,-1.309
-0.118,0.851,3.516,0.843,2.207,-1.309
-0.134,0.864,3.516,0.853,2.207,-1.309
-0.183,0.81,3.516,0.789,2.207,-1.309
-0.229,0.75,3.485,0.714,2.176,-1.309
-0.17,0.714,3.455,0.693,2.176,-1.278
-0.14,0.681,3.424,0.666,2.146,-1.278
-0.162,0.61,3.271,0.588,1.993,-1.278
-0.186,0.631,3.271,0.603,1.993,-1.278
-0.164,0.635,3.271,0.614,1.993,-1.278
-0.187,0.589,3.271,0.559,1.993,-1.278
-0.18,0.662,3.73,0.637,2.452,-1.278
-0.133,0.723,3.577,0.711,2.452,-1.125
-0.126,0.742,3.577,0.731,2.452,-1.125
-0.134,0.691,3.577,0.678,2.452,-1.125
-0.133,0.673,3.577,0.66,2.452,-1.125
-0.059,0.679,3.485,0.676,2.452,-1.034
-0.094,0.692,3.546,0.686,2.452,-1.095
-0.08,0.695,3.546,0.691,2.452,-1.095
-0.18,0.633,3.394,0.607,2.299,-1.095
-0.176,0.684,3.394,0.661,2.299,-1.095
-0.28,0.655,3.027,0.592,1.932,-1.095
-0.29,0.654,3.027,0.587,1.932,-1.095
-0.375,0.7,3.027,0.591,1.932,-1.095
-0.39,0.695,3.027,0.576,1.932,-1.095
-0.284,0.775,3.394,0.721,2.299,-1.095
-0.242,0.74,3.394,0.699,2.299,-1.095
-0.252,0.651,3.394,0.601,2.299,-1.095
-0.187,0.618,3.394,0.589,2.299,-1.095
-0.182,0.621,3.394,0.594,2.299,-1.095
-0.104,0.613,3.302,0.604,2.299,-1.003
-0.068,0.566,3.302,0.562,2.299,-1.003
-0.144,0.504,2.721,0.483,1.718,-1.003
-0.185,0.527,2.752,0.493,1.718,-1.034
-0.203,0.545,2.782,0.506,1.718,-1.064
-0.227,0.556,2.782,0.507,1.718,-1.064
-0.241,0.574,2.782,0.521,1.718,-1.064
-0.231,0.538,2.782,0.485,1.718,-1.064
-0.209,0.519,2.782,0.475,1.718,-1.064
-0.17,0.524,3.332,0.495,2.268,-1.064
-0.149,0.49,3.332,0.466,2.268,-1.064
-0.145,0.497,3.332,0.475,2.268,-1.064
-0.13,0.473,3.271,0.454,2.268,-1.003
-0.044,0.679,3.516,0.677,2.36,-1.156
-0.072,0.68,3.516,0.676,2.36,-1.156
-0.056,0.67,3.516,0.668,2.36,-1.156
-0.063,0.669,3.516,0.666,2.36,-1.156
-0.086,0.617,3.516,0.611,2.36,-1.156
-0.055,0.621,3.516,0.619,2.36,-1.156
-0.028,0.612,3.516,0.611,2.36,-1.156
-0.173,0.448,2.201,0.413,1.045,-1.156
-0.166,0.54,3.302,0.514,2.146,-1.156
-0.217,0.634,3.302,0.595,2.146,-1.156
-0.252,0.7,3.302,0.653,2.146,-1.156
-0.274,0.75,3.302,0.698,2.146,-1.156
-0.28,0.753,3.302,0.699,2.146,-1.156
-0.274,0.806,3.638,0.758,2.482,-1.156
-0.194,0.851,3.638,0.828,2.482,-1.156
-0.095,0.804,3.516,0.799,2.482,-1.034
-0.114,0.697,3.516,0.688,2.482,-1.034
-0.008,0.749,3.73,0.749,2.482,-1.248
0.04,0.78,3.73,0.779,2.482,-1.248
-0.005,0.758,3.73,0.758,2.482,-1.248
-0.057,0.71,3.73,0.708,2.482,-1.248
-0.194,0.681,3.73,0.653,2.482,-1.248
-0.192,0.762,3.73,0.737,2.482,-1.248
-0.181,0.755,3.73,0.733,2.482,-1.248
-0.169,0.76,3.73,0.741,2.482,-1.248
-0.176,0.655,3.699,0.631,2.482,-1.217
-0.26,0.589,3.363,0.529,2.146,-1.217
-0.182,0.612,3.485,0.584,2.268,-1.217
-0.067,0.732,3.485,0.729,2.268,-1.217
0.13,0.929,3.424,0.92,2.39,-1.034
0.059,0.881,3.424,0.879,2.39,-1.034
0.105,0.996,3.76,0.991,2.727,-1.034
0.164,1.073,3.76,1.06,2.727,-1.034
0.17,1.092,3.76,1.078,2.727,-1.034
0.119,1.066,3.76,1.059,2.727,-1.034
0.044,1.011,3.76,1.01,2.727,-1.034
-0.057,0.902,3.76,0.901,2.727,-1.034
-0.113,0.841,3.76,0.833,2.727,-1.034
-0.132,0.763,3.76,0.751,2.727,-1.034
-0.203,0.622,3.057,0.587,2.023,-1.034
-0.19,0.633,3.088,0.604,1.809,-1.278
-0.195,0.672,3.638,0.643,2.268,-1.37
-0.25,0.709,3.638,0.663,2.268,-1.37
-0.243,0.75,3.638,0.709,2.268,-1.37
-0.133,0.84,3.638,0.829,2.268,-1.37
-0.138,0.83,3.638,0.818,2.268,-1.37
-0.092,0.917,3.638,0.912,2.268,-1.37
-0.063,0.939,3.638,0.937,2.268,-1.37
-0.057,0.902,3.577,0.9,2.268,-1.309
-0.065,0.841,3.18,0.839,2.237,-0.942
-0.063,0.856,3.577,0.854,2.237,-1.339
-0.146,0.838,3.455,0.825,2.115,-1.339
-0.137,0.885,3.485,0.875,2.146,-1.339
-0.087,0.918,3.76,0.914,2.421,-1.339
-0.134,0.91,3.76,0.901,2.421,-1.339
-0.151,0.862,3.76,0.849,2.421,-1.339
-0.062,0.934,3.76,0.932,2.421,-1.339
-0.101,0.92,3.76,0.914,2.421,-1.339
-0.077,0.898,3.699,0.894,2.421,-1.278
-0.114,0.844,3.577,0.836,2.421,-1.156
-0.21,0.771,3.577,0.741,2.421,-1.156
-0.268,0.687,3.088,0.632,1.932,-1.156
-0.273,0.727,3.088,0.673,1.932,-1.156
-0.243,0.785,3.21,0.746,1.932,-1.278
-0.274,0.772,3.485,0.722,2.207,-1.278
-0.289,0.781,3.485,0.726,2.207,-1.278
-0.252,0.809,3.485,0.769,2.207,-1.278
-0.254,0.775,3.485,0.732,2.207,-1.278
-0.199,0.808,3.546,0.783,2.268,-1.278
-0.187,0.826,3.669,0.805,2.39,-1.278
-0.237,0.814,3.974,0.779,2.696,-1.278
-0.206,0.794,3.791,0.767,2.696,-1.095
-0.177,0.829,3.791,0.81,2.696,-1.095
-0.148,0.87,3.76,0.857,2.696,-1.064
-0.083,0.928,3.76,0.925,2.696,-1.064
-0.141,0.887,3.76,0.875,2.696,-1.064
-0.14,0.91,3.76,0.899,2.696,-1.064
-0.142,0.903,3.18,0.892,2.115,-1.064
-0.071,0.993,3.394,0.99,2.115,-1.278
-0.093,0.955,3.394,0.95,2.115,-1.278
-0.068,0.896,3.394,0.893,2.115,-1.278
-0.074,0.872,3.394,0.868,2.115,-1.278
-0.146,0.848,3.394,0.835,2.115,-1.278
-0.057,0.898,3.485,0.896,2.207,-1.278
-0.043,0.877,3.485,0.876,2.207,-1.278
-0.125,0.855,3.516,0.846,2.207,-1.309
-0.201,0.782,3.516,0.755,2.207,-1.309
-0.199,0.797,3.516,0.772,2.207,-1.309
-0.126,0.879,3.546,0.87,2.237,-1.309
-0.044,0.897,3.546,0.896,2.237,-1.309
-0.093,0.804,3.546,0.798,2.237,-1.309
-0.013,0.864,3.577,0.864,2.268,-1.309
0.037,0.836,3.302,0.835,2.268,-1.034
0.086,0.832,3.027,0.827,2.268,-0.759
0.161,0.885,2.966,0.87,2.268,-0.697
0.057,0.791,2.996,0.789,2.268,-0.728
0.06,0.836,3.332,0.834,2.268,-1.064
0.053,0.876,3.332,0.874,2.268,-1.064
0.102,0.948,3.332,0.942,2.268,-1.064
0.082,0.907,3.332,0.904,2.268,-1.064
0.078,0.936,3.485,0.932,2.421,-1.064
0.118,0.953,3.546,0.945,2.482,-1.064
0.176,0.986,3.546,0.97,2.482,-1.064
0.09,0.94,3.546,0.935,2.482,-1.064
0.164,0.949,3.485,0.935,2.482,-1.003
0.129,0.901,3.485,0.891,2.482,-1.003
0.043,0.816,3.485,0.814,2.482,-1.003
-0.0,0.762,3.485,0.762,2.482,-1.003
0.053,0.778,3.088,0.777,2.085,-1.003
-0.033,0.737,3.18,0.736,2.176,-1.003
-0.049,0.692,3.18,0.691,2.176,-1.003
0.001,0.76,3.394,0.76,2.39,-1.003
-0.015,0.788,3.577,0.788,2.39,-1.187
0.06,0.852,3.608,0.85,2.421,-1.187
0.094,0.86,3.608,0.855,2.421,-1.187
0.06,0.864,3.608,0.862,2.421,-1.187
0.074,0.872,3.669,0.869,2.482,-1.187
0.054,0.832,3.669,0.83,2.482,-1.187
0.088,0.872,3.669,0.868,2.482,-1.187
-0.053,0.803,3.76,0.801,2.482,-1.278
-0.107,0.811,3.76,0.803,2.482,-1.278
-0.192,0.758,3.76,0.734,2.482,-1.278
-0.209,0.827,3.76,0.8,2.482,-1.278
-0.214,0.784,3.546,0.755,2.268,-1.278
-0.21,0.843,3.546,0.816,2.268,-1.278
-0.144,0.926,3.913,0.915,2.635,-1.278
-0.062,0.917,3.913,0.915,2.635,-1.278
0.088,0.954,3.699,0.95,2.635,-1.064
0.156,0.999,3.699,0.987,2.635,-1.064
0.173,0.996,3.699,0.981,2.635,-1.064
0.121,0.9,3.699,0.892,2.635,-1.064
0.274,0.981,3.699,0.942,2.635,-1.064
0.23,0.926,3.577,0.897,2.574,-1.003
0.228,0.917,3.546,0.889,2.543,-1.003
0.258,0.978,3.546,0.943,2.543,-1.003
0.222,0.956,3.638,0.93,2.635,-1.003
0.233,1.008,3.76,0.981,2.635,-1.125
0.419,1.108,3.76,1.025,2.635,-1.125
0.357,1.065,3.76,1.004,2.635,-1.125
0.369,1.091,3.76,1.027,2.635,-1.125
0.343,1.126,3.76,1.073,2.635,-1.125
0.209,1.086,3.883,1.066,2.635,-1.248
0.203,1.111,3.883,1.093,2.635,-1.248
0.102,1.0,3.73,0.994,2.482,-1.248
0.052,0.942,3.73,0.941,2.482,-1.248
-0.031,0.914,3.73,0.914,2.482,-1.248
0.023,0.957,3.73,0.957,2.482,-1.248
-0.003,0.902,3.73,0.902,2.482,-1.248
0.172,0.993,3.73,0.978,2.482,-1.248
0.252,1.041,3.699,1.01,2.574,-1.125
0.285,1.069,3.699,1.03,2.574,-1.125
0.338,1.128,3.699,1.076,2.574,-1.125
0.32,1.115,3.638,1.068,2.574,-1.064
0.24,1.124,3.638,1.099,2.574,-1.064
0.23,1.133,3.638,1.11,2.574,-1.064
0.258,1.143,3.638,1.114,2.574,-1.064
0.275,1.152,3.577,1.118,2.513,-1.064
0.337,1.15,3.363,1.1,2.421,-0.942
0.317,1.135,3.577,1.09,2.604,-0.973
0.397,1.199,3.699,1.132,2.727,-0.973
0.492,1.207,3.699,1.102,2.727,-0.973
0.595,1.261,3.699,1.112,2.727,-0.973
0.442,1.182,3.699,1.096,2.727,-0.973
0.456,1.224,3.852,1.135,2.818,-1.034
0.382,1.194,3.852,1.131,2.818,-1.034
0.336,1.162,3.852,1.112,2.818,-1.034
0.189,1.027,3.852,1.01,2.818,-1.034
0.331,1.16,3.852,1.112,2.818,-1.034
0.338,1.153,3.852,1.102,2.818,-1.034
0.304,1.103,3.852,1.06,2.818,-1.034
0.253,1.013,3.577,0.981,2.543,-1.034
0.339,1.079,3.485,1.025,2.543,-0.942
0.318,1.048,3.76,0.999,2.543,-1.217
0.391,1.123,4.036,1.053,2.818,-1.217
0.317,1.039,4.036,0.99,2.818,-1.217
0.205,0.995,4.036,0.974,2.818,-1.217
0.199,0.992,4.036,0.972,2.818,-1.217
0.162,0.913,4.036,0.899,2.818,-1.217
0.125,0.821,4.036,0.812,2.818,-1.217
0.174,0.839,4.036,0.82,2.818,-1.217
0.153,0.717,3.332,0.7,2.482,-0.85
0.183,0.723,3.271,0.7,2.482,-0.789
0.282,0.831,3.088,0.781,2.482,-0.606
0.343,0.913,3.822,0.846,3.094,-0.728
0.337,0.957,3.822,0.896,3.094,-0.728
0.353,0.961,3.822,0.894,3.094,-0.728
0.355,1.017,3.944,0.953,3.094,-0.85
0.313,1.03,3.974,0.981,3.094,-0.881
0.319,1.026,3.974,0.976,3.094,-0.881
0.205,0.913,3.974,0.889,3.094,-0.881
0.168,0.794,3.638,0.776,2.757,-0.881
0.19,0.788,3.638,0.765,2.757,-0.881
0.236,0.805,3.791,0.77,2.91,-0.881
0.163,0.735,3.791,0.717,2.91,-0.881
0.251,0.768,3.608,0.725,2.91,-0.697
0.254,0.777,3.394,0.734,2.91,-0.483
0.217,0.728,3.394,0.695,2.91,-0.483
0.212,0.742,3.577,0.712,2.91,-0.667
0.165,0.748,3.822,0.73,2.91,-0.911
0.123,0.675,3.363,0.664,2.452,-0.911
0.184,0.78,3.577,0.758,2.666,-0.911
0.17,0.778,3.577,0.759,2.666,-0.911
0.192,0.847,3.699,0.825,2.788,-0.911
0.23,0.862,3.699,0.831,2.788,-0.911
0.24,0.861,3.699,0.827,2.788,-0.911
0.227,0.863,3.699,0.832,2.788,-0.911
0.302,0.944,3.638,0.894,2.788,-0.85
0.324,1.028,3.638,0.976,2.788,-0.85
0.256,0.949,3.638,0.914,2.788,-0.85
0.26,0.998,3.638,0.964,2.788,-0.85
0.207,0.966,3.332,0.944,2.482,-0.85
0.265,1.04,3.363,1.005,2.513,-0.85
0.307,1.065,3.363,1.02,2.513,-0.85
0.215,0.962,3.271,0.938,2.513,-0.759
0.229,0.945,3.424,0.917,2.666,-0.759
0.287,0.944,3.424,0.899,2.666,-0.759
0.278,0.903,3.424,0.859,2.666,-0.759
0.302,0.899,3.608,0.847,2.666,-0.942
0.335,0.937,3.608,0.874,2.666,-0.942
0.344,0.949,3.608,0.884,2.666,-0.942
0.316,0.975,3.608,0.922,2.666,-0.942
0.264,0.928,3.76,0.89,2.818,-0.942
0.285,1.01,3.76,0.969,2.818,-0.942
0.278,1.042,3.76,1.004,2.818,-0.942
0.319,1.059,3.546,1.01,2.818,-0.728
0.228,0.984,3.546,0.957,2.818,-0.728
0.283,1.061,3.546,1.023,2.818,-0.728
0.28,1.043,3.485,1.005,2.818,-0.667
0.223,0.995,3.485,0.97,2.788,-0.697
0.273,1.02,3.485,0.983,2.788,-0.697
0.173,0.952,3.608,0.936,2.788,-0.82
0.184,0.96,3.546,0.942,2.727,-0.82
0.123,0.928,3.546,0.919,2.727,-0.82
0.082,0.871,3.241,0.867,2.421,-0.82
0.105,0.882,3.241,0.876,2.421,-0.82
0.21,0.968,3.424,0.945,2.604,-0.82
0.236,1.006,3.669,0.978,2.849,-0.82
0.216,0.976,3.577,0.952,2.849,-0.728
0.387,1.082,3.546,1.01,2.849,-0.697
0.508,1.155,3.516,1.037,2.849,-0.667
0.483,1.116,3.516,1.006,2.849,-0.667
0.486,1.1,3.516,0.987,2.849,-0.667
0.448,1.065,3.516,0.966,2.849,-0.667
0.466,1.092,3.669,0.987,2.941,-0.728
0.452,1.083,3.669,0.985,2.941,-0.728
0.467,1.109,3.73,1.005,2.941,-0.789
0.389,1.023,3.73,0.946,2.941,-0.789
0.384,1.018,3.73,0.942,2.941,-0.789
0.36,0.988,3.73,0.921,2.941,-0.789
0.464,1.084,3.73,0.979,2.941,-0.789
0.468,1.1,3.73,0.995,2.941,-0.789
0.433,0.99,3.455,0.89,2.666,-0.789
0.397,0.966,3.394,0.881,2.666,-0.728
0.375,0.925,3.394,0.846,2.666,-0.728
0.24,0.813,3.18,0.777,2.421,-0.759
0.16,0.746,3.18,0.729,2.421,-0.759
0.137,0.767,3.18,0.755,2.421,-0.759
-0.0,0.635,3.149,0.635,2.39,-0.759
0.044,0.686,3.149,0.685,2.39,-0.759
0.053,0.711,3.149,0.709,2.39,-0.759
0.112,0.707,3.149,0.698,2.39,-0.759
0.098,0.649,3.149,0.641,2.39,-0.759
0.146,0.697,3.118,0.682,2.39,-0.728
0.171,0.694,3.088,0.672,2.36,-0.728
0.236,0.815,3.699,0.78,2.971,-0.728
0.258,0.907,4.066,0.869,2.971,-1.095
0.223,0.956,4.066,0.929,2.971,-1.095
0.238,1.022,4.066,0.994,2.971,-1.095
0.311,1.139,4.066,1.096,2.971,-1.095
0.334,1.172,4.066,1.124,2.971,-1.095
0.28,1.121,4.066,1.085,2.971,-1.095
0.26,1.075,4.066,1.043,2.971,-1.095
0.213,0.949,3.791,0.924,2.696,-1.095
0.319,0.983,3.608,0.93,2.696,-0.911
0.267,0.921,3.516,0.881,2.696,-0.82
0.153,0.805,3.669,0.79,2.696,-0.973
0.13,0.817,3.669,0.806,2.696,-0.973
0.073,0.842,3.669,0.838,2.696,-0.973
0.035,0.858,3.669,0.857,2.696,-0.973
0.106,0.95,3.669,0.944,2.696,-0.973
0.155,1.019,3.302,1.008,2.329,-0.973
0.17,1.06,3.455,1.046,2.329,-1.125
0.212,1.066,3.455,1.045,2.329,-1.125
0.189,1.042,3.883,1.025,2.36,-1.523
0.264,1.053,3.883,1.019,2.36,-1.523
0.339,1.11,4.036,1.057,2.513,-1.523
0.415,1.155,4.372,1.078,2.849,-1.523
0.3,1.096,4.372,1.054,2.849,-1.523
0.238,1.04,4.372,1.013,2.849,-1.523
0.137,0.999,4.372,0.989,2.849,-1.523
0.141,0.98,3.73,0.97,2.849,-0.881
0.162,1.056,3.913,1.044,2.849,-1.064
0.079,0.993,3.913,0.99,2.849,-1.064
0.019,0.889,3.669,0.889,2.604,-1.064
0.035,0.917,3.669,0.916,2.604,-1.064
0.126,0.951,3.669,0.943,2.604,-1.064
0.232,1.013,3.669,0.986,2.604,-1.064
0.246,1.012,3.669,0.982,2.604,-1.064
0.332,1.091,3.577,1.04,2.574,-1.003
0.268,1.057,3.577,1.023,2.574,-1.003
0.249,1.082,3.546,1.053,2.574,-0.973
0.259,1.098,3.546,1.067,2.574,-0.973
0.231,1.056,3.546,1.03,2.574,-0.973
0.154,0.988,3.546,0.976,2.574,-0.973
0.111,0.977,3.883,0.971,2.91,-0.973
0.094,0.951,4.219,0.946,3.246,-0.973
0.113,0.927,4.127,0.92,3.246,-0.881
0.074,0.871,4.311,0.868,3.246,-1.064
0.03,0.808,4.311,0.807,3.246,-1.064
0.02,0.809,4.402,0.809,3.246,-1.156
0.017,0.862,4.402,0.862,3.246,-1.156
0.009,0.846,4.402,0.846,3.246,-1.156
0.035,0.892,4.402,0.891,3.246,-1.156
0.046,0.866,3.883,0.865,2.727,-1.156
0.072,0.889,3.883,0.886,2.727,-1.156
0.062,0.849,3.883,0.847,2.727,-1.156
0.096,0.904,3.669,0.899,2.757,-0.911
0.099,0.867,3.669,0.861,2.757,-0.911
0.285,1.024,3.669,0.984,2.757,-0.911
0.307,1.067,3.883,1.023,2.757,-1.125
0.229,1.07,3.883,1.046,2.757,-1.125
0.234,1.05,3.883,1.024,2.757,-1.125
0.145,1.061,4.097,1.051,2.757,-1.339
0.177,1.073,4.097,1.058,2.757,-1.339
0.126,1.025,4.097,1.017,2.757,-1.339
0.083,1.041,4.097,1.037,2.757,-1.339
-0.033,0.901,4.097,0.901,2.757,-1.339
0.045,0.903,4.097,0.902,2.757,-1.339
0.081,0.896,4.097,0.892,2.757,-1.339
0.138,0.899,3.944,0.889,2.757,-1.187
0.201,0.967,4.341,0.946,3.155,-1.187
0.238,0.991,4.341,0.962,3.155,-1.187
0.288,1.048,4.005,1.007,3.155,-0.85
0.242,0.989,4.005,0.959,3.155,-0.85
0.263,1.04,4.005,1.007,3.155,-0.85
0.165,1.007,4.25,0.993,3.155,-1.095
0.088,0.955,4.25,0.951,3.155,-1.095
0.145,0.916,3.332,0.904,2.237,-1.095
0.233,0.959,3.332,0.93,2.237,-1.095
0.135,0.897,3.332,0.887,2.237,-1.095
0.175,0.975,3.332,0.959,2.237,-1.095
0.217,0.988,3.332,0.964,2.237,-1.095
0.272,1.032,3.485,0.995,2.39,-1.095
0.31,1.074,3.485,1.028,2.39,-1.095
0.295,1.12,3.485,1.081,2.39,-1.095
0.106,1.023,3.485,1.018,2.39,-1.095
0.037,0.973,3.485,0.972,2.39,-1.095
-0.088,0.84,3.363,0.835,2.39,-0.973
0.043,0.931,3.363,0.93,2.39,-0.973
0.143,1.028,3.363,1.018,2.39,-0.973
0.161,1.036,3.424,1.023,2.39,-1.034
0.188,1.022,3.424,1.004,2.39,-1.034
0.243,1.05,3.302,1.022,2.268,-1.034
0.232,1.076,3.332,1.051,2.268,-1.064
0.201,1.085,3.332,1.066,2.268,-1.064
0.09,1.053,3.332,1.049,2.268,-1.064
-0.045,0.957,3.271,0.956,2.207,-1.064
0.026,1.011,3.271,1.01,2.207,-1.064
0.009,1.01,3.271,1.01,2.207,-1.064
0.095,1.075,3.73,1.071,2.666,-1.064
0.079,1.017,3.73,1.014,2.666,-1.064
0.205,1.095,3.669,1.076,2.666,-1.003
0.247,1.104,3.669,1.076,2.666,-1.003
0.345,1.158,3.608,1.105,2.666,-0.942
0.276,1.158,3.608,1.125,2.666,-0.942
0.088,1.05,3.76,1.046,2.666,-1.095
0.018,1.041,3.822,1.041,2.666,-1.156
0.026,1.072,3.546,1.072,2.39,-1.156
-0.022,1.057,3.546,1.056,2.39,-1.156
0.005,1.077,3.546,1.077,2.39,-1.156
-0.016,1.025,3.546,1.025,2.39,-1.156
0.04,1.065,3.546,1.064,2.39,-1.156
-0.062,0.997,3.546,0.995,2.39,-1.156
0.004,1.028,3.669,1.028,2.39,-1.278
-0.004,1.009,3.669,1.009,2.39,-1.278
-0.075,1.024,3.852,1.021,2.36,-1.492
-0.137,0.998,3.852,0.989,2.36,-1.492
-0.199,0.977,3.852,0.957,2.36,-1.492
-0.172,0.979,3.76,0.964,2.268,-1.492
-0.107,1.009,3.913,1.003,2.421,-1.492
-0.08,1.044,3.913,1.041,2.421,-1.492
-0.009,1.091,3.913,1.091,2.421,-1.492
-0.036,1.052,3.699,1.051,2.421,-1.278
0.072,1.102,3.699,1.1,2.421,-1.278
0.105,1.095,3.638,1.09,2.421,-1.217
-0.036,1.105,3.913,1.104,2.421,-1.492
-0.022,1.109,3.913,1.109,2.421,-1.492
-0.07,1.065,3.699,1.063,2.207,-1.492
-0.051,1.082,3.699,1.081,2.207,-1.492
0.027,1.119,3.791,1.118,2.299,-1.492
0.014,1.113,3.791,1.113,2.299,-1.492
-0.043,1.096,3.791,1.095,2.299,-1.492
-0.029,1.078,3.608,1.078,2.299,-1.309
0.019,1.119,3.913,1.119,2.604,-1.309
0.041,1.125,3.974,1.124,2.604,-1.37
0.113,1.145,3.974,1.139,2.604,-1.37
0.021,1.144,4.005,1.144,2.604,-1.401
-0.056,1.093,4.005,1.092,2.604,-1.401
-0.071,1.125,4.036,1.122,2.604,-1.431
-0.08,1.156,4.25,1.153,2.604,-1.645
-0.03,1.133,3.577,1.132,1.932,-1.645
-0.07,1.171,3.577,1.169,1.932,-1.645
-0.003,1.194,3.577,1.194,1.932,-1.645
-0.054,1.158,3.577,1.156,1.932,-1.645
0.044,1.129,3.577,1.128,1.932,-1.645
0.053,1.122,3.577,1.121,1.932,-1.645
0.108,1.145,3.608,1.14,2.146,-1.462
-0.045,1.115,3.608,1.114,2.146,-1.462
-0.065,1.093,3.608,1.092,2.146,-1.462
0.05,1.108,3.699,1.107,2.268,-1.431
0.02,1.081,3.699,1.081,2.268,-1.431
0.038,1.117,3.699,1.117,2.268,-1.431
0.003,1.137,3.699,1.137,2.268,-1.431
-0.056,1.101,3.699,1.1,2.268,-1.431
-0.084,1.063,3.699,1.059,2.268,-1.431
-0.087,1.081,3.73,1.078,2.268,-1.462
-0.117,1.071,3.73,1.065,2.268,-1.462
-0.22,1.036,3.76,1.013,1.993,-1.768
-0.111,1.044,3.76,1.038,1.993,-1.768
-0.185,1.027,3.76,1.01,1.993,-1.768
-0.195,1.027,3.76,1.009,1.993,-1.768
-0.182,1.017,3.76,1.0,1.993,-1.768
-0.213,1.002,3.76,0.979,1.993,-1.768
-0.128,1.025,3.76,1.017,1.993,-1.768
-0.121,1.023,3.424,1.016,1.993,-1.431
0.041,1.08,3.424,1.08,1.993,-1.431
0.021,1.12,3.424,1.119,1.993,-1.431
-0.034,1.151,3.852,1.15,2.36,-1.492
0.026,1.203,3.974,1.202,2.36,-1.615
0.02,1.238,4.036,1.238,2.36,-1.676
0.064,1.254,4.036,1.252,2.36,-1.676
-0.036,1.235,4.036,1.235,2.36,-1.676
-0.02,1.261,4.127,1.261,2.36,-1.768
0.003,1.292,4.188,1.292,2.36,-1.829
0.018,1.263,4.036,1.263,2.207,-1.829
0.016,1.25,4.158,1.249,2.207,-1.951
0.071,1.249,4.158,1.247,2.207,-1.951
0.024,1.251,4.158,1.251,2.207,-1.951
-0.062,1.271,4.158,1.269,2.207,-1.951
0.037,1.263,4.158,1.263,2.207,-1.951
0.027,1.268,4.158,1.268,2.207,-1.951
-0.042,1.239,4.158,1.239,2.207,-1.951
0.04,1.22,4.005,1.219,2.207,-1.798
0.003,1.246,4.005,1.246,2.207,-1.798
0.135,1.276,4.005,1.269,2.207,-1.798
0.179,1.243,3.76,1.23,1.962,-1.798
0.273,1.229,3.76,1.199,1.962,-1.798
0.125,1.214,3.76,1.208,1.962,-1.798
0.042,1.205,3.699,1.205,1.901,-1.798
0.045,1.225,3.76,1.224,1.962,-1.798
0.131,1.229,3.699,1.222,1.962,-1.737
0.103,1.243,4.219,1.239,1.962,-2.257
-0.068,1.204,4.219,1.202,1.962,-2.257
-0.021,1.201,4.219,1.201,1.962,-2.257
0.077,1.186,4.219,1.183,1.962,-2.257
0.087,1.177,4.219,1.174,1.962,-2.257
0.168,1.16,4.219,1.147,1.962,-2.257
0.066,1.136,4.097,1.134,1.84,-2.257
0.075,1.164,4.097,1.161,1.84,-2.257
0.066,1.162,3.852,1.16,1.748,-2.104
0.104,1.235,3.883,1.231,1.779,-2.104
-0.054,1.26,3.913,1.258,1.779,-2.134
-0.203,1.324,3.944,1.309,1.779,-2.165
-0.292,1.382,3.944,1.35,1.779,-2.165
-0.282,1.456,4.127,1.428,1.962,-2.165
-0.087,1.46,4.127,1.458,1.962,-2.165
-0.102,1.456,4.127,1.453,1.962,-2.165
-0.124,1.462,4.464,1.456,2.299,-2.165
-0.086,1.481,4.464,1.479,2.299,-2.165
0.027,1.447,4.372,1.447,2.299,-2.073
0.128,1.395,4.372,1.389,2.299,-2.073
0.038,1.338,4.372,1.338,2.299,-2.073
-0.11,1.302,4.372,1.297,2.299,-2.073
-0.254,1.287,4.372,1.261,2.299,-2.073
-0.096,1.298,4.188,1.294,2.299,-1.89
-0.099,1.235,4.066,1.231,2.176,-1.89
-0.156,1.2,4.066,1.19,2.176,-1.89
-0.157,1.181,4.066,1.17,2.176,-1.89
-0.129,1.211,4.708,1.205,2.818,-1.89
-0.055,1.167,4.586,1.166,2.818,-1.768
-0.063,1.226,5.258,1.224,2.818,-2.44
-0.012,1.164,5.258,1.164,2.818,-2.44
-0.022,1.116,5.258,1.116,2.818,-2.44
-0.096,1.1,5.258,1.096,2.818,-2.44
0.004,1.057,5.258,1.057,2.818,-2.44
0.116,1.045,5.258,1.038,2.818,-2.44
0.128,0.955,3.852,0.946,1.412,-2.44
0.323,0.783,3.302,0.713,1.412,-1.89
0.307,0.839,3.699,0.78,1.534,-2.165
0.243,0.911,3.699,0.878,1.534,-2.165
0.333,0.841,3.699,0.773,1.534,-2.165
0.289,0.796,3.699,0.741,1.534,-2.165
0.229,0.739,3.699,0.702,1.534,-2.165
0.106,0.804,4.066,0.797,1.534,-2.532
-0.06,0.897,4.066,0.895,1.534,-2.532
-0.067,0.882,4.066,0.879,1.534,-2.532
-0.103,0.91,3.76,0.904,1.229,-2.532
-0.022,0.862,3.76,0.862,1.229,-2.532
-0.035,0.929,3.76,0.928,1.229,-2.532
0.017,0.945,3.76,0.945,1.229,-2.532
-0.002,0.972,3.76,0.972,1.229,-2.532
0.077,0.882,3.485,0.878,1.229,-2.257
0.128,0.81,3.73,0.8,1.229,-2.501
0.188,0.716,3.73,0.69,1.229,-2.501
0.137,0.686,3.577,0.672,1.076,-2.501
0.123,0.596,3.577,0.583,1.076,-2.501
0.1,0.589,3.699,0.58,1.198,-2.501
0.148,0.47,3.699,0.446,1.198,-2.501
0.131,0.486,3.699,0.468,1.198,-2.501
0.196,0.411,1.773,0.362,1.198,-0.575
0.217,0.415,1.773,0.353,1.198,-0.575
0.23,0.417,1.773,0.347,1.198,-0.575
0.218,0.413,1.773,0.35,1.198,-0.575
0.194,0.376,1.467,0.323,0.892,-0.575
0.161,0.392,1.559,0.357,0.892,-0.667
0.144,0.435,2.476,0.41,1.809,-0.667
0.094,0.407,2.476,0.396,1.809,-0.667
0.02,0.379,2.476,0.378,1.809,-0.667
0.004,0.391,2.476,0.391,1.809,-0.667
0.058,0.494,3.149,0.49,2.482,-0.667
0.092,0.524,3.149,0.515,2.482,-0.667
0.093,0.517,3.149,0.509,2.482,-0.667
0.101,0.477,3.088,0.466,2.482,-0.606
0.139,0.478,3.027,0.458,2.482,-0.545
0.126,0.482,3.271,0.465,2.482,-0.789
0.16,0.554,3.271,0.531,2.482,-0.789
0.179,0.637,3.271,0.611,2.482,-0.789
0.093,0.566,3.241,0.558,2.421,-0.82
0.101,0.603,3.241,0.594,2.421,-0.82
0.096,0.598,3.241,0.59,2.421,-0.82
0.024,0.609,3.455,0.609,2.421,-1.034
0.013,0.61,3.455,0.61,2.421,-1.034
0.021,0.571,3.21,0.571,2.176,-1.034
0.029,0.62,3.73,0.619,2.696,-1.034
0.174,0.819,3.883,0.8,2.849,-1.034
0.216,0.904,3.883,0.877,2.849,-1.034
0.204,0.997,3.974,0.976,2.941,-1.034
0.191,1.025,3.944,1.007,2.941,-1.003
0.122,1.044,3.944,1.037,2.941,-1.003
0.157,1.148,3.944,1.137,2.941,-1.003
0.171,1.178,3.913,1.165,2.941,-0.973
0.089,1.134,3.913,1.13,2.941,-0.973
0.022,1.072,3.913,1.072,2.941,-0.973
0.056,1.064,3.913,1.063,2.941,-0.973
0.072,1.017,3.76,1.014,2.788,-0.973
0.155,1.004,3.76,0.992,2.788,-0.973
0.273,1.142,4.066,1.109,3.094,-0.973
0.135,1.088,4.616,1.079,3.094,-1.523
0.036,1.067,4.616,1.066,3.094,-1.523
-0.052,1.011,4.616,1.009,3.094,-1.523
-0.082,1.013,4.616,1.009,3.094,-1.523
-0.061,1.055,4.616,1.053,3.094,-1.523
-0.164,0.98,4.616,0.966,3.094,-1.523
-0.322,0.761,4.036,0.69,2.513,-1.523
-0.279,0.744,4.036,0.69,2.513,-1.523
-0.201,0.678,3.608,0.647,2.513,-1.095
-0.208,0.592,3.608,0.555,2.513,-1.095
-0.17,0.654,3.608,0.631,2.513,-1.095
-0.234,0.594,3.271,0.546,2.207,-1.064
-0.229,0.715,4.341,0.678,3.216,-1.125
-0.243,0.731,4.555,0.69,3.216,-1.339
-0.245,0.733,4.555,0.691,3.216,-1.339
-0.206,0.732,4.555,0.702,3.216,-1.339
-0.158,0.783,4.555,0.767,3.216,-1.339
-0.094,0.813,4.555,0.808,3.216,-1.339
-0.141,0.71,4.555,0.696,3.216,-1.339
-0.049,0.802,4.555,0.801,3.216,-1.339
0.03,0.85,4.036,0.85,3.002,-1.034
0.105,0.925,4.036,0.919,3.002,-1.034
0.107,0.955,4.036,0.949,3.002,-1.034
0.058,0.963,4.097,0.962,3.002,-1.095
0.031,0.975,4.097,0.974,3.002,-1.095
0.071,1.03,4.097,1.027,3.002,-1.095
0.103,1.056,4.097,1.051,3.002,-1.095
0.122,1.057,4.097,1.05,3.002,-1.095
0.036,0.937,3.852,0.936,2.757,-1.095
0.035,0.911,3.852,0.91,2.757,-1.095
0.027,0.906,3.852,0.906,2.757,-1.095
0.052,0.894,4.066,0.892,2.757,-1.309
-0.025,0.782,3.822,0.782,2.513,-1.309
-0.006,0.851,3.822,0.851,2.513,-1.309
-0.015,0.854,3.822,0.854,2.513,-1.309
-0.116,0.804,3.822,0.796,2.513,-1.309
-0.125,0.762,3.822,0.752,2.513,-1.309
-0.05,0.822,3.822,0.82,2.513,-1.309
0.014,0.838,3.699,0.838,2.513,-1.187
0.068,0.917,3.73,0.914,2.543,-1.187
0.081,0.935,3.73,0.932,2.543,-1.187
0.051,0.974,3.852,0.972,2.543,-1.309
0.11,0.995,3.852,0.989,2.543,-1.309
0.114,1.019,3.913,1.013,2.543,-1.37
0.09,1.047,3.913,1.043,2.543,-1.37
-0.002,1.047,3.913,1.047,2.543,-1.37
-0.002,1.065,3.883,1.065,2.513,-1.37
-0.018,1.028,3.883,1.028,2.513,-1.37
0.096,1.05,3.883,1.045,2.513,-1.37
0.075,0.99,3.883,0.987,2.513,-1.37
0.024,0.904,3.699,0.904,2.513,-1.187
0.035,0.852,3.699,0.852,2.513,-1.187
0.141,0.95,3.913,0.939,2.513,-1.401
0.135,0.943,3.913,0.933,2.513,-1.401
0.035,0.87,3.913,0.869,2.513,-1.401
0.065,0.963,3.913,0.96,2.513,-1.401
0.143,1.029,3.913,1.019,2.513,-1.401
0.151,1.036,3.913,1.025,2.513,-1.401
0.137,1.016,3.913,1.007,2.513,-1.401
0.109,1.018,4.127,1.012,3.124,-1.003
0.112,0.978,3.974,0.972,3.124,-0.85
0.215,1.082,3.974,1.061,3.124,-0.85
0.247,1.077,4.005,1.049,3.124,-0.881
0.084,0.999,4.28,0.996,3.124,-1.156
0.058,1.002,4.525,1.001,3.124,-1.401
0.04,1.009,4.525,1.009,3.124,-1.401
-0.033,0.955,4.525,0.955,3.124,-1.401
-0.012,0.964,4.005,0.964,2.604,-1.401
-0.108,0.84,3.944,0.833,2.543,-1.401
0.031,0.939,3.944,0.939,2.543,-1.401
0.006,0.866,3.944,0.866,2.543,-1.401
0.116,0.881,3.944,0.873,2.543,-1.401
0.094,0.838,3.791,0.833,2.543,-1.248
0.044,0.873,3.791,0.872,2.543,-1.248
0.012,0.868,3.791,0.867,2.543,-1.248
0.032,0.908,3.791,0.907,2.543,-1.248
-0.064,0.9,3.791,0.898,2.543,-1.248
-0.077,0.901,3.76,0.898,2.513,-1.248
-0.182,0.886,3.76,0.867,2.513,-1.248
-0.149,0.914,3.76,0.902,2.513,-1.248
0.026,1.0,3.699,1.0,2.513,-1.187
0.09,0.965,3.699,0.961,2.513,-1.187
0.206,1.006,3.699,0.985,2.513,-1.187
0.194,0.99,3.669,0.971,2.574,-1.095
0.174,1.001,3.669,0.986,2.574,-1.095
0.093,0.875,3.669,0.87,2.574,-1.095
0.144,0.919,3.546,0.907,2.574,-0.973
0.091,0.874,3.546,0.869,2.574,-0.973
-0.011,0.82,3.608,0.82,2.574,-1.034
-0.025,0.793,3.608,0.793,2.574,-1.034
-0.058,0.7,3.608,0.697,2.574,-1.034
0.011,0.76,4.036,0.76,3.002,-1.034
0.064,0.748,4.036,0.745,3.002,-1.034
-0.015,0.651,4.036,0.651,3.002,-1.034
-0.034,0.606,4.036,0.605,3.002,-1.034
-0.038,0.6,4.036,0.598,3.002,-1.034
0.03,0.721,3.974,0.721,3.002,-0.973
-0.065,0.746,3.974,0.743,3.002,-0.973
-0.105,0.763,3.974,0.756,3.002,-0.973
-0.147,0.675,3.638,0.659,2.666,-0.973
-0.115,0.672,3.638,0.662,2.666,-0.973
-0.073,0.677,3.638,0.673,2.666,-0.973
-0.015,0.662,3.638,0.662,2.666,-0.973
0.021,0.641,4.402,0.641,3.43,-0.973
0.064,0.622,4.402,0.619,3.43,-0.973
0.186,0.592,4.005,0.562,3.43,-0.575
0.205,0.52,4.005,0.478,3.43,-0.575
0.207,0.524,4.005,0.482,3.43,-0.575
0.172,0.519,4.097,0.489,3.43,-0.667
0.148,0.508,4.097,0.486,3.43,-0.667
0.089,0.319,1.59,0.306,0.923,-0.667
0.139,0.355,1.895,0.327,1.229,-0.667
0.146,0.398,1.987,0.371,1.229,-0.759
0.126,0.388,1.987,0.367,1.229,-0.759
0.163,0.41,1.987,0.376,1.229,-0.759
0.207,0.473,2.813,0.425,1.229,-1.584
0.209,0.477,2.813,0.429,1.229,-1.584
0.232,0.483,2.813,0.424,1.229,-1.584
0.225,0.485,2.813,0.43,1.229,-1.584
0.155,0.447,2.66,0.42,1.076,-1.584
0.161,0.442,2.66,0.412,1.076,-1.584
0.126,0.412,2.66,0.392,1.076,-1.584
0.121,0.359,1.865,0.338,1.076,-0.789
0.157,0.388,1.865,0.355,1.076,-0.789
0.15,0.453,2.874,0.427,1.076,-1.798
0.199,0.473,2.874,0.43,1.076,-1.798
0.242,0.485,2.874,0.421,1.076,-1.798
0.215,0.557,2.874,0.514,1.076,-1.798
0.174,0.598,3.241,0.572,1.076,-2.165
0.124,0.664,3.577,0.652,1.076,-2.501
0.105,0.658,3.577,0.65,1.076,-2.501
0.095,0.613,3.394,0.605,0.892,-2.501
0.089,0.616,3.394,0.61,0.892,-2.501
0.044,0.713,3.638,0.711,1.137,-2.501
0.05,0.788,3.852,0.787,1.137,-2.715
0.128,0.732,3.852,0.721,1.137,-2.715
0.148,0.772,3.852,0.758,1.137,-2.715
0.241,0.727,3.852,0.686,1.137,-2.715
0.268,0.735,3.852,0.684,1.137,-2.715
0.292,0.742,3.852,0.682,1.137,-2.715
0.346,0.672,3.852,0.576,1.137,-2.715
0.295,0.53,2.721,0.441,1.045,-1.676
0.276,0.496,2.629,0.412,0.953,-1.676
0.277,0.437,1.498,0.337,0.953,-0.545
0.23,0.46,2.568,0.398,0.953,-1.615
0.213,0.626,3.546,0.589,1.32,-2.226
0.181,0.646,3.546,0.62,1.32,-2.226
0.181,0.648,3.546,0.622,1.32,-2.226
0.203,0.726,3.852,0.697,1.32,-2.532
0.18,0.764,3.852,0.742,1.32,-2.532
0.127,0.853,3.852,0.843,1.32,-2.532
0.126,0.864,3.852,0.855,1.32,-2.532
0.067,0.88,3.577,0.877,1.045,-2.532
0.112,0.799,3.638,0.791,1.106,-2.532
0.057,0.78,3.638,0.778,1.106,-2.532
0.065,0.752,3.546,0.749,1.106,-2.44
0.147,0.764,3.577,0.75,1.137,-2.44
0.195,0.783,3.608,0.758,1.167,-2.44
0.338,0.681,3.21,0.591,1.167,-2.043
0.427,0.681,2.996,0.531,1.229,-1.768
0.4,0.692,2.996,0.565,1.229,-1.768
0.408,0.716,2.935,0.588,1.351,-1.584
0.347,0.752,2.935,0.667,1.351,-1.584
0.335,0.735,3.118,0.654,1.351,-1.768
0.328,0.806,3.852,0.737,1.901,-1.951
0.288,0.93,4.464,0.884,2.513,-1.951
0.264,0.973,4.586,0.937,2.635,-1.951
0.249,0.963,4.586,0.931,2.635,-1.951
0.205,0.987,4.586,0.966,2.635,-1.951
0.274,1.095,4.8,1.06,2.849,-1.951
0.157,1.213,5.106,1.203,2.849,-2.257
0.25,1.297,5.503,1.273,3.246,-2.257
0.216,1.253,5.503,1.235,3.246,-2.257
0.11,1.215,5.503,1.21,3.246,-2.257
0.072,1.251,5.503,1.249,3.246,-2.257
0.006,1.296,5.503,1.296,3.246,-2.257
-0.084,1.293,5.503,1.291,3.246,-2.257
0.007,1.261,5.381,1.261,3.246,-2.134
0.047,1.181,4.8,1.18,2.666,-2.134
0.026,1.166,3.852,1.165,1.718,-2.134
-0.004,1.167,3.852,1.167,1.718,-2.134
0.115,1.187,3.852,1.182,1.718,-2.134
0.147,1.185,3.852,1.176,1.718,-2.134
0.21,1.139,3.76,1.12,1.718,-2.043
0.139,1.133,3.76,1.125,1.718,-2.043
0.159,1.079,3.699,1.068,1.657,-2.043
0.183,1.077,3.699,1.061,1.657,-2.043
0.134,1.124,3.76,1.116,1.657,-2.104
0.11,1.051,3.394,1.045,1.29,-2.104
0.21,1.087,3.73,1.067,1.626,-2.104
0.261,1.057,3.73,1.024,1.626,-2.104
0.293,1.119,4.066,1.08,1.962,-2.104
0.328,1.15,4.066,1.103,1.962,-2.104
0.275,1.214,4.066,1.182,1.962,-2.104
0.366,1.24,4.219,1.185,2.115,-2.104
0.386,1.3,4.402,1.242,2.115,-2.287
0.417,1.3,4.402,1.231,2.115,-2.287
0.478,1.323,4.402,1.233,2.115,-2.287
0.379,1.363,4.402,1.309,2.115,-2.287
0.308,1.381,4.402,1.346,2.115,-2.287
0.388,1.371,4.402,1.315,2.115,-2.287
0.315,1.347,3.974,1.31,1.687,-2.287
0.377,1.387,4.097,1.335,1.871,-2.226
0.368,1.393,4.341,1.344,2.115,-2.226
0.181,1.413,4.341,1.402,2.115,-2.226
0.325,1.391,4.341,1.352,2.115,-2.226
0.172,1.404,4.341,1.394,2.115,-2.226
0.168,1.429,4.158,1.42,2.115,-2.043
0.14,1.447,4.036,1.44,2.115,-1.92
0.176,1.435,4.036,1.424,2.115,-1.92
0.053,1.442,4.066,1.441,1.932,-2.134
0.103,1.452,4.127,1.448,1.932,-2.196
0.086,1.45,4.127,1.448,1.932,-2.196
-0.046,1.457,4.127,1.457,1.932,-2.196
0.075,1.443,4.127,1.441,1.932,-2.196
-0.031,1.43,4.25,1.43,2.054,-2.196
-0.115,1.493,4.494,1.488,2.054,-2.44
-0.092,1.451,4.494,1.448,2.054,-2.44
-0.057,1.445,4.494,1.444,2.054,-2.44
0.074,1.433,4.494,1.432,2.054,-2.44
0.089,1.44,4.494,1.437,2.054,-2.44
0.148,1.456,4.494,1.449,2.054,-2.44
0.337,1.45,4.494,1.411,2.054,-2.44
0.413,1.369,4.036,1.305,1.901,-2.134
0.342,1.341,4.036,1.297,1.901,-2.134
0.341,1.303,3.913,1.258,1.871,-2.043
0.266,1.278,3.913,1.25,1.871,-2.043
0.27,1.281,3.944,1.252,1.871,-2.073
0.184,1.248,4.066,1.234,1.871,-2.196
0.094,1.162,3.974,1.158,1.779,-2.196
-0.041,1.107,3.974,1.106,1.779,-2.196
0.138,1.072,3.974,1.063,1.779,-2.196
0.183,1.072,3.974,1.056,1.779,-2.196
0.088,1.03,3.944,1.026,1.748,-2.196
0.19,1.036,3.944,1.018,1.748,-2.196
0.235,0.965,3.944,0.936,1.748,-2.196
0.298,0.95,3.394,0.902,1.748,-1.645
0.27,1.0,3.699,0.963,1.748,-1.951
0.305,0.998,3.455,0.95,1.504,-1.951
0.169,1.025,3.455,1.011,1.504,-1.951
0.095,1.05,3.455,1.045,1.504,-1.951
0.125,1.012,3.271,1.004,1.32,-1.951
0.007,1.034,3.271,1.034,1.32,-1.951
0.057,1.042,3.394,1.04,1.443,-1.951
0.07,1.068,3.516,1.065,1.565,-1.951
0.133,1.096,3.516,1.088,1.595,-1.92
0.249,1.084,3.516,1.056,1.595,-1.92
0.249,1.097,3.516,1.069,1.595,-1.92
0.196,1.158,3.791,1.141,1.595,-2.196
0.204,1.157,3.791,1.138,1.595,-2.196
0.252,1.134,3.791,1.105,1.595,-2.196
0.236,1.14,3.791,1.115,1.595,-2.196
0.148,1.097,3.76,1.087,1.565,-2.196
0.143,1.107,3.76,1.098,1.565,-2.196
0.104,1.095,3.883,1.09,1.687,-2.196
0.144,1.1,3.883,1.091,1.687,-2.196
0.18,1.052,3.608,1.036,1.687,-1.92
0.156,1.04,3.546,1.028,1.687,-1.859
-0.043,1.146,3.76,1.145,1.687,-2.073
-0.035,1.123,3.76,1.122,1.687,-2.073
-0.14,1.142,3.913,1.134,1.687,-2.226
-0.023,1.096,3.913,1.096,1.687,-2.226
-0.115,1.097,3.699,1.091,1.473,-2.226
-0.048,1.092,4.25,1.091,2.023,-2.226
-0.12,1.153,4.25,1.147,2.023,-2.226
-0.029,1.143,4.25,1.143,2.023,-2.226
0.192,1.072,4.25,1.054,2.023,-2.226
0.149,1.134,4.25,1.125,2.023,-2.226
0.165,1.115,4.005,1.103,2.023,-1.982
0.159,1.123,4.005,1.112,2.023,-1.982
0.237,1.113,3.944,1.087,2.023,-1.92
0.212,1.065,3.424,1.043,1.534,-1.89
0.102,1.098,3.73,1.093,1.534,-2.196
0.069,1.049,3.638,1.047,1.443,-2.196
-0.026,1.031,3.638,1.03,1.443,-2.196
-0.083,1.061,3.516,1.058,1.32,-2.196
-0.093,1.109,3.638,1.105,1.443,-2.196
-0.157,1.119,3.638,1.108,1.443,-2.196
-0.255,1.17,3.638,1.142,1.443,-2.196
-0.22,1.146,3.577,1.124,1.443,-2.134
-0.173,1.159,3.822,1.146,1.443,-2.379
-0.159,1.163,3.822,1.152,1.443,-2.379
-0.103,1.144,3.822,1.139,1.443,-2.379
-0.081,1.098,3.822,1.095,1.443,-2.379
-0.112,1.14,3.883,1.134,1.504,-2.379
-0.068,1.124,3.883,1.121,1.504,-2.379
-0.028,1.125,3.883,1.125,1.504,-2.379
-0.016,1.133,3.883,1.133,1.504,-2.379
-0.004,1.157,3.608,1.157,1.504,-2.104
-0.026,1.16,3.485,1.16,1.504,-1.982
-0.061,1.167,3.485,1.165,1.504,-1.982
-0.089,1.189,3.577,1.185,1.534,-2.043
0.014,1.111,3.577,1.11,1.534,-2.043
-0.075,1.116,3.577,1.114,1.534,-2.043
-0.041,1.106,3.577,1.106,1.534,-2.043
-0.025,1.103,3.577,1.103,1.534,-2.043
0.095,1.072,3.577,1.067,1.534,-2.043
0.179,1.067,3.822,1.052,1.534,-2.287
0.188,1.111,3.822,1.095,1.534,-2.287
0.254,1.09,3.822,1.06,1.534,-2.287
0.26,1.095,3.913,1.063,1.534,-2.379
0.35,1.068,3.913,1.009,1.534,-2.379
0.224,1.136,4.005,1.114,1.626,-2.379
0.174,1.121,4.005,1.108,1.626,-2.379
0.122,1.155,4.066,1.148,1.687,-2.379
0.109,1.151,4.066,1.146,1.687,-2.379
0.081,1.114,4.066,1.111,1.687,-2.379
-0.087,1.168,4.066,1.165,1.687,-2.379
-0.018,1.183,3.974,1.183,1.687,-2.287
0.087,1.155,3.852,1.151,1.687,-2.165
0.051,1.12,3.852,1.119,1.687,-2.165
-0.066,1.163,3.913,1.161,1.687,-2.226
-0.09,1.12,3.76,1.117,1.534,-2.226
-0.168,1.153,3.76,1.141,1.534,-2.226
-0.176,1.202,3.76,1.189,1.534,-2.226
-0.095,1.147,3.76,1.143,1.534,-2.226
-0.139,1.119,3.73,1.111,1.32,-2.41
-0.272,1.195,3.73,1.164,1.32,-2.41
-0.193,1.161,3.73,1.145,1.32,-2.41
-0.154,1.181,4.036,1.171,1.626,-2.41
-0.181,1.198,4.036,1.184,1.626,-2.41
-0.107,1.151,4.036,1.146,1.626,-2.41
-0.061,1.143,4.036,1.141,1.626,-2.41
-0.201,1.193,4.036,1.176,1.626,-2.41
-0.264,1.198,3.944,1.169,1.626,-2.318
-0.101,1.159,3.791,1.155,1.626,-2.165
-0.13,1.177,3.791,1.17,1.626,-2.165
-0.151,1.151,3.608,1.141,1.443,-2.165
-0.033,1.125,3.883,1.124,1.443,-2.44
-0.127,1.186,3.883,1.179,1.443,-2.44
-0.119,1.166,3.883,1.16,1.443,-2.44
-0.024,1.168,4.036,1.168,1.595,-2.44
0.023,1.208,4.036,1.207,1.595,-2.44
-0.111,1.307,4.036,1.302,1.595,-2.44
-0.063,1.282,4.036,1.28,1.595,-2.44
-0.154,1.287,4.036,1.278,1.595,-2.44
-0.221,1.28,4.036,1.261,1.595,-2.44
-0.245,1.285,4.036,1.262,1.595,-2.44
-0.057,1.25,4.036,1.248,1.595,-2.44
-0.146,1.208,4.005,1.199,1.565,-2.44
-0.275,1.227,4.127,1.196,1.687,-2.44
-0.149,1.178,3.883,1.168,1.687,-2.196
-0.213,1.203,3.883,1.184,1.687,-2.196
-0.19,1.188,3.883,1.172,1.687,-2.196
-0.097,1.142,3.883,1.137,1.687,-2.196
-0.035,1.132,3.883,1.132,1.687,-2.196
-0.154,1.166,3.883,1.156,1.687,-2.196
-0.261,1.156,3.577,1.126,1.381,-2.196
-0.161,1.144,3.699,1.132,1.565,-2.134
-0.082,1.079,3.638,1.076,1.565,-2.073
-0.016,1.102,3.638,1.102,1.565,-2.073
0.011,1.094,3.638,1.094,1.565,-2.073
-0.042,1.122,3.638,1.122,1.565,-2.073
-0.071,1.115,3.638,1.113,1.565,-2.073
-0.071,1.134,3.822,1.132,1.565,-2.257
-0.095,1.166,3.73,1.163,1.473,-2.257
-0.098,1.181,3.852,1.177,1.595,-2.257
-0.309,1.253,3.852,1.214,1.595,-2.257
-0.361,1.233,3.852,1.179,1.595,-2.257
-0.318,1.255,3.852,1.214,1.595,-2.257
-0.302,1.279,3.974,1.243,1.718,-2.257
-0.163,1.241,3.974,1.231,1.718,-2.257
-0.054,1.194,3.699,1.193,1.718,-1.982
-0.037,1.178,3.699,1.177,1.718,-1.982
0.045,1.168,3.699,1.167,1.718,-1.982
0.117,1.172,4.066,1.166,1.962,-2.104
0.122,1.19,4.066,1.183,1.962,-2.104
0.132,1.164,4.066,1.157,1.962,-2.104
0.17,1.157,4.066,1.144,1.962,-2.104
0.071,1.13,4.066,1.128,1.962,-2.104
0.108,1.117,4.066,1.112,1.962,-2.104
0.151,1.105,4.066,1.095,1.962,-2.104
0.182,1.125,4.066,1.111,1.962,-2.104
0.177,1.097,3.363,1.083,1.351,-2.012
0.132,1.097,3.18,1.089,1.412,-1.768
0.161,1.14,3.546,1.129,1.779,-1.768
0.071,1.164,3.73,1.162,1.779,-1.951
-0.037,1.198,4.219,1.198,1.779,-2.44
-0.054,1.212,4.219,1.211,1.779,-2.44
-0.153,1.23,4.219,1.221,1.779,-2.44
-0.369,1.24,4.219,1.184,1.779,-2.44
-0.285,1.211,4.219,1.177,1.779,-2.44
-0.373,1.215,4.158,1.156,1.718,-2.44
-0.352,1.206,4.158,1.153,1.718,-2.44
-0.266,1.179,4.158,1.148,1.718,-2.44
-0.242,1.143,3.822,1.117,1.718,-2.104
-0.237,1.139,3.608,1.114,1.718,-1.89
-0.159,1.115,3.516,1.103,1.718,-1.798
-0.073,1.124,3.516,1.122,1.718,-1.798
-0.14,1.198,3.913,1.19,1.718,-2.196
-0.146,1.18,3.76,1.171,1.565,-2.196
-0.124,1.222,3.76,1.215,1.565,-2.196
-0.196,1.254,3.76,1.238,1.565,-2.196
-0.174,1.263,3.76,1.251,1.565,-2.196
-0.016,1.245,3.76,1.245,1.565,-2.196
-0.228,1.28,3.638,1.26,1.443,-2.196
-0.084,1.168,3.608,1.165,1.443,-2.165
-0.012,1.179,3.608,1.179,1.443,-2.165
-0.022,1.136,3.608,1.136,1.443,-2.165
-0.031,1.119,3.577,1.119,1.412,-2.165
-0.089,1.144,3.822,1.14,1.412,-2.41
-0.262,1.198,3.699,1.169,1.29,-2.41
-0.241,1.195,3.822,1.171,1.412,-2.41
-0.096,1.161,3.822,1.157,1.412,-2.41
-0.128,1.199,3.822,1.193,1.412,-2.41
-0.01,1.19,4.066,1.19,1.657,-2.41
-0.146,1.243,4.066,1.235,1.657,-2.41
-0.239,1.272,4.066,1.25,1.657,-2.41
-0.017,1.167,3.974,1.167,1.657,-2.318
0.048,1.119,3.516,1.118,1.657,-1.859
-0.083,1.132,3.516,1.129,1.657,-1.859
-0.182,1.147,3.516,1.133,1.657,-1.859
-0.285,1.157,3.516,1.121,1.657,-1.859
-0.256,1.178,3.73,1.15,1.748,-1.982
-0.144,1.183,3.791,1.174,1.748,-2.043
-0.079,1.191,3.791,1.188,1.748,-2.043
-0.18,1.265,3.791,1.252,1.748,-2.043
-0.141,1.277,3.791,1.27,1.748,-2.043
-0.11,1.263,3.791,1.259,1.748,-2.043
-0.027,1.22,3.791,1.22,1.748,-2.043
0.027,1.178,3.791,1.178,1.748,-2.043
-0.061,1.17,3.699,1.168,1.657,-2.043
-0.023,1.15,3.516,1.149,1.657,-1.859
-0.067,1.129,3.608,1.127,1.504,-2.104
-0.106,1.138,3.608,1.133,1.504,-2.104
-0.104,1.126,3.608,1.122,1.504,-2.104
-0.162,1.158,3.608,1.147,1.504,-2.104
-0.099,1.134,3.608,1.129,1.504,-2.104
-0.106,1.162,3.546,1.157,1.443,-2.104
-0.048,1.182,3.822,1.181,1.565,-2.257
-0.157,1.228,3.822,1.218,1.565,-2.257
0.019,1.173,3.822,1.173,1.565,-2.257
0.015,1.177,3.822,1.177,1.565,-2.257
-0.026,1.195,3.822,1.195,1.565,-2.257
-0.108,1.185,3.822,1.18,1.565,-2.257
-0.184,1.19,3.822,1.175,1.565,-2.257
-0.188,1.171,3.577,1.156,1.443,-2.134
-0.172,1.162,3.669,1.149,1.534,-2.134
-0.16,1.16,3.669,1.149,1.534,-2.134
-0.254,1.217,3.669,1.191,1.534,-2.134
-0.073,1.107,3.424,1.104,1.534,-1.89
-0.033,1.093,3.424,1.093,1.534,-1.89
0.018,1.111,3.424,1.111,1.534,-1.89
0.117,1.065,3.424,1.059,1.534,-1.89
0.108,1.062,3.424,1.057,1.534,-1.89
0.051,1.06,3.394,1.058,1.504,-1.89
-0.026,1.045,3.363,1.044,1.504,-1.859
-0.052,1.089,3.485,1.087,1.504,-1.982
-0.087,1.106,3.485,1.102,1.504,-1.982
-0.177,1.181,3.363,1.168,1.29,-2.073
-0.137,1.197,3.363,1.189,1.29,-2.073
-0.158,1.176,3.363,1.165,1.29,-2.073
-0.098,1.165,3.363,1.161,1.29,-2.073
-0.036,1.179,3.669,1.178,1.32,-2.348
-0.048,1.183,3.669,1.182,1.32,-2.348
-0.13,1.222,3.669,1.215,1.32,-2.348
-0.064,1.159,3.699,1.157,1.32,-2.379
-0.212,1.189,3.699,1.17,1.32,-2.379
-0.22,1.2,3.699,1.18,1.32,-2.379
-0.286,1.262,3.699,1.229,1.32,-2.379
-0.19,1.216,3.791,1.201,1.412,-2.379
-0.196,1.249,3.791,1.234,1.412,-2.379
-0.174,1.249,3.944,1.237,1.565,-2.379
-0.118,1.316,3.974,1.311,1.595,-2.379
-0.084,1.321,3.974,1.318,1.595,-2.379
0.103,1.255,3.974,1.251,1.595,-2.379
0.039,1.327,3.974,1.326,1.595,-2.379
0.123,1.304,3.852,1.298,1.595,-2.257
0.157,1.337,4.494,1.328,1.993,-2.501
0.053,1.402,4.494,1.401,1.993,-2.501
-0.037,1.402,4.494,1.402,1.993,-2.501
0.001,1.383,4.494,1.383,1.993,-2.501
-0.011,1.391,4.494,1.391,1.993,-2.501
-0.044,1.449,4.83,1.449,1.993,-2.838
-0.024,1.43,4.83,1.429,1.993,-2.838
-0.029,1.417,4.83,1.417,1.993,-2.838
-0.104,1.381,4.494,1.377,1.657,-2.838
-0.032,1.316,4.494,1.316,1.657,-2.838
-0.008,1.263,4.494,1.263,1.657,-2.838
-0.04,1.232,4.494,1.231,1.657,-2.838
0.067,1.152,3.883,1.15,1.657,-2.226
0.081,1.161,3.883,1.159,1.657,-2.226
0.077,1.142,3.883,1.14,1.657,-2.226
-0.006,1.097,3.608,1.097,1.626,-1.982
0.047,1.143,4.097,1.142,1.901,-2.196
0.198,1.2,5.014,1.183,2.818,-2.196
0.162,1.254,5.014,1.244,2.818,-2.196
0.172,1.215,5.014,1.203,2.818,-2.196
0.111,1.133,5.014,1.128,2.818,-2.196
0.09,1.106,5.014,1.103,2.818,-2.196
0.175,1.063,5.014,1.048,2.818,-2.196
0.146,1.058,5.014,1.048,2.818,-2.196
0.044,0.879,4.586,0.878,2.635,-1.951
0.073,0.799,3.546,0.796,1.595,-1.951
0.062,0.775,3.424,0.772,1.595,-1.829
0.09,0.751,3.424,0.745,1.595,-1.829
0.093,0.759,3.424,0.754,1.595,-1.829
0.103,0.702,3.424,0.694,1.595,-1.829
0.155,0.558,3.424,0.536,1.595,-1.829
0.105,0.456,2.66,0.443,0.892,-1.768
0.099,0.453,2.66,0.442,0.892,-1.768
0.122,0.365,1.59,0.344,0.923,-0.667
0.194,0.423,1.62,0.376,1.106,-0.514
0.193,0.405,1.62,0.356,1.106,-0.514
0.183,0.413,1.62,0.371,1.106,-0.514
0.183,0.435,1.834,0.395,1.106,-0.728
0.154,0.442,2.048,0.414,1.106,-0.942
0.256,0.725,3.883,0.678,2.941,-0.942
0.164,0.722,3.883,0.703,2.941,-0.942
0.159,0.765,3.883,0.748,2.941,-0.942
0.134,0.784,3.883,0.772,2.941,-0.942
0.07,0.781,3.883,0.778,2.941,-0.942
0.071,0.782,3.883,0.779,2.941,-0.942
0.181,0.913,3.73,0.895,2.941,-0.789
0.089,0.782,3.455,0.777,2.666,-0.789
0.079,0.723,3.455,0.719,2.666,-0.789
0.097,0.69,3.455,0.683,2.666,-0.789
0.057,0.678,3.455,0.675,2.666,-0.789
0.112,0.746,3.455,0.737,2.666,-0.789
0.097,0.787,3.516,0.781,2.666,-0.85
0.044,0.722,3.455,0.72,2.604,-0.85
-0.03,0.736,3.608,0.735,2.604,-1.003
-0.055,0.763,3.73,0.761,2.604,-1.125
0.017,0.822,3.73,0.822,2.604,-1.125
0.149,0.996,3.913,0.984,2.788,-1.125
0.148,1.03,3.913,1.02,2.788,-1.125
0.15,0.971,3.913,0.959,2.788,-1.125
0.242,1.03,3.913,1.001,2.788,-1.125
0.158,0.966,3.913,0.953,2.788,-1.125
0.267,1.025,3.913,0.989,2.788,-1.125
0.204,1.04,3.913,1.02,2.788,-1.125
0.135,1.035,3.913,1.026,2.788,-1.125
-0.049,0.817,3.608,0.816,2.482,-1.125
0.025,0.913,3.608,0.912,2.482,-1.125
-0.048,0.944,3.822,0.943,2.482,-1.339
0.076,1.02,3.822,1.017,2.482,-1.339
0.161,1.086,3.822,1.074,2.482,-1.339
0.155,1.027,3.822,1.015,2.482,-1.339
0.267,1.07,4.188,1.037,2.849,-1.339
0.324,1.14,4.188,1.093,2.849,-1.339
0.313,1.169,4.188,1.127,2.849,-1.339
0.251,1.147,4.188,1.12,2.849,-1.339
0.148,1.13,4.464,1.12,2.849,-1.615
0.017,1.15,4.464,1.15,2.849,-1.615
0.014,1.186,4.464,1.186,2.849,-1.615
0.01,1.253,4.464,1.253,2.849,-1.615
0.064,1.315,4.586,1.313,2.971,-1.615
0.109,1.347,4.586,1.343,2.971,-1.615
0.149,1.358,4.586,1.349,2.971,-1.615
0.135,1.328,4.586,1.321,2.971,-1.615
0.355,1.362,4.464,1.315,2.971,-1.492
0.386,1.371,4.464,1.315,2.971,-1.492
0.345,1.309,4.464,1.263,2.971,-1.492
0.231,1.154,4.25,1.13,2.757,-1.492
0.101,1.005,4.25,1.0,2.757,-1.492
0.082,0.917,3.73,0.913,2.727,-1.003
0.09,0.849,3.608,0.845,2.727,-0.881
0.032,0.683,3.241,0.682,2.36,-0.881
0.087,0.802,3.852,0.797,2.971,-0.881
0.222,0.835,3.822,0.805,2.971,-0.85
0.282,0.894,3.822,0.848,2.971,-0.85
0.383,0.991,3.822,0.913,2.971,-0.85
0.477,1.059,3.822,0.946,2.971,-0.85
0.488,1.1,3.883,0.985,2.971,-0.911
0.413,1.109,3.883,1.029,2.971,-0.911
0.365,1.116,4.127,1.054,2.971,-1.156
0.316,1.034,3.913,0.984,2.757,-1.156
0.161,0.927,3.974,0.913,2.757,-1.217
0.178,0.982,3.73,0.965,2.513,-1.217
0.133,0.99,3.73,0.981,2.513,-1.217
0.05,0.912,3.73,0.911,2.513,-1.217
0.157,0.987,3.73,0.974,2.513,-1.217
0.168,0.991,3.73,0.977,2.513,-1.217
0.104,0.958,3.73,0.952,2.513,-1.217
0.064,0.945,3.73,0.943,2.513,-1.217
0.039,0.928,3.455,0.927,2.513,-0.942
-0.079,0.818,3.21,0.814,2.268,-0.942
-0.08,0.811,3.21,0.807,2.268,-0.942
-0.214,0.669,3.21,0.634,2.268,-0.942
-0.179,0.711,3.546,0.688,2.39,-1.156
-0.058,0.767,3.546,0.765,2.39,-1.156
-0.058,0.808,4.127,0.806,2.971,-1.156
-0.029,0.864,4.127,0.863,2.971,-1.156
-0.036,0.81,4.127,0.809,2.971,-1.156
0.004,0.83,4.127,0.83,2.971,-1.156
0.046,0.839,4.127,0.837,2.971,-1.156
0.032,0.831,3.974,0.83,2.971,-1.003
-0.048,0.802,3.974,0.801,2.971,-1.003
-0.029,0.815,3.424,0.814,2.421,-1.003
0.111,0.914,3.149,0.907,2.421,-0.728
0.088,0.864,3.027,0.86,2.299,-0.728
0.126,0.882,3.271,0.873,2.482,-0.789
0.172,0.927,3.302,0.91,2.482,-0.82
0.149,0.921,3.363,0.909,2.482,-0.881
0.259,1.043,3.669,1.011,2.788,-0.881
0.26,1.048,3.822,1.015,2.788,-1.034
0.121,0.94,3.822,0.932,2.788,-1.034
0.051,0.936,3.822,0.935,2.788,-1.034
0.04,1.007,3.822,1.006,2.788,-1.034
0.017,0.997,3.822,0.997,2.788,-1.034
-0.032,0.973,3.822,0.972,2.788,-1.034
-0.075,0.869,3.424,0.866,2.39,-1.034
-0.128,0.777,3.424,0.767,2.39,-1.034
-0.052,0.854,3.424,0.853,2.39,-1.034
0.015,0.884,3.424,0.884,2.39,-1.034
0.044,0.822,3.608,0.821,2.666,-0.942
0.007,0.792,3.73,0.792,2.666,-1.064
0.008,0.834,3.852,0.834,2.666,-1.187
