mean,RMS,ptp,std,max,min
15.888,15.888,0.191,0.053,16.021,15.83
15.892,15.892,0.191,0.054,16.021,15.83
15.892,15.892,0.191,0.054,16.021,15.83
15.892,15.892,0.191,0.053,16.021,15.83
15.892,15.892,0.191,0.053,16.021,15.83
15.891,15.891,0.191,0.054,16.021,15.83
15.892,15.892,0.191,0.054,16.021,15.83
15.891,15.891,0.191,0.054,16.021,15.83
15.891,15.891,0.191,0.054,16.021,15.83
15.893,15.893,0.191,0.053,16.021,15.83
15.894,15.894,0.191,0.052,16.021,15.83
15.892,15.892,0.191,0.052,16.021,15.83
15.892,15.892,0.197,0.052,16.021,15.824
15.891,15.891,0.197,0.051,16.021,15.824
15.891,15.892,0.197,0.051,16.021,15.824
15.89,15.89,0.197,0.048,16.021,15.824
15.893,15.893,0.197,0.048,16.021,15.824
15.891,15.891,0.199,0.049,16.021,15.822
15.893,15.893,0.199,0.05,16.021,15.822
15.895,15.895,0.199,0.05,16.021,15.822
15.895,15.895,0.199,0.05,16.021,15.822
15.893,15.893,0.199,0.048,16.021,15.822
15.892,15.892,0.199,0.048,16.021,15.822
15.888,15.888,0.199,0.045,16.021,15.822
15.888,15.888,0.199,0.044,16.021,15.822
15.886,15.886,0.199,0.045,16.021,15.822
15.885,15.885,0.199,0.046,16.021,15.822
15.885,15.885,0.199,0.046,16.021,15.822
15.89,15.89,0.199,0.047,16.021,15.822
15.889,15.889,0.199,0.048,16.021,15.822
15.883,15.883,0.155,0.042,15.977,15.822
15.88,15.88,0.155,0.04,15.977,15.822
15.88,15.88,0.155,0.039,15.977,15.822
15.881,15.881,0.155,0.039,15.977,15.822
15.881,15.881,0.155,0.039,15.977,15.822
15.882,15.882,0.155,0.039,15.977,15.822
15.881,15.881,0.155,0.039,15.977,15.822
15.878,15.878,0.184,0.042,15.977,15.793
15.875,15.875,0.184,0.043,15.977,15.793
15.873,15.873,0.184,0.043,15.977,15.793
15.873,15.873,0.184,0.044,15.977,15.793
15.873,15.873,0.184,0.044,15.977,15.793
15.875,15.875,0.184,0.043,15.977,15.793
15.873,15.873,0.184,0.043,15.977,15.793
15.87,15.87,0.196,0.046,15.977,15.781
15.867,15.867,0.196,0.044,15.977,15.781
15.863,15.863,0.196,0.043,15.977,15.781
15.866,15.866,0.196,0.043,15.977,15.781
15.862,15.862,0.196,0.043,15.977,15.781
15.86,15.86,0.196,0.04,15.977,15.781
15.86,15.86,0.196,0.04,15.977,15.781
15.86,15.86,0.196,0.04,15.977,15.781
15.862,15.862,0.196,0.042,15.977,15.781
15.858,15.858,0.219,0.046,15.977,15.758
15.858,15.858,0.219,0.046,15.977,15.758
15.86,15.86,0.219,0.047,15.977,15.758
15.86,15.86,0.219,0.047,15.977,15.758
15.862,15.862,0.219,0.048,15.977,15.758
15.856,15.856,0.171,0.046,15.929,15.758
15.858,15.858,0.171,0.047,15.929,15.758
15.86,15.86,0.171,0.047,15.929,15.758
15.86,15.86,0.171,0.047,15.929,15.758
15.862,15.862,0.171,0.048,15.929,15.758
15.86,15.86,0.171,0.048,15.929,15.758
15.857,15.857,0.171,0.05,15.929,15.758
15.856,15.856,0.171,0.05,15.929,15.758
15.855,15.855,0.171,0.049,15.929,15.758
15.855,15.856,0.171,0.049,15.929,15.758
15.858,15.858,0.171,0.049,15.929,15.758
15.859,15.859,0.171,0.049,15.929,15.758
15.859,15.859,0.171,0.049,15.929,15.758
15.858,15.858,0.171,0.048,15.929,15.758
15.857,15.857,0.171,0.048,15.929,15.758
15.858,15.859,0.171,0.048,15.929,15.758
15.862,15.862,0.171,0.046,15.929,15.758
15.861,15.861,0.171,0.046,15.929,15.758
15.86,15.86,0.171,0.046,15.929,15.758
15.86,15.86,0.171,0.046,15.929,15.758
15.86,15.86,0.171,0.047,15.929,15.758
15.861,15.861,0.171,0.047,15.929,15.758
15.86,15.86,0.171,0.046,15.929,15.758
15.858,15.858,0.171,0.044,15.929,15.758
15.851,15.852,0.192,0.048,15.923,15.731
15.856,15.856,0.192,0.045,15.923,15.731
15.858,15.858,0.192,0.045,15.923,15.731
15.854,15.854,0.19,0.044,15.921,15.731
15.854,15.854,0.19,0.044,15.921,15.731
15.853,15.853,0.19,0.043,15.921,15.731
15.858,15.858,0.19,0.043,15.921,15.731
15.857,15.857,0.18,0.042,15.911,15.731
15.858,15.858,0.18,0.043,15.911,15.731
15.859,15.859,0.182,0.044,15.913,15.731
15.86,15.86,0.186,0.045,15.917,15.731
15.863,15.863,0.198,0.046,15.929,15.731
15.868,15.868,0.198,0.044,15.929,15.731
15.871,15.872,0.209,0.046,15.94,15.731
15.873,15.873,0.209,0.047,15.94,15.731
15.878,15.878,0.209,0.046,15.94,15.731
15.878,15.879,0.209,0.046,15.94,15.731
15.875,15.875,0.209,0.05,15.94,15.731
15.878,15.878,0.209,0.051,15.94,15.731
15.874,15.874,0.209,0.055,15.94,15.731
15.873,15.873,0.209,0.056,15.94,15.731
15.874,15.874,0.209,0.056,15.94,15.731
15.87,15.87,0.209,0.059,15.94,15.731
15.871,15.871,0.209,0.059,15.94,15.731
15.871,15.871,0.209,0.059,15.94,15.731
15.869,15.869,0.209,0.059,15.94,15.731
15.87,15.87,0.209,0.058,15.94,15.731
15.868,15.868,0.209,0.058,15.94,15.731
15.87,15.87,0.209,0.059,15.94,15.731
15.866,15.866,0.209,0.063,15.94,15.731
15.871,15.871,0.193,0.058,15.94,15.747
15.869,15.869,0.193,0.059,15.94,15.747
15.87,15.87,0.193,0.059,15.94,15.747
15.869,15.869,0.193,0.06,15.94,15.747
15.87,15.87,0.193,0.059,15.94,15.747
15.867,15.867,0.193,0.06,15.94,15.747
15.867,15.867,0.193,0.06,15.94,15.747
15.862,15.862,0.193,0.063,15.94,15.747
15.862,15.863,0.193,0.063,15.94,15.747
15.863,15.863,0.193,0.064,15.94,15.747
15.861,15.861,0.193,0.063,15.94,15.747
15.858,15.858,0.193,0.062,15.94,15.747
15.853,15.853,0.193,0.062,15.94,15.747
15.853,15.853,0.187,0.061,15.934,15.747
15.851,15.851,0.187,0.06,15.934,15.747
15.845,15.845,0.185,0.061,15.932,15.747
15.839,15.839,0.185,0.062,15.932,15.747
15.843,15.843,0.185,0.06,15.932,15.747
15.837,15.837,0.184,0.06,15.931,15.747
15.84,15.84,0.184,0.059,15.931,15.747
15.843,15.843,0.184,0.06,15.931,15.747
15.845,15.845,0.214,0.063,15.961,15.747
15.851,15.851,0.214,0.063,15.961,15.747
15.848,15.848,0.214,0.065,15.961,15.747
15.853,15.853,0.214,0.067,15.961,15.747
15.856,15.856,0.214,0.068,15.961,15.747
15.859,15.86,0.214,0.07,15.961,15.747
15.862,15.863,0.214,0.071,15.961,15.747
15.857,15.857,0.214,0.072,15.961,15.747
15.86,15.861,0.212,0.07,15.961,15.749
15.856,15.856,0.212,0.072,15.961,15.749
15.857,15.858,0.212,0.071,15.961,15.749
15.857,15.857,0.212,0.071,15.961,15.749
15.855,15.855,0.212,0.072,15.961,15.749
15.858,15.858,0.212,0.073,15.961,15.749
15.86,15.86,0.212,0.072,15.961,15.749
15.859,15.859,0.212,0.071,15.961,15.749
15.862,15.863,0.212,0.069,15.961,15.749
15.863,15.863,0.212,0.069,15.961,15.749
15.86,15.86,0.212,0.068,15.961,15.749
15.859,15.859,0.212,0.069,15.961,15.749
15.86,15.86,0.212,0.069,15.961,15.749
15.859,15.859,0.212,0.07,15.961,15.749
15.855,15.855,0.212,0.069,15.961,15.749
15.855,15.855,0.212,0.069,15.961,15.749
15.856,15.856,0.208,0.068,15.961,15.753
15.86,15.86,0.205,0.065,15.961,15.756
15.857,15.857,0.205,0.066,15.961,15.756
15.863,15.863,0.205,0.065,15.961,15.756
15.863,15.863,0.205,0.065,15.961,15.756
15.859,15.859,0.205,0.064,15.961,15.756
15.858,15.858,0.195,0.063,15.951,15.756
15.856,15.856,0.195,0.061,15.951,15.756
15.859,15.859,0.195,0.059,15.951,15.756
15.859,15.86,0.206,0.06,15.962,15.756
15.855,15.855,0.206,0.059,15.962,15.756
15.855,15.855,0.206,0.059,15.962,15.756
15.851,15.851,0.206,0.057,15.962,15.756
15.854,15.854,0.204,0.055,15.962,15.758
15.856,15.856,0.204,0.056,15.962,15.758
15.859,15.86,0.196,0.053,15.962,15.766
15.858,15.858,0.196,0.053,15.962,15.766
15.854,15.855,0.196,0.054,15.962,15.766
15.856,15.856,0.192,0.052,15.962,15.77
15.853,15.853,0.192,0.052,15.962,15.77
15.854,15.854,0.192,0.052,15.962,15.77
15.855,15.855,0.192,0.053,15.962,15.77
15.854,15.854,0.192,0.053,15.962,15.77
15.853,15.853,0.192,0.051,15.962,15.77
15.853,15.853,0.192,0.051,15.962,15.77
15.856,15.856,0.192,0.052,15.962,15.77
15.857,15.857,0.192,0.052,15.962,15.77
15.858,15.859,0.183,0.05,15.962,15.779
15.86,15.86,0.183,0.049,15.962,15.779
15.858,15.858,0.183,0.049,15.962,15.779
15.859,15.859,0.175,0.048,15.962,15.787
15.857,15.857,0.175,0.049,15.962,15.787
15.857,15.857,0.175,0.049,15.962,15.787
15.854,15.854,0.175,0.047,15.962,15.787
15.852,15.852,0.175,0.048,15.962,15.787
15.852,15.852,0.175,0.048,15.962,15.787
15.848,15.848,0.175,0.046,15.962,15.787
15.847,15.847,0.175,0.046,15.962,15.787
15.848,15.848,0.175,0.047,15.962,15.787
15.845,15.845,0.15,0.042,15.937,15.787
15.845,15.845,0.15,0.042,15.937,15.787
15.84,15.84,0.126,0.04,15.913,15.787
15.841,15.841,0.126,0.039,15.913,15.787
15.839,15.839,0.126,0.04,15.913,15.787
15.835,15.835,0.125,0.039,15.912,15.787
15.834,15.834,0.125,0.038,15.912,15.787
15.836,15.836,0.125,0.04,15.912,15.787
15.84,15.84,0.12,0.041,15.912,15.792
15.84,15.84,0.12,0.041,15.912,15.792
15.843,15.843,0.12,0.042,15.912,15.792
15.84,15.84,0.12,0.041,15.912,15.792
15.841,15.841,0.155,0.044,15.947,15.792
15.841,15.841,0.155,0.044,15.947,15.792
15.838,15.838,0.155,0.043,15.947,15.792
15.837,15.837,0.155,0.043,15.947,15.792
15.834,15.834,0.155,0.041,15.947,15.792
15.834,15.834,0.155,0.041,15.947,15.792
15.833,15.833,0.155,0.042,15.947,15.792
15.833,15.833,0.155,0.042,15.947,15.792
15.834,15.834,0.155,0.042,15.947,15.792
15.835,15.835,0.155,0.041,15.947,15.792
15.838,15.838,0.155,0.042,15.947,15.792
15.838,15.838,0.155,0.042,15.947,15.792
15.841,15.841,0.155,0.044,15.947,15.792
15.844,15.844,0.155,0.046,15.947,15.792
15.844,15.844,0.155,0.045,15.947,15.792
15.845,15.845,0.155,0.045,15.947,15.792
15.847,15.847,0.155,0.046,15.947,15.792
15.845,15.845,0.155,0.044,15.947,15.792
15.848,15.848,0.156,0.048,15.948,15.792
15.851,15.851,0.156,0.048,15.948,15.792
15.855,15.855,0.156,0.048,15.948,15.792
15.855,15.855,0.156,0.048,15.948,15.792
15.856,15.857,0.156,0.047,15.948,15.792
15.857,15.857,0.153,0.047,15.948,15.795
15.86,15.86,0.153,0.047,15.948,15.795
15.857,15.858,0.153,0.047,15.948,15.795
15.854,15.854,0.153,0.047,15.948,15.795
15.855,15.855,0.153,0.046,15.948,15.795
15.855,15.855,0.153,0.046,15.948,15.795
15.856,15.856,0.153,0.045,15.948,15.795
15.856,15.856,0.153,0.044,15.948,15.795
15.855,15.856,0.153,0.044,15.948,15.795
15.859,15.859,0.153,0.043,15.948,15.795
15.861,15.861,0.153,0.043,15.948,15.795
15.861,15.861,0.153,0.043,15.948,15.795
15.862,15.862,0.153,0.044,15.948,15.795
15.861,15.861,0.164,0.044,15.948,15.784
15.861,15.861,0.164,0.044,15.948,15.784
15.861,15.861,0.164,0.044,15.948,15.784
15.859,15.859,0.164,0.046,15.948,15.784
15.857,15.857,0.164,0.046,15.948,15.784
15.857,15.857,0.164,0.046,15.948,15.784
15.856,15.856,0.164,0.046,15.948,15.784
15.856,15.856,0.164,0.046,15.948,15.784
15.858,15.858,0.164,0.046,15.948,15.784
15.858,15.858,0.164,0.046,15.948,15.784
15.857,15.857,0.164,0.045,15.948,15.784
15.857,15.857,0.164,0.046,15.948,15.784
15.852,15.852,0.139,0.043,15.923,15.784
15.853,15.853,0.139,0.044,15.923,15.784
15.849,15.849,0.139,0.043,15.923,15.784
15.848,15.848,0.139,0.043,15.923,15.784
15.853,15.853,0.195,0.049,15.979,15.784
15.853,15.853,0.195,0.049,15.979,15.784
15.851,15.851,0.195,0.048,15.979,15.784
15.853,15.853,0.195,0.047,15.979,15.784
15.856,15.856,0.195,0.048,15.979,15.784
15.86,15.861,0.195,0.052,15.979,15.784
15.858,15.858,0.195,0.052,15.979,15.784
15.856,15.856,0.195,0.053,15.979,15.784
15.855,15.855,0.195,0.052,15.979,15.784
15.855,15.855,0.195,0.052,15.979,15.784
15.855,15.855,0.195,0.052,15.979,15.784
15.857,15.857,0.195,0.055,15.979,15.784
15.856,15.857,0.195,0.055,15.979,15.784
15.854,15.854,0.195,0.054,15.979,15.784
15.855,15.855,0.195,0.053,15.979,15.784
15.858,15.859,0.195,0.054,15.979,15.784
15.863,15.863,0.195,0.058,15.979,15.784
15.865,15.865,0.178,0.056,15.979,15.801
15.867,15.867,0.178,0.056,15.979,15.801
15.87,15.87,0.178,0.055,15.979,15.801
15.872,15.872,0.178,0.057,15.979,15.801
15.872,15.872,0.178,0.057,15.979,15.801
15.87,15.871,0.178,0.057,15.979,15.801
15.873,15.873,0.178,0.057,15.979,15.801
15.871,15.871,0.178,0.058,15.979,15.801
15.871,15.872,0.178,0.058,15.979,15.801
15.874,15.874,0.178,0.057,15.979,15.801
15.87,15.87,0.178,0.057,15.979,15.801
15.874,15.874,0.178,0.057,15.979,15.801
15.878,15.878,0.178,0.057,15.979,15.801
15.871,15.872,0.175,0.055,15.972,15.797
15.872,15.872,0.175,0.055,15.972,15.797
15.871,15.871,0.175,0.055,15.972,15.797
15.872,15.872,0.175,0.056,15.972,15.797
15.871,15.871,0.175,0.055,15.972,15.797
15.867,15.867,0.175,0.053,15.972,15.797
15.87,15.87,0.175,0.052,15.972,15.797
15.871,15.871,0.175,0.051,15.972,15.797
15.872,15.872,0.175,0.051,15.972,15.797
15.874,15.874,0.175,0.051,15.972,15.797
15.875,15.875,0.175,0.052,15.972,15.797
15.874,15.874,0.175,0.05,15.972,15.797
15.878,15.878,0.175,0.049,15.972,15.797
15.88,15.88,0.175,0.049,15.972,15.797
15.883,15.884,0.175,0.048,15.972,15.797
15.883,15.883,0.175,0.047,15.972,15.797
15.881,15.881,0.159,0.045,15.956,15.797
15.881,15.881,0.159,0.046,15.956,15.797
15.877,15.877,0.172,0.049,15.956,15.784
15.876,15.877,0.172,0.049,15.956,15.784
15.875,15.875,0.156,0.047,15.94,15.784
15.872,15.872,0.156,0.048,15.94,15.784
15.874,15.874,0.156,0.047,15.94,15.784
15.873,15.873,0.156,0.047,15.94,15.784
15.876,15.876,0.156,0.046,15.94,15.784
15.877,15.877,0.156,0.045,15.94,15.784
15.877,15.877,0.156,0.045,15.94,15.784
15.878,15.878,0.156,0.044,15.94,15.784
15.876,15.876,0.156,0.042,15.94,15.784
15.876,15.876,0.156,0.042,15.94,15.784
15.876,15.877,0.156,0.041,15.94,15.784
15.879,15.879,0.156,0.04,15.94,15.784
15.882,15.882,0.156,0.038,15.94,15.784
15.881,15.881,0.156,0.038,15.94,15.784
15.881,15.881,0.156,0.038,15.94,15.784
15.883,15.883,0.156,0.037,15.94,15.784
15.884,15.884,0.156,0.037,15.94,15.784
15.883,15.883,0.156,0.039,15.94,15.784
15.882,15.882,0.156,0.038,15.94,15.784
15.882,15.882,0.156,0.038,15.94,15.784
15.881,15.881,0.144,0.037,15.928,15.784
15.881,15.881,0.144,0.037,15.928,15.784
15.88,15.88,0.144,0.037,15.928,15.784
15.88,15.88,0.144,0.037,15.928,15.784
15.879,15.879,0.144,0.036,15.928,15.784
15.879,15.879,0.144,0.036,15.928,15.784
15.878,15.878,0.136,0.035,15.92,15.784
15.881,15.881,0.136,0.033,15.92,15.784
15.882,15.882,0.108,0.03,15.92,15.812
15.881,15.881,0.108,0.031,15.92,15.812
15.879,15.879,0.108,0.03,15.92,15.812
15.882,15.882,0.108,0.028,15.92,15.812
15.882,15.882,0.108,0.028,15.92,15.812
15.88,15.88,0.109,0.031,15.92,15.811
15.878,15.878,0.109,0.031,15.92,15.811
15.878,15.878,0.109,0.031,15.92,15.811
15.879,15.879,0.109,0.031,15.92,15.811
15.881,15.881,0.109,0.031,15.92,15.811
15.881,15.881,0.109,0.031,15.92,15.811
15.882,15.882,0.109,0.031,15.92,15.811
15.885,15.885,0.109,0.029,15.92,15.811
15.883,15.883,0.109,0.029,15.92,15.811
15.884,15.884,0.109,0.029,15.92,15.811
15.884,15.884,0.109,0.029,15.92,15.811
15.884,15.884,0.109,0.029,15.92,15.811
15.883,15.883,0.109,0.029,15.92,15.811
15.883,15.883,0.109,0.029,15.92,15.811
15.886,15.886,0.109,0.025,15.92,15.811
15.887,15.887,0.109,0.026,15.92,15.811
15.886,15.886,0.109,0.026,15.92,15.811
15.886,15.886,0.109,0.026,15.92,15.811
15.886,15.886,0.105,0.026,15.916,15.811
15.886,15.886,0.105,0.026,15.916,15.811
15.886,15.886,0.105,0.026,15.916,15.811
15.887,15.887,0.105,0.026,15.916,15.811
15.887,15.887,0.105,0.026,15.916,15.811
15.887,15.887,0.105,0.026,15.916,15.811
15.886,15.886,0.105,0.027,15.916,15.811
15.888,15.888,0.105,0.024,15.916,15.811
15.894,15.894,0.232,0.036,16.043,15.811
15.896,15.896,0.232,0.036,16.043,15.811
15.897,15.897,0.232,0.037,16.043,15.811
15.897,15.897,0.232,0.038,16.043,15.811
15.902,15.902,0.196,0.036,16.043,15.847
15.902,15.902,0.196,0.036,16.043,15.847
15.902,15.902,0.196,0.036,16.043,15.847
15.904,15.904,0.196,0.037,16.043,15.847
15.903,15.903,0.196,0.038,16.043,15.847
15.903,15.903,0.196,0.038,16.043,15.847
15.902,15.902,0.196,0.039,16.043,15.847
15.899,15.899,0.202,0.04,16.043,15.841
15.9,15.9,0.202,0.04,16.043,15.841
15.899,15.899,0.202,0.04,16.043,15.841
15.899,15.899,0.202,0.04,16.043,15.841
15.898,15.898,0.202,0.041,16.043,15.841
15.9,15.901,0.202,0.042,16.043,15.841
15.898,15.898,0.202,0.043,16.043,15.841
15.901,15.901,0.202,0.044,16.043,15.841
15.899,15.899,0.202,0.045,16.043,15.841
15.899,15.899,0.202,0.045,16.043,15.841
15.898,15.898,0.202,0.046,16.043,15.841
15.896,15.896,0.202,0.046,16.043,15.841
15.895,15.896,0.202,0.046,16.043,15.841
15.895,15.895,0.202,0.046,16.043,15.841
15.894,15.894,0.202,0.046,16.043,15.841
15.895,15.896,0.202,0.047,16.043,15.841
15.895,15.895,0.202,0.048,16.043,15.841
15.895,15.895,0.202,0.048,16.043,15.841
15.896,15.896,0.202,0.047,16.043,15.841
15.89,15.89,0.127,0.038,15.968,15.841
15.888,15.888,0.127,0.038,15.968,15.841
15.892,15.892,0.219,0.048,16.06,15.841
15.891,15.891,0.22,0.049,16.06,15.84
15.89,15.89,0.22,0.047,16.06,15.84
15.889,15.889,0.22,0.048,16.06,15.84
15.888,15.888,0.22,0.048,16.06,15.84
15.886,15.886,0.22,0.046,16.06,15.84
15.887,15.887,0.22,0.046,16.06,15.84
15.886,15.886,0.22,0.046,16.06,15.84
15.887,15.887,0.22,0.046,16.06,15.84
15.888,15.889,0.22,0.045,16.06,15.84
15.891,15.891,0.22,0.047,16.06,15.84
15.894,15.894,0.22,0.049,16.06,15.84
15.9,15.9,0.22,0.057,16.06,15.84
15.899,15.9,0.22,0.057,16.06,15.84
15.897,15.897,0.22,0.056,16.06,15.84
15.9,15.901,0.22,0.056,16.06,15.84
15.9,15.9,0.22,0.056,16.06,15.84
15.901,15.901,0.22,0.055,16.06,15.84
15.901,15.901,0.22,0.055,16.06,15.84
15.905,15.905,0.22,0.056,16.06,15.84
15.905,15.905,0.22,0.055,16.06,15.84
15.905,15.905,0.22,0.056,16.06,15.84
15.905,15.905,0.22,0.056,16.06,15.84
15.904,15.904,0.22,0.056,16.06,15.84
15.903,15.903,0.22,0.056,16.06,15.84
15.904,15.904,0.22,0.056,16.06,15.84
15.904,15.904,0.22,0.055,16.06,15.84
15.906,15.907,0.22,0.056,16.06,15.84
15.906,15.906,0.22,0.056,16.06,15.84
15.91,15.91,0.22,0.057,16.06,15.84
15.903,15.903,0.216,0.05,16.056,15.84
15.904,15.904,0.213,0.049,16.056,15.843
15.907,15.907,0.213,0.053,16.056,15.843
15.908,15.908,0.199,0.052,16.056,15.857
15.908,15.908,0.199,0.052,16.056,15.857
15.907,15.908,0.199,0.052,16.056,15.857
15.904,15.904,0.256,0.056,16.056,15.8
15.904,15.904,0.256,0.056,16.056,15.8
15.902,15.902,0.256,0.057,16.056,15.8
15.902,15.902,0.256,0.057,16.056,15.8
15.903,15.903,0.256,0.058,16.056,15.8
15.899,15.899,0.256,0.058,16.056,15.8
15.892,15.892,0.22,0.05,16.02,15.8
15.896,15.896,0.22,0.051,16.02,15.8
15.897,15.897,0.22,0.051,16.02,15.8
15.894,15.894,0.22,0.05,16.02,15.8
15.893,15.893,0.22,0.049,16.02,15.8
15.893,15.893,0.22,0.049,16.02,15.8
15.895,15.895,0.22,0.049,16.02,15.8
15.889,15.889,0.23,0.051,16.02,15.79
15.89,15.89,0.23,0.052,16.02,15.79
15.893,15.893,0.23,0.052,16.02,15.79
15.892,15.892,0.23,0.053,16.02,15.79
15.893,15.893,0.23,0.052,16.02,15.79
15.891,15.891,0.23,0.051,16.02,15.79
15.891,15.891,0.23,0.051,16.02,15.79
15.89,15.89,0.23,0.052,16.02,15.79
15.887,15.887,0.23,0.05,16.02,15.79
15.888,15.888,0.23,0.05,16.02,15.79
15.882,15.882,0.23,0.051,16.02,15.79
15.882,15.882,0.23,0.05,16.02,15.79
15.885,15.885,0.23,0.051,16.02,15.79
15.877,15.877,0.199,0.048,15.981,15.782
15.878,15.878,0.199,0.048,15.981,15.782
15.88,15.88,0.199,0.049,15.981,15.782
15.882,15.882,0.199,0.05,15.981,15.782
15.888,15.888,0.199,0.051,15.981,15.782
15.891,15.891,0.199,0.052,15.981,15.782
15.889,15.889,0.212,0.055,15.981,15.769
15.89,15.89,0.212,0.055,15.981,15.769
15.883,15.883,0.207,0.056,15.976,15.769
15.884,15.884,0.207,0.056,15.976,15.769
15.881,15.882,0.207,0.059,15.976,15.769
15.879,15.879,0.207,0.057,15.976,15.769
15.877,15.878,0.207,0.057,15.976,15.769
15.878,15.878,0.207,0.057,15.976,15.769
15.872,15.872,0.209,0.059,15.976,15.767
15.871,15.871,0.209,0.059,15.976,15.767
15.87,15.87,0.209,0.059,15.976,15.767
15.871,15.871,0.209,0.058,15.976,15.767
15.871,15.871,0.209,0.058,15.976,15.767
15.871,15.872,0.209,0.059,15.976,15.767
15.872,15.872,0.209,0.059,15.976,15.767
15.869,15.869,0.209,0.061,15.976,15.767
15.865,15.865,0.217,0.064,15.976,15.759
15.865,15.865,0.217,0.064,15.976,15.759
15.863,15.863,0.217,0.066,15.976,15.759
15.86,15.86,0.217,0.068,15.976,15.759
15.859,15.859,0.217,0.068,15.976,15.759
15.862,15.862,0.217,0.067,15.976,15.759
15.859,15.859,0.217,0.068,15.976,15.759
15.854,15.854,0.217,0.068,15.976,15.759
15.855,15.855,0.217,0.067,15.976,15.759
15.852,15.852,0.217,0.067,15.976,15.759
15.852,15.852,0.217,0.067,15.976,15.759
15.85,15.85,0.217,0.066,15.976,15.759
15.846,15.847,0.208,0.062,15.967,15.759
15.841,15.841,0.208,0.059,15.967,15.759
15.842,15.842,0.208,0.058,15.967,15.759
15.84,15.84,0.208,0.057,15.967,15.759
15.844,15.844,0.208,0.056,15.967,15.759
15.84,15.841,0.208,0.056,15.967,15.759
15.841,15.841,0.208,0.056,15.967,15.759
15.84,15.84,0.208,0.056,15.967,15.759
15.838,15.838,0.208,0.057,15.967,15.759
15.835,15.835,0.208,0.056,15.967,15.759
15.839,15.839,0.208,0.056,15.967,15.759
15.84,15.84,0.208,0.056,15.967,15.759
15.844,15.844,0.235,0.062,15.994,15.759
15.844,15.844,0.235,0.062,15.994,15.759
15.84,15.84,0.235,0.06,15.994,15.759
15.836,15.837,0.235,0.056,15.994,15.759
15.835,15.835,0.235,0.055,15.994,15.759
15.835,15.835,0.235,0.055,15.994,15.759
15.838,15.838,0.223,0.053,15.994,15.771
15.837,15.837,0.223,0.053,15.994,15.771
15.838,15.838,0.223,0.052,15.994,15.771
15.839,15.839,0.206,0.051,15.994,15.788
15.841,15.841,0.206,0.053,15.994,15.788
15.841,15.842,0.206,0.053,15.994,15.788
15.841,15.841,0.224,0.054,15.994,15.77
15.842,15.842,0.224,0.053,15.994,15.77
15.843,15.843,0.224,0.053,15.994,15.77
15.843,15.843,0.224,0.053,15.994,15.77
15.838,15.838,0.224,0.049,15.994,15.77
15.839,15.839,0.224,0.049,15.994,15.77
15.84,15.84,0.224,0.051,15.994,15.77
15.844,15.844,0.224,0.051,15.994,15.77
15.845,15.845,0.224,0.05,15.994,15.77
15.847,15.847,0.224,0.051,15.994,15.77
15.844,15.844,0.224,0.051,15.994,15.77
15.846,15.846,0.224,0.05,15.994,15.77
15.847,15.847,0.224,0.049,15.994,15.77
15.843,15.843,0.247,0.052,15.994,15.747
15.847,15.847,0.247,0.053,15.994,15.747
15.851,15.851,0.247,0.053,15.994,15.747
15.85,15.85,0.247,0.053,15.994,15.747
15.851,15.851,0.247,0.054,15.994,15.747
15.849,15.849,0.176,0.049,15.923,15.747
15.852,15.852,0.176,0.05,15.923,15.747
15.852,15.852,0.176,0.049,15.923,15.747
15.854,15.854,0.188,0.051,15.935,15.747
15.854,15.854,0.188,0.052,15.935,15.747
15.853,15.853,0.188,0.053,15.935,15.747
15.856,15.856,0.188,0.055,15.935,15.747
15.858,15.858,0.188,0.056,15.935,15.747
15.859,15.859,0.188,0.055,15.935,15.747
15.86,15.86,0.188,0.054,15.935,15.747
15.858,15.858,0.188,0.053,15.935,15.747
15.856,15.856,0.188,0.053,15.935,15.747
15.859,15.859,0.188,0.05,15.935,15.747
15.862,15.862,0.188,0.051,15.935,15.747
15.859,15.859,0.188,0.054,15.935,15.747
15.859,15.86,0.188,0.054,15.935,15.747
15.861,15.861,0.188,0.053,15.935,15.747
15.86,15.86,0.188,0.053,15.935,15.747
15.854,15.854,0.188,0.055,15.935,15.747
15.854,15.855,0.188,0.056,15.935,15.747
15.854,15.855,0.188,0.056,15.935,15.747
15.85,15.851,0.188,0.057,15.935,15.747
15.849,15.849,0.188,0.059,15.935,15.747
15.85,15.851,0.188,0.06,15.935,15.747
15.854,15.854,0.188,0.061,15.935,15.747
15.857,15.857,0.185,0.058,15.935,15.75
15.857,15.857,0.185,0.058,15.935,15.75
15.851,15.851,0.207,0.062,15.935,15.728
15.853,15.853,0.207,0.063,15.935,15.728
15.853,15.853,0.207,0.062,15.935,15.728
15.852,15.852,0.207,0.062,15.935,15.728
15.85,15.85,0.207,0.061,15.935,15.728
15.853,15.853,0.207,0.062,15.935,15.728
15.846,15.846,0.207,0.063,15.935,15.728
15.848,15.848,0.207,0.062,15.935,15.728
15.847,15.847,0.207,0.064,15.935,15.728
15.846,15.846,0.207,0.063,15.935,15.728
15.84,15.841,0.207,0.064,15.935,15.728
15.843,15.843,0.207,0.065,15.935,15.728
15.846,15.846,0.207,0.066,15.935,15.728
15.846,15.846,0.207,0.066,15.935,15.728
15.847,15.848,0.207,0.067,15.935,15.728
15.843,15.843,0.207,0.071,15.935,15.728
15.844,15.844,0.212,0.072,15.94,15.728
15.849,15.849,0.212,0.07,15.94,15.728
15.849,15.849,0.212,0.07,15.94,15.728
15.85,15.85,0.212,0.07,15.94,15.728
15.853,15.854,0.22,0.073,15.948,15.728
15.856,15.856,0.22,0.07,15.948,15.728
15.854,15.854,0.22,0.07,15.948,15.728
15.854,15.854,0.22,0.07,15.948,15.728
15.853,15.853,0.22,0.071,15.948,15.728
15.857,15.858,0.22,0.069,15.948,15.728
15.858,15.858,0.22,0.069,15.948,15.728
15.857,15.857,0.22,0.069,15.948,15.728
15.854,15.855,0.22,0.072,15.948,15.728
15.851,15.851,0.22,0.071,15.948,15.728
15.855,15.855,0.22,0.067,15.948,15.728
15.855,15.855,0.22,0.067,15.948,15.728
15.852,15.852,0.22,0.067,15.948,15.728
15.849,15.849,0.22,0.066,15.948,15.728
15.849,15.849,0.22,0.066,15.948,15.728
15.844,15.844,0.22,0.067,15.948,15.728
15.847,15.848,0.22,0.064,15.948,15.728
15.849,15.849,0.22,0.064,15.948,15.728
15.853,15.853,0.22,0.061,15.948,15.728
15.851,15.851,0.22,0.06,15.948,15.728
15.851,15.851,0.22,0.06,15.948,15.728
15.853,15.853,0.239,0.062,15.967,15.728
15.849,15.849,0.239,0.062,15.967,15.728
15.849,15.849,0.239,0.062,15.967,15.728
15.847,15.847,0.239,0.061,15.967,15.728
15.848,15.848,0.228,0.06,15.967,15.739
15.842,15.842,0.228,0.06,15.967,15.739
15.836,15.836,0.228,0.061,15.967,15.739
15.837,15.837,0.228,0.061,15.967,15.739
15.836,15.836,0.228,0.061,15.967,15.739
15.832,15.832,0.228,0.057,15.967,15.739
15.835,15.835,0.228,0.058,15.967,15.739
15.833,15.833,0.228,0.059,15.967,15.739
15.83,15.831,0.228,0.061,15.967,15.739
15.832,15.832,0.228,0.059,15.967,15.739
15.829,15.83,0.228,0.058,15.967,15.739
15.824,15.824,0.228,0.058,15.967,15.739
15.821,15.821,0.228,0.055,15.967,15.739
15.822,15.822,0.224,0.054,15.967,15.743
15.824,15.825,0.224,0.056,15.967,15.743
15.823,15.823,0.224,0.056,15.967,15.743
15.82,15.82,0.224,0.053,15.967,15.743
15.821,15.821,0.224,0.054,15.967,15.743
15.822,15.822,0.224,0.054,15.967,15.743
15.822,15.822,0.224,0.054,15.967,15.743
15.825,15.825,0.224,0.053,15.967,15.743
15.828,15.828,0.224,0.055,15.967,15.743
15.825,15.826,0.224,0.054,15.967,15.743
15.824,15.824,0.224,0.054,15.967,15.743
15.826,15.826,0.224,0.055,15.967,15.743
15.829,15.829,0.224,0.054,15.967,15.743
15.822,15.822,0.171,0.049,15.914,15.743
15.821,15.821,0.171,0.049,15.914,15.743
15.822,15.823,0.171,0.05,15.914,15.743
15.822,15.822,0.171,0.05,15.914,15.743
15.827,15.827,0.175,0.051,15.918,15.743
15.827,15.827,0.175,0.051,15.918,15.743
15.828,15.828,0.174,0.05,15.918,15.744
15.83,15.83,0.174,0.051,15.918,15.744
15.828,15.829,0.174,0.051,15.918,15.744
15.827,15.827,0.174,0.051,15.918,15.744
15.824,15.824,0.174,0.05,15.918,15.744
15.825,15.825,0.174,0.05,15.918,15.744
15.827,15.827,0.174,0.048,15.918,15.744
15.827,15.827,0.174,0.047,15.918,15.744
15.827,15.827,0.174,0.047,15.918,15.744
15.831,15.831,0.165,0.046,15.918,15.753
15.831,15.831,0.165,0.046,15.918,15.753
15.831,15.831,0.165,0.045,15.918,15.753
15.827,15.827,0.165,0.045,15.918,15.753
15.827,15.827,0.165,0.045,15.918,15.753
15.827,15.827,0.165,0.045,15.918,15.753
15.824,15.824,0.165,0.046,15.918,15.753
15.826,15.826,0.165,0.047,15.918,15.753
15.825,15.825,0.165,0.047,15.918,15.753
15.825,15.825,0.165,0.046,15.918,15.753
15.821,15.821,0.165,0.044,15.918,15.753
15.821,15.821,0.165,0.044,15.918,15.753
15.82,15.82,0.165,0.044,15.918,15.753
15.819,15.819,0.165,0.043,15.918,15.753
15.821,15.821,0.165,0.045,15.918,15.753
15.822,15.822,0.165,0.044,15.918,15.753
15.825,15.825,0.165,0.043,15.918,15.753
15.823,15.823,0.165,0.042,15.918,15.753
15.825,15.825,0.165,0.043,15.918,15.753
15.821,15.821,0.15,0.04,15.903,15.753
15.822,15.823,0.146,0.038,15.903,15.757
15.823,15.823,0.146,0.038,15.903,15.757
15.82,15.821,0.146,0.036,15.903,15.757
15.823,15.823,0.146,0.037,15.903,15.757
15.824,15.824,0.146,0.037,15.903,15.757
15.827,15.827,0.146,0.038,15.903,15.757
15.827,15.827,0.146,0.038,15.903,15.757
15.826,15.826,0.146,0.038,15.903,15.757
15.826,15.826,0.146,0.038,15.903,15.757
15.83,15.83,0.173,0.042,15.93,15.757
15.83,15.83,0.173,0.042,15.93,15.757
15.832,15.833,0.173,0.044,15.93,15.757
15.834,15.834,0.173,0.043,15.93,15.757
15.838,15.838,0.161,0.042,15.93,15.769
15.838,15.838,0.161,0.042,15.93,15.769
15.838,15.838,0.161,0.043,15.93,15.769
15.839,15.839,0.145,0.041,15.93,15.785
15.837,15.837,0.145,0.04,15.93,15.785
15.837,15.837,0.145,0.04,15.93,15.785
15.835,15.835,0.145,0.041,15.93,15.785
15.838,15.838,0.145,0.041,15.93,15.785
15.838,15.838,0.145,0.041,15.93,15.785
15.838,15.838,0.145,0.041,15.93,15.785
15.839,15.84,0.145,0.043,15.93,15.785
15.839,15.839,0.145,0.043,15.93,15.785
15.842,15.843,0.145,0.043,15.93,15.785
15.841,15.841,0.145,0.043,15.93,15.785
15.842,15.842,0.145,0.043,15.93,15.785
15.838,15.839,0.145,0.043,15.93,15.785
15.839,15.839,0.145,0.043,15.93,15.785
15.843,15.843,0.137,0.043,15.93,15.793
15.847,15.847,0.137,0.045,15.93,15.793
15.85,15.85,0.137,0.045,15.93,15.793
15.85,15.85,0.137,0.045,15.93,15.793
15.852,15.852,0.137,0.045,15.93,15.793
15.849,15.849,0.143,0.047,15.93,15.787
15.851,15.851,0.143,0.047,15.93,15.787
15.855,15.855,0.143,0.046,15.93,15.787
15.855,15.855,0.143,0.046,15.93,15.787
15.853,15.853,0.128,0.044,15.915,15.787
15.853,15.853,0.128,0.044,15.915,15.787
15.851,15.851,0.128,0.044,15.915,15.787
15.852,15.852,0.128,0.044,15.915,15.787
15.849,15.849,0.128,0.043,15.915,15.787
15.852,15.852,0.128,0.043,15.915,15.787
15.852,15.852,0.128,0.042,15.915,15.787
15.851,15.851,0.144,0.044,15.915,15.771
15.85,15.85,0.144,0.045,15.915,15.771
15.851,15.851,0.144,0.045,15.915,15.771
15.853,15.853,0.144,0.044,15.915,15.771
15.852,15.852,0.144,0.043,15.915,15.771
15.85,15.85,0.144,0.045,15.915,15.771
15.854,15.854,0.144,0.045,15.915,15.771
15.851,15.851,0.144,0.044,15.915,15.771
15.847,15.847,0.144,0.044,15.915,15.771
15.844,15.844,0.144,0.044,15.915,15.771
15.845,15.845,0.144,0.043,15.915,15.771
15.843,15.843,0.144,0.044,15.915,15.771
15.844,15.844,0.144,0.043,15.915,15.771
15.843,15.843,0.144,0.044,15.915,15.771
15.841,15.842,0.144,0.042,15.915,15.771
15.84,15.84,0.13,0.04,15.901,15.771
15.838,15.838,0.13,0.039,15.901,15.771
15.838,15.838,0.131,0.039,15.902,15.771
15.838,15.838,0.131,0.039,15.902,15.771
15.841,15.842,0.131,0.039,15.902,15.771
15.84,15.84,0.131,0.038,15.902,15.771
15.841,15.841,0.149,0.04,15.92,15.771
15.843,15.843,0.149,0.039,15.92,15.771
15.843,15.843,0.149,0.039,15.92,15.771
15.841,15.841,0.149,0.039,15.92,15.771
15.844,15.844,0.149,0.04,15.92,15.771
15.844,15.844,0.149,0.041,15.92,15.771
15.844,15.844,0.149,0.041,15.92,15.771
15.845,15.845,0.149,0.042,15.92,15.771
15.848,15.848,0.149,0.043,15.92,15.771
15.852,15.852,0.149,0.041,15.92,15.771
15.856,15.856,0.149,0.041,15.92,15.771
15.856,15.857,0.149,0.041,15.92,15.771
15.855,15.855,0.149,0.043,15.92,15.771
15.853,15.853,0.149,0.044,15.92,15.771
15.857,15.857,0.123,0.041,15.92,15.797
15.851,15.851,0.198,0.047,15.92,15.722
15.85,15.85,0.198,0.048,15.92,15.722
15.85,15.85,0.198,0.048,15.92,15.722
15.847,15.847,0.199,0.053,15.92,15.721
15.846,15.846,0.199,0.053,15.92,15.721
15.846,15.846,0.199,0.054,15.92,15.721
15.845,15.845,0.199,0.054,15.92,15.721
15.845,15.846,0.199,0.054,15.92,15.721
15.844,15.844,0.199,0.054,15.92,15.721
15.842,15.842,0.199,0.054,15.92,15.721
15.841,15.841,0.199,0.055,15.92,15.721
15.84,15.84,0.199,0.054,15.92,15.721
15.837,15.837,0.199,0.054,15.92,15.721
15.834,15.834,0.199,0.053,15.92,15.721
15.833,15.833,0.199,0.053,15.92,15.721
15.826,15.826,0.196,0.054,15.917,15.721
15.822,15.822,0.196,0.057,15.917,15.721
15.817,15.817,0.196,0.058,15.917,15.721
15.819,15.819,0.196,0.059,15.917,15.721
15.819,15.82,0.196,0.06,15.917,15.721
15.819,15.819,0.196,0.059,15.917,15.721
15.819,15.819,0.196,0.059,15.917,15.721
15.816,15.816,0.196,0.057,15.917,15.721
15.814,15.814,0.196,0.055,15.917,15.721
15.812,15.812,0.196,0.053,15.917,15.721
15.809,15.809,0.194,0.05,15.915,15.721
15.804,15.804,0.194,0.051,15.915,15.721
15.805,15.805,0.194,0.051,15.915,15.721
15.805,15.805,0.194,0.051,15.915,15.721
15.806,15.806,0.194,0.052,15.915,15.721
15.811,15.812,0.194,0.052,15.915,15.721
15.813,15.813,0.194,0.052,15.915,15.721
15.813,15.813,0.194,0.052,15.915,15.721
15.812,15.813,0.212,0.053,15.915,15.703
15.812,15.812,0.212,0.053,15.915,15.703
15.815,15.815,0.212,0.054,15.915,15.703
15.819,15.819,0.212,0.057,15.915,15.703
15.818,15.819,0.212,0.057,15.915,15.703
15.822,15.822,0.212,0.058,15.915,15.703
15.824,15.824,0.212,0.06,15.915,15.703
15.825,15.826,0.212,0.06,15.915,15.703
15.824,15.824,0.212,0.059,15.915,15.703
15.824,15.824,0.212,0.059,15.915,15.703
15.827,15.827,0.212,0.06,15.915,15.703
15.831,15.831,0.212,0.061,15.915,15.703
15.835,15.835,0.212,0.058,15.915,15.703
15.835,15.835,0.212,0.058,15.915,15.703
15.841,15.841,0.212,0.056,15.915,15.703
15.842,15.842,0.212,0.057,15.915,15.703
15.839,15.839,0.21,0.055,15.913,15.703
15.835,15.835,0.21,0.056,15.913,15.703
15.836,15.836,0.21,0.056,15.913,15.703
15.838,15.838,0.21,0.057,15.913,15.703
15.839,15.839,0.21,0.058,15.913,15.703
15.837,15.837,0.21,0.06,15.913,15.703
15.836,15.836,0.21,0.06,15.913,15.703
15.842,15.842,0.21,0.057,15.913,15.703
15.842,15.842,0.21,0.057,15.913,15.703
15.845,15.845,0.21,0.057,15.913,15.703
15.845,15.845,0.21,0.057,15.913,15.703
15.842,15.843,0.21,0.056,15.913,15.703
15.842,15.842,0.21,0.056,15.913,15.703
15.846,15.846,0.21,0.057,15.913,15.703
15.853,15.853,0.186,0.052,15.916,15.73
15.856,15.856,0.186,0.052,15.916,15.73
15.857,15.857,0.186,0.052,15.916,15.73
15.851,15.851,0.186,0.056,15.916,15.73
15.855,15.855,0.186,0.056,15.916,15.73
15.853,15.853,0.186,0.055,15.916,15.73
15.847,15.848,0.186,0.058,15.916,15.73
15.848,15.849,0.186,0.058,15.916,15.73
15.849,15.849,0.186,0.057,15.916,15.73
15.849,15.849,0.186,0.057,15.916,15.73
15.847,15.847,0.186,0.057,15.916,15.73
15.841,15.841,0.186,0.059,15.916,15.73
15.837,15.837,0.195,0.063,15.916,15.721
15.84,15.84,0.195,0.059,15.916,15.721
15.837,15.837,0.195,0.058,15.916,15.721
15.835,15.835,0.195,0.057,15.916,15.721
15.838,15.838,0.195,0.058,15.916,15.721
15.84,15.84,0.195,0.057,15.916,15.721
15.839,15.839,0.195,0.057,15.916,15.721
15.837,15.837,0.195,0.057,15.916,15.721
15.836,15.837,0.195,0.056,15.916,15.721
15.839,15.839,0.195,0.053,15.916,15.721
15.84,15.84,0.195,0.053,15.916,15.721
15.84,15.84,0.195,0.054,15.916,15.721
15.838,15.838,0.195,0.056,15.916,15.721
15.838,15.838,0.195,0.056,15.916,15.721
15.837,15.837,0.195,0.056,15.916,15.721
15.839,15.839,0.195,0.057,15.916,15.721
15.836,15.837,0.195,0.059,15.916,15.721
15.831,15.831,0.195,0.06,15.916,15.721
15.83,15.83,0.194,0.059,15.915,15.721
15.831,15.831,0.2,0.06,15.921,15.721
15.829,15.829,0.2,0.059,15.921,15.721
15.834,15.834,0.2,0.057,15.921,15.721
15.835,15.835,0.2,0.058,15.921,15.721
15.835,15.835,0.2,0.058,15.921,15.721
15.834,15.835,0.2,0.058,15.921,15.721
15.831,15.831,0.2,0.06,15.921,15.721
15.832,15.832,0.2,0.06,15.921,15.721
15.835,15.835,0.2,0.062,15.921,15.721
15.833,15.833,0.2,0.064,15.921,15.721
15.835,15.835,0.2,0.062,15.921,15.721
15.838,15.839,0.19,0.058,15.921,15.731
15.841,15.841,0.19,0.059,15.921,15.731
15.843,15.843,0.19,0.059,15.921,15.731
15.841,15.841,0.19,0.061,15.921,15.731
15.839,15.839,0.19,0.06,15.921,15.731
15.843,15.843,0.216,0.063,15.947,15.731
15.842,15.842,0.216,0.065,15.947,15.731
15.839,15.839,0.216,0.067,15.947,15.731
15.841,15.841,0.223,0.07,15.954,15.731
15.839,15.839,0.223,0.071,15.954,15.731
15.842,15.842,0.223,0.073,15.954,15.731
15.836,15.836,0.223,0.074,15.954,15.731
15.838,15.838,0.223,0.072,15.954,15.731
15.836,15.836,0.223,0.071,15.954,15.731
15.838,15.838,0.223,0.073,15.954,15.731
15.839,15.839,0.223,0.073,15.954,15.731
15.844,15.845,0.223,0.073,15.954,15.731
15.844,15.845,0.224,0.073,15.954,15.73
15.842,15.842,0.224,0.072,15.954,15.73
15.839,15.839,0.224,0.071,15.954,15.73
15.838,15.839,0.224,0.071,15.954,15.73
15.839,15.839,0.224,0.071,15.954,15.73
15.839,15.839,0.224,0.071,15.954,15.73
15.841,15.841,0.224,0.071,15.954,15.73
15.846,15.847,0.224,0.07,15.954,15.73
15.849,15.849,0.224,0.068,15.954,15.73
15.848,15.848,0.224,0.068,15.954,15.73
15.843,15.843,0.224,0.068,15.954,15.73
15.845,15.845,0.224,0.066,15.954,15.73
15.848,15.848,0.224,0.067,15.954,15.73
15.85,15.85,0.224,0.067,15.954,15.73
15.847,15.847,0.224,0.067,15.954,15.73
15.843,15.843,0.224,0.068,15.954,15.73
15.845,15.845,0.224,0.067,15.954,15.73
15.844,15.844,0.224,0.067,15.954,15.73
15.84,15.84,0.224,0.064,15.954,15.73
15.842,15.842,0.224,0.061,15.954,15.73
15.845,15.845,0.224,0.059,15.954,15.73
15.841,15.842,0.195,0.055,15.925,15.73
15.842,15.842,0.195,0.055,15.925,15.73
15.835,15.835,0.21,0.058,15.925,15.715
15.837,15.837,0.21,0.055,15.925,15.715
15.84,15.84,0.21,0.056,15.925,15.715
15.84,15.84,0.21,0.056,15.925,15.715
15.838,15.838,0.21,0.054,15.925,15.715
15.835,15.835,0.21,0.053,15.925,15.715
15.831,15.831,0.204,0.05,15.919,15.715
15.836,15.836,0.204,0.047,15.919,15.715
15.836,15.836,0.204,0.047,15.919,15.715
15.838,15.838,0.204,0.048,15.919,15.715
15.836,15.836,0.204,0.05,15.919,15.715
15.836,15.837,0.218,0.051,15.933,15.715
15.833,15.833,0.218,0.051,15.933,15.715
15.83,15.83,0.218,0.05,15.933,15.715
15.827,15.827,0.218,0.047,15.933,15.715
15.829,15.829,0.218,0.047,15.933,15.715
15.828,15.828,0.218,0.047,15.933,15.715
15.832,15.832,0.218,0.047,15.933,15.715
15.832,15.832,0.218,0.047,15.933,15.715
15.83,15.83,0.218,0.045,15.933,15.715
15.829,15.829,0.218,0.044,15.933,15.715
15.833,15.834,0.232,0.048,15.947,15.715
15.835,15.835,0.232,0.046,15.947,15.715
15.833,15.833,0.232,0.048,15.947,15.715
15.831,15.831,0.232,0.049,15.947,15.715
15.834,15.835,0.232,0.052,15.947,15.715
15.834,15.834,0.232,0.052,15.947,15.715
15.836,15.836,0.232,0.053,15.947,15.715
15.837,15.837,0.232,0.053,15.947,15.715
15.842,15.842,0.232,0.055,15.947,15.715
15.847,15.847,0.189,0.05,15.947,15.758
15.846,15.846,0.189,0.051,15.947,15.758
15.843,15.843,0.189,0.05,15.947,15.758
15.843,15.843,0.189,0.05,15.947,15.758
15.845,15.846,0.189,0.052,15.947,15.758
15.846,15.846,0.189,0.052,15.947,15.758
15.846,15.846,0.189,0.052,15.947,15.758
15.845,15.845,0.189,0.052,15.947,15.758
15.848,15.848,0.189,0.053,15.947,15.758
15.846,15.846,0.189,0.052,15.947,15.758
15.852,15.852,0.186,0.053,15.947,15.761
15.853,15.853,0.196,0.054,15.957,15.761
15.852,15.852,0.196,0.055,15.957,15.761
15.856,15.856,0.196,0.056,15.957,15.761
15.856,15.856,0.196,0.056,15.957,15.761
15.858,15.858,0.196,0.058,15.957,15.761
15.859,15.859,0.196,0.057,15.957,15.761
15.858,15.858,0.196,0.057,15.957,15.761
15.855,15.855,0.198,0.06,15.957,15.759
15.858,15.858,0.198,0.061,15.957,15.759
15.855,15.855,0.219,0.065,15.957,15.738
15.856,15.856,0.236,0.066,15.974,15.738
15.86,15.86,0.236,0.066,15.974,15.738
15.86,15.86,0.236,0.066,15.974,15.738
15.866,15.866,0.236,0.064,15.974,15.738
15.863,15.863,0.236,0.064,15.974,15.738
15.867,15.867,0.236,0.064,15.974,15.738
15.864,15.864,0.236,0.064,15.974,15.738
15.863,15.863,0.236,0.065,15.974,15.738
15.862,15.862,0.236,0.063,15.974,15.738
15.861,15.861,0.236,0.063,15.974,15.738
15.866,15.866,0.236,0.062,15.974,15.738
15.869,15.87,0.236,0.063,15.974,15.738
15.871,15.872,0.236,0.063,15.974,15.738
15.868,15.868,0.236,0.063,15.974,15.738
15.867,15.867,0.236,0.063,15.974,15.738
15.871,15.871,0.236,0.062,15.974,15.738
15.873,15.873,0.236,0.063,15.974,15.738
15.874,15.874,0.236,0.063,15.974,15.738
15.873,15.874,0.236,0.063,15.974,15.738
15.872,15.872,0.236,0.062,15.974,15.738
15.866,15.866,0.236,0.063,15.974,15.738
15.868,15.868,0.236,0.061,15.974,15.738
15.867,15.868,0.236,0.06,15.974,15.738
15.865,15.865,0.236,0.063,15.974,15.738
15.858,15.859,0.251,0.066,15.974,15.723
15.857,15.858,0.251,0.067,15.974,15.723
15.855,15.855,0.251,0.069,15.974,15.723
15.856,15.856,0.251,0.067,15.974,15.723
15.856,15.856,0.251,0.067,15.974,15.723
15.862,15.862,0.251,0.064,15.974,15.723
15.857,15.857,0.21,0.061,15.933,15.723
15.852,15.852,0.21,0.062,15.933,15.723
15.855,15.855,0.21,0.061,15.933,15.723
15.854,15.854,0.205,0.06,15.928,15.723
15.853,15.853,0.205,0.06,15.928,15.723
15.853,15.853,0.205,0.06,15.928,15.723
15.857,15.857,0.208,0.062,15.931,15.723
15.859,15.859,0.208,0.062,15.931,15.723
15.859,15.859,0.208,0.062,15.931,15.723
15.856,15.856,0.208,0.065,15.931,15.723
15.855,15.855,0.208,0.065,15.931,15.723
15.853,15.853,0.208,0.064,15.931,15.723
15.848,15.848,0.208,0.065,15.931,15.723
15.851,15.851,0.208,0.065,15.931,15.723
15.854,15.854,0.208,0.066,15.931,15.723
15.852,15.852,0.208,0.065,15.931,15.723
15.85,15.85,0.208,0.064,15.931,15.723
15.846,15.847,0.208,0.063,15.931,15.723
15.848,15.848,0.208,0.063,15.931,15.723
15.847,15.847,0.208,0.063,15.931,15.723
15.851,15.851,0.208,0.06,15.931,15.723
15.853,15.853,0.208,0.061,15.931,15.723
15.852,15.852,0.208,0.06,15.931,15.723
15.857,15.857,0.208,0.059,15.931,15.723
15.86,15.86,0.191,0.054,15.931,15.74
15.862,15.862,0.191,0.054,15.931,15.74
15.866,15.866,0.191,0.05,15.931,15.74
15.866,15.866,0.191,0.051,15.931,15.74
15.865,15.866,0.191,0.051,15.931,15.74
15.865,15.865,0.191,0.05,15.931,15.74
15.868,15.868,0.191,0.051,15.931,15.74
15.872,15.872,0.191,0.047,15.931,15.74
15.87,15.87,0.191,0.047,15.931,15.74
15.87,15.87,0.191,0.047,15.931,15.74
15.872,15.872,0.191,0.046,15.931,15.74
15.869,15.869,0.191,0.045,15.931,15.74
15.868,15.868,0.177,0.044,15.917,15.74
15.865,15.865,0.177,0.047,15.917,15.74
15.864,15.865,0.177,0.047,15.917,15.74
15.87,15.87,0.148,0.041,15.917,15.769
15.87,15.87,0.148,0.041,15.917,15.769
15.872,15.872,0.148,0.041,15.917,15.769
15.875,15.875,0.136,0.036,15.917,15.781
15.871,15.871,0.144,0.04,15.917,15.773
15.869,15.869,0.144,0.04,15.917,15.773
15.871,15.871,0.144,0.04,15.917,15.773
15.872,15.872,0.144,0.041,15.917,15.773
15.876,15.876,0.144,0.039,15.917,15.773
15.874,15.874,0.144,0.04,15.917,15.773
15.873,15.873,0.144,0.04,15.917,15.773
15.874,15.874,0.144,0.04,15.917,15.773
15.873,15.873,0.144,0.04,15.917,15.773
15.871,15.872,0.144,0.04,15.917,15.773
15.871,15.871,0.144,0.04,15.917,15.773
15.873,15.873,0.144,0.038,15.917,15.773
15.873,15.873,0.144,0.038,15.917,15.773
15.873,15.873,0.144,0.038,15.917,15.773
15.876,15.876,0.144,0.036,15.917,15.773
15.875,15.875,0.144,0.036,15.917,15.773
15.874,15.874,0.143,0.035,15.916,15.773
15.872,15.872,0.138,0.034,15.911,15.773
15.871,15.871,0.138,0.034,15.911,15.773
15.871,15.871,0.138,0.034,15.911,15.773
15.871,15.871,0.138,0.034,15.911,15.773
15.873,15.873,0.138,0.035,15.911,15.773
15.874,15.874,0.138,0.034,15.911,15.773
15.873,15.873,0.138,0.034,15.911,15.773
15.877,15.877,0.138,0.03,15.911,15.773
15.877,15.877,0.138,0.03,15.911,15.773
15.875,15.875,0.138,0.029,15.911,15.773
15.876,15.876,0.138,0.03,15.911,15.773
15.875,15.875,0.138,0.029,15.911,15.773
15.874,15.874,0.138,0.03,15.911,15.773
15.878,15.878,0.09,0.023,15.911,15.821
15.878,15.878,0.09,0.023,15.911,15.821
15.879,15.879,0.094,0.024,15.915,15.821
15.877,15.877,0.094,0.023,15.915,15.821
15.874,15.874,0.101,0.025,15.915,15.814
15.876,15.876,0.101,0.024,15.915,15.814
15.878,15.878,0.101,0.025,15.915,15.814
15.878,15.878,0.101,0.025,15.915,15.814
15.878,15.878,0.101,0.025,15.915,15.814
15.88,15.88,0.101,0.023,15.915,15.814
15.877,15.877,0.104,0.026,15.915,15.811
15.877,15.877,0.104,0.026,15.915,15.811
15.873,15.874,0.116,0.03,15.915,15.799
15.874,15.874,0.116,0.03,15.915,15.799
15.872,15.872,0.116,0.031,15.915,15.799
15.872,15.872,0.116,0.031,15.915,15.799
15.873,15.873,0.116,0.031,15.915,15.799
15.873,15.873,0.116,0.031,15.915,15.799
15.871,15.871,0.116,0.033,15.915,15.799
15.873,15.873,0.116,0.031,15.915,15.799
15.872,15.872,0.116,0.031,15.915,15.799
15.869,15.869,0.116,0.033,15.915,15.799
15.865,15.865,0.139,0.037,15.915,15.776
15.865,15.865,0.139,0.037,15.915,15.776
15.864,15.864,0.139,0.037,15.915,15.776
15.864,15.864,0.139,0.036,15.915,15.776
15.865,15.865,0.139,0.037,15.915,15.776
15.865,15.865,0.139,0.036,15.915,15.776
15.862,15.862,0.139,0.038,15.915,15.776
15.86,15.86,0.139,0.039,15.915,15.776
15.86,15.86,0.139,0.039,15.915,15.776
15.859,15.86,0.139,0.039,15.915,15.776
15.859,15.859,0.136,0.038,15.912,15.776
15.857,15.857,0.136,0.04,15.912,15.776
15.859,15.859,0.136,0.039,15.912,15.776
15.854,15.854,0.136,0.041,15.912,15.776
15.851,15.851,0.119,0.04,15.895,15.776
15.85,15.85,0.119,0.04,15.895,15.776
15.85,15.85,0.119,0.04,15.895,15.776
15.849,15.85,0.119,0.04,15.895,15.776
15.852,15.852,0.119,0.04,15.895,15.776
15.852,15.852,0.119,0.04,15.895,15.776
15.855,15.855,0.119,0.039,15.895,15.776
15.852,15.852,0.119,0.039,15.895,15.776
15.853,15.853,0.119,0.039,15.895,15.776
15.852,15.852,0.119,0.038,15.895,15.776
15.849,15.849,0.119,0.039,15.895,15.776
15.849,15.849,0.119,0.04,15.895,15.776
15.851,15.851,0.119,0.039,15.895,15.776
15.85,15.85,0.119,0.04,15.895,15.776
15.848,15.848,0.119,0.039,15.895,15.776
15.851,15.851,0.119,0.038,15.895,15.776
15.854,15.854,0.114,0.036,15.895,15.781
15.853,15.853,0.114,0.036,15.895,15.781
15.852,15.852,0.114,0.035,15.895,15.781
15.853,15.853,0.114,0.035,15.895,15.781
15.853,15.853,0.114,0.035,15.895,15.781
15.851,15.851,0.114,0.035,15.895,15.781
15.854,15.854,0.114,0.033,15.895,15.781
15.855,15.855,0.114,0.032,15.895,15.781
15.854,15.854,0.114,0.031,15.895,15.781
15.854,15.854,0.114,0.031,15.895,15.781
15.854,15.854,0.108,0.031,15.889,15.781
15.857,15.857,0.112,0.029,15.893,15.781
15.856,15.856,0.112,0.029,15.893,15.781
15.86,15.86,0.114,0.027,15.904,15.79
15.861,15.861,0.114,0.026,15.904,15.79
15.86,15.86,0.114,0.026,15.904,15.79
15.857,15.857,0.123,0.029,15.904,15.781
15.858,15.858,0.123,0.03,15.904,15.781
15.858,15.858,0.123,0.03,15.904,15.781
15.856,15.856,0.123,0.031,15.904,15.781
15.852,15.852,0.123,0.033,15.904,15.781
15.855,15.855,0.123,0.033,15.904,15.781
15.857,15.857,0.123,0.033,15.904,15.781
15.855,15.855,0.123,0.035,15.904,15.781
15.856,15.856,0.123,0.034,15.904,15.781
15.857,15.857,0.14,0.035,15.921,15.781
15.854,15.854,0.14,0.036,15.921,15.781
15.853,15.853,0.147,0.039,15.921,15.774
15.854,15.854,0.147,0.04,15.921,15.774
15.853,15.853,0.147,0.04,15.921,15.774
15.853,15.853,0.147,0.04,15.921,15.774
15.855,15.855,0.147,0.04,15.921,15.774
15.855,15.855,0.147,0.04,15.921,15.774
15.856,15.856,0.147,0.041,15.921,15.774
15.856,15.857,0.147,0.041,15.921,15.774
15.858,15.858,0.147,0.042,15.921,15.774
15.856,15.856,0.147,0.043,15.921,15.774
15.856,15.856,0.147,0.043,15.921,15.774
15.857,15.857,0.147,0.044,15.921,15.774
15.856,15.856,0.147,0.044,15.921,15.774
15.857,15.857,0.147,0.045,15.921,15.774
15.857,15.857,0.147,0.045,15.921,15.774
15.856,15.856,0.147,0.046,15.921,15.774
15.853,15.853,0.147,0.046,15.921,15.774
15.855,15.855,0.147,0.045,15.921,15.774
15.853,15.854,0.147,0.046,15.921,15.774
15.858,15.858,0.147,0.045,15.921,15.774
15.856,15.856,0.147,0.045,15.921,15.774
15.855,15.855,0.147,0.045,15.921,15.774
15.858,15.858,0.147,0.045,15.921,15.774
15.859,15.859,0.147,0.044,15.921,15.774
15.858,15.858,0.147,0.043,15.921,15.774
15.857,15.857,0.147,0.043,15.921,15.774
15.861,15.861,0.154,0.043,15.928,15.774
15.863,15.863,0.154,0.043,15.928,15.774
15.863,15.863,0.154,0.042,15.928,15.774
15.863,15.863,0.154,0.041,15.928,15.774
15.865,15.865,0.122,0.038,15.928,15.806
15.865,15.865,0.122,0.038,15.928,15.806
15.867,15.867,0.122,0.038,15.928,15.806
15.868,15.868,0.122,0.039,15.928,15.806
15.866,15.866,0.122,0.04,15.928,15.806
15.867,15.867,0.122,0.04,15.928,15.806
15.867,15.867,0.122,0.04,15.928,15.806
15.866,15.866,0.122,0.04,15.928,15.806
15.865,15.865,0.122,0.039,15.928,15.806
15.865,15.865,0.13,0.04,15.928,15.798
15.866,15.866,0.13,0.039,15.928,15.798
15.865,15.865,0.13,0.039,15.928,15.798
15.867,15.867,0.13,0.038,15.928,15.798
15.866,15.866,0.13,0.037,15.928,15.798
15.868,15.868,0.16,0.04,15.958,15.798
15.871,15.871,0.16,0.039,15.958,15.798
15.875,15.875,0.165,0.041,15.963,15.798
15.875,15.875,0.165,0.041,15.963,15.798
15.875,15.875,0.165,0.041,15.963,15.798
15.874,15.874,0.165,0.041,15.963,15.798
15.875,15.875,0.165,0.04,15.963,15.798
15.88,15.88,0.194,0.044,15.992,15.798
15.879,15.879,0.194,0.044,15.992,15.798
15.879,15.879,0.194,0.045,15.992,15.798
15.882,15.882,0.194,0.047,15.992,15.798
15.886,15.886,0.194,0.049,15.992,15.798
15.881,15.881,0.222,0.053,15.992,15.77
15.88,15.88,0.222,0.053,15.992,15.77
15.876,15.876,0.222,0.055,15.992,15.77
15.877,15.877,0.222,0.055,15.992,15.77
15.878,15.879,0.222,0.054,15.992,15.77
15.878,15.878,0.222,0.054,15.992,15.77
15.88,15.88,0.222,0.057,15.992,15.77
15.877,15.877,0.222,0.058,15.992,15.77
15.875,15.875,0.225,0.061,15.992,15.767
15.877,15.877,0.225,0.063,15.992,15.767
15.877,15.877,0.225,0.063,15.992,15.767
15.877,15.877,0.225,0.063,15.992,15.767
15.877,15.878,0.225,0.063,15.992,15.767
15.878,15.878,0.225,0.062,15.992,15.767
15.878,15.878,0.225,0.062,15.992,15.767
15.878,15.878,0.225,0.062,15.992,15.767
15.878,15.879,0.225,0.062,15.992,15.767
15.878,15.878,0.225,0.062,15.992,15.767
15.876,15.876,0.225,0.061,15.992,15.767
15.876,15.876,0.225,0.061,15.992,15.767
15.874,15.874,0.225,0.059,15.992,15.767
15.874,15.874,0.225,0.059,15.992,15.767
15.88,15.88,0.225,0.061,15.992,15.767
15.88,15.88,0.225,0.061,15.992,15.767
15.881,15.881,0.225,0.061,15.992,15.767
15.877,15.877,0.222,0.057,15.989,15.767
15.876,15.877,0.222,0.057,15.989,15.767
15.88,15.88,0.222,0.055,15.989,15.767
15.877,15.877,0.222,0.054,15.989,15.767
15.874,15.874,0.222,0.051,15.989,15.767
15.877,15.877,0.222,0.047,15.989,15.767
15.878,15.878,0.222,0.047,15.989,15.767
15.881,15.881,0.222,0.043,15.989,15.767
15.881,15.881,0.222,0.043,15.989,15.767
15.882,15.882,0.222,0.043,15.989,15.767
15.882,15.882,0.222,0.043,15.989,15.767
15.878,15.878,0.222,0.039,15.989,15.767
15.88,15.88,0.222,0.037,15.989,15.767
15.884,15.884,0.184,0.031,15.989,15.805
15.881,15.881,0.184,0.026,15.989,15.805
15.883,15.883,0.184,0.03,15.989,15.805
15.883,15.883,0.184,0.03,15.989,15.805
15.883,15.883,0.184,0.03,15.989,15.805
15.884,15.884,0.156,0.028,15.989,15.833
15.887,15.887,0.156,0.03,15.989,15.833
15.887,15.887,0.156,0.03,15.989,15.833
15.886,15.886,0.156,0.031,15.989,15.833
15.885,15.885,0.156,0.031,15.989,15.833
15.885,15.885,0.156,0.031,15.989,15.833
15.883,15.883,0.156,0.031,15.989,15.833
15.881,15.881,0.156,0.032,15.989,15.833
15.881,15.881,0.156,0.033,15.989,15.833
15.877,15.877,0.128,0.026,15.961,15.833
15.874,15.875,0.145,0.028,15.961,15.816
15.875,15.875,0.145,0.028,15.961,15.816
15.872,15.873,0.147,0.03,15.961,15.814
15.872,15.872,0.147,0.03,15.961,15.814
15.871,15.871,0.147,0.03,15.961,15.814
15.872,15.872,0.147,0.031,15.961,15.814
15.872,15.872,0.147,0.031,15.961,15.814
15.873,15.873,0.147,0.031,15.961,15.814
15.874,15.874,0.147,0.032,15.961,15.814
15.876,15.876,0.147,0.033,15.961,15.814
15.874,15.874,0.157,0.035,15.961,15.804
15.874,15.874,0.157,0.036,15.961,15.804
15.875,15.875,0.157,0.036,15.961,15.804
15.876,15.876,0.157,0.036,15.961,15.804
15.876,15.876,0.157,0.036,15.961,15.804
15.877,15.877,0.157,0.036,15.961,15.804
15.878,15.878,0.157,0.037,15.961,15.804
15.875,15.875,0.141,0.033,15.945,15.804
15.876,15.876,0.141,0.034,15.945,15.804
15.877,15.877,0.141,0.035,15.945,15.804
15.877,15.877,0.141,0.036,15.945,15.804
15.872,15.872,0.115,0.035,15.919,15.804
15.872,15.872,0.115,0.035,15.919,15.804
15.871,15.871,0.115,0.037,15.919,15.804
15.872,15.872,0.115,0.037,15.919,15.804
15.874,15.874,0.115,0.038,15.919,15.804
15.874,15.874,0.115,0.038,15.919,15.804
15.872,15.872,0.131,0.04,15.919,15.788
15.872,15.872,0.131,0.04,15.919,15.788
15.873,15.873,0.131,0.04,15.919,15.788
15.872,15.872,0.132,0.042,15.919,15.787
15.869,15.869,0.132,0.042,15.919,15.787
15.871,15.871,0.132,0.041,15.919,15.787
15.872,15.872,0.132,0.041,15.919,15.787
15.873,15.874,0.132,0.041,15.919,15.787
15.872,15.872,0.132,0.041,15.919,15.787
15.872,15.873,0.132,0.041,15.919,15.787
15.867,15.867,0.206,0.05,15.919,15.713
15.863,15.863,0.206,0.05,15.919,15.713
15.86,15.86,0.206,0.049,15.919,15.713
15.858,15.858,0.206,0.053,15.919,15.713
15.854,15.854,0.206,0.054,15.919,15.713
15.853,15.853,0.206,0.053,15.919,15.713
15.849,15.85,0.206,0.054,15.919,15.713
15.85,15.85,0.206,0.055,15.919,15.713
15.846,15.847,0.206,0.055,15.919,15.713
15.846,15.846,0.206,0.054,15.919,15.713
15.846,15.846,0.206,0.054,15.919,15.713
15.84,15.84,0.2,0.056,15.913,15.713
15.84,15.84,0.213,0.057,15.926,15.713
15.842,15.842,0.213,0.057,15.926,15.713
15.843,15.843,0.213,0.056,15.926,15.713
15.84,15.841,0.213,0.057,15.926,15.713
15.842,15.842,0.213,0.057,15.926,15.713
15.841,15.842,0.213,0.056,15.926,15.713
15.841,15.841,0.213,0.055,15.926,15.713
15.84,15.84,0.213,0.055,15.926,15.713
15.84,15.84,0.213,0.055,15.926,15.713
15.84,15.84,0.213,0.056,15.926,15.713
15.841,15.841,0.213,0.056,15.926,15.713
15.845,15.845,0.213,0.057,15.926,15.713
15.846,15.847,0.213,0.057,15.926,15.713
15.844,15.844,0.213,0.057,15.926,15.713
15.844,15.844,0.213,0.057,15.926,15.713
15.843,15.844,0.213,0.057,15.926,15.713
15.844,15.844,0.213,0.057,15.926,15.713
15.84,15.84,0.213,0.057,15.926,15.713
15.846,15.846,0.192,0.052,15.926,15.734
15.849,15.849,0.192,0.052,15.926,15.734
15.845,15.846,0.205,0.057,15.926,15.721
15.847,15.847,0.205,0.054,15.926,15.721
15.85,15.85,0.205,0.053,15.926,15.721
15.85,15.85,0.205,0.054,15.926,15.721
15.855,15.855,0.205,0.053,15.926,15.721
15.856,15.856,0.205,0.054,15.926,15.721
15.855,15.855,0.205,0.054,15.926,15.721
15.853,15.853,0.205,0.054,15.926,15.721
15.849,15.849,0.205,0.057,15.926,15.721
15.853,15.853,0.205,0.053,15.926,15.721
15.853,15.853,0.198,0.053,15.919,15.721
15.854,15.855,0.198,0.054,15.919,15.721
15.857,15.857,0.198,0.054,15.919,15.721
15.857,15.858,0.198,0.054,15.919,15.721
15.859,15.859,0.198,0.054,15.919,15.721
15.856,15.856,0.198,0.055,15.919,15.721
15.855,15.856,0.198,0.055,15.919,15.721
15.852,15.852,0.211,0.061,15.919,15.708
15.855,15.855,0.211,0.06,15.919,15.708
15.851,15.851,0.211,0.061,15.919,15.708
15.85,15.85,0.211,0.06,15.919,15.708
15.849,15.85,0.211,0.06,15.919,15.708
15.844,15.845,0.211,0.064,15.919,15.708
15.847,15.847,0.211,0.064,15.919,15.708
15.847,15.847,0.211,0.064,15.919,15.708
15.846,15.846,0.211,0.063,15.919,15.708
15.845,15.846,0.211,0.063,15.919,15.708
15.846,15.846,0.211,0.063,15.919,15.708
15.846,15.847,0.211,0.063,15.919,15.708
15.844,15.844,0.211,0.063,15.919,15.708
15.847,15.848,0.211,0.059,15.919,15.708
15.851,15.851,0.211,0.059,15.919,15.708
15.849,15.849,0.211,0.06,15.919,15.708
15.846,15.846,0.211,0.059,15.919,15.708
15.841,15.841,0.211,0.061,15.919,15.708
15.838,15.838,0.211,0.059,15.919,15.708
15.835,15.835,0.211,0.063,15.919,15.708
15.835,15.835,0.211,0.063,15.919,15.708
15.834,15.834,0.211,0.064,15.919,15.708
15.832,15.832,0.211,0.064,15.919,15.708
15.831,15.831,0.209,0.063,15.917,15.708
15.827,15.827,0.198,0.061,15.906,15.708
15.827,15.827,0.197,0.06,15.905,15.708
15.83,15.831,0.218,0.062,15.926,15.708
15.829,15.829,0.218,0.061,15.926,15.708
15.827,15.827,0.218,0.063,15.926,15.708
15.825,15.825,0.218,0.062,15.926,15.708
15.826,15.826,0.213,0.061,15.926,15.713
15.821,15.821,0.213,0.063,15.926,15.713
15.826,15.826,0.213,0.065,15.926,15.713
15.825,15.825,0.213,0.064,15.926,15.713
15.821,15.822,0.213,0.063,15.926,15.713
15.825,15.825,0.213,0.06,15.926,15.713
15.822,15.822,0.213,0.06,15.926,15.713
15.82,15.82,0.213,0.058,15.926,15.713
15.822,15.823,0.213,0.061,15.926,15.713
15.821,15.821,0.213,0.06,15.926,15.713
15.822,15.822,0.213,0.06,15.926,15.713
15.82,15.82,0.213,0.058,15.926,15.713
15.819,15.819,0.213,0.059,15.926,15.713
15.82,15.82,0.213,0.059,15.926,15.713
15.818,15.818,0.213,0.057,15.926,15.713
15.818,15.818,0.213,0.057,15.926,15.713
15.816,15.816,0.213,0.059,15.926,15.713
15.819,15.819,0.213,0.057,15.926,15.713
15.819,15.819,0.213,0.057,15.926,15.713
15.82,15.82,0.213,0.056,15.926,15.713
15.821,15.821,0.213,0.056,15.926,15.713
15.825,15.825,0.199,0.052,15.926,15.727
15.825,15.825,0.199,0.052,15.926,15.727
15.824,15.824,0.199,0.051,15.926,15.727
15.824,15.825,0.199,0.051,15.926,15.727
15.822,15.822,0.199,0.05,15.926,15.727
15.819,15.819,0.195,0.046,15.922,15.727
15.818,15.818,0.195,0.046,15.922,15.727
15.819,15.819,0.195,0.044,15.922,15.727
15.819,15.82,0.195,0.044,15.922,15.727
15.821,15.821,0.195,0.042,15.922,15.727
15.825,15.825,0.179,0.038,15.922,15.743
15.82,15.82,0.178,0.034,15.921,15.743
15.823,15.823,0.178,0.038,15.921,15.743
15.825,15.825,0.178,0.038,15.921,15.743
15.824,15.824,0.178,0.038,15.921,15.743
15.824,15.824,0.178,0.038,15.921,15.743
15.822,15.822,0.178,0.039,15.921,15.743
15.821,15.821,0.166,0.036,15.909,15.743
15.82,15.82,0.166,0.036,15.909,15.743
15.819,15.819,0.166,0.036,15.909,15.743
15.821,15.821,0.166,0.039,15.909,15.743
15.823,15.823,0.166,0.039,15.909,15.743
15.825,15.825,0.166,0.042,15.909,15.743
15.821,15.822,0.166,0.042,15.909,15.743
15.822,15.822,0.166,0.042,15.909,15.743
15.828,15.828,0.182,0.043,15.925,15.743
15.828,15.828,0.182,0.043,15.925,15.743
15.827,15.827,0.182,0.043,15.925,15.743
15.83,15.83,0.158,0.041,15.925,15.767
15.832,15.832,0.158,0.042,15.925,15.767
15.832,15.832,0.158,0.042,15.925,15.767
15.829,15.829,0.189,0.045,15.925,15.736
15.828,15.828,0.189,0.045,15.925,15.736
15.828,15.828,0.189,0.045,15.925,15.736
15.825,15.825,0.207,0.049,15.925,15.718
15.825,15.825,0.207,0.049,15.925,15.718
15.824,15.824,0.207,0.049,15.925,15.718
15.825,15.825,0.207,0.049,15.925,15.718
15.824,15.824,0.207,0.049,15.925,15.718
15.827,15.827,0.207,0.048,15.925,15.718
15.823,15.823,0.207,0.051,15.925,15.718
15.827,15.827,0.207,0.053,15.925,15.718
15.827,15.827,0.207,0.053,15.925,15.718
15.827,15.827,0.207,0.053,15.925,15.718
15.83,15.83,0.207,0.053,15.925,15.718
15.83,15.83,0.207,0.052,15.925,15.718
15.833,15.833,0.207,0.051,15.925,15.718
15.831,15.831,0.207,0.051,15.925,15.718
15.831,15.831,0.207,0.051,15.925,15.718
15.832,15.832,0.207,0.05,15.925,15.718
15.829,15.829,0.207,0.048,15.925,15.718
15.829,15.829,0.207,0.048,15.925,15.718
15.827,15.827,0.207,0.046,15.925,15.718
15.83,15.83,0.207,0.045,15.925,15.718
15.83,15.83,0.207,0.045,15.925,15.718
15.824,15.824,0.194,0.045,15.912,15.718
15.827,15.827,0.194,0.047,15.912,15.718
15.828,15.828,0.194,0.048,15.912,15.718
15.831,15.832,0.209,0.051,15.927,15.718
15.832,15.833,0.209,0.052,15.927,15.718
15.831,15.831,0.209,0.052,15.927,15.718
15.835,15.835,0.209,0.049,15.927,15.718
15.837,15.837,0.209,0.05,15.927,15.718
15.838,15.838,0.209,0.05,15.927,15.718
15.842,15.842,0.195,0.045,15.927,15.732
15.839,15.839,0.195,0.048,15.927,15.732
15.841,15.841,0.195,0.047,15.927,15.732
15.838,15.839,0.195,0.049,15.927,15.732
15.839,15.839,0.195,0.049,15.927,15.732
15.841,15.841,0.195,0.05,15.927,15.732
15.844,15.845,0.193,0.046,15.927,15.734
15.841,15.841,0.193,0.045,15.927,15.734
15.838,15.838,0.193,0.043,15.927,15.734
15.839,15.839,0.193,0.044,15.927,15.734
15.84,15.84,0.193,0.044,15.927,15.734
15.84,15.84,0.193,0.045,15.927,15.734
15.838,15.838,0.193,0.045,15.927,15.734
15.838,15.838,0.193,0.045,15.927,15.734
15.842,15.842,0.193,0.048,15.927,15.734
15.841,15.841,0.193,0.048,15.927,15.734
15.84,15.841,0.193,0.049,15.927,15.734
15.841,15.841,0.193,0.048,15.927,15.734
15.841,15.841,0.193,0.048,15.927,15.734
15.842,15.842,0.193,0.049,15.927,15.734
15.845,15.845,0.193,0.051,15.927,15.734
15.845,15.845,0.197,0.051,15.927,15.73
15.845,15.845,0.2,0.052,15.93,15.73
15.845,15.845,0.2,0.052,15.93,15.73
15.841,15.841,0.2,0.05,15.93,15.73
15.838,15.838,0.2,0.048,15.93,15.73
15.84,15.84,0.2,0.048,15.93,15.73
15.84,15.84,0.2,0.048,15.93,15.73
15.836,15.836,0.2,0.049,15.93,15.73
15.834,15.834,0.2,0.049,15.93,15.73
15.833,15.834,0.2,0.049,15.93,15.73
15.836,15.836,0.2,0.047,15.93,15.73
15.837,15.837,0.2,0.047,15.93,15.73
15.84,15.84,0.2,0.045,15.93,15.73
15.84,15.84,0.2,0.045,15.93,15.73
15.837,15.837,0.2,0.043,15.93,15.73
15.835,15.835,0.2,0.044,15.93,15.73
15.839,15.839,0.2,0.045,15.93,15.73
15.839,15.84,0.2,0.045,15.93,15.73
15.838,15.838,0.2,0.045,15.93,15.73
15.836,15.836,0.2,0.044,15.93,15.73
15.836,15.836,0.2,0.044,15.93,15.73
15.838,15.838,0.2,0.044,15.93,15.73
15.838,15.838,0.2,0.044,15.93,15.73
15.835,15.835,0.2,0.041,15.93,15.73
15.836,15.836,0.2,0.04,15.93,15.73
15.836,15.836,0.2,0.04,15.93,15.73
15.838,15.838,0.2,0.042,15.93,15.73
15.838,15.838,0.2,0.042,15.93,15.73
15.836,15.836,0.2,0.042,15.93,15.73
15.832,15.832,0.2,0.039,15.93,15.73
15.838,15.838,0.165,0.038,15.93,15.765
15.835,15.835,0.16,0.034,15.925,15.765
15.834,15.835,0.16,0.034,15.925,15.765
15.833,15.833,0.16,0.035,15.925,15.765
15.837,15.837,0.161,0.038,15.926,15.765
15.835,15.835,0.161,0.038,15.926,15.765
15.835,15.835,0.161,0.038,15.926,15.765
15.837,15.837,0.141,0.036,15.926,15.785
15.841,15.841,0.144,0.039,15.929,15.785
15.842,15.842,0.144,0.039,15.929,15.785
15.841,15.841,0.144,0.039,15.929,15.785
15.84,15.84,0.144,0.04,15.929,15.785
15.84,15.84,0.144,0.04,15.929,15.785
15.84,15.84,0.144,0.04,15.929,15.785
15.84,15.84,0.144,0.039,15.929,15.785
15.842,15.842,0.144,0.038,15.929,15.785
15.838,15.839,0.144,0.036,15.929,15.785
15.841,15.841,0.144,0.038,15.929,15.785
15.84,15.84,0.144,0.038,15.929,15.785
15.839,15.839,0.144,0.039,15.929,15.785
15.838,15.838,0.144,0.04,15.929,15.785
15.836,15.837,0.144,0.039,15.929,15.785
15.836,15.836,0.144,0.04,15.929,15.785
15.838,15.838,0.144,0.042,15.929,15.785
15.837,15.837,0.144,0.042,15.929,15.785
15.837,15.837,0.144,0.042,15.929,15.785
15.833,15.833,0.144,0.041,15.929,15.785
15.832,15.832,0.144,0.042,15.929,15.785
15.833,15.833,0.144,0.041,15.929,15.785
15.833,15.833,0.144,0.041,15.929,15.785
15.832,15.832,0.144,0.039,15.929,15.785
15.832,15.832,0.144,0.039,15.929,15.785
15.83,15.83,0.144,0.04,15.929,15.785
15.83,15.83,0.152,0.04,15.929,15.777
15.826,15.826,0.152,0.037,15.929,15.777
15.826,15.826,0.152,0.037,15.929,15.777
15.827,15.827,0.152,0.038,15.929,15.777
15.827,15.827,0.152,0.038,15.929,15.777
15.823,15.823,0.127,0.033,15.904,15.777
15.822,15.822,0.127,0.033,15.904,15.777
15.825,15.825,0.127,0.036,15.904,15.777
15.828,15.829,0.136,0.039,15.913,15.777
15.83,15.83,0.136,0.041,15.913,15.777
15.833,15.833,0.136,0.043,15.913,15.777
15.832,15.832,0.136,0.044,15.913,15.777
15.83,15.83,0.136,0.044,15.913,15.777
15.833,15.833,0.136,0.046,15.913,15.777
15.83,15.83,0.136,0.044,15.913,15.777
15.831,15.831,0.136,0.044,15.913,15.777
15.832,15.832,0.136,0.044,15.913,15.777
15.834,15.834,0.136,0.044,15.913,15.777
15.837,15.837,0.136,0.045,15.913,15.777
15.84,15.84,0.136,0.046,15.913,15.777
15.84,15.84,0.136,0.045,15.913,15.777
15.844,15.844,0.136,0.047,15.913,15.777
15.844,15.844,0.136,0.046,15.913,15.777
15.845,15.845,0.136,0.045,15.913,15.777
15.844,15.844,0.136,0.047,15.913,15.777
15.842,15.843,0.136,0.048,15.913,15.777
15.841,15.841,0.152,0.05,15.913,15.761
15.843,15.843,0.195,0.053,15.956,15.761
15.848,15.848,0.205,0.057,15.966,15.761
15.849,15.85,0.205,0.056,15.966,15.761
15.853,15.853,0.205,0.055,15.966,15.761
15.854,15.854,0.205,0.054,15.966,15.761
15.853,15.853,0.205,0.054,15.966,15.761
15.853,15.853,0.205,0.054,15.966,15.761
15.854,15.854,0.205,0.054,15.966,15.761
15.856,15.856,0.205,0.054,15.966,15.761
15.858,15.858,0.205,0.053,15.966,15.761
15.858,15.858,0.205,0.053,15.966,15.761
15.856,15.856,0.205,0.052,15.966,15.761
15.853,15.853,0.205,0.052,15.966,15.761
15.855,15.855,0.208,0.055,15.969,15.761
15.855,15.855,0.208,0.055,15.969,15.761
15.855,15.855,0.208,0.055,15.969,15.761
15.851,15.851,0.208,0.055,15.969,15.761
15.854,15.854,0.208,0.055,15.969,15.761
15.852,15.853,0.208,0.056,15.969,15.761
15.857,15.858,0.219,0.06,15.98,15.761
15.856,15.856,0.219,0.06,15.98,15.761
15.854,15.854,0.219,0.06,15.98,15.761
15.851,15.851,0.219,0.06,15.98,15.761
15.847,15.847,0.219,0.061,15.98,15.761
15.843,15.843,0.219,0.061,15.98,15.761
15.842,15.842,0.219,0.061,15.98,15.761
15.844,15.844,0.219,0.061,15.98,15.761
15.848,15.848,0.219,0.06,15.98,15.761
15.854,15.854,0.222,0.064,15.983,15.761
15.855,15.855,0.218,0.062,15.983,15.765
15.85,15.851,0.218,0.06,15.983,15.765
15.845,15.845,0.218,0.057,15.983,15.765
15.846,15.846,0.218,0.057,15.983,15.765
15.843,15.843,0.218,0.057,15.983,15.765
15.846,15.846,0.218,0.058,15.983,15.765
15.845,15.845,0.218,0.058,15.983,15.765
15.842,15.842,0.218,0.058,15.983,15.765
15.844,15.844,0.218,0.059,15.983,15.765
15.841,15.841,0.218,0.059,15.983,15.765
15.843,15.843,0.218,0.061,15.983,15.765
15.843,15.843,0.218,0.061,15.983,15.765
15.842,15.843,0.218,0.061,15.983,15.765
15.843,15.843,0.218,0.061,15.983,15.765
15.84,15.841,0.218,0.057,15.983,15.765
15.845,15.846,0.218,0.059,15.983,15.765
15.846,15.846,0.218,0.059,15.983,15.765
15.848,15.848,0.218,0.058,15.983,15.765
15.844,15.844,0.218,0.059,15.983,15.765
15.844,15.844,0.218,0.06,15.983,15.765
15.838,15.838,0.218,0.055,15.983,15.765
15.838,15.838,0.218,0.055,15.983,15.765
15.836,15.837,0.218,0.056,15.983,15.765
15.838,15.838,0.218,0.056,15.983,15.765
15.845,15.845,0.208,0.06,15.983,15.775
15.847,15.847,0.208,0.059,15.983,15.775
15.85,15.85,0.208,0.059,15.983,15.775
15.851,15.851,0.208,0.059,15.983,15.775
15.853,15.853,0.208,0.062,15.983,15.775
15.847,15.847,0.203,0.058,15.978,15.775
15.85,15.85,0.203,0.058,15.978,15.775
15.852,15.852,0.203,0.057,15.978,15.775
15.856,15.856,0.203,0.057,15.978,15.775
15.857,15.857,0.203,0.057,15.978,15.775
15.859,15.859,0.203,0.057,15.978,15.775
15.859,15.859,0.203,0.057,15.978,15.775
15.859,15.859,0.203,0.057,15.978,15.775
15.862,15.862,0.203,0.056,15.978,15.775
15.863,15.863,0.203,0.056,15.978,15.775
15.866,15.866,0.203,0.055,15.978,15.775
15.864,15.864,0.203,0.053,15.978,15.775
15.863,15.863,0.203,0.053,15.978,15.775
15.862,15.862,0.203,0.053,15.978,15.775
15.861,15.861,0.21,0.055,15.978,15.768
15.86,15.861,0.21,0.055,15.978,15.768
15.859,15.859,0.21,0.053,15.978,15.768
15.857,15.857,0.21,0.054,15.978,15.768
15.858,15.858,0.21,0.055,15.978,15.768
15.861,15.861,0.21,0.053,15.978,15.768
15.865,15.865,0.21,0.051,15.978,15.768
15.865,15.865,0.21,0.052,15.978,15.768
15.863,15.864,0.21,0.052,15.978,15.768
15.866,15.866,0.21,0.05,15.978,15.768
15.867,15.867,0.21,0.05,15.978,15.768
15.861,15.861,0.187,0.047,15.955,15.768
15.862,15.862,0.187,0.047,15.955,15.768
15.863,15.863,0.187,0.048,15.955,15.768
15.859,15.859,0.187,0.049,15.955,15.768
15.857,15.857,0.145,0.046,15.913,15.768
15.857,15.857,0.145,0.045,15.913,15.768
15.856,15.857,0.145,0.045,15.913,15.768
15.857,15.857,0.145,0.045,15.913,15.768
15.855,15.855,0.145,0.044,15.913,15.768
15.854,15.854,0.14,0.044,15.908,15.768
15.853,15.853,0.14,0.044,15.908,15.768
15.853,15.853,0.14,0.045,15.908,15.768
15.857,15.857,0.14,0.043,15.908,15.768
15.857,15.857,0.14,0.043,15.908,15.768
15.856,15.856,0.136,0.042,15.904,15.768
15.856,15.856,0.136,0.043,15.904,15.768
15.856,15.857,0.136,0.043,15.904,15.768
15.858,15.858,0.136,0.043,15.904,15.768
15.859,15.859,0.136,0.043,15.904,15.768
15.863,15.863,0.136,0.04,15.904,15.768
15.861,15.861,0.136,0.041,15.904,15.768
15.86,15.86,0.136,0.04,15.904,15.768
15.865,15.865,0.13,0.037,15.904,15.774
15.862,15.862,0.13,0.039,15.904,15.774
15.861,15.861,0.13,0.039,15.904,15.774
15.86,15.86,0.13,0.039,15.904,15.774
15.863,15.863,0.114,0.035,15.904,15.79
15.866,15.866,0.114,0.034,15.904,15.79
15.864,15.864,0.114,0.036,15.904,15.79
15.86,15.86,0.131,0.039,15.904,15.773
15.862,15.862,0.131,0.038,15.904,15.773
15.862,15.862,0.13,0.037,15.903,15.773
15.862,15.862,0.13,0.037,15.903,15.773
15.865,15.865,0.13,0.035,15.903,15.773
15.863,15.863,0.13,0.036,15.903,15.773
15.865,15.865,0.13,0.035,15.903,15.773
15.863,15.863,0.13,0.037,15.903,15.773
15.858,15.858,0.171,0.044,15.903,15.732
15.86,15.86,0.171,0.044,15.903,15.732
15.86,15.86,0.171,0.044,15.903,15.732
15.862,15.862,0.171,0.043,15.903,15.732
15.858,15.858,0.166,0.045,15.898,15.732
15.855,15.855,0.166,0.045,15.898,15.732
15.854,15.854,0.163,0.045,15.895,15.732
15.854,15.854,0.163,0.045,15.895,15.732
15.854,15.854,0.163,0.045,15.895,15.732
15.854,15.854,0.163,0.045,15.895,15.732
15.851,15.851,0.163,0.046,15.895,15.732
15.847,15.847,0.163,0.048,15.895,15.732
15.845,15.845,0.163,0.047,15.895,15.732
15.848,15.848,0.173,0.048,15.905,15.732
15.849,15.849,0.173,0.048,15.905,15.732
15.846,15.846,0.173,0.048,15.905,15.732
15.848,15.848,0.173,0.047,15.905,15.732
15.849,15.849,0.173,0.048,15.905,15.732
15.846,15.846,0.173,0.048,15.905,15.732
15.846,15.846,0.173,0.048,15.905,15.732
15.844,15.844,0.173,0.047,15.905,15.732
15.845,15.845,0.173,0.047,15.905,15.732
15.848,15.848,0.173,0.045,15.905,15.732
15.848,15.848,0.173,0.046,15.905,15.732
15.848,15.848,0.173,0.046,15.905,15.732
15.848,15.848,0.173,0.046,15.905,15.732
15.849,15.849,0.173,0.046,15.905,15.732
15.852,15.852,0.182,0.047,15.914,15.732
15.849,15.849,0.182,0.048,15.914,15.732
15.852,15.852,0.182,0.048,15.914,15.732
15.857,15.857,0.147,0.043,15.914,15.767
15.857,15.857,0.147,0.043,15.914,15.767
15.857,15.857,0.147,0.043,15.914,15.767
15.854,15.854,0.147,0.045,15.914,15.767
15.857,15.857,0.147,0.044,15.914,15.767
15.861,15.861,0.147,0.043,15.914,15.767
15.86,15.86,0.147,0.042,15.914,15.767
15.86,15.861,0.147,0.043,15.914,15.767
15.861,15.861,0.147,0.043,15.914,15.767
15.861,15.861,0.147,0.043,15.914,15.767
15.861,15.861,0.147,0.043,15.914,15.767
15.864,15.864,0.133,0.039,15.914,15.781
15.866,15.866,0.133,0.039,15.914,15.781
15.865,15.865,0.133,0.038,15.914,15.781
15.865,15.865,0.133,0.038,15.914,15.781
15.867,15.867,0.133,0.036,15.914,15.781
15.867,15.867,0.133,0.036,15.914,15.781
15.867,15.867,0.133,0.036,15.914,15.781
15.87,15.87,0.133,0.033,15.914,15.781
15.871,15.871,0.133,0.033,15.914,15.781
15.871,15.871,0.133,0.033,15.914,15.781
15.873,15.873,0.133,0.031,15.914,15.781
15.874,15.874,0.133,0.031,15.914,15.781
15.871,15.871,0.133,0.034,15.914,15.781
15.87,15.87,0.133,0.034,15.914,15.781
15.868,15.868,0.133,0.034,15.914,15.781
15.867,15.867,0.133,0.033,15.914,15.781
15.866,15.866,0.12,0.032,15.901,15.781
15.869,15.869,0.12,0.029,15.901,15.781
15.869,15.869,0.123,0.029,15.904,15.781
15.867,15.867,0.123,0.029,15.904,15.781
15.867,15.867,0.123,0.029,15.904,15.781
15.866,15.866,0.123,0.029,15.904,15.781
15.872,15.872,0.166,0.03,15.964,15.798
15.871,15.871,0.166,0.029,15.964,15.798
15.869,15.869,0.166,0.029,15.964,15.798
15.869,15.869,0.166,0.03,15.964,15.798
15.867,15.867,0.166,0.029,15.964,15.798
15.866,15.866,0.166,0.03,15.964,15.798
15.865,15.865,0.166,0.029,15.964,15.798
15.866,15.866,0.166,0.027,15.964,15.798
15.866,15.866,0.166,0.028,15.964,15.798
15.868,15.868,0.166,0.03,15.964,15.798
15.867,15.867,0.166,0.03,15.964,15.798
15.867,15.867,0.166,0.03,15.964,15.798
15.866,15.866,0.166,0.031,15.964,15.798
15.868,15.868,0.166,0.031,15.964,15.798
15.867,15.867,0.166,0.031,15.964,15.798
15.867,15.867,0.166,0.031,15.964,15.798
15.866,15.866,0.166,0.031,15.964,15.798
15.867,15.867,0.166,0.032,15.964,15.798
15.866,15.866,0.166,0.032,15.964,15.798
15.865,15.865,0.166,0.031,15.964,15.798
15.867,15.867,0.129,0.029,15.964,15.835
15.866,15.866,0.129,0.029,15.964,15.835
15.867,15.867,0.129,0.029,15.964,15.835
15.868,15.868,0.129,0.029,15.964,15.835
15.867,15.867,0.134,0.03,15.964,15.83
15.866,15.866,0.134,0.03,15.964,15.83
15.863,15.863,0.137,0.03,15.964,15.827
15.864,15.864,0.137,0.03,15.964,15.827
15.866,15.866,0.137,0.03,15.964,15.827
15.865,15.865,0.137,0.03,15.964,15.827
15.862,15.862,0.11,0.024,15.937,15.827
15.862,15.862,0.11,0.024,15.937,15.827
15.865,15.865,0.123,0.029,15.95,15.827
15.865,15.865,0.123,0.029,15.95,15.827
15.865,15.865,0.123,0.029,15.95,15.827
15.866,15.866,0.123,0.029,15.95,15.827
15.865,15.865,0.123,0.029,15.95,15.827
15.863,15.863,0.134,0.03,15.95,15.816
15.864,15.864,0.134,0.03,15.95,15.816
15.863,15.863,0.134,0.028,15.95,15.816
15.863,15.863,0.134,0.028,15.95,15.816
15.861,15.861,0.134,0.028,15.95,15.816
15.862,15.862,0.134,0.028,15.95,15.816
15.861,15.861,0.134,0.027,15.95,15.816
15.858,15.858,0.138,0.028,15.95,15.812
15.858,15.858,0.138,0.028,15.95,15.812
15.859,15.859,0.138,0.028,15.95,15.812
15.856,15.856,0.145,0.029,15.95,15.805
15.856,15.856,0.145,0.029,15.95,15.805
15.856,15.856,0.145,0.03,15.95,15.805
15.856,15.856,0.145,0.03,15.95,15.805
15.856,15.856,0.145,0.03,15.95,15.805
15.855,15.855,0.145,0.03,15.95,15.805
15.855,15.855,0.145,0.029,15.95,15.805
15.856,15.856,0.145,0.029,15.95,15.805
15.856,15.856,0.145,0.029,15.95,15.805
15.857,15.857,0.145,0.028,15.95,15.805
15.857,15.857,0.145,0.028,15.95,15.805
15.856,15.856,0.145,0.027,15.95,15.805
15.855,15.855,0.145,0.027,15.95,15.805
15.855,15.855,0.145,0.027,15.95,15.805
15.854,15.854,0.145,0.027,15.95,15.805
15.85,15.851,0.104,0.021,15.909,15.805
15.851,15.851,0.104,0.021,15.909,15.805
15.851,15.851,0.104,0.021,15.909,15.805
15.85,15.85,0.104,0.02,15.909,15.805
15.85,15.85,0.104,0.02,15.909,15.805
15.852,15.852,0.104,0.02,15.909,15.805
15.853,15.853,0.104,0.02,15.909,15.805
15.848,15.848,0.108,0.023,15.875,15.767
15.848,15.848,0.108,0.023,15.875,15.767
15.846,15.846,0.111,0.027,15.875,15.764
15.847,15.847,0.119,0.028,15.883,15.764
15.845,15.845,0.119,0.027,15.883,15.764
15.846,15.846,0.119,0.027,15.883,15.764
15.846,15.846,0.119,0.027,15.883,15.764
15.846,15.846,0.119,0.027,15.883,15.764
15.848,15.848,0.119,0.026,15.883,15.764
15.848,15.848,0.119,0.026,15.883,15.764
15.845,15.845,0.119,0.028,15.883,15.764
15.842,15.842,0.121,0.032,15.883,15.762
15.843,15.843,0.121,0.032,15.883,15.762
15.844,15.844,0.121,0.032,15.883,15.762
15.84,15.84,0.121,0.034,15.883,15.762
15.841,15.841,0.121,0.034,15.883,15.762
15.837,15.837,0.123,0.037,15.883,15.76
15.834,15.834,0.123,0.038,15.883,15.76
15.833,15.833,0.123,0.038,15.883,15.76
15.83,15.83,0.124,0.04,15.883,15.759
15.83,15.83,0.124,0.039,15.883,15.759
15.832,15.832,0.169,0.043,15.928,15.759
15.829,15.829,0.171,0.045,15.928,15.757
15.829,15.829,0.171,0.045,15.928,15.757
15.827,15.828,0.171,0.045,15.928,15.757
15.826,15.826,0.171,0.046,15.928,15.757
15.824,15.824,0.171,0.046,15.928,15.757
15.823,15.823,0.171,0.046,15.928,15.757
15.823,15.824,0.171,0.046,15.928,15.757
15.824,15.824,0.171,0.046,15.928,15.757
15.826,15.826,0.171,0.045,15.928,15.757
15.824,15.824,0.171,0.046,15.928,15.757
15.829,15.829,0.171,0.046,15.928,15.757
15.828,15.828,0.171,0.045,15.928,15.757
15.826,15.826,0.171,0.046,15.928,15.757
15.825,15.825,0.171,0.046,15.928,15.757
15.822,15.823,0.171,0.047,15.928,15.757
15.823,15.823,0.171,0.047,15.928,15.757
15.821,15.821,0.171,0.046,15.928,15.757
15.819,15.819,0.171,0.046,15.928,15.757
15.82,15.82,0.171,0.046,15.928,15.757
15.82,15.82,0.171,0.045,15.928,15.757
15.817,15.817,0.171,0.045,15.928,15.757
15.816,15.816,0.171,0.045,15.928,15.757
15.82,15.82,0.171,0.047,15.928,15.757
15.817,15.817,0.171,0.046,15.928,15.757
15.821,15.821,0.171,0.045,15.928,15.757
15.822,15.822,0.171,0.045,15.928,15.757
15.82,15.82,0.171,0.046,15.928,15.757
15.823,15.823,0.171,0.044,15.928,15.757
15.822,15.822,0.171,0.045,15.928,15.757
15.814,15.814,0.201,0.045,15.902,15.701
15.815,15.815,0.201,0.044,15.902,15.701
15.812,15.812,0.201,0.046,15.902,15.701
15.812,15.812,0.201,0.046,15.902,15.701
15.815,15.815,0.201,0.047,15.902,15.701
15.812,15.812,0.201,0.051,15.902,15.701
15.807,15.807,0.225,0.056,15.902,15.677
15.807,15.807,0.225,0.056,15.902,15.677
15.805,15.805,0.225,0.054,15.902,15.677
15.803,15.803,0.225,0.054,15.902,15.677
15.806,15.806,0.225,0.055,15.902,15.677
15.805,15.805,0.221,0.053,15.898,15.677
15.802,15.802,0.221,0.052,15.898,15.677
15.802,15.802,0.221,0.052,15.898,15.677
15.8,15.8,0.221,0.055,15.898,15.677
15.804,15.804,0.221,0.056,15.898,15.677
15.804,15.804,0.221,0.057,15.898,15.677
15.806,15.806,0.221,0.058,15.898,15.677
15.807,15.807,0.221,0.058,15.898,15.677
15.803,15.803,0.221,0.062,15.898,15.677
15.804,15.805,0.221,0.062,15.898,15.677
15.808,15.808,0.221,0.063,15.898,15.677
15.809,15.809,0.221,0.063,15.898,15.677
15.808,15.808,0.207,0.062,15.884,15.677
15.811,15.811,0.207,0.063,15.884,15.677
15.811,15.811,0.207,0.063,15.884,15.677
15.814,15.814,0.213,0.065,15.89,15.677
15.814,15.815,0.213,0.065,15.89,15.677
15.815,15.815,0.213,0.065,15.89,15.677
15.816,15.816,0.213,0.065,15.89,15.677
15.822,15.822,0.213,0.062,15.89,15.677
15.819,15.819,0.213,0.066,15.89,15.677
15.823,15.823,0.213,0.065,15.89,15.677
15.821,15.821,0.213,0.066,15.89,15.677
15.816,15.816,0.213,0.068,15.89,15.677
15.823,15.823,0.245,0.067,15.922,15.677
15.83,15.83,0.228,0.062,15.922,15.694
15.831,15.831,0.228,0.063,15.922,15.694
15.832,15.832,0.228,0.062,15.922,15.694
15.835,15.835,0.228,0.063,15.922,15.694
15.832,15.832,0.228,0.063,15.922,15.694
15.831,15.832,0.228,0.062,15.922,15.694
15.83,15.83,0.228,0.065,15.922,15.694
15.833,15.833,0.228,0.066,15.922,15.694
15.837,15.837,0.228,0.062,15.922,15.694
15.835,15.835,0.228,0.062,15.922,15.694
15.832,15.832,0.228,0.062,15.922,15.694
15.827,15.827,0.228,0.064,15.922,15.694
15.827,15.827,0.228,0.064,15.922,15.694
15.831,15.831,0.228,0.059,15.922,15.694
15.832,15.832,0.228,0.059,15.922,15.694
15.831,15.831,0.228,0.059,15.922,15.694
15.833,15.833,0.228,0.06,15.922,15.694
15.828,15.828,0.228,0.062,15.922,15.694
15.826,15.826,0.228,0.062,15.922,15.694
15.821,15.821,0.228,0.063,15.922,15.694
15.815,15.815,0.228,0.065,15.922,15.694
15.814,15.814,0.228,0.066,15.922,15.694
15.81,15.81,0.228,0.066,15.922,15.694
15.81,15.81,0.228,0.066,15.922,15.694
15.808,15.808,0.228,0.065,15.922,15.694
15.814,15.814,0.215,0.063,15.922,15.707
15.812,15.812,0.215,0.062,15.922,15.707
15.814,15.814,0.215,0.061,15.922,15.707
15.817,15.817,0.215,0.059,15.922,15.707
15.813,15.813,0.207,0.056,15.914,15.707
15.811,15.811,0.207,0.054,15.914,15.707
15.81,15.81,0.207,0.053,15.914,15.707
15.809,15.809,0.207,0.053,15.914,15.707
15.806,15.806,0.207,0.052,15.914,15.707
15.807,15.807,0.207,0.052,15.914,15.707
15.806,15.806,0.207,0.052,15.914,15.707
15.808,15.808,0.207,0.05,15.914,15.707
15.807,15.807,0.207,0.048,15.914,15.707
15.807,15.807,0.207,0.048,15.914,15.707
15.808,15.808,0.207,0.048,15.914,15.707
15.806,15.806,0.207,0.049,15.914,15.707
15.806,15.806,0.207,0.049,15.914,15.707
15.804,15.804,0.207,0.05,15.914,15.707
15.804,15.804,0.207,0.05,15.914,15.707
15.801,15.801,0.207,0.051,15.914,15.707
15.802,15.803,0.208,0.054,15.915,15.707
15.799,15.799,0.208,0.05,15.915,15.707
15.805,15.805,0.209,0.052,15.916,15.707
15.806,15.806,0.209,0.052,15.916,15.707
15.808,15.808,0.209,0.051,15.916,15.707
15.809,15.809,0.186,0.048,15.916,15.73
15.812,15.812,0.186,0.047,15.916,15.73
15.818,15.818,0.186,0.049,15.916,15.73
15.821,15.821,0.186,0.051,15.916,15.73
15.819,15.819,0.186,0.051,15.916,15.73
15.815,15.815,0.186,0.051,15.916,15.73
15.816,15.816,0.186,0.051,15.916,15.73
15.816,15.816,0.186,0.051,15.916,15.73
15.819,15.819,0.186,0.054,15.916,15.73
15.82,15.82,0.186,0.054,15.916,15.73
15.819,15.82,0.186,0.054,15.916,15.73
15.818,15.818,0.186,0.053,15.916,15.73
15.819,15.82,0.186,0.052,15.916,15.73
15.821,15.821,0.186,0.052,15.916,15.73
15.821,15.821,0.186,0.052,15.916,15.73
15.819,15.819,0.186,0.054,15.916,15.73
15.817,15.817,0.189,0.057,15.916,15.727
15.812,15.812,0.189,0.056,15.916,15.727
15.81,15.811,0.189,0.057,15.916,15.727
15.81,15.81,0.189,0.057,15.916,15.727
15.813,15.813,0.189,0.056,15.916,15.727
15.816,15.816,0.189,0.054,15.916,15.727
15.819,15.819,0.189,0.052,15.916,15.727
15.817,15.817,0.189,0.054,15.916,15.727
15.823,15.823,0.193,0.056,15.92,15.727
15.818,15.818,0.193,0.054,15.92,15.727
15.818,15.818,0.193,0.054,15.92,15.727
15.816,15.816,0.193,0.051,15.92,15.727
15.817,15.817,0.193,0.051,15.92,15.727
15.819,15.819,0.193,0.052,15.92,15.727
15.819,15.819,0.193,0.053,15.92,15.727
15.815,15.815,0.193,0.055,15.92,15.727
15.811,15.812,0.193,0.052,15.92,15.727
15.812,15.812,0.193,0.053,15.92,15.727
15.813,15.813,0.193,0.053,15.92,15.727
15.813,15.813,0.193,0.053,15.92,15.727
15.813,15.813,0.193,0.053,15.92,15.727
15.813,15.813,0.193,0.053,15.92,15.727
15.81,15.81,0.193,0.05,15.92,15.727
15.81,15.81,0.193,0.05,15.92,15.727
15.81,15.81,0.193,0.05,15.92,15.727
15.809,15.809,0.193,0.05,15.92,15.727
15.808,15.808,0.193,0.05,15.92,15.727
15.806,15.806,0.193,0.05,15.92,15.727
15.802,15.802,0.195,0.051,15.92,15.725
15.806,15.806,0.195,0.05,15.92,15.725
15.809,15.809,0.195,0.048,15.92,15.725
15.813,15.813,0.195,0.049,15.92,15.725
15.818,15.818,0.195,0.05,15.92,15.725
15.819,15.819,0.195,0.05,15.92,15.725
15.816,15.816,0.195,0.051,15.92,15.725
15.818,15.819,0.195,0.055,15.92,15.725
15.819,15.819,0.195,0.055,15.92,15.725
15.821,15.821,0.195,0.053,15.92,15.725
15.818,15.818,0.195,0.05,15.92,15.725
15.821,15.821,0.195,0.049,15.92,15.725
15.823,15.824,0.195,0.051,15.92,15.725
15.822,15.823,0.195,0.051,15.92,15.725
15.822,15.822,0.195,0.051,15.92,15.725
15.82,15.82,0.195,0.049,15.92,15.725
15.823,15.823,0.195,0.047,15.92,15.725
15.826,15.826,0.195,0.044,15.92,15.725
15.827,15.827,0.195,0.044,15.92,15.725
15.826,15.826,0.195,0.043,15.92,15.725
15.827,15.827,0.195,0.043,15.92,15.725
15.829,15.829,0.195,0.041,15.92,15.725
15.829,15.829,0.195,0.041,15.92,15.725
15.826,15.826,0.195,0.044,15.92,15.725
15.827,15.827,0.195,0.044,15.92,15.725
15.828,15.828,0.195,0.044,15.92,15.725
15.828,15.828,0.195,0.044,15.92,15.725
15.828,15.828,0.195,0.044,15.92,15.725
15.83,15.83,0.195,0.044,15.92,15.725
15.834,15.834,0.195,0.045,15.92,15.725
15.837,15.837,0.18,0.04,15.92,15.74
15.839,15.839,0.18,0.042,15.92,15.74
15.839,15.839,0.18,0.042,15.92,15.74
15.837,15.837,0.18,0.041,15.92,15.74
15.838,15.838,0.18,0.042,15.92,15.74
15.835,15.835,0.18,0.044,15.92,15.74
15.835,15.835,0.18,0.044,15.92,15.74
15.834,15.834,0.166,0.042,15.906,15.74
15.834,15.834,0.166,0.043,15.906,15.74
15.837,15.837,0.182,0.045,15.922,15.74
15.835,15.835,0.182,0.047,15.922,15.74
15.834,15.834,0.182,0.047,15.922,15.74
15.832,15.832,0.182,0.046,15.922,15.74
15.831,15.831,0.182,0.046,15.922,15.74
15.832,15.832,0.182,0.046,15.922,15.74
15.832,15.832,0.182,0.046,15.922,15.74
15.83,15.831,0.182,0.046,15.922,15.74
15.83,15.83,0.182,0.046,15.922,15.74
15.833,15.833,0.182,0.048,15.922,15.74
15.83,15.83,0.182,0.046,15.922,15.74
15.831,15.831,0.182,0.047,15.922,15.74
15.829,15.829,0.182,0.048,15.922,15.74
15.83,15.83,0.182,0.048,15.922,15.74
15.832,15.832,0.171,0.046,15.922,15.751
15.833,15.833,0.171,0.046,15.922,15.751
15.832,15.832,0.171,0.047,15.922,15.751
15.831,15.831,0.171,0.047,15.922,15.751
15.831,15.832,0.171,0.047,15.922,15.751
15.83,15.83,0.171,0.046,15.922,15.751
15.83,15.83,0.173,0.048,15.924,15.751
15.828,15.828,0.176,0.05,15.924,15.748
15.826,15.826,0.176,0.048,15.924,15.748
15.825,15.825,0.176,0.048,15.924,15.748
15.825,15.825,0.176,0.048,15.924,15.748
15.821,15.821,0.176,0.046,15.924,15.748
15.824,15.824,0.176,0.044,15.924,15.748
15.827,15.827,0.176,0.042,15.924,15.748
15.824,15.824,0.176,0.04,15.924,15.748
15.825,15.825,0.176,0.04,15.924,15.748
15.822,15.822,0.176,0.036,15.924,15.748
15.823,15.823,0.176,0.034,15.924,15.748
15.825,15.825,0.176,0.036,15.924,15.748
15.828,15.828,0.176,0.039,15.924,15.748
15.829,15.829,0.176,0.039,15.924,15.748
15.832,15.832,0.176,0.042,15.924,15.748
15.834,15.834,0.176,0.043,15.924,15.748
15.836,15.836,0.176,0.042,15.924,15.748
15.835,15.835,0.176,0.042,15.924,15.748
15.834,15.834,0.176,0.041,15.924,15.748
15.833,15.833,0.176,0.041,15.924,15.748
15.832,15.832,0.176,0.041,15.924,15.748
15.834,15.834,0.176,0.039,15.924,15.748
15.832,15.832,0.176,0.04,15.924,15.748
15.834,15.834,0.176,0.039,15.924,15.748
15.833,15.833,0.176,0.038,15.924,15.748
15.836,15.836,0.176,0.039,15.924,15.748
15.836,15.836,0.176,0.039,15.924,15.748
15.837,15.837,0.176,0.038,15.924,15.748
15.839,15.839,0.176,0.039,15.924,15.748
15.836,15.836,0.167,0.035,15.915,15.748
15.838,15.838,0.121,0.031,15.915,15.794
15.838,15.838,0.121,0.031,15.915,15.794
15.838,15.838,0.121,0.031,15.915,15.794
15.839,15.839,0.121,0.031,15.915,15.794
15.839,15.839,0.121,0.031,15.915,15.794
15.84,15.84,0.121,0.031,15.915,15.794
15.838,15.838,0.135,0.032,15.915,15.78
15.838,15.838,0.135,0.032,15.915,15.78
15.841,15.841,0.149,0.036,15.929,15.78
15.84,15.84,0.149,0.037,15.929,15.78
15.84,15.84,0.149,0.037,15.929,15.78
15.838,15.838,0.149,0.037,15.929,15.78
15.834,15.834,0.149,0.035,15.929,15.78
15.833,15.833,0.149,0.035,15.929,15.78
15.83,15.83,0.149,0.031,15.929,15.78
15.828,15.828,0.149,0.029,15.929,15.78
15.827,15.827,0.149,0.029,15.929,15.78
15.827,15.827,0.149,0.029,15.929,15.78
15.826,15.826,0.149,0.029,15.929,15.78
15.828,15.828,0.149,0.03,15.929,15.78
15.827,15.827,0.149,0.031,15.929,15.78
15.825,15.825,0.152,0.032,15.929,15.777
15.827,15.827,0.152,0.032,15.929,15.777
15.828,15.828,0.152,0.032,15.929,15.777
15.826,15.826,0.152,0.032,15.929,15.777
15.826,15.826,0.152,0.032,15.929,15.777
15.828,15.828,0.152,0.033,15.929,15.777
15.826,15.826,0.161,0.035,15.929,15.768
15.822,15.822,0.165,0.035,15.929,15.764
15.821,15.821,0.165,0.036,15.929,15.764
15.82,15.82,0.165,0.036,15.929,15.764
15.822,15.822,0.165,0.04,15.929,15.764
15.824,15.824,0.165,0.041,15.929,15.764
15.826,15.826,0.165,0.043,15.929,15.764
15.829,15.829,0.165,0.045,15.929,15.764
15.828,15.828,0.165,0.045,15.929,15.764
15.827,15.827,0.165,0.045,15.929,15.764
15.827,15.827,0.165,0.046,15.929,15.764
15.825,15.825,0.15,0.043,15.914,15.764
15.825,15.825,0.15,0.043,15.914,15.764
15.829,15.829,0.15,0.045,15.914,15.764
15.829,15.829,0.15,0.045,15.914,15.764
15.832,15.832,0.15,0.046,15.914,15.764
15.832,15.832,0.15,0.047,15.914,15.764
15.837,15.837,0.21,0.053,15.974,15.764
15.839,15.839,0.21,0.054,15.974,15.764
15.838,15.839,0.21,0.054,15.974,15.764
15.837,15.838,0.21,0.055,15.974,15.764
15.839,15.839,0.21,0.055,15.974,15.764
15.84,15.84,0.21,0.055,15.974,15.764
15.841,15.841,0.21,0.055,15.974,15.764
15.843,15.843,0.21,0.053,15.974,15.764
15.844,15.844,0.21,0.054,15.974,15.764
15.846,15.846,0.21,0.055,15.974,15.764
15.846,15.846,0.21,0.054,15.974,15.764
