mean,RMS,ptp,std,max,min
16.815,16.815,0.153,0.039,16.884,16.731
16.816,16.816,0.153,0.039,16.884,16.731
16.816,16.816,0.153,0.039,16.884,16.731
16.815,16.815,0.153,0.039,16.884,16.731
16.816,16.816,0.153,0.04,16.884,16.731
16.816,16.816,0.153,0.04,16.884,16.731
16.815,16.815,0.153,0.041,16.884,16.731
16.815,16.815,0.153,0.041,16.884,16.731
16.816,16.816,0.153,0.041,16.884,16.731
16.818,16.818,0.153,0.041,16.884,16.731
16.818,16.818,0.153,0.041,16.884,16.731
16.819,16.819,0.153,0.04,16.884,16.731
16.819,16.819,0.153,0.041,16.884,16.731
16.819,16.819,0.153,0.041,16.884,16.731
16.818,16.818,0.153,0.041,16.884,16.731
16.817,16.817,0.153,0.041,16.884,16.731
16.818,16.818,0.153,0.041,16.884,16.731
16.817,16.817,0.153,0.041,16.884,16.731
16.817,16.817,0.153,0.041,16.884,16.731
16.819,16.819,0.144,0.04,16.884,16.74
16.82,16.82,0.144,0.041,16.884,16.74
16.82,16.82,0.144,0.041,16.884,16.74
16.82,16.82,0.144,0.041,16.884,16.74
16.821,16.821,0.144,0.041,16.884,16.74
16.821,16.821,0.144,0.041,16.884,16.74
16.823,16.823,0.144,0.041,16.884,16.74
16.823,16.823,0.144,0.041,16.884,16.74
16.823,16.823,0.144,0.041,16.884,16.74
16.824,16.824,0.144,0.041,16.884,16.74
16.824,16.824,0.144,0.041,16.884,16.74
16.823,16.824,0.144,0.041,16.884,16.74
16.825,16.825,0.144,0.041,16.884,16.74
16.825,16.825,0.144,0.041,16.884,16.74
16.826,16.826,0.144,0.041,16.884,16.74
16.827,16.827,0.144,0.042,16.884,16.74
16.827,16.827,0.144,0.042,16.884,16.74
16.829,16.829,0.144,0.041,16.884,16.74
16.83,16.83,0.144,0.041,16.884,16.74
16.83,16.83,0.144,0.042,16.884,16.74
16.831,16.831,0.147,0.042,16.887,16.74
16.831,16.831,0.147,0.042,16.887,16.74
16.831,16.831,0.147,0.042,16.887,16.74
16.831,16.831,0.147,0.043,16.887,16.74
16.83,16.83,0.147,0.043,16.887,16.74
16.83,16.83,0.147,0.043,16.887,16.74
16.831,16.831,0.147,0.043,16.887,16.74
16.83,16.83,0.147,0.044,16.887,16.74
16.83,16.83,0.147,0.044,16.887,16.74
16.829,16.829,0.147,0.043,16.887,16.74
16.829,16.829,0.147,0.043,16.887,16.74
16.831,16.831,0.147,0.043,16.887,16.74
16.83,16.831,0.147,0.043,16.887,16.74
16.83,16.83,0.147,0.043,16.887,16.74
16.83,16.83,0.147,0.043,16.887,16.74
16.831,16.831,0.147,0.043,16.887,16.74
16.831,16.831,0.147,0.043,16.887,16.74
16.83,16.83,0.147,0.043,16.887,16.74
16.831,16.831,0.147,0.042,16.887,16.74
16.832,16.832,0.147,0.042,16.887,16.74
16.83,16.83,0.147,0.043,16.887,16.74
16.831,16.831,0.147,0.042,16.887,16.74
16.831,16.831,0.147,0.042,16.887,16.74
16.832,16.832,0.147,0.042,16.887,16.74
16.834,16.834,0.155,0.042,16.895,16.74
16.833,16.833,0.155,0.042,16.895,16.74
16.835,16.835,0.155,0.041,16.895,16.74
16.836,16.836,0.155,0.041,16.895,16.74
16.837,16.837,0.155,0.041,16.895,16.74
16.837,16.837,0.155,0.041,16.895,16.74
16.838,16.838,0.159,0.042,16.899,16.74
16.838,16.838,0.159,0.042,16.899,16.74
16.836,16.837,0.159,0.042,16.899,16.74
16.838,16.838,0.159,0.042,16.899,16.74
16.838,16.838,0.159,0.041,16.899,16.74
16.838,16.838,0.159,0.041,16.899,16.74
16.837,16.837,0.159,0.042,16.899,16.74
16.836,16.836,0.159,0.042,16.899,16.74
16.836,16.836,0.159,0.042,16.899,16.74
16.837,16.837,0.159,0.042,16.899,16.74
16.837,16.837,0.159,0.042,16.899,16.74
16.837,16.838,0.159,0.042,16.899,16.74
16.838,16.838,0.141,0.041,16.899,16.758
16.838,16.838,0.141,0.041,16.899,16.758
16.837,16.837,0.141,0.042,16.899,16.758
16.837,16.837,0.144,0.042,16.902,16.758
16.837,16.837,0.144,0.042,16.902,16.758
16.839,16.839,0.132,0.042,16.902,16.77
16.838,16.838,0.132,0.042,16.902,16.77
16.838,16.838,0.132,0.042,16.902,16.77
16.838,16.838,0.132,0.041,16.902,16.77
16.838,16.838,0.132,0.041,16.902,16.77
16.838,16.838,0.132,0.041,16.902,16.77
16.839,16.839,0.132,0.041,16.902,16.77
16.839,16.839,0.132,0.041,16.902,16.77
16.838,16.838,0.132,0.041,16.902,16.77
16.838,16.838,0.132,0.041,16.902,16.77
16.838,16.838,0.132,0.041,16.902,16.77
16.837,16.837,0.132,0.042,16.902,16.77
16.837,16.837,0.132,0.042,16.902,16.77
16.838,16.838,0.132,0.042,16.902,16.77
16.837,16.837,0.132,0.042,16.902,16.77
16.836,16.836,0.132,0.042,16.902,16.77
16.836,16.836,0.132,0.043,16.902,16.77
16.836,16.836,0.132,0.042,16.902,16.77
16.837,16.837,0.132,0.042,16.902,16.77
16.838,16.838,0.13,0.042,16.902,16.772
16.837,16.837,0.13,0.042,16.902,16.772
16.836,16.836,0.13,0.042,16.902,16.772
16.835,16.835,0.13,0.042,16.902,16.772
16.836,16.836,0.13,0.042,16.902,16.772
16.835,16.835,0.13,0.042,16.902,16.772
16.835,16.835,0.138,0.043,16.91,16.772
16.834,16.834,0.138,0.043,16.91,16.772
16.834,16.834,0.138,0.043,16.91,16.772
16.833,16.833,0.138,0.043,16.91,16.772
16.833,16.833,0.138,0.043,16.91,16.772
16.834,16.834,0.138,0.043,16.91,16.772
16.835,16.835,0.138,0.043,16.91,16.772
16.836,16.836,0.138,0.043,16.91,16.772
16.836,16.836,0.138,0.043,16.91,16.772
16.835,16.835,0.138,0.043,16.91,16.772
16.835,16.835,0.138,0.043,16.91,16.772
16.834,16.834,0.138,0.043,16.91,16.772
16.834,16.834,0.138,0.043,16.91,16.772
16.834,16.834,0.138,0.043,16.91,16.772
16.833,16.833,0.138,0.043,16.91,16.772
16.834,16.834,0.138,0.043,16.91,16.772
16.836,16.836,0.138,0.043,16.91,16.772
16.835,16.835,0.138,0.043,16.91,16.772
16.835,16.835,0.138,0.043,16.91,16.772
16.834,16.834,0.138,0.043,16.91,16.772
16.834,16.834,0.138,0.043,16.91,16.772
16.834,16.834,0.138,0.043,16.91,16.772
16.834,16.834,0.138,0.043,16.91,16.772
16.835,16.835,0.135,0.043,16.91,16.775
16.836,16.836,0.135,0.043,16.91,16.775
16.835,16.835,0.135,0.043,16.91,16.775
16.834,16.834,0.135,0.043,16.91,16.775
16.834,16.834,0.135,0.043,16.91,16.775
16.834,16.834,0.135,0.043,16.91,16.775
16.833,16.833,0.135,0.043,16.91,16.775
16.832,16.832,0.135,0.042,16.91,16.775
16.831,16.831,0.135,0.042,16.91,16.775
16.831,16.831,0.135,0.042,16.91,16.775
16.831,16.831,0.135,0.042,16.91,16.775
16.832,16.832,0.135,0.042,16.91,16.775
16.833,16.833,0.132,0.042,16.91,16.778
16.833,16.833,0.132,0.042,16.91,16.778
16.833,16.833,0.132,0.042,16.91,16.778
16.833,16.833,0.132,0.042,16.91,16.778
16.833,16.833,0.131,0.042,16.91,16.779
16.833,16.834,0.131,0.041,16.91,16.779
16.833,16.833,0.131,0.041,16.91,16.779
16.833,16.833,0.131,0.041,16.91,16.779
16.833,16.833,0.131,0.041,16.91,16.779
16.833,16.833,0.131,0.041,16.91,16.779
16.834,16.834,0.131,0.041,16.91,16.779
16.833,16.833,0.142,0.042,16.91,16.768
16.833,16.833,0.142,0.042,16.91,16.768
16.833,16.833,0.142,0.041,16.91,16.768
16.832,16.832,0.142,0.041,16.91,16.768
16.831,16.831,0.142,0.041,16.91,16.768
16.831,16.831,0.142,0.041,16.91,16.768
16.831,16.831,0.142,0.041,16.91,16.768
16.831,16.831,0.142,0.041,16.91,16.768
16.831,16.831,0.142,0.041,16.91,16.768
16.831,16.831,0.142,0.041,16.91,16.768
16.83,16.83,0.142,0.041,16.91,16.768
16.83,16.83,0.142,0.041,16.91,16.768
16.831,16.831,0.142,0.041,16.91,16.768
16.832,16.832,0.142,0.041,16.91,16.768
16.831,16.832,0.142,0.041,16.91,16.768
16.832,16.832,0.142,0.041,16.91,16.768
16.83,16.831,0.142,0.04,16.91,16.768
16.831,16.831,0.142,0.041,16.91,16.768
16.831,16.831,0.142,0.041,16.91,16.768
16.831,16.831,0.142,0.041,16.91,16.768
16.83,16.83,0.142,0.04,16.91,16.768
16.829,16.829,0.142,0.041,16.91,16.768
16.828,16.828,0.142,0.041,16.91,16.768
16.828,16.828,0.142,0.041,16.91,16.768
16.829,16.829,0.142,0.041,16.91,16.768
16.829,16.829,0.142,0.041,16.91,16.768
16.829,16.829,0.142,0.041,16.91,16.768
16.828,16.828,0.142,0.04,16.91,16.768
16.829,16.829,0.142,0.041,16.91,16.768
16.827,16.827,0.132,0.04,16.9,16.768
16.828,16.828,0.132,0.04,16.9,16.768
16.827,16.827,0.132,0.04,16.9,16.768
16.826,16.826,0.158,0.041,16.9,16.742
16.826,16.826,0.158,0.042,16.9,16.742
16.824,16.824,0.158,0.042,16.9,16.742
16.823,16.823,0.158,0.041,16.9,16.742
16.822,16.823,0.158,0.041,16.9,16.742
16.821,16.821,0.158,0.041,16.9,16.742
16.821,16.821,0.158,0.041,16.9,16.742
16.821,16.821,0.158,0.041,16.9,16.742
16.82,16.82,0.158,0.041,16.9,16.742
16.82,16.82,0.158,0.042,16.9,16.742
16.82,16.82,0.158,0.042,16.9,16.742
16.82,16.82,0.158,0.041,16.9,16.742
16.819,16.819,0.148,0.041,16.89,16.742
16.817,16.817,0.148,0.04,16.89,16.742
16.817,16.818,0.148,0.04,16.89,16.742
16.819,16.819,0.148,0.041,16.89,16.742
16.819,16.819,0.148,0.041,16.89,16.742
16.819,16.819,0.148,0.041,16.89,16.742
16.818,16.818,0.148,0.041,16.89,16.742
16.817,16.817,0.148,0.04,16.89,16.742
16.817,16.817,0.148,0.04,16.89,16.742
16.817,16.817,0.159,0.041,16.901,16.742
16.817,16.818,0.159,0.04,16.901,16.742
16.819,16.819,0.159,0.041,16.901,16.742
16.817,16.818,0.159,0.04,16.901,16.742
16.817,16.817,0.159,0.04,16.901,16.742
16.816,16.816,0.159,0.04,16.901,16.742
16.818,16.818,0.159,0.041,16.901,16.742
16.819,16.819,0.159,0.042,16.901,16.742
16.819,16.819,0.159,0.042,16.901,16.742
16.818,16.818,0.159,0.042,16.901,16.742
16.817,16.817,0.159,0.041,16.901,16.742
16.818,16.818,0.159,0.042,16.901,16.742
16.817,16.817,0.159,0.042,16.901,16.742
16.818,16.818,0.159,0.042,16.901,16.742
16.817,16.817,0.159,0.042,16.901,16.742
16.817,16.817,0.159,0.042,16.901,16.742
16.817,16.817,0.159,0.042,16.901,16.742
16.817,16.817,0.159,0.042,16.901,16.742
16.817,16.817,0.159,0.042,16.901,16.742
16.816,16.816,0.159,0.041,16.901,16.742
16.815,16.815,0.159,0.041,16.901,16.742
16.814,16.814,0.159,0.04,16.901,16.742
16.816,16.816,0.159,0.041,16.901,16.742
16.816,16.816,0.159,0.04,16.901,16.742
16.816,16.816,0.159,0.041,16.901,16.742
16.817,16.817,0.159,0.041,16.901,16.742
16.817,16.817,0.159,0.041,16.901,16.742
16.819,16.819,0.159,0.041,16.901,16.742
16.818,16.818,0.159,0.042,16.901,16.742
16.818,16.818,0.159,0.042,16.901,16.742
16.819,16.819,0.159,0.042,16.901,16.742
16.818,16.818,0.159,0.042,16.901,16.742
16.817,16.818,0.159,0.042,16.901,16.742
16.816,16.816,0.159,0.041,16.901,16.742
16.817,16.817,0.159,0.042,16.901,16.742
16.816,16.816,0.159,0.041,16.901,16.742
16.815,16.815,0.159,0.041,16.901,16.742
16.816,16.817,0.159,0.042,16.901,16.742
16.818,16.818,0.159,0.043,16.901,16.742
16.816,16.816,0.159,0.042,16.901,16.742
16.817,16.817,0.159,0.043,16.901,16.742
16.817,16.817,0.159,0.043,16.901,16.742
16.817,16.817,0.159,0.043,16.901,16.742
16.818,16.818,0.159,0.042,16.901,16.742
16.818,16.818,0.159,0.042,16.901,16.742
16.819,16.819,0.159,0.043,16.901,16.742
16.818,16.818,0.159,0.043,16.901,16.742
16.817,16.817,0.159,0.043,16.901,16.742
16.818,16.818,0.159,0.043,16.901,16.742
16.819,16.82,0.159,0.044,16.901,16.742
16.819,16.819,0.159,0.043,16.901,16.742
16.82,16.82,0.159,0.043,16.901,16.742
16.82,16.82,0.159,0.043,16.901,16.742
16.82,16.82,0.159,0.043,16.901,16.742
16.821,16.821,0.138,0.042,16.901,16.763
16.822,16.822,0.135,0.042,16.901,16.766
16.823,16.823,0.135,0.042,16.901,16.766
16.823,16.823,0.135,0.042,16.901,16.766
16.823,16.823,0.135,0.042,16.901,16.766
16.823,16.823,0.135,0.042,16.901,16.766
16.824,16.824,0.135,0.042,16.901,16.766
16.826,16.826,0.135,0.042,16.901,16.766
16.827,16.827,0.135,0.042,16.901,16.766
16.827,16.827,0.135,0.042,16.901,16.766
16.827,16.827,0.135,0.042,16.901,16.766
16.828,16.828,0.135,0.042,16.901,16.766
16.828,16.828,0.135,0.042,16.901,16.766
16.829,16.829,0.135,0.042,16.901,16.766
16.829,16.829,0.135,0.042,16.901,16.766
16.828,16.828,0.135,0.041,16.901,16.766
16.829,16.829,0.135,0.042,16.901,16.766
16.829,16.829,0.135,0.042,16.901,16.766
16.829,16.829,0.135,0.042,16.901,16.766
16.829,16.829,0.135,0.042,16.901,16.766
16.83,16.83,0.135,0.043,16.901,16.766
16.829,16.829,0.134,0.042,16.9,16.766
16.83,16.83,0.134,0.042,16.9,16.766
16.83,16.83,0.134,0.043,16.9,16.766
16.831,16.832,0.134,0.043,16.9,16.766
16.833,16.833,0.142,0.044,16.908,16.766
16.834,16.834,0.142,0.043,16.908,16.766
16.833,16.833,0.142,0.043,16.908,16.766
16.832,16.832,0.142,0.043,16.908,16.766
16.832,16.832,0.142,0.043,16.908,16.766
16.832,16.832,0.142,0.042,16.908,16.766
16.832,16.832,0.142,0.042,16.908,16.766
16.831,16.831,0.142,0.042,16.908,16.766
16.832,16.832,0.142,0.042,16.908,16.766
16.833,16.833,0.142,0.043,16.908,16.766
16.832,16.832,0.142,0.043,16.908,16.766
16.832,16.832,0.142,0.043,16.908,16.766
16.833,16.833,0.142,0.043,16.908,16.766
16.834,16.834,0.142,0.043,16.908,16.766
16.834,16.834,0.142,0.043,16.908,16.766
16.834,16.834,0.142,0.043,16.908,16.766
16.834,16.834,0.142,0.044,16.908,16.766
16.833,16.833,0.142,0.044,16.908,16.766
16.832,16.832,0.142,0.044,16.908,16.766
16.833,16.833,0.142,0.044,16.908,16.766
16.832,16.832,0.142,0.044,16.908,16.766
16.832,16.832,0.142,0.043,16.908,16.766
16.832,16.832,0.142,0.043,16.908,16.766
16.831,16.831,0.142,0.043,16.908,16.766
16.832,16.832,0.131,0.042,16.908,16.777
16.833,16.833,0.131,0.043,16.908,16.777
16.834,16.834,0.131,0.043,16.908,16.777
16.835,16.835,0.131,0.043,16.908,16.777
16.836,16.836,0.131,0.043,16.908,16.777
16.836,16.837,0.131,0.043,16.908,16.777
16.836,16.836,0.131,0.042,16.908,16.777
16.838,16.838,0.131,0.043,16.908,16.777
16.839,16.839,0.131,0.043,16.908,16.777
16.839,16.839,0.131,0.043,16.908,16.777
16.837,16.837,0.131,0.043,16.908,16.777
16.838,16.838,0.131,0.043,16.908,16.777
16.838,16.838,0.131,0.043,16.908,16.777
16.838,16.838,0.131,0.043,16.908,16.777
16.839,16.839,0.131,0.043,16.908,16.777
16.839,16.839,0.131,0.043,16.908,16.777
16.84,16.84,0.131,0.043,16.908,16.777
16.839,16.839,0.131,0.043,16.908,16.777
16.84,16.84,0.131,0.043,16.908,16.777
16.841,16.841,0.127,0.042,16.908,16.781
16.84,16.84,0.127,0.042,16.908,16.781
16.839,16.839,0.127,0.042,16.908,16.781
16.838,16.838,0.127,0.042,16.908,16.781
16.839,16.839,0.127,0.042,16.908,16.781
16.838,16.838,0.127,0.042,16.908,16.781
16.838,16.839,0.127,0.042,16.908,16.781
16.839,16.839,0.127,0.042,16.908,16.781
16.838,16.838,0.127,0.042,16.908,16.781
16.84,16.84,0.129,0.042,16.91,16.781
16.841,16.841,0.129,0.042,16.91,16.781
16.841,16.841,0.129,0.042,16.91,16.781
16.842,16.842,0.129,0.042,16.91,16.781
16.841,16.841,0.129,0.042,16.91,16.781
16.84,16.84,0.129,0.042,16.91,16.781
16.84,16.84,0.129,0.042,16.91,16.781
16.84,16.84,0.129,0.042,16.91,16.781
16.84,16.84,0.133,0.042,16.91,16.777
16.839,16.839,0.133,0.042,16.91,16.777
16.84,16.84,0.133,0.043,16.91,16.777
16.839,16.839,0.133,0.043,16.91,16.777
16.839,16.839,0.133,0.043,16.91,16.777
16.84,16.841,0.133,0.043,16.91,16.777
16.839,16.839,0.133,0.043,16.91,16.777
16.84,16.84,0.133,0.043,16.91,16.777
16.84,16.84,0.133,0.043,16.91,16.777
16.84,16.84,0.133,0.043,16.91,16.777
16.839,16.839,0.133,0.043,16.91,16.777
16.838,16.839,0.133,0.043,16.91,16.777
16.837,16.837,0.133,0.042,16.91,16.777
16.836,16.836,0.133,0.042,16.91,16.777
16.835,16.835,0.133,0.042,16.91,16.777
16.833,16.833,0.133,0.041,16.91,16.777
16.833,16.833,0.133,0.041,16.91,16.777
16.832,16.832,0.133,0.041,16.91,16.777
16.833,16.833,0.133,0.041,16.91,16.777
16.832,16.832,0.133,0.041,16.91,16.777
16.832,16.832,0.133,0.041,16.91,16.777
16.831,16.832,0.133,0.041,16.91,16.777
16.831,16.831,0.133,0.042,16.91,16.777
16.83,16.83,0.133,0.041,16.91,16.777
16.83,16.83,0.133,0.041,16.91,16.777
16.83,16.83,0.133,0.041,16.91,16.777
16.831,16.831,0.133,0.041,16.91,16.777
16.832,16.832,0.133,0.041,16.91,16.777
16.83,16.83,0.133,0.041,16.91,16.777
16.83,16.83,0.133,0.041,16.91,16.777
16.831,16.831,0.133,0.041,16.91,16.777
16.831,16.831,0.133,0.041,16.91,16.777
16.831,16.831,0.14,0.041,16.91,16.77
16.831,16.831,0.14,0.041,16.91,16.77
16.83,16.83,0.14,0.041,16.91,16.77
16.83,16.83,0.14,0.041,16.91,16.77
16.828,16.828,0.14,0.041,16.91,16.77
16.828,16.828,0.14,0.041,16.91,16.77
16.828,16.828,0.14,0.041,16.91,16.77
16.827,16.827,0.152,0.042,16.91,16.758
16.826,16.826,0.152,0.042,16.91,16.758
16.824,16.824,0.152,0.042,16.91,16.758
16.824,16.824,0.152,0.042,16.91,16.758
16.824,16.824,0.152,0.041,16.91,16.758
16.824,16.824,0.152,0.042,16.91,16.758
16.823,16.823,0.152,0.041,16.91,16.758
16.821,16.821,0.152,0.041,16.91,16.758
16.82,16.82,0.152,0.04,16.91,16.758
16.82,16.82,0.152,0.039,16.91,16.758
16.819,16.819,0.153,0.04,16.91,16.757
16.819,16.819,0.153,0.04,16.91,16.757
16.817,16.817,0.153,0.04,16.91,16.757
16.818,16.818,0.153,0.04,16.91,16.757
16.817,16.817,0.153,0.04,16.91,16.757
16.816,16.816,0.153,0.04,16.91,16.757
16.815,16.815,0.153,0.038,16.91,16.757
16.814,16.814,0.153,0.039,16.91,16.757
16.814,16.814,0.153,0.039,16.91,16.757
16.814,16.814,0.153,0.039,16.91,16.757
16.814,16.814,0.153,0.039,16.91,16.757
16.813,16.813,0.153,0.039,16.91,16.757
16.813,16.813,0.153,0.04,16.91,16.757
16.812,16.812,0.153,0.039,16.91,16.757
16.812,16.812,0.153,0.039,16.91,16.757
16.81,16.81,0.153,0.039,16.91,16.757
16.809,16.809,0.153,0.038,16.91,16.757
16.809,16.809,0.153,0.038,16.91,16.757
16.808,16.808,0.146,0.037,16.903,16.757
16.806,16.806,0.146,0.036,16.903,16.757
16.807,16.807,0.146,0.036,16.903,16.757
16.806,16.806,0.146,0.035,16.903,16.757
16.805,16.805,0.146,0.035,16.903,16.757
16.805,16.805,0.146,0.035,16.903,16.757
16.804,16.804,0.146,0.035,16.903,16.757
16.804,16.804,0.146,0.035,16.903,16.757
16.804,16.804,0.146,0.035,16.903,16.757
16.803,16.803,0.146,0.035,16.903,16.757
16.802,16.802,0.146,0.034,16.903,16.757
16.803,16.803,0.146,0.035,16.903,16.757
16.802,16.802,0.146,0.035,16.903,16.757
16.802,16.802,0.13,0.033,16.887,16.757
16.802,16.802,0.13,0.034,16.887,16.757
16.802,16.802,0.13,0.034,16.887,16.757
16.803,16.803,0.13,0.034,16.887,16.757
16.802,16.803,0.13,0.034,16.887,16.757
16.802,16.802,0.13,0.034,16.887,16.757
16.802,16.802,0.13,0.035,16.887,16.757
16.803,16.803,0.13,0.036,16.887,16.757
16.803,16.803,0.13,0.036,16.887,16.757
16.803,16.803,0.13,0.036,16.887,16.757
16.802,16.802,0.134,0.036,16.887,16.753
16.803,16.803,0.134,0.036,16.887,16.753
16.802,16.802,0.134,0.037,16.887,16.753
16.802,16.802,0.134,0.037,16.887,16.753
16.802,16.802,0.134,0.037,16.887,16.753
16.801,16.801,0.134,0.037,16.887,16.753
16.801,16.801,0.134,0.037,16.887,16.753
16.801,16.801,0.134,0.038,16.887,16.753
16.8,16.8,0.134,0.038,16.887,16.753
16.799,16.799,0.134,0.037,16.887,16.753
16.799,16.799,0.135,0.037,16.887,16.752
16.797,16.797,0.149,0.037,16.887,16.738
16.795,16.795,0.149,0.035,16.887,16.738
16.795,16.795,0.149,0.036,16.887,16.738
16.794,16.794,0.149,0.036,16.887,16.738
16.793,16.793,0.149,0.035,16.887,16.738
16.793,16.793,0.149,0.035,16.887,16.738
16.794,16.794,0.149,0.035,16.887,16.738
16.793,16.794,0.149,0.036,16.887,16.738
16.794,16.794,0.149,0.036,16.887,16.738
16.794,16.794,0.149,0.036,16.887,16.738
16.793,16.793,0.149,0.036,16.887,16.738
16.793,16.793,0.149,0.037,16.887,16.738
16.792,16.792,0.149,0.037,16.887,16.738
16.792,16.792,0.149,0.037,16.887,16.738
16.792,16.792,0.149,0.037,16.887,16.738
16.792,16.792,0.149,0.037,16.887,16.738
16.791,16.791,0.149,0.037,16.887,16.738
16.789,16.789,0.149,0.036,16.887,16.738
16.789,16.789,0.149,0.036,16.887,16.738
16.79,16.79,0.149,0.037,16.887,16.738
16.79,16.79,0.149,0.037,16.887,16.738
16.791,16.791,0.149,0.037,16.887,16.738
16.789,16.789,0.149,0.037,16.887,16.738
16.79,16.79,0.149,0.037,16.887,16.738
16.79,16.79,0.15,0.037,16.887,16.737
16.79,16.79,0.15,0.037,16.887,16.737
16.79,16.79,0.15,0.037,16.887,16.737
16.79,16.79,0.15,0.037,16.887,16.737
16.789,16.79,0.15,0.037,16.887,16.737
16.789,16.789,0.15,0.037,16.887,16.737
16.789,16.789,0.15,0.038,16.887,16.737
16.788,16.788,0.14,0.036,16.877,16.737
16.789,16.789,0.14,0.037,16.877,16.737
16.79,16.79,0.14,0.037,16.877,16.737
16.789,16.789,0.14,0.038,16.877,16.737
16.789,16.789,0.14,0.038,16.877,16.737
16.788,16.788,0.14,0.038,16.877,16.737
16.788,16.788,0.14,0.038,16.877,16.737
16.789,16.789,0.14,0.039,16.877,16.737
16.789,16.789,0.14,0.039,16.877,16.737
16.789,16.789,0.14,0.039,16.877,16.737
16.788,16.788,0.14,0.039,16.877,16.737
16.789,16.789,0.14,0.04,16.877,16.737
16.788,16.788,0.14,0.039,16.877,16.737
16.788,16.788,0.14,0.039,16.877,16.737
16.787,16.787,0.14,0.039,16.877,16.737
16.789,16.789,0.14,0.04,16.877,16.737
16.788,16.788,0.14,0.041,16.877,16.737
16.788,16.788,0.14,0.041,16.877,16.737
16.788,16.788,0.14,0.041,16.877,16.737
16.789,16.789,0.14,0.041,16.877,16.737
16.789,16.789,0.14,0.041,16.877,16.737
16.787,16.787,0.14,0.04,16.877,16.737
16.787,16.787,0.14,0.04,16.877,16.737
16.786,16.786,0.14,0.04,16.877,16.737
16.784,16.784,0.14,0.039,16.877,16.737
16.783,16.783,0.16,0.04,16.877,16.717
16.781,16.781,0.16,0.039,16.877,16.717
16.781,16.781,0.16,0.04,16.877,16.717
16.781,16.781,0.16,0.04,16.877,16.717
16.781,16.781,0.16,0.04,16.877,16.717
16.78,16.78,0.151,0.039,16.868,16.717
16.779,16.779,0.151,0.04,16.868,16.717
16.779,16.779,0.151,0.039,16.868,16.717
16.779,16.779,0.151,0.04,16.868,16.717
16.777,16.777,0.151,0.039,16.868,16.717
16.777,16.777,0.151,0.04,16.868,16.717
16.775,16.775,0.147,0.039,16.859,16.712
16.774,16.774,0.147,0.04,16.859,16.712
16.773,16.773,0.154,0.04,16.859,16.705
16.773,16.773,0.154,0.041,16.859,16.705
16.772,16.772,0.154,0.041,16.859,16.705
16.772,16.772,0.154,0.041,16.859,16.705
16.771,16.771,0.154,0.041,16.859,16.705
16.771,16.771,0.154,0.041,16.859,16.705
16.77,16.771,0.154,0.042,16.859,16.705
16.77,16.77,0.154,0.042,16.859,16.705
16.77,16.77,0.154,0.042,16.859,16.705
16.77,16.77,0.154,0.042,16.859,16.705
16.77,16.77,0.154,0.043,16.859,16.705
16.771,16.771,0.154,0.043,16.859,16.705
16.77,16.771,0.154,0.042,16.859,16.705
16.77,16.77,0.154,0.042,16.859,16.705
16.769,16.769,0.154,0.042,16.859,16.705
16.77,16.77,0.154,0.042,16.859,16.705
16.771,16.771,0.154,0.043,16.859,16.705
16.771,16.771,0.154,0.043,16.859,16.705
16.772,16.772,0.154,0.043,16.859,16.705
16.772,16.772,0.154,0.044,16.859,16.705
16.771,16.771,0.154,0.044,16.859,16.705
16.772,16.772,0.154,0.044,16.859,16.705
16.772,16.772,0.154,0.044,16.859,16.705
16.772,16.772,0.154,0.044,16.859,16.705
16.771,16.772,0.154,0.044,16.859,16.705
16.77,16.77,0.154,0.044,16.859,16.705
16.769,16.769,0.154,0.043,16.859,16.705
16.768,16.768,0.154,0.043,16.859,16.705
16.768,16.768,0.154,0.043,16.859,16.705
16.767,16.767,0.154,0.042,16.859,16.705
16.767,16.767,0.154,0.042,16.859,16.705
16.766,16.766,0.154,0.041,16.859,16.705
16.765,16.765,0.154,0.041,16.859,16.705
16.764,16.765,0.154,0.041,16.859,16.705
16.764,16.764,0.154,0.041,16.859,16.705
16.764,16.764,0.154,0.041,16.859,16.705
16.764,16.764,0.154,0.041,16.859,16.705
16.763,16.763,0.154,0.04,16.859,16.705
16.762,16.762,0.154,0.039,16.859,16.705
16.761,16.761,0.154,0.038,16.859,16.705
16.761,16.761,0.154,0.038,16.859,16.705
16.76,16.76,0.154,0.038,16.859,16.705
16.761,16.761,0.154,0.038,16.859,16.705
16.761,16.761,0.154,0.038,16.859,16.705
16.76,16.76,0.154,0.038,16.859,16.705
16.758,16.758,0.154,0.038,16.859,16.705
16.758,16.758,0.154,0.038,16.859,16.705
16.758,16.758,0.154,0.038,16.859,16.705
16.756,16.757,0.154,0.037,16.859,16.705
16.756,16.756,0.154,0.036,16.859,16.705
16.756,16.756,0.154,0.036,16.859,16.705
16.755,16.755,0.154,0.036,16.859,16.705
16.753,16.753,0.133,0.034,16.838,16.705
16.753,16.753,0.133,0.034,16.838,16.705
16.753,16.753,0.133,0.034,16.838,16.705
16.752,16.752,0.133,0.034,16.838,16.705
16.751,16.751,0.133,0.034,16.838,16.705
16.75,16.75,0.133,0.033,16.838,16.705
16.751,16.751,0.133,0.034,16.838,16.705
16.751,16.751,0.133,0.034,16.838,16.705
16.75,16.75,0.133,0.034,16.838,16.705
16.751,16.751,0.133,0.034,16.838,16.705
16.751,16.751,0.133,0.034,16.838,16.705
16.752,16.752,0.133,0.035,16.838,16.705
16.752,16.752,0.133,0.035,16.838,16.705
16.751,16.752,0.133,0.034,16.838,16.705
16.752,16.752,0.133,0.034,16.838,16.705
16.751,16.751,0.133,0.033,16.838,16.705
16.752,16.752,0.133,0.033,16.838,16.705
16.751,16.751,0.133,0.032,16.838,16.705
16.751,16.751,0.133,0.032,16.838,16.705
16.751,16.751,0.133,0.032,16.838,16.705
16.752,16.752,0.133,0.032,16.838,16.705
16.752,16.752,0.139,0.032,16.838,16.699
16.753,16.753,0.139,0.033,16.838,16.699
16.754,16.754,0.139,0.032,16.838,16.699
16.754,16.754,0.139,0.032,16.838,16.699
16.754,16.755,0.139,0.032,16.838,16.699
16.754,16.755,0.139,0.032,16.838,16.699
16.755,16.755,0.139,0.032,16.838,16.699
16.755,16.755,0.139,0.032,16.838,16.699
16.755,16.755,0.139,0.032,16.838,16.699
16.755,16.755,0.139,0.032,16.838,16.699
16.755,16.755,0.139,0.032,16.838,16.699
16.755,16.755,0.139,0.032,16.838,16.699
16.753,16.753,0.139,0.031,16.838,16.699
16.753,16.753,0.139,0.03,16.838,16.699
16.753,16.753,0.139,0.03,16.838,16.699
16.754,16.754,0.139,0.031,16.838,16.699
16.754,16.754,0.139,0.031,16.838,16.699
16.753,16.753,0.139,0.03,16.838,16.699
16.753,16.753,0.139,0.029,16.838,16.699
16.752,16.752,0.139,0.029,16.838,16.699
16.752,16.752,0.119,0.027,16.818,16.699
16.753,16.753,0.119,0.028,16.818,16.699
16.754,16.754,0.119,0.029,16.818,16.699
16.753,16.753,0.119,0.028,16.818,16.699
16.753,16.753,0.119,0.028,16.818,16.699
16.753,16.753,0.119,0.028,16.818,16.699
16.754,16.754,0.133,0.029,16.832,16.699
16.755,16.755,0.133,0.029,16.832,16.699
16.756,16.756,0.133,0.03,16.832,16.699
16.756,16.756,0.133,0.03,16.832,16.699
16.755,16.755,0.133,0.03,16.832,16.699
16.756,16.756,0.133,0.03,16.832,16.699
16.756,16.756,0.133,0.03,16.832,16.699
16.756,16.756,0.133,0.03,16.832,16.699
16.755,16.755,0.133,0.03,16.832,16.699
16.755,16.756,0.133,0.03,16.832,16.699
16.756,16.756,0.133,0.031,16.832,16.699
16.757,16.757,0.133,0.03,16.832,16.699
16.758,16.758,0.133,0.031,16.832,16.699
16.758,16.758,0.133,0.032,16.832,16.699
16.758,16.758,0.133,0.032,16.832,16.699
16.759,16.759,0.133,0.032,16.832,16.699
16.76,16.76,0.133,0.032,16.832,16.699
16.76,16.76,0.133,0.032,16.832,16.699
16.761,16.761,0.133,0.033,16.832,16.699
16.761,16.761,0.133,0.034,16.832,16.699
16.763,16.763,0.133,0.034,16.832,16.699
16.763,16.763,0.133,0.034,16.832,16.699
16.764,16.764,0.133,0.034,16.832,16.699
16.765,16.765,0.133,0.033,16.832,16.699
16.765,16.765,0.133,0.034,16.832,16.699
16.766,16.766,0.133,0.034,16.832,16.699
16.767,16.767,0.133,0.034,16.832,16.699
16.767,16.767,0.133,0.034,16.832,16.699
16.767,16.767,0.133,0.034,16.832,16.699
16.767,16.767,0.133,0.034,16.832,16.699
16.768,16.768,0.133,0.034,16.832,16.699
16.769,16.769,0.133,0.034,16.832,16.699
16.77,16.77,0.133,0.033,16.832,16.699
16.77,16.77,0.133,0.033,16.832,16.699
16.77,16.77,0.133,0.033,16.832,16.699
16.77,16.77,0.133,0.033,16.832,16.699
16.771,16.771,0.133,0.033,16.832,16.699
16.771,16.771,0.133,0.033,16.832,16.699
16.771,16.771,0.133,0.033,16.832,16.699
16.77,16.77,0.133,0.032,16.832,16.699
16.771,16.771,0.133,0.033,16.832,16.699
16.771,16.771,0.133,0.033,16.832,16.699
16.771,16.771,0.133,0.034,16.832,16.699
16.771,16.771,0.133,0.034,16.832,16.699
16.772,16.772,0.133,0.034,16.832,16.699
16.772,16.772,0.133,0.034,16.832,16.699
16.772,16.772,0.133,0.034,16.832,16.699
16.772,16.772,0.133,0.034,16.832,16.699
16.773,16.773,0.133,0.035,16.832,16.699
16.774,16.774,0.113,0.034,16.832,16.719
16.773,16.773,0.113,0.034,16.832,16.719
16.774,16.774,0.113,0.034,16.832,16.719
16.773,16.773,0.113,0.034,16.832,16.719
16.774,16.774,0.113,0.034,16.832,16.719
16.775,16.775,0.113,0.035,16.832,16.719
16.776,16.777,0.117,0.035,16.836,16.719
16.778,16.778,0.117,0.035,16.836,16.719
16.777,16.778,0.117,0.035,16.836,16.719
16.777,16.777,0.125,0.035,16.836,16.711
16.777,16.777,0.125,0.035,16.836,16.711
16.778,16.778,0.125,0.035,16.836,16.711
16.778,16.778,0.125,0.035,16.836,16.711
16.777,16.777,0.125,0.035,16.836,16.711
16.778,16.778,0.125,0.035,16.836,16.711
16.777,16.777,0.125,0.035,16.836,16.711
16.778,16.778,0.125,0.035,16.836,16.711
16.777,16.777,0.125,0.035,16.836,16.711
16.777,16.777,0.125,0.035,16.836,16.711
16.778,16.778,0.125,0.035,16.836,16.711
16.777,16.777,0.125,0.035,16.836,16.711
16.778,16.778,0.125,0.036,16.836,16.711
16.778,16.778,0.127,0.036,16.838,16.711
16.778,16.778,0.127,0.036,16.838,16.711
16.779,16.779,0.127,0.036,16.838,16.711
16.781,16.781,0.135,0.037,16.846,16.711
16.78,16.78,0.135,0.036,16.846,16.711
16.781,16.781,0.135,0.036,16.846,16.711
16.781,16.781,0.14,0.037,16.851,16.711
16.782,16.782,0.14,0.038,16.851,16.711
16.784,16.784,0.14,0.038,16.851,16.711
16.785,16.785,0.165,0.04,16.876,16.711
16.785,16.785,0.165,0.04,16.876,16.711
16.785,16.785,0.165,0.039,16.876,16.711
16.787,16.787,0.165,0.04,16.876,16.711
16.787,16.787,0.165,0.04,16.876,16.711
16.786,16.786,0.165,0.04,16.876,16.711
16.788,16.788,0.165,0.04,16.876,16.711
16.786,16.787,0.165,0.04,16.876,16.711
16.786,16.786,0.165,0.04,16.876,16.711
16.786,16.786,0.165,0.041,16.876,16.711
16.786,16.786,0.165,0.041,16.876,16.711
16.785,16.785,0.165,0.041,16.876,16.711
16.786,16.786,0.165,0.04,16.876,16.711
16.785,16.785,0.165,0.04,16.876,16.711
16.784,16.784,0.165,0.04,16.876,16.711
16.783,16.783,0.165,0.04,16.876,16.711
16.783,16.783,0.165,0.04,16.876,16.711
16.782,16.782,0.165,0.04,16.876,16.711
16.784,16.784,0.165,0.04,16.876,16.711
16.784,16.784,0.165,0.041,16.876,16.711
16.784,16.784,0.165,0.041,16.876,16.711
16.783,16.783,0.165,0.041,16.876,16.711
16.784,16.784,0.165,0.04,16.876,16.711
16.784,16.784,0.165,0.04,16.876,16.711
16.784,16.784,0.165,0.04,16.876,16.711
16.783,16.783,0.165,0.04,16.876,16.711
16.784,16.784,0.165,0.04,16.876,16.711
16.784,16.784,0.165,0.04,16.876,16.711
16.784,16.784,0.165,0.04,16.876,16.711
16.783,16.783,0.165,0.04,16.876,16.711
16.784,16.784,0.165,0.04,16.876,16.711
16.784,16.784,0.165,0.04,16.876,16.711
16.785,16.785,0.165,0.041,16.876,16.711
16.787,16.787,0.165,0.041,16.876,16.711
16.787,16.787,0.165,0.041,16.876,16.711
16.787,16.787,0.165,0.04,16.876,16.711
16.788,16.788,0.165,0.041,16.876,16.711
16.789,16.789,0.165,0.042,16.876,16.711
16.789,16.789,0.165,0.042,16.876,16.711
16.789,16.789,0.165,0.042,16.876,16.711
16.79,16.79,0.165,0.042,16.876,16.711
16.791,16.791,0.165,0.042,16.876,16.711
16.792,16.792,0.165,0.042,16.876,16.711
16.792,16.792,0.166,0.043,16.877,16.711
16.794,16.794,0.166,0.043,16.877,16.711
16.795,16.795,0.166,0.044,16.877,16.711
16.795,16.795,0.166,0.044,16.877,16.711
16.797,16.797,0.166,0.044,16.877,16.711
16.796,16.796,0.166,0.044,16.877,16.711
16.797,16.797,0.166,0.045,16.877,16.711
16.797,16.797,0.166,0.045,16.877,16.711
16.796,16.796,0.166,0.045,16.877,16.711
16.798,16.798,0.166,0.045,16.877,16.711
16.799,16.799,0.134,0.044,16.877,16.743
16.801,16.801,0.134,0.044,16.877,16.743
16.802,16.802,0.134,0.044,16.877,16.743
16.803,16.803,0.134,0.043,16.877,16.743
16.803,16.803,0.134,0.043,16.877,16.743
16.802,16.802,0.134,0.043,16.877,16.743
16.802,16.802,0.134,0.043,16.877,16.743
16.802,16.802,0.134,0.043,16.877,16.743
16.804,16.804,0.134,0.043,16.877,16.743
16.804,16.804,0.134,0.043,16.877,16.743
16.803,16.804,0.134,0.043,16.877,16.743
16.803,16.803,0.134,0.043,16.877,16.743
16.804,16.804,0.134,0.043,16.877,16.743
16.803,16.803,0.134,0.043,16.877,16.743
16.803,16.803,0.134,0.043,16.877,16.743
16.802,16.802,0.134,0.043,16.877,16.743
16.802,16.802,0.134,0.043,16.877,16.743
16.803,16.803,0.134,0.043,16.877,16.743
16.802,16.802,0.134,0.043,16.877,16.743
16.802,16.802,0.134,0.043,16.877,16.743
16.802,16.802,0.134,0.043,16.877,16.743
16.802,16.802,0.134,0.043,16.877,16.743
16.801,16.802,0.134,0.043,16.877,16.743
16.803,16.803,0.134,0.043,16.877,16.743
16.804,16.804,0.134,0.043,16.877,16.743
16.803,16.803,0.134,0.043,16.877,16.743
16.804,16.804,0.134,0.042,16.877,16.743
16.805,16.805,0.134,0.043,16.877,16.743
16.805,16.805,0.137,0.043,16.88,16.743
16.807,16.807,0.152,0.044,16.896,16.744
16.809,16.809,0.152,0.044,16.896,16.744
16.808,16.808,0.152,0.044,16.896,16.744
16.809,16.809,0.152,0.043,16.896,16.744
16.809,16.809,0.152,0.043,16.896,16.744
16.809,16.809,0.152,0.043,16.896,16.744
16.811,16.811,0.152,0.043,16.896,16.744
16.812,16.812,0.152,0.042,16.896,16.744
16.812,16.812,0.152,0.042,16.896,16.744
16.812,16.813,0.152,0.042,16.896,16.744
16.813,16.813,0.152,0.041,16.896,16.744
16.814,16.814,0.152,0.042,16.896,16.744
16.814,16.814,0.152,0.043,16.896,16.744
16.816,16.816,0.152,0.043,16.896,16.744
16.816,16.816,0.152,0.043,16.896,16.744
16.817,16.817,0.152,0.044,16.896,16.744
16.819,16.819,0.152,0.044,16.896,16.744
16.819,16.819,0.152,0.043,16.896,16.744
16.821,16.821,0.149,0.043,16.904,16.755
16.821,16.821,0.149,0.044,16.904,16.755
16.822,16.822,0.149,0.044,16.904,16.755
16.822,16.822,0.149,0.043,16.904,16.755
16.824,16.824,0.149,0.044,16.904,16.755
16.824,16.824,0.149,0.044,16.904,16.755
16.825,16.825,0.147,0.044,16.904,16.757
16.826,16.826,0.147,0.044,16.904,16.757
16.826,16.826,0.147,0.044,16.904,16.757
16.827,16.827,0.147,0.044,16.904,16.757
16.829,16.829,0.147,0.044,16.904,16.757
16.828,16.828,0.147,0.044,16.904,16.757
16.828,16.828,0.147,0.045,16.904,16.757
16.829,16.829,0.147,0.045,16.904,16.757
16.828,16.829,0.147,0.045,16.904,16.757
16.83,16.83,0.147,0.045,16.904,16.757
16.829,16.829,0.147,0.045,16.904,16.757
16.83,16.83,0.147,0.045,16.904,16.757
16.829,16.829,0.147,0.044,16.904,16.757
16.828,16.828,0.147,0.045,16.904,16.757
16.829,16.829,0.147,0.045,16.904,16.757
16.829,16.83,0.147,0.046,16.904,16.757
16.83,16.83,0.15,0.046,16.907,16.757
16.831,16.831,0.15,0.046,16.907,16.757
16.832,16.832,0.15,0.047,16.907,16.757
16.831,16.831,0.15,0.047,16.907,16.757
16.833,16.833,0.15,0.047,16.907,16.757
16.833,16.833,0.15,0.047,16.907,16.757
16.834,16.834,0.15,0.047,16.907,16.757
16.834,16.834,0.15,0.048,16.907,16.757
16.835,16.835,0.15,0.048,16.907,16.757
16.835,16.835,0.15,0.048,16.907,16.757
16.836,16.836,0.15,0.047,16.907,16.757
16.837,16.837,0.137,0.047,16.907,16.77
16.838,16.838,0.137,0.046,16.907,16.77
16.839,16.839,0.137,0.046,16.907,16.77
16.838,16.838,0.137,0.046,16.907,16.77
16.84,16.84,0.137,0.047,16.907,16.77
16.84,16.84,0.137,0.046,16.907,16.77
16.841,16.841,0.137,0.046,16.907,16.77
16.84,16.84,0.137,0.046,16.907,16.77
16.841,16.841,0.137,0.046,16.907,16.77
16.842,16.842,0.137,0.045,16.907,16.77
16.843,16.843,0.137,0.045,16.907,16.77
16.844,16.844,0.137,0.044,16.907,16.77
16.845,16.845,0.137,0.044,16.907,16.77
16.846,16.846,0.137,0.044,16.907,16.77
16.845,16.845,0.137,0.044,16.907,16.77
16.845,16.845,0.137,0.044,16.907,16.77
16.844,16.844,0.137,0.044,16.907,16.77
16.843,16.844,0.137,0.045,16.907,16.77
16.843,16.843,0.137,0.045,16.907,16.77
16.843,16.843,0.137,0.045,16.907,16.77
16.844,16.844,0.138,0.045,16.908,16.77
16.845,16.845,0.138,0.045,16.908,16.77
16.844,16.844,0.138,0.045,16.908,16.77
16.843,16.843,0.138,0.045,16.908,16.77
16.842,16.842,0.138,0.045,16.908,16.77
16.841,16.842,0.138,0.045,16.908,16.77
16.842,16.842,0.138,0.045,16.908,16.77
16.842,16.842,0.138,0.044,16.908,16.77
16.842,16.842,0.138,0.044,16.908,16.77
16.844,16.844,0.138,0.044,16.908,16.77
16.843,16.843,0.138,0.044,16.908,16.77
16.843,16.843,0.138,0.044,16.908,16.77
16.842,16.843,0.138,0.045,16.908,16.77
16.843,16.843,0.138,0.044,16.908,16.77
16.843,16.843,0.138,0.044,16.908,16.77
16.842,16.842,0.138,0.044,16.908,16.77
16.841,16.841,0.138,0.044,16.908,16.77
16.841,16.841,0.138,0.044,16.908,16.77
16.842,16.842,0.136,0.043,16.908,16.772
16.841,16.841,0.136,0.043,16.908,16.772
16.841,16.841,0.136,0.043,16.908,16.772
16.842,16.842,0.136,0.043,16.908,16.772
16.841,16.841,0.136,0.043,16.908,16.772
16.841,16.842,0.133,0.042,16.908,16.775
16.841,16.841,0.133,0.042,16.908,16.775
16.84,16.84,0.133,0.043,16.908,16.775
16.839,16.839,0.133,0.042,16.908,16.775
16.84,16.84,0.133,0.042,16.908,16.775
16.84,16.84,0.133,0.042,16.908,16.775
16.839,16.839,0.133,0.042,16.908,16.775
16.837,16.838,0.133,0.043,16.908,16.775
16.838,16.838,0.133,0.043,16.908,16.775
16.837,16.837,0.133,0.043,16.908,16.775
16.837,16.837,0.133,0.043,16.908,16.775
16.836,16.836,0.133,0.042,16.908,16.775
16.835,16.835,0.133,0.042,16.908,16.775
16.835,16.835,0.133,0.042,16.908,16.775
16.835,16.835,0.133,0.042,16.908,16.775
16.836,16.836,0.129,0.042,16.908,16.779
16.836,16.836,0.129,0.042,16.908,16.779
16.837,16.837,0.129,0.042,16.908,16.779
16.837,16.837,0.129,0.042,16.908,16.779
16.836,16.836,0.129,0.042,16.908,16.779
16.836,16.836,0.129,0.042,16.908,16.779
16.836,16.836,0.129,0.041,16.908,16.779
16.835,16.835,0.129,0.041,16.908,16.779
16.834,16.834,0.129,0.041,16.908,16.779
16.834,16.835,0.129,0.041,16.908,16.779
16.833,16.833,0.129,0.04,16.908,16.779
16.832,16.832,0.129,0.04,16.908,16.779
16.831,16.831,0.129,0.04,16.908,16.779
16.83,16.83,0.129,0.039,16.908,16.779
16.829,16.829,0.129,0.039,16.908,16.779
16.829,16.829,0.129,0.039,16.908,16.779
16.83,16.83,0.129,0.038,16.908,16.779
16.829,16.829,0.129,0.038,16.908,16.779
16.83,16.83,0.129,0.038,16.908,16.779
16.829,16.829,0.129,0.038,16.908,16.779
16.829,16.829,0.129,0.037,16.908,16.779
16.828,16.828,0.129,0.037,16.908,16.779
16.828,16.828,0.129,0.037,16.908,16.779
16.828,16.828,0.129,0.037,16.908,16.779
16.828,16.828,0.129,0.037,16.908,16.779
16.827,16.827,0.129,0.036,16.908,16.779
16.827,16.827,0.129,0.036,16.908,16.779
16.826,16.826,0.129,0.036,16.908,16.779
16.825,16.825,0.129,0.035,16.908,16.779
16.824,16.824,0.129,0.035,16.908,16.779
16.824,16.824,0.129,0.035,16.908,16.779
16.824,16.824,0.129,0.035,16.908,16.779
16.824,16.824,0.129,0.035,16.908,16.779
16.825,16.825,0.129,0.035,16.908,16.779
16.826,16.826,0.129,0.035,16.908,16.779
16.827,16.827,0.129,0.036,16.908,16.779
16.826,16.826,0.129,0.036,16.908,16.779
16.825,16.825,0.127,0.034,16.906,16.779
16.825,16.825,0.127,0.034,16.906,16.779
16.825,16.825,0.127,0.034,16.906,16.779
16.825,16.825,0.127,0.034,16.906,16.779
16.825,16.825,0.127,0.034,16.906,16.779
16.825,16.825,0.127,0.034,16.906,16.779
16.824,16.824,0.127,0.035,16.906,16.779
16.824,16.824,0.127,0.035,16.906,16.779
16.824,16.824,0.13,0.035,16.906,16.776
16.822,16.823,0.126,0.034,16.902,16.776
16.822,16.822,0.126,0.034,16.902,16.776
16.823,16.823,0.126,0.034,16.902,16.776
16.824,16.824,0.126,0.035,16.902,16.776
16.824,16.824,0.126,0.035,16.902,16.776
16.824,16.824,0.126,0.035,16.902,16.776
16.823,16.823,0.126,0.035,16.902,16.776
16.823,16.823,0.126,0.035,16.902,16.776
16.822,16.822,0.126,0.034,16.902,16.776
16.822,16.822,0.126,0.035,16.902,16.776
16.822,16.822,0.126,0.035,16.902,16.776
16.821,16.821,0.126,0.033,16.902,16.776
16.82,16.82,0.126,0.032,16.902,16.776
16.82,16.82,0.126,0.032,16.902,16.776
16.82,16.82,0.126,0.032,16.902,16.776
16.82,16.82,0.126,0.032,16.902,16.776
16.821,16.821,0.126,0.033,16.902,16.776
16.821,16.821,0.126,0.033,16.902,16.776
16.82,16.82,0.126,0.033,16.902,16.776
16.821,16.821,0.126,0.033,16.902,16.776
16.822,16.822,0.126,0.034,16.902,16.776
16.822,16.823,0.126,0.033,16.902,16.776
16.821,16.821,0.123,0.032,16.899,16.776
16.822,16.822,0.123,0.033,16.899,16.776
16.822,16.822,0.123,0.033,16.899,16.776
16.822,16.822,0.123,0.033,16.899,16.776
16.823,16.823,0.123,0.034,16.899,16.776
16.823,16.823,0.123,0.033,16.899,16.776
16.822,16.822,0.123,0.033,16.899,16.776
16.823,16.823,0.123,0.034,16.899,16.776
16.822,16.822,0.123,0.033,16.899,16.776
16.822,16.822,0.133,0.033,16.909,16.776
16.822,16.822,0.133,0.033,16.909,16.776
16.822,16.822,0.133,0.033,16.909,16.776
16.82,16.82,0.133,0.032,16.909,16.776
16.819,16.819,0.133,0.032,16.909,16.776
16.819,16.819,0.133,0.032,16.909,16.776
16.819,16.819,0.133,0.032,16.909,16.776
16.82,16.82,0.133,0.032,16.909,16.776
16.82,16.82,0.133,0.032,16.909,16.776
16.82,16.82,0.133,0.032,16.909,16.776
16.82,16.82,0.133,0.033,16.909,16.776
16.82,16.82,0.133,0.033,16.909,16.776
16.819,16.82,0.133,0.033,16.909,16.776
16.819,16.819,0.133,0.033,16.909,16.776
16.818,16.818,0.133,0.033,16.909,16.776
16.819,16.819,0.133,0.034,16.909,16.776
16.818,16.818,0.133,0.033,16.909,16.776
16.818,16.818,0.133,0.033,16.909,16.776
16.818,16.818,0.133,0.033,16.909,16.776
16.819,16.819,0.133,0.034,16.909,16.776
16.819,16.819,0.133,0.034,16.909,16.776
16.819,16.819,0.133,0.034,16.909,16.776
16.82,16.82,0.133,0.035,16.909,16.776
16.819,16.819,0.165,0.036,16.909,16.744
16.819,16.819,0.165,0.036,16.909,16.744
16.818,16.818,0.165,0.037,16.909,16.744
16.818,16.819,0.165,0.036,16.909,16.744
16.819,16.819,0.165,0.037,16.909,16.744
16.819,16.819,0.165,0.037,16.909,16.744
16.82,16.82,0.165,0.037,16.909,16.744
16.82,16.82,0.165,0.037,16.909,16.744
16.82,16.82,0.165,0.038,16.909,16.744
16.819,16.819,0.165,0.037,16.909,16.744
16.818,16.818,0.165,0.036,16.909,16.744
16.818,16.818,0.165,0.036,16.909,16.744
16.818,16.818,0.165,0.036,16.909,16.744
16.818,16.818,0.165,0.036,16.909,16.744
16.818,16.818,0.165,0.036,16.909,16.744
16.818,16.818,0.165,0.036,16.909,16.744
16.819,16.819,0.165,0.037,16.909,16.744
16.819,16.819,0.165,0.037,16.909,16.744
16.819,16.819,0.165,0.037,16.909,16.744
16.82,16.82,0.165,0.038,16.909,16.744
16.82,16.82,0.165,0.037,16.909,16.744
16.821,16.821,0.165,0.037,16.909,16.744
16.821,16.821,0.165,0.037,16.909,16.744
16.821,16.821,0.165,0.038,16.909,16.744
16.819,16.819,0.165,0.037,16.909,16.744
16.819,16.819,0.165,0.036,16.909,16.744
16.819,16.819,0.165,0.037,16.909,16.744
16.819,16.819,0.165,0.037,16.909,16.744
16.819,16.819,0.165,0.037,16.909,16.744
16.819,16.819,0.165,0.037,16.909,16.744
16.819,16.819,0.165,0.037,16.909,16.744
16.819,16.819,0.165,0.037,16.909,16.744
16.819,16.819,0.165,0.037,16.909,16.744
16.819,16.819,0.165,0.037,16.909,16.744
16.819,16.819,0.165,0.037,16.909,16.744
16.82,16.82,0.165,0.037,16.909,16.744
16.821,16.821,0.165,0.038,16.909,16.744
16.82,16.82,0.165,0.037,16.909,16.744
16.82,16.82,0.165,0.037,16.909,16.744
16.82,16.82,0.165,0.037,16.909,16.744
16.819,16.819,0.165,0.036,16.909,16.744
16.818,16.818,0.165,0.036,16.909,16.744
16.817,16.817,0.165,0.036,16.909,16.744
16.817,16.817,0.165,0.036,16.909,16.744
16.816,16.816,0.165,0.036,16.909,16.744
16.816,16.816,0.165,0.036,16.909,16.744
16.817,16.817,0.165,0.035,16.909,16.744
16.817,16.817,0.165,0.036,16.909,16.744
16.818,16.818,0.165,0.036,16.909,16.744
16.818,16.818,0.165,0.037,16.909,16.744
16.816,16.816,0.165,0.036,16.909,16.744
16.816,16.816,0.165,0.036,16.909,16.744
16.815,16.815,0.156,0.034,16.9,16.744
16.815,16.815,0.156,0.034,16.9,16.744
16.816,16.816,0.156,0.035,16.9,16.744
16.818,16.818,0.156,0.036,16.9,16.744
16.819,16.819,0.156,0.036,16.9,16.744
16.818,16.818,0.156,0.036,16.9,16.744
16.819,16.819,0.156,0.036,16.9,16.744
16.818,16.818,0.156,0.036,16.9,16.744
16.817,16.817,0.156,0.035,16.9,16.744
16.817,16.817,0.156,0.035,16.9,16.744
16.817,16.817,0.156,0.035,16.9,16.744
16.817,16.817,0.156,0.035,16.9,16.744
16.818,16.818,0.156,0.035,16.9,16.744
16.817,16.817,0.156,0.036,16.9,16.744
16.818,16.818,0.156,0.035,16.9,16.744
16.817,16.817,0.156,0.035,16.9,16.744
16.818,16.818,0.156,0.036,16.9,16.744
16.818,16.818,0.156,0.036,16.9,16.744
16.817,16.817,0.156,0.035,16.9,16.744
16.816,16.816,0.156,0.035,16.9,16.744
16.816,16.816,0.156,0.035,16.9,16.744
16.816,16.816,0.156,0.035,16.9,16.744
16.815,16.815,0.156,0.034,16.9,16.744
16.815,16.815,0.128,0.033,16.9,16.772
16.817,16.817,0.135,0.035,16.907,16.772
16.817,16.817,0.135,0.034,16.907,16.772
16.817,16.817,0.135,0.034,16.907,16.772
16.816,16.816,0.135,0.034,16.907,16.772
16.817,16.817,0.135,0.035,16.907,16.772
16.815,16.815,0.14,0.035,16.907,16.767
16.815,16.815,0.14,0.035,16.907,16.767
16.815,16.815,0.14,0.035,16.907,16.767
16.815,16.815,0.14,0.035,16.907,16.767
16.815,16.815,0.14,0.035,16.907,16.767
16.815,16.815,0.14,0.035,16.907,16.767
16.816,16.816,0.14,0.036,16.907,16.767
16.816,16.816,0.14,0.036,16.907,16.767
16.816,16.816,0.14,0.036,16.907,16.767
16.816,16.816,0.14,0.036,16.907,16.767
16.815,16.815,0.14,0.035,16.907,16.767
16.815,16.815,0.14,0.035,16.907,16.767
16.815,16.815,0.14,0.035,16.907,16.767
16.815,16.815,0.14,0.035,16.907,16.767
16.815,16.815,0.14,0.035,16.907,16.767
16.815,16.815,0.14,0.035,16.907,16.767
16.816,16.816,0.14,0.036,16.907,16.767
16.816,16.816,0.14,0.036,16.907,16.767
16.816,16.816,0.14,0.036,16.907,16.767
16.816,16.816,0.14,0.036,16.907,16.767
16.816,16.816,0.14,0.036,16.907,16.767
16.816,16.816,0.14,0.036,16.907,16.767
16.816,16.816,0.14,0.036,16.907,16.767
16.816,16.816,0.14,0.036,16.907,16.767
16.816,16.816,0.14,0.036,16.907,16.767
16.816,16.816,0.14,0.036,16.907,16.767
16.817,16.817,0.14,0.036,16.907,16.767
16.818,16.818,0.14,0.037,16.907,16.767
16.818,16.818,0.14,0.037,16.907,16.767
16.817,16.817,0.14,0.036,16.907,16.767
16.816,16.816,0.14,0.036,16.907,16.767
16.815,16.815,0.14,0.036,16.907,16.767
16.816,16.816,0.14,0.037,16.907,16.767
16.817,16.817,0.14,0.037,16.907,16.767
16.816,16.816,0.14,0.037,16.907,16.767
16.816,16.816,0.14,0.037,16.907,16.767
16.816,16.817,0.14,0.036,16.907,16.767
16.817,16.817,0.14,0.036,16.907,16.767
16.817,16.817,0.14,0.036,16.907,16.767
16.817,16.817,0.14,0.036,16.907,16.767
16.816,16.816,0.14,0.036,16.907,16.767
16.815,16.815,0.14,0.035,16.907,16.767
16.813,16.814,0.14,0.035,16.907,16.767
16.815,16.815,0.14,0.036,16.907,16.767
16.815,16.815,0.14,0.036,16.907,16.767
16.814,16.814,0.175,0.037,16.907,16.732
16.813,16.813,0.175,0.037,16.907,16.732
16.813,16.813,0.175,0.037,16.907,16.732
16.812,16.812,0.175,0.036,16.907,16.732
16.81,16.81,0.175,0.035,16.907,16.732
16.809,16.809,0.175,0.035,16.907,16.732
16.809,16.809,0.175,0.035,16.907,16.732
16.81,16.81,0.175,0.036,16.907,16.732
16.81,16.81,0.175,0.036,16.907,16.732
16.809,16.809,0.175,0.036,16.907,16.732
16.809,16.809,0.175,0.036,16.907,16.732
16.81,16.81,0.175,0.037,16.907,16.732
16.811,16.811,0.175,0.038,16.907,16.732
16.811,16.811,0.175,0.039,16.907,16.732
16.811,16.811,0.175,0.039,16.907,16.732
16.811,16.811,0.175,0.039,16.907,16.732
16.811,16.811,0.175,0.039,16.907,16.732
16.809,16.809,0.175,0.037,16.907,16.732
16.809,16.809,0.175,0.038,16.907,16.732
16.809,16.809,0.175,0.038,16.907,16.732
16.809,16.809,0.175,0.038,16.907,16.732
16.809,16.809,0.175,0.037,16.907,16.732
16.809,16.809,0.175,0.037,16.907,16.732
16.809,16.81,0.175,0.037,16.907,16.732
16.81,16.81,0.175,0.037,16.907,16.732
16.808,16.808,0.164,0.036,16.896,16.732
16.808,16.808,0.164,0.036,16.896,16.732
16.808,16.808,0.164,0.036,16.896,16.732
16.808,16.808,0.164,0.036,16.896,16.732
16.806,16.806,0.164,0.035,16.896,16.732
16.807,16.807,0.164,0.034,16.896,16.732
16.808,16.808,0.164,0.036,16.896,16.732
16.808,16.809,0.164,0.036,16.896,16.732
16.808,16.808,0.164,0.037,16.896,16.732
16.808,16.809,0.164,0.036,16.896,16.732
16.807,16.807,0.164,0.035,16.896,16.732
16.806,16.806,0.164,0.034,16.896,16.732
16.805,16.805,0.164,0.035,16.896,16.732
16.806,16.806,0.164,0.034,16.896,16.732
16.806,16.806,0.164,0.034,16.896,16.732
16.806,16.806,0.164,0.034,16.896,16.732
16.806,16.806,0.164,0.035,16.896,16.732
16.807,16.807,0.164,0.035,16.896,16.732
16.805,16.805,0.164,0.034,16.896,16.732
16.806,16.806,0.164,0.035,16.896,16.732
16.806,16.806,0.164,0.035,16.896,16.732
16.805,16.805,0.164,0.034,16.896,16.732
16.804,16.804,0.164,0.034,16.896,16.732
16.805,16.806,0.164,0.036,16.896,16.732
16.806,16.806,0.164,0.036,16.896,16.732
16.806,16.806,0.164,0.036,16.896,16.732
16.805,16.805,0.164,0.037,16.896,16.732
16.805,16.805,0.164,0.037,16.896,16.732
16.805,16.805,0.164,0.038,16.896,16.732
16.804,16.804,0.164,0.038,16.896,16.732
16.804,16.804,0.164,0.038,16.896,16.732
16.802,16.803,0.164,0.038,16.896,16.732
16.801,16.801,0.164,0.037,16.896,16.732
16.801,16.801,0.164,0.037,16.896,16.732
16.801,16.801,0.164,0.037,16.896,16.732
16.802,16.802,0.164,0.038,16.896,16.732
16.802,16.802,0.164,0.038,16.896,16.732
16.801,16.801,0.164,0.037,16.896,16.732
16.802,16.802,0.164,0.037,16.896,16.732
16.803,16.803,0.164,0.038,16.896,16.732
16.802,16.802,0.164,0.038,16.896,16.732
16.802,16.802,0.164,0.038,16.896,16.732
16.802,16.802,0.164,0.038,16.896,16.732
16.802,16.802,0.164,0.038,16.896,16.732
16.802,16.802,0.164,0.038,16.896,16.732
16.802,16.802,0.164,0.038,16.896,16.732
16.802,16.802,0.164,0.038,16.896,16.732
16.803,16.803,0.164,0.039,16.896,16.732
16.802,16.802,0.164,0.038,16.896,16.732
16.803,16.803,0.165,0.04,16.897,16.732
16.804,16.804,0.144,0.039,16.897,16.753
16.804,16.804,0.144,0.039,16.897,16.753
16.804,16.804,0.144,0.039,16.897,16.753
16.804,16.804,0.144,0.039,16.897,16.753
16.805,16.805,0.144,0.039,16.897,16.753
16.805,16.805,0.144,0.039,16.897,16.753
16.806,16.806,0.144,0.04,16.897,16.753
16.805,16.805,0.144,0.039,16.897,16.753
16.806,16.806,0.144,0.04,16.897,16.753
16.806,16.806,0.144,0.039,16.897,16.753
16.806,16.806,0.144,0.04,16.897,16.753
16.805,16.805,0.144,0.038,16.897,16.753
16.803,16.803,0.144,0.037,16.897,16.753
16.804,16.804,0.144,0.037,16.897,16.753
16.804,16.804,0.144,0.037,16.897,16.753
16.804,16.804,0.144,0.037,16.897,16.753
16.805,16.805,0.144,0.038,16.897,16.753
16.805,16.805,0.144,0.038,16.897,16.753
16.805,16.805,0.144,0.038,16.897,16.753
16.805,16.805,0.144,0.038,16.897,16.753
16.805,16.805,0.144,0.038,16.897,16.753
16.804,16.805,0.144,0.038,16.897,16.753
16.804,16.804,0.144,0.038,16.897,16.753
16.804,16.804,0.144,0.038,16.897,16.753
16.804,16.804,0.144,0.038,16.897,16.753
16.804,16.804,0.144,0.038,16.897,16.753
16.804,16.804,0.144,0.038,16.897,16.753
16.804,16.804,0.144,0.038,16.897,16.753
16.805,16.805,0.144,0.038,16.897,16.753
16.805,16.805,0.144,0.038,16.897,16.753
16.805,16.805,0.144,0.038,16.897,16.753
16.803,16.804,0.144,0.037,16.897,16.753
16.802,16.802,0.144,0.036,16.897,16.753
16.802,16.802,0.144,0.036,16.897,16.753
16.803,16.804,0.144,0.037,16.897,16.753
16.803,16.803,0.144,0.037,16.897,16.753
16.804,16.804,0.144,0.037,16.897,16.753
16.805,16.805,0.144,0.038,16.897,16.753
16.805,16.805,0.144,0.038,16.897,16.753
16.805,16.805,0.144,0.038,16.897,16.753
16.806,16.806,0.144,0.038,16.897,16.753
16.805,16.805,0.144,0.038,16.897,16.753
16.804,16.804,0.144,0.038,16.897,16.753
16.805,16.805,0.144,0.038,16.897,16.753
16.803,16.803,0.144,0.037,16.897,16.753
16.803,16.803,0.144,0.037,16.897,16.753
16.804,16.804,0.144,0.038,16.897,16.753
16.805,16.805,0.144,0.037,16.897,16.753
16.803,16.803,0.144,0.036,16.897,16.753
16.802,16.802,0.144,0.036,16.897,16.753
16.803,16.803,0.144,0.035,16.897,16.753
16.804,16.804,0.144,0.036,16.897,16.753
16.806,16.806,0.144,0.036,16.897,16.753
16.805,16.805,0.144,0.036,16.897,16.753
16.805,16.805,0.144,0.035,16.897,16.753
16.806,16.806,0.144,0.036,16.897,16.753
16.807,16.807,0.14,0.036,16.897,16.757
16.807,16.807,0.14,0.036,16.897,16.757
16.807,16.807,0.14,0.036,16.897,16.757
16.807,16.807,0.14,0.036,16.897,16.757
16.807,16.807,0.14,0.036,16.897,16.757
16.808,16.809,0.14,0.037,16.897,16.757
16.808,16.808,0.14,0.037,16.897,16.757
16.809,16.809,0.14,0.038,16.897,16.757
16.809,16.809,0.14,0.038,16.897,16.757
16.809,16.809,0.14,0.038,16.897,16.757
16.809,16.809,0.14,0.038,16.897,16.757
16.809,16.809,0.14,0.038,16.897,16.757
16.809,16.809,0.14,0.038,16.897,16.757
16.809,16.809,0.14,0.038,16.897,16.757
16.809,16.809,0.14,0.038,16.897,16.757
16.809,16.809,0.14,0.038,16.897,16.757
16.809,16.809,0.14,0.038,16.897,16.757
16.809,16.809,0.14,0.038,16.897,16.757
16.809,16.809,0.137,0.037,16.894,16.757
16.809,16.809,0.137,0.037,16.894,16.757
16.81,16.81,0.137,0.038,16.894,16.757
16.81,16.81,0.137,0.038,16.894,16.757
16.81,16.81,0.137,0.038,16.894,16.757
16.811,16.811,0.137,0.038,16.894,16.757
16.811,16.811,0.137,0.038,16.894,16.757
16.809,16.809,0.137,0.037,16.894,16.757
16.809,16.809,0.137,0.037,16.894,16.757
16.808,16.808,0.137,0.037,16.894,16.757
16.808,16.808,0.137,0.037,16.894,16.757
16.808,16.808,0.137,0.037,16.894,16.757
16.808,16.808,0.137,0.037,16.894,16.757
16.808,16.808,0.137,0.037,16.894,16.757
16.808,16.808,0.137,0.037,16.894,16.757
16.808,16.808,0.137,0.037,16.894,16.757
16.808,16.808,0.137,0.037,16.894,16.757
16.808,16.809,0.137,0.037,16.894,16.757
16.808,16.808,0.137,0.038,16.894,16.757
16.808,16.808,0.137,0.038,16.894,16.757
16.809,16.809,0.137,0.037,16.894,16.757
16.808,16.808,0.137,0.037,16.894,16.757
16.808,16.808,0.137,0.037,16.894,16.757
16.81,16.81,0.137,0.038,16.894,16.757
16.81,16.81,0.137,0.038,16.894,16.757
16.81,16.81,0.137,0.038,16.894,16.757
16.81,16.81,0.137,0.038,16.894,16.757
16.811,16.811,0.137,0.039,16.894,16.757
16.811,16.811,0.137,0.039,16.894,16.757
16.812,16.812,0.137,0.039,16.894,16.757
16.812,16.812,0.137,0.039,16.894,16.757
16.812,16.812,0.137,0.039,16.894,16.757
16.812,16.812,0.137,0.039,16.894,16.757
16.812,16.812,0.137,0.039,16.894,16.757
16.813,16.813,0.137,0.04,16.894,16.757
16.812,16.812,0.137,0.039,16.894,16.757
16.813,16.813,0.137,0.039,16.894,16.757
16.813,16.813,0.137,0.039,16.894,16.757
16.812,16.813,0.137,0.038,16.894,16.757
16.813,16.813,0.137,0.038,16.894,16.757
16.813,16.813,0.137,0.038,16.894,16.757
16.812,16.812,0.137,0.038,16.894,16.757
16.812,16.812,0.137,0.038,16.894,16.757
16.812,16.812,0.137,0.037,16.894,16.757
16.814,16.814,0.137,0.038,16.894,16.757
16.814,16.814,0.137,0.038,16.894,16.757
16.815,16.815,0.137,0.039,16.894,16.757
16.815,16.815,0.137,0.038,16.894,16.757
16.814,16.814,0.137,0.038,16.894,16.757
16.815,16.815,0.137,0.038,16.894,16.757
16.815,16.815,0.137,0.038,16.894,16.757
16.815,16.815,0.137,0.038,16.894,16.757
16.814,16.814,0.137,0.038,16.894,16.757
16.813,16.813,0.137,0.038,16.894,16.757
16.813,16.813,0.137,0.038,16.894,16.757
16.814,16.814,0.137,0.038,16.894,16.757
16.813,16.813,0.137,0.038,16.894,16.757
16.814,16.814,0.137,0.038,16.894,16.757
16.814,16.814,0.137,0.038,16.894,16.757
16.814,16.814,0.137,0.038,16.894,16.757
16.816,16.816,0.137,0.039,16.894,16.757
16.814,16.814,0.137,0.038,16.894,16.757
16.813,16.813,0.137,0.037,16.894,16.757
16.813,16.813,0.137,0.037,16.894,16.757
16.812,16.812,0.136,0.036,16.893,16.757
16.811,16.811,0.136,0.035,16.893,16.757
16.812,16.812,0.136,0.036,16.893,16.757
16.812,16.812,0.136,0.036,16.893,16.757
16.813,16.813,0.136,0.036,16.893,16.757
16.813,16.813,0.136,0.036,16.893,16.757
16.813,16.813,0.136,0.035,16.893,16.757
16.813,16.813,0.136,0.035,16.893,16.757
16.813,16.813,0.136,0.035,16.893,16.757
16.812,16.812,0.136,0.035,16.893,16.757
16.812,16.812,0.136,0.035,16.893,16.757
16.811,16.811,0.136,0.034,16.893,16.757
16.811,16.811,0.136,0.034,16.893,16.757
16.812,16.812,0.138,0.035,16.895,16.757
16.812,16.812,0.138,0.035,16.895,16.757
16.811,16.811,0.138,0.034,16.895,16.757
16.811,16.811,0.138,0.034,16.895,16.757
16.812,16.812,0.138,0.035,16.895,16.757
16.813,16.813,0.138,0.035,16.895,16.757
16.814,16.814,0.138,0.034,16.895,16.757
16.814,16.814,0.119,0.034,16.895,16.776
16.816,16.816,0.125,0.035,16.901,16.776
16.816,16.816,0.125,0.035,16.901,16.776
16.816,16.816,0.125,0.035,16.901,16.776
16.817,16.817,0.125,0.035,16.901,16.776
16.817,16.817,0.125,0.035,16.901,16.776
16.817,16.817,0.125,0.035,16.901,16.776
16.818,16.818,0.125,0.034,16.901,16.776
16.817,16.817,0.125,0.033,16.901,16.776
16.817,16.817,0.125,0.033,16.901,16.776
16.817,16.817,0.125,0.033,16.901,16.776
16.818,16.818,0.125,0.033,16.901,16.776
16.818,16.818,0.125,0.033,16.901,16.776
16.819,16.819,0.125,0.034,16.901,16.776
16.818,16.818,0.125,0.033,16.901,16.776
16.819,16.819,0.125,0.033,16.901,16.776
16.82,16.82,0.125,0.034,16.901,16.776
16.82,16.82,0.125,0.034,16.901,16.776
16.82,16.82,0.125,0.034,16.901,16.776
16.821,16.821,0.125,0.034,16.901,16.776
16.82,16.82,0.125,0.034,16.901,16.776
16.82,16.82,0.125,0.034,16.901,16.776
16.821,16.821,0.125,0.034,16.901,16.776
16.821,16.821,0.125,0.034,16.901,16.776
16.821,16.822,0.125,0.034,16.901,16.776
16.821,16.821,0.125,0.034,16.901,16.776
16.821,16.821,0.125,0.034,16.901,16.776
16.82,16.82,0.125,0.034,16.901,16.776
16.819,16.819,0.125,0.034,16.901,16.776
16.82,16.82,0.125,0.034,16.901,16.776
16.821,16.821,0.125,0.035,16.901,16.776
16.821,16.821,0.125,0.035,16.901,16.776
16.822,16.822,0.125,0.036,16.901,16.776
16.824,16.824,0.125,0.036,16.901,16.776
16.824,16.824,0.125,0.036,16.901,16.776
16.823,16.823,0.125,0.036,16.901,16.776
16.823,16.823,0.125,0.035,16.901,16.776
16.822,16.822,0.125,0.035,16.901,16.776
16.822,16.822,0.125,0.035,16.901,16.776
16.823,16.823,0.125,0.035,16.901,16.776
16.823,16.823,0.125,0.035,16.901,16.776
16.824,16.824,0.125,0.035,16.901,16.776
16.825,16.825,0.125,0.035,16.901,16.776
16.825,16.825,0.125,0.035,16.901,16.776
16.825,16.825,0.125,0.035,16.901,16.776
16.826,16.826,0.125,0.035,16.901,16.776
16.826,16.826,0.13,0.035,16.906,16.776
16.826,16.826,0.13,0.035,16.906,16.776
16.826,16.826,0.13,0.035,16.906,16.776
16.826,16.826,0.13,0.035,16.906,16.776
16.828,16.828,0.13,0.035,16.906,16.776
16.827,16.827,0.13,0.035,16.906,16.776
16.827,16.827,0.13,0.034,16.906,16.776
16.829,16.829,0.13,0.035,16.906,16.776
16.829,16.829,0.13,0.035,16.906,16.776
16.829,16.829,0.13,0.035,16.906,16.776
16.83,16.83,0.132,0.036,16.908,16.776
16.83,16.83,0.132,0.036,16.908,16.776
16.831,16.831,0.132,0.036,16.908,16.776
16.832,16.832,0.132,0.036,16.908,16.776
16.832,16.832,0.132,0.036,16.908,16.776
16.832,16.832,0.132,0.036,16.908,16.776
16.832,16.832,0.132,0.036,16.908,16.776
16.833,16.833,0.125,0.036,16.908,16.783
16.834,16.834,0.125,0.036,16.908,16.783
16.835,16.835,0.125,0.035,16.908,16.783
16.836,16.836,0.125,0.036,16.908,16.783
16.837,16.837,0.125,0.036,16.908,16.783
16.837,16.837,0.125,0.036,16.908,16.783
16.837,16.837,0.125,0.036,16.908,16.783
16.838,16.838,0.125,0.035,16.908,16.783
16.838,16.838,0.125,0.035,16.908,16.783
16.838,16.838,0.125,0.035,16.908,16.783
16.838,16.838,0.125,0.035,16.908,16.783
16.839,16.839,0.125,0.035,16.908,16.783
16.839,16.839,0.125,0.035,16.908,16.783
16.837,16.838,0.125,0.035,16.908,16.783
16.837,16.838,0.125,0.035,16.908,16.783
16.839,16.839,0.125,0.035,16.908,16.783
16.839,16.839,0.125,0.035,16.908,16.783
16.839,16.839,0.125,0.035,16.908,16.783
16.84,16.84,0.125,0.036,16.908,16.783
16.841,16.841,0.125,0.036,16.908,16.783
16.841,16.841,0.125,0.036,16.908,16.783
16.842,16.842,0.125,0.036,16.908,16.783
16.843,16.843,0.125,0.036,16.908,16.783
16.842,16.842,0.125,0.036,16.908,16.783
16.842,16.842,0.125,0.036,16.908,16.783
16.841,16.841,0.125,0.036,16.908,16.783
16.841,16.841,0.125,0.035,16.908,16.783
16.842,16.842,0.125,0.036,16.908,16.783
16.842,16.842,0.125,0.035,16.908,16.783
16.842,16.842,0.125,0.035,16.908,16.783
16.842,16.842,0.125,0.035,16.908,16.783
16.842,16.842,0.125,0.035,16.908,16.783
16.843,16.843,0.125,0.035,16.908,16.783
16.843,16.843,0.125,0.035,16.908,16.783
16.842,16.842,0.125,0.035,16.908,16.783
16.842,16.842,0.125,0.035,16.908,16.783
16.841,16.841,0.125,0.035,16.908,16.783
16.842,16.842,0.125,0.035,16.908,16.783
16.843,16.843,0.125,0.035,16.908,16.783
16.844,16.844,0.118,0.034,16.908,16.79
16.845,16.845,0.118,0.034,16.908,16.79
16.844,16.844,0.118,0.034,16.908,16.79
16.843,16.843,0.118,0.034,16.908,16.79
16.843,16.843,0.118,0.035,16.908,16.79
16.843,16.843,0.118,0.034,16.908,16.79
16.842,16.842,0.118,0.034,16.908,16.79
16.842,16.842,0.118,0.034,16.908,16.79
16.842,16.842,0.118,0.034,16.908,16.79
16.843,16.843,0.118,0.034,16.908,16.79
16.843,16.843,0.118,0.034,16.908,16.79
16.843,16.843,0.118,0.034,16.908,16.79
16.843,16.843,0.118,0.034,16.908,16.79
16.844,16.844,0.118,0.034,16.908,16.79
16.843,16.843,0.118,0.034,16.908,16.79
16.842,16.842,0.118,0.034,16.908,16.79
16.843,16.843,0.118,0.034,16.908,16.79
16.843,16.843,0.118,0.034,16.908,16.79
16.843,16.843,0.118,0.034,16.908,16.79
16.842,16.842,0.118,0.033,16.908,16.79
16.842,16.842,0.118,0.033,16.908,16.79
16.841,16.841,0.126,0.034,16.908,16.782
16.841,16.841,0.126,0.034,16.908,16.782
16.84,16.84,0.126,0.033,16.908,16.782
16.84,16.84,0.126,0.034,16.908,16.782
16.841,16.841,0.127,0.035,16.909,16.782
16.84,16.84,0.127,0.034,16.909,16.782
16.84,16.84,0.127,0.034,16.909,16.782
16.84,16.84,0.127,0.034,16.909,16.782
16.839,16.839,0.127,0.033,16.909,16.782
16.838,16.838,0.127,0.033,16.909,16.782
16.838,16.838,0.127,0.033,16.909,16.782
16.836,16.837,0.127,0.033,16.909,16.782
16.837,16.837,0.127,0.033,16.909,16.782
16.837,16.837,0.127,0.033,16.909,16.782
16.836,16.836,0.127,0.033,16.909,16.782
16.835,16.835,0.127,0.033,16.909,16.782
16.835,16.835,0.127,0.033,16.909,16.782
16.834,16.834,0.127,0.033,16.909,16.782
16.834,16.834,0.127,0.033,16.909,16.782
16.833,16.833,0.127,0.032,16.909,16.782
16.832,16.832,0.127,0.032,16.909,16.782
16.832,16.832,0.127,0.032,16.909,16.782
16.832,16.832,0.127,0.032,16.909,16.782
16.831,16.831,0.127,0.032,16.909,16.782
16.83,16.83,0.127,0.032,16.909,16.782
16.83,16.83,0.127,0.032,16.909,16.782
16.829,16.829,0.127,0.032,16.909,16.782
16.83,16.83,0.127,0.032,16.909,16.782
16.83,16.83,0.127,0.032,16.909,16.782
16.83,16.83,0.127,0.032,16.909,16.782
16.828,16.828,0.127,0.032,16.909,16.782
16.829,16.829,0.127,0.033,16.909,16.782
16.83,16.83,0.127,0.033,16.909,16.782
16.829,16.829,0.127,0.033,16.909,16.782
16.828,16.828,0.127,0.033,16.909,16.782
16.828,16.828,0.127,0.033,16.909,16.782
16.827,16.827,0.127,0.032,16.909,16.782
16.827,16.827,0.127,0.032,16.909,16.782
16.827,16.827,0.127,0.032,16.909,16.782
16.827,16.827,0.127,0.032,16.909,16.782
16.827,16.827,0.127,0.032,16.909,16.782
16.827,16.827,0.127,0.033,16.909,16.782
16.826,16.826,0.127,0.032,16.909,16.782
16.825,16.825,0.127,0.031,16.909,16.782
16.825,16.825,0.127,0.032,16.909,16.782
16.824,16.824,0.127,0.031,16.909,16.782
16.823,16.823,0.127,0.031,16.909,16.782
16.823,16.823,0.127,0.031,16.909,16.782
16.824,16.824,0.127,0.032,16.909,16.782
16.824,16.824,0.127,0.032,16.909,16.782
16.824,16.824,0.127,0.032,16.909,16.782
16.824,16.824,0.127,0.032,16.909,16.782
16.823,16.823,0.127,0.031,16.909,16.782
16.823,16.823,0.127,0.031,16.909,16.782
16.823,16.823,0.127,0.031,16.909,16.782
16.821,16.821,0.136,0.031,16.909,16.773
16.821,16.821,0.136,0.031,16.909,16.773
16.821,16.821,0.136,0.031,16.909,16.773
16.822,16.822,0.136,0.031,16.909,16.773
16.821,16.821,0.136,0.031,16.909,16.773
16.82,16.82,0.136,0.03,16.909,16.773
16.82,16.82,0.136,0.031,16.909,16.773
16.82,16.82,0.136,0.031,16.909,16.773
16.818,16.818,0.136,0.03,16.909,16.773
16.819,16.819,0.136,0.031,16.909,16.773
16.819,16.819,0.136,0.031,16.909,16.773
16.819,16.819,0.136,0.031,16.909,16.773
16.818,16.818,0.136,0.03,16.909,16.773
16.818,16.818,0.136,0.03,16.909,16.773
16.817,16.817,0.136,0.03,16.909,16.773
16.817,16.817,0.136,0.03,16.909,16.773
16.816,16.816,0.136,0.03,16.909,16.773
16.816,16.816,0.136,0.03,16.909,16.773
16.815,16.815,0.136,0.03,16.909,16.773
16.815,16.815,0.136,0.03,16.909,16.773
16.815,16.815,0.136,0.03,16.909,16.773
16.815,16.815,0.136,0.03,16.909,16.773
16.814,16.815,0.136,0.03,16.909,16.773
16.814,16.814,0.136,0.03,16.909,16.773
16.812,16.812,0.13,0.029,16.903,16.773
16.813,16.813,0.13,0.03,16.903,16.773
16.814,16.814,0.13,0.031,16.903,16.773
16.814,16.814,0.13,0.031,16.903,16.773
16.814,16.814,0.13,0.031,16.903,16.773
16.814,16.814,0.138,0.031,16.903,16.765
16.814,16.814,0.138,0.032,16.903,16.765
16.813,16.813,0.138,0.032,16.903,16.765
16.813,16.813,0.138,0.032,16.903,16.765
16.813,16.813,0.138,0.032,16.903,16.765
16.812,16.812,0.138,0.032,16.903,16.765
16.812,16.812,0.138,0.032,16.903,16.765
16.812,16.812,0.138,0.032,16.903,16.765
16.812,16.812,0.138,0.033,16.903,16.765
16.811,16.811,0.138,0.032,16.903,16.765
16.81,16.811,0.138,0.033,16.903,16.765
16.81,16.81,0.138,0.033,16.903,16.765
16.809,16.809,0.138,0.033,16.903,16.765
16.809,16.809,0.138,0.033,16.903,16.765
16.808,16.808,0.138,0.033,16.903,16.765
16.809,16.809,0.138,0.034,16.903,16.765
16.809,16.809,0.138,0.034,16.903,16.765
16.809,16.809,0.138,0.034,16.903,16.765
16.807,16.807,0.138,0.033,16.903,16.765
16.807,16.807,0.138,0.033,16.903,16.765
16.808,16.808,0.138,0.033,16.903,16.765
16.807,16.807,0.165,0.034,16.903,16.738
16.805,16.805,0.158,0.033,16.896,16.738
16.803,16.803,0.158,0.031,16.896,16.738
16.803,16.803,0.158,0.031,16.896,16.738
16.803,16.803,0.158,0.032,16.896,16.738
16.803,16.803,0.158,0.032,16.896,16.738
16.802,16.802,0.158,0.032,16.896,16.738
16.802,16.802,0.147,0.031,16.885,16.738
16.801,16.801,0.147,0.031,16.885,16.738
16.801,16.801,0.147,0.031,16.885,16.738
16.801,16.801,0.147,0.031,16.885,16.738
16.8,16.8,0.147,0.032,16.885,16.738
16.8,16.8,0.147,0.032,16.885,16.738
16.799,16.799,0.147,0.032,16.885,16.738
16.798,16.798,0.147,0.032,16.885,16.738
16.798,16.798,0.147,0.032,16.885,16.738
16.798,16.798,0.147,0.032,16.885,16.738
16.797,16.797,0.147,0.032,16.885,16.738
16.796,16.796,0.147,0.031,16.885,16.738
16.795,16.795,0.147,0.032,16.885,16.738
16.795,16.795,0.147,0.031,16.885,16.738
16.794,16.794,0.147,0.032,16.885,16.738
16.793,16.793,0.147,0.032,16.885,16.738
16.793,16.793,0.147,0.032,16.885,16.738
16.792,16.792,0.147,0.031,16.885,16.738
16.791,16.791,0.147,0.031,16.885,16.738
16.792,16.792,0.147,0.032,16.885,16.738
16.792,16.792,0.147,0.032,16.885,16.738
16.791,16.791,0.147,0.031,16.885,16.738
16.792,16.792,0.147,0.032,16.885,16.738
16.791,16.791,0.147,0.032,16.885,16.738
16.792,16.792,0.147,0.033,16.885,16.738
16.792,16.792,0.147,0.033,16.885,16.738
16.792,16.792,0.147,0.033,16.885,16.738
16.79,16.79,0.147,0.031,16.885,16.738
16.789,16.789,0.147,0.031,16.885,16.738
16.79,16.79,0.147,0.032,16.885,16.738
16.789,16.789,0.147,0.032,16.885,16.738
16.789,16.789,0.147,0.031,16.885,16.738
16.789,16.789,0.147,0.031,16.885,16.738
16.789,16.789,0.147,0.032,16.885,16.738
16.79,16.79,0.147,0.033,16.885,16.738
16.79,16.79,0.147,0.033,16.885,16.738
16.79,16.79,0.147,0.033,16.885,16.738
16.791,16.791,0.147,0.034,16.885,16.738
16.791,16.791,0.147,0.034,16.885,16.738
16.791,16.791,0.147,0.035,16.885,16.738
16.791,16.791,0.147,0.035,16.885,16.738
16.79,16.79,0.148,0.035,16.885,16.737
16.79,16.79,0.148,0.035,16.885,16.737
16.788,16.788,0.145,0.034,16.882,16.737
16.786,16.786,0.125,0.032,16.862,16.737
16.786,16.786,0.125,0.033,16.862,16.737
16.786,16.786,0.125,0.033,16.862,16.737
16.787,16.787,0.125,0.033,16.862,16.737
16.787,16.787,0.125,0.034,16.862,16.737
16.788,16.788,0.125,0.034,16.862,16.737
16.787,16.787,0.125,0.034,16.862,16.737
16.787,16.787,0.125,0.034,16.862,16.737
16.787,16.787,0.125,0.034,16.862,16.737
16.786,16.786,0.14,0.035,16.862,16.722
16.785,16.785,0.14,0.035,16.862,16.722
16.785,16.785,0.14,0.036,16.862,16.722
16.785,16.785,0.14,0.036,16.862,16.722
16.784,16.784,0.14,0.036,16.862,16.722
16.783,16.783,0.14,0.037,16.862,16.722
16.784,16.784,0.14,0.037,16.862,16.722
16.785,16.785,0.14,0.037,16.862,16.722
16.784,16.784,0.14,0.038,16.862,16.722
16.783,16.783,0.14,0.037,16.862,16.722
16.783,16.783,0.14,0.037,16.862,16.722
16.782,16.782,0.14,0.038,16.862,16.722
16.781,16.781,0.14,0.038,16.862,16.722
16.78,16.78,0.172,0.039,16.862,16.69
16.779,16.779,0.172,0.039,16.862,16.69
16.779,16.779,0.172,0.038,16.862,16.69
16.779,16.779,0.172,0.039,16.862,16.69
16.78,16.78,0.172,0.039,16.862,16.69
16.779,16.779,0.172,0.039,16.862,16.69
16.78,16.78,0.172,0.04,16.862,16.69
16.778,16.778,0.172,0.039,16.862,16.69
16.777,16.777,0.172,0.039,16.862,16.69
16.776,16.776,0.172,0.038,16.862,16.69
16.776,16.776,0.172,0.038,16.862,16.69
16.775,16.775,0.172,0.039,16.862,16.69
16.775,16.775,0.172,0.039,16.862,16.69
16.774,16.775,0.172,0.039,16.862,16.69
16.774,16.774,0.172,0.039,16.862,16.69
16.774,16.774,0.172,0.039,16.862,16.69
16.774,16.774,0.172,0.039,16.862,16.69
16.774,16.774,0.172,0.039,16.862,16.69
16.773,16.773,0.172,0.04,16.862,16.69
16.773,16.773,0.172,0.04,16.862,16.69
16.774,16.774,0.172,0.04,16.862,16.69
16.774,16.774,0.172,0.04,16.862,16.69
16.773,16.773,0.172,0.04,16.862,16.69
16.773,16.773,0.172,0.04,16.862,16.69
16.773,16.773,0.172,0.04,16.862,16.69
16.771,16.771,0.19,0.041,16.862,16.672
16.771,16.771,0.19,0.041,16.862,16.672
16.771,16.771,0.19,0.041,16.862,16.672
16.77,16.77,0.19,0.04,16.862,16.672
16.77,16.77,0.19,0.04,16.862,16.672
16.769,16.769,0.19,0.041,16.862,16.672
16.767,16.767,0.19,0.04,16.862,16.672
16.767,16.767,0.19,0.04,16.862,16.672
16.766,16.766,0.19,0.039,16.862,16.672
16.764,16.765,0.196,0.04,16.862,16.666
16.764,16.764,0.196,0.04,16.862,16.666
16.763,16.763,0.196,0.042,16.862,16.666
16.763,16.763,0.196,0.042,16.862,16.666
16.763,16.763,0.196,0.041,16.862,16.666
16.763,16.763,0.196,0.041,16.862,16.666
16.762,16.762,0.196,0.041,16.862,16.666
16.762,16.762,0.196,0.041,16.862,16.666
16.761,16.761,0.196,0.04,16.862,16.666
16.759,16.759,0.191,0.039,16.857,16.666
16.759,16.759,0.191,0.039,16.857,16.666
16.758,16.758,0.191,0.037,16.857,16.666
16.757,16.757,0.191,0.036,16.857,16.666
16.756,16.756,0.191,0.036,16.857,16.666
16.755,16.756,0.191,0.035,16.857,16.666
16.756,16.756,0.191,0.035,16.857,16.666
16.756,16.756,0.191,0.035,16.857,16.666
16.756,16.756,0.191,0.035,16.857,16.666
16.756,16.756,0.191,0.035,16.857,16.666
16.757,16.757,0.191,0.036,16.857,16.666
16.757,16.757,0.191,0.036,16.857,16.666
16.756,16.756,0.191,0.034,16.857,16.666
16.754,16.754,0.179,0.032,16.845,16.666
16.754,16.754,0.179,0.032,16.845,16.666
16.753,16.753,0.179,0.03,16.845,16.666
16.753,16.753,0.179,0.03,16.845,16.666
16.752,16.752,0.179,0.03,16.845,16.666
16.752,16.752,0.179,0.03,16.845,16.666
16.752,16.752,0.179,0.03,16.845,16.666
16.752,16.752,0.179,0.03,16.845,16.666
16.752,16.752,0.179,0.03,16.845,16.666
16.752,16.752,0.179,0.03,16.845,16.666
16.751,16.751,0.179,0.03,16.845,16.666
16.751,16.751,0.179,0.03,16.845,16.666
16.75,16.75,0.167,0.028,16.833,16.666
16.748,16.749,0.167,0.028,16.833,16.666
16.749,16.749,0.167,0.028,16.833,16.666
16.749,16.749,0.167,0.028,16.833,16.666
16.749,16.749,0.167,0.028,16.833,16.666
16.749,16.75,0.167,0.028,16.833,16.666
16.75,16.75,0.167,0.028,16.833,16.666
16.751,16.751,0.167,0.027,16.833,16.666
16.751,16.751,0.167,0.027,16.833,16.666
16.751,16.751,0.167,0.027,16.833,16.666
16.751,16.751,0.167,0.027,16.833,16.666
16.75,16.75,0.15,0.025,16.816,16.666
16.75,16.75,0.15,0.025,16.816,16.666
16.749,16.749,0.128,0.024,16.794,16.666
16.749,16.749,0.128,0.024,16.794,16.666
16.749,16.749,0.128,0.024,16.794,16.666
16.749,16.749,0.128,0.024,16.794,16.666
16.749,16.749,0.128,0.024,16.794,16.666
16.749,16.749,0.128,0.024,16.794,16.666
16.75,16.75,0.128,0.024,16.794,16.666
16.75,16.75,0.128,0.024,16.794,16.666
16.749,16.749,0.128,0.024,16.794,16.666
16.75,16.75,0.128,0.024,16.794,16.666
16.749,16.749,0.128,0.024,16.794,16.666
16.75,16.75,0.128,0.024,16.794,16.666
16.749,16.749,0.128,0.024,16.794,16.666
16.749,16.749,0.128,0.023,16.794,16.666
16.749,16.749,0.128,0.023,16.794,16.666
16.748,16.748,0.128,0.023,16.794,16.666
16.748,16.748,0.128,0.023,16.794,16.666
16.749,16.749,0.128,0.023,16.794,16.666
16.749,16.749,0.128,0.023,16.794,16.666
16.75,16.75,0.128,0.022,16.794,16.666
16.749,16.749,0.128,0.022,16.794,16.666
16.749,16.749,0.128,0.022,16.794,16.666
16.749,16.749,0.128,0.022,16.794,16.666
16.749,16.749,0.128,0.022,16.794,16.666
16.75,16.75,0.128,0.02,16.794,16.666
16.75,16.75,0.128,0.02,16.794,16.666
16.75,16.75,0.128,0.02,16.794,16.666
16.75,16.75,0.128,0.02,16.794,16.666
16.751,16.751,0.115,0.018,16.794,16.679
16.752,16.752,0.115,0.018,16.794,16.679
16.754,16.754,0.119,0.018,16.828,16.709
16.753,16.753,0.119,0.018,16.828,16.709
16.753,16.753,0.119,0.018,16.828,16.709
16.753,16.753,0.119,0.018,16.828,16.709
16.753,16.753,0.119,0.018,16.828,16.709
16.753,16.753,0.119,0.018,16.828,16.709
16.753,16.753,0.119,0.018,16.828,16.709
16.754,16.754,0.119,0.018,16.828,16.709
16.754,16.754,0.119,0.018,16.828,16.709
16.754,16.754,0.119,0.018,16.828,16.709
16.753,16.753,0.119,0.018,16.828,16.709
16.754,16.755,0.119,0.019,16.828,16.709
16.754,16.754,0.119,0.019,16.828,16.709
16.755,16.755,0.148,0.022,16.857,16.709
16.755,16.755,0.148,0.022,16.857,16.709
16.755,16.755,0.148,0.022,16.857,16.709
16.755,16.755,0.148,0.022,16.857,16.709
16.755,16.755,0.148,0.021,16.857,16.709
16.755,16.755,0.148,0.021,16.857,16.709
16.755,16.755,0.148,0.021,16.857,16.709
16.755,16.755,0.148,0.021,16.857,16.709
16.757,16.757,0.148,0.023,16.857,16.709
16.758,16.758,0.148,0.025,16.857,16.709
16.758,16.758,0.148,0.025,16.857,16.709
16.759,16.759,0.148,0.025,16.857,16.709
16.759,16.759,0.148,0.025,16.857,16.709
16.76,16.76,0.148,0.025,16.857,16.709
16.76,16.76,0.148,0.026,16.857,16.709
16.761,16.761,0.148,0.026,16.857,16.709
16.763,16.763,0.148,0.027,16.857,16.709
16.763,16.763,0.148,0.027,16.857,16.709
16.764,16.764,0.148,0.027,16.857,16.709
16.765,16.765,0.148,0.027,16.857,16.709
16.766,16.766,0.135,0.026,16.857,16.722
16.767,16.767,0.135,0.027,16.857,16.722
16.767,16.767,0.135,0.027,16.857,16.722
16.768,16.768,0.135,0.029,16.857,16.722
16.769,16.769,0.135,0.03,16.857,16.722
16.769,16.769,0.135,0.03,16.857,16.722
16.77,16.77,0.135,0.031,16.857,16.722
16.77,16.77,0.135,0.031,16.857,16.722
16.771,16.771,0.135,0.031,16.857,16.722
16.772,16.772,0.135,0.032,16.857,16.722
16.773,16.773,0.135,0.033,16.857,16.722
16.773,16.773,0.135,0.033,16.857,16.722
16.774,16.774,0.135,0.034,16.857,16.722
16.776,16.776,0.135,0.034,16.857,16.722
16.777,16.777,0.135,0.034,16.857,16.722
16.777,16.777,0.135,0.034,16.857,16.722
16.777,16.777,0.135,0.034,16.857,16.722
16.778,16.778,0.135,0.034,16.857,16.722
16.779,16.779,0.135,0.035,16.857,16.722
16.779,16.779,0.135,0.034,16.857,16.722
16.78,16.78,0.135,0.034,16.857,16.722
16.78,16.78,0.135,0.034,16.857,16.722
16.781,16.781,0.135,0.034,16.857,16.722
16.781,16.781,0.135,0.034,16.857,16.722
16.782,16.782,0.135,0.033,16.857,16.722
16.783,16.783,0.135,0.034,16.857,16.722
16.783,16.783,0.135,0.034,16.857,16.722
16.784,16.784,0.134,0.033,16.857,16.723
16.784,16.784,0.134,0.033,16.857,16.723
16.784,16.784,0.134,0.033,16.857,16.723
16.784,16.784,0.134,0.032,16.857,16.723
16.784,16.784,0.134,0.033,16.857,16.723
16.786,16.786,0.125,0.033,16.869,16.744
16.786,16.786,0.125,0.033,16.869,16.744
16.786,16.787,0.125,0.033,16.869,16.744
16.786,16.786,0.125,0.033,16.869,16.744
16.787,16.787,0.125,0.034,16.869,16.744
16.787,16.787,0.125,0.034,16.869,16.744
16.787,16.787,0.125,0.033,16.869,16.744
16.789,16.789,0.125,0.034,16.869,16.744
16.79,16.79,0.133,0.035,16.877,16.744
16.79,16.791,0.133,0.035,16.877,16.744
16.791,16.791,0.133,0.036,16.877,16.744
16.791,16.791,0.133,0.036,16.877,16.744
16.791,16.791,0.133,0.035,16.877,16.744
16.791,16.791,0.133,0.036,16.877,16.744
16.791,16.791,0.133,0.035,16.877,16.744
16.792,16.792,0.133,0.035,16.877,16.744
16.792,16.792,0.133,0.035,16.877,16.744
16.793,16.793,0.133,0.036,16.877,16.744
16.793,16.793,0.131,0.035,16.877,16.746
16.793,16.793,0.131,0.036,16.877,16.746
16.793,16.793,0.131,0.036,16.877,16.746
16.793,16.793,0.131,0.036,16.877,16.746
16.793,16.793,0.135,0.036,16.877,16.742
16.793,16.793,0.135,0.036,16.877,16.742
16.794,16.794,0.135,0.037,16.877,16.742
16.795,16.795,0.135,0.036,16.877,16.742
16.795,16.795,0.135,0.036,16.877,16.742
16.795,16.795,0.135,0.036,16.877,16.742
16.796,16.797,0.135,0.037,16.877,16.742
16.797,16.797,0.135,0.037,16.877,16.742
16.798,16.798,0.135,0.037,16.877,16.742
16.797,16.797,0.135,0.037,16.877,16.742
16.797,16.797,0.135,0.037,16.877,16.742
16.798,16.798,0.135,0.037,16.877,16.742
16.798,16.798,0.135,0.037,16.877,16.742
16.799,16.799,0.135,0.037,16.877,16.742
16.799,16.799,0.135,0.037,16.877,16.742
16.799,16.799,0.135,0.037,16.877,16.742
16.799,16.799,0.135,0.037,16.877,16.742
16.799,16.799,0.135,0.037,16.877,16.742
16.8,16.8,0.135,0.038,16.877,16.742
16.8,16.8,0.135,0.038,16.877,16.742
16.8,16.8,0.135,0.038,16.877,16.742
16.799,16.799,0.135,0.038,16.877,16.742
16.799,16.799,0.135,0.037,16.877,16.742
16.8,16.8,0.135,0.038,16.877,16.742
16.799,16.799,0.135,0.037,16.877,16.742
16.798,16.798,0.135,0.037,16.877,16.742
16.799,16.799,0.135,0.037,16.877,16.742
16.798,16.798,0.135,0.037,16.877,16.742
16.799,16.799,0.135,0.037,16.877,16.742
16.799,16.799,0.135,0.037,16.877,16.742
16.799,16.799,0.135,0.038,16.877,16.742
16.8,16.8,0.14,0.039,16.882,16.742
16.8,16.8,0.14,0.039,16.882,16.742
16.8,16.8,0.14,0.038,16.882,16.742
16.8,16.8,0.14,0.039,16.882,16.742
16.799,16.8,0.14,0.039,16.882,16.742
16.801,16.801,0.14,0.04,16.882,16.742
16.802,16.802,0.14,0.041,16.882,16.742
16.803,16.803,0.14,0.041,16.882,16.742
16.802,16.802,0.14,0.04,16.882,16.742
16.802,16.802,0.14,0.041,16.882,16.742
16.803,16.803,0.14,0.04,16.882,16.742
16.803,16.804,0.14,0.04,16.882,16.742
16.804,16.804,0.14,0.04,16.882,16.742
16.804,16.804,0.14,0.04,16.882,16.742
16.805,16.805,0.14,0.041,16.882,16.742
16.806,16.806,0.157,0.042,16.899,16.742
16.808,16.808,0.161,0.044,16.903,16.742
16.808,16.808,0.161,0.044,16.903,16.742
16.809,16.809,0.161,0.043,16.903,16.742
16.809,16.809,0.161,0.043,16.903,16.742
16.809,16.809,0.161,0.043,16.903,16.742
16.81,16.81,0.161,0.042,16.903,16.742
16.809,16.809,0.161,0.042,16.903,16.742
16.81,16.81,0.161,0.041,16.903,16.742
16.81,16.81,0.161,0.041,16.903,16.742
16.812,16.812,0.161,0.042,16.903,16.742
16.813,16.813,0.161,0.043,16.903,16.742
16.813,16.813,0.161,0.042,16.903,16.742
16.814,16.814,0.161,0.042,16.903,16.742
16.814,16.814,0.161,0.042,16.903,16.742
16.814,16.814,0.161,0.043,16.903,16.742
16.816,16.816,0.169,0.044,16.911,16.742
16.817,16.817,0.169,0.045,16.911,16.742
16.817,16.817,0.169,0.045,16.911,16.742
16.817,16.817,0.169,0.044,16.911,16.742
16.818,16.818,0.169,0.044,16.911,16.742
16.818,16.818,0.169,0.044,16.911,16.742
16.819,16.819,0.169,0.043,16.911,16.742
16.82,16.82,0.169,0.043,16.911,16.742
16.819,16.819,0.169,0.043,16.911,16.742
16.82,16.82,0.169,0.042,16.911,16.742
16.82,16.82,0.169,0.041,16.911,16.742
16.821,16.821,0.169,0.041,16.911,16.742
16.822,16.822,0.169,0.042,16.911,16.742
16.823,16.823,0.148,0.041,16.911,16.763
16.823,16.823,0.148,0.042,16.911,16.763
16.823,16.823,0.148,0.041,16.911,16.763
16.824,16.825,0.155,0.043,16.918,16.763
16.825,16.825,0.155,0.042,16.918,16.763
16.826,16.826,0.155,0.043,16.918,16.763
16.826,16.826,0.155,0.042,16.918,16.763
16.826,16.826,0.155,0.042,16.918,16.763
16.827,16.827,0.155,0.043,16.918,16.763
16.827,16.827,0.155,0.043,16.918,16.763
16.827,16.827,0.155,0.043,16.918,16.763
16.826,16.827,0.155,0.043,16.918,16.763
16.828,16.828,0.155,0.043,16.918,16.763
16.83,16.83,0.155,0.044,16.918,16.763
16.831,16.831,0.155,0.044,16.918,16.763
16.831,16.831,0.155,0.044,16.918,16.763
16.831,16.831,0.155,0.044,16.918,16.763
16.832,16.832,0.155,0.044,16.918,16.763
16.833,16.833,0.155,0.045,16.918,16.763
16.835,16.835,0.155,0.045,16.918,16.763
16.835,16.835,0.155,0.045,16.918,16.763
16.837,16.837,0.155,0.045,16.918,16.763
16.837,16.837,0.155,0.044,16.918,16.763
16.837,16.837,0.155,0.044,16.918,16.763
16.837,16.837,0.155,0.044,16.918,16.763
16.838,16.838,0.155,0.044,16.918,16.763
16.839,16.839,0.155,0.045,16.918,16.763
16.84,16.84,0.142,0.044,16.918,16.776
16.84,16.84,0.142,0.044,16.918,16.776
16.842,16.842,0.142,0.044,16.918,16.776
16.842,16.842,0.142,0.044,16.918,16.776
16.841,16.841,0.142,0.044,16.918,16.776
16.842,16.842,0.142,0.043,16.918,16.776
16.843,16.843,0.142,0.043,16.918,16.776
16.842,16.842,0.142,0.043,16.918,16.776
16.843,16.843,0.133,0.043,16.918,16.785
16.843,16.843,0.133,0.042,16.918,16.785
16.842,16.842,0.133,0.042,16.918,16.785
16.843,16.843,0.125,0.042,16.918,16.793
16.844,16.844,0.124,0.042,16.918,16.794
16.845,16.845,0.124,0.043,16.918,16.794
16.845,16.845,0.124,0.043,16.918,16.794
16.845,16.845,0.124,0.043,16.918,16.794
16.847,16.847,0.124,0.043,16.918,16.794
16.847,16.847,0.124,0.043,16.918,16.794
16.847,16.847,0.124,0.043,16.918,16.794
16.846,16.846,0.124,0.043,16.918,16.794
16.846,16.846,0.124,0.042,16.918,16.794
16.847,16.847,0.124,0.042,16.918,16.794
16.848,16.848,0.123,0.042,16.918,16.795
16.849,16.849,0.123,0.042,16.918,16.795
16.85,16.85,0.123,0.041,16.918,16.795
16.851,16.851,0.123,0.041,16.918,16.795
16.851,16.851,0.123,0.041,16.918,16.795
16.852,16.852,0.123,0.041,16.918,16.795
16.853,16.854,0.126,0.041,16.921,16.795
16.852,16.852,0.126,0.041,16.921,16.795
16.852,16.852,0.126,0.041,16.921,16.795
16.853,16.853,0.126,0.041,16.921,16.795
16.853,16.853,0.126,0.04,16.921,16.795
16.853,16.853,0.126,0.041,16.921,16.795
16.853,16.853,0.126,0.041,16.921,16.795
16.852,16.852,0.126,0.04,16.921,16.795
16.852,16.852,0.126,0.04,16.921,16.795
16.853,16.853,0.126,0.039,16.921,16.795
16.854,16.854,0.121,0.039,16.921,16.8
16.856,16.856,0.121,0.039,16.921,16.8
16.856,16.856,0.121,0.039,16.921,16.8
16.857,16.857,0.121,0.038,16.921,16.8
16.857,16.857,0.121,0.039,16.921,16.8
16.857,16.857,0.121,0.038,16.921,16.8
16.858,16.858,0.119,0.038,16.921,16.802
16.858,16.858,0.119,0.038,16.921,16.802
16.859,16.859,0.119,0.038,16.921,16.802
16.859,16.859,0.119,0.037,16.921,16.802
16.859,16.859,0.119,0.037,16.921,16.802
16.858,16.858,0.119,0.038,16.921,16.802
16.858,16.858,0.119,0.037,16.921,16.802
16.856,16.856,0.119,0.037,16.921,16.802
16.856,16.856,0.125,0.038,16.921,16.796
16.856,16.856,0.125,0.038,16.921,16.796
16.857,16.857,0.125,0.038,16.921,16.796
16.858,16.858,0.125,0.037,16.921,16.796
16.857,16.857,0.125,0.037,16.921,16.796
16.858,16.858,0.125,0.038,16.921,16.796
16.859,16.859,0.125,0.037,16.921,16.796
16.86,16.86,0.125,0.037,16.921,16.796
16.86,16.86,0.125,0.037,16.921,16.796
16.858,16.858,0.125,0.037,16.921,16.796
16.858,16.858,0.125,0.037,16.921,16.796
16.859,16.859,0.125,0.037,16.921,16.796
16.859,16.859,0.125,0.037,16.921,16.796
16.858,16.858,0.125,0.037,16.921,16.796
16.857,16.857,0.125,0.037,16.921,16.796
16.855,16.855,0.125,0.037,16.921,16.796
16.855,16.855,0.125,0.037,16.921,16.796
16.854,16.854,0.125,0.037,16.921,16.796
16.855,16.855,0.125,0.037,16.921,16.796
16.856,16.856,0.125,0.037,16.921,16.796
16.856,16.856,0.125,0.037,16.921,16.796
16.856,16.856,0.125,0.036,16.921,16.796
16.854,16.854,0.125,0.036,16.921,16.796
16.854,16.854,0.125,0.036,16.921,16.796
16.854,16.854,0.125,0.037,16.921,16.796
16.853,16.853,0.125,0.036,16.921,16.796
16.851,16.851,0.129,0.037,16.921,16.792
16.851,16.851,0.129,0.037,16.921,16.792
16.851,16.851,0.13,0.038,16.921,16.791
16.85,16.85,0.13,0.038,16.921,16.791
16.85,16.85,0.13,0.037,16.921,16.791
16.85,16.85,0.13,0.037,16.921,16.791
16.85,16.85,0.13,0.038,16.921,16.791
16.85,16.85,0.13,0.038,16.921,16.791
16.85,16.85,0.13,0.038,16.921,16.791
16.849,16.849,0.13,0.037,16.921,16.791
16.847,16.847,0.13,0.037,16.921,16.791
16.847,16.848,0.13,0.037,16.921,16.791
16.848,16.848,0.13,0.037,16.921,16.791
16.847,16.847,0.135,0.037,16.921,16.786
16.848,16.848,0.135,0.037,16.921,16.786
16.847,16.847,0.135,0.038,16.921,16.786
16.847,16.847,0.135,0.038,16.921,16.786
16.846,16.846,0.135,0.038,16.921,16.786
16.846,16.846,0.135,0.038,16.921,16.786
16.845,16.845,0.135,0.038,16.921,16.786
16.844,16.844,0.135,0.038,16.921,16.786
16.843,16.843,0.135,0.039,16.921,16.786
16.842,16.842,0.135,0.038,16.921,16.786
16.841,16.841,0.135,0.039,16.921,16.786
16.84,16.84,0.135,0.039,16.921,16.786
16.839,16.839,0.123,0.037,16.909,16.786
16.839,16.839,0.123,0.038,16.909,16.786
16.84,16.84,0.123,0.038,16.909,16.786
16.839,16.839,0.123,0.038,16.909,16.786
16.838,16.838,0.123,0.038,16.909,16.786
16.837,16.837,0.139,0.039,16.909,16.77
16.836,16.836,0.139,0.038,16.909,16.77
16.835,16.835,0.139,0.039,16.909,16.77
16.834,16.834,0.147,0.039,16.909,16.762
16.833,16.833,0.147,0.039,16.909,16.762
16.831,16.831,0.143,0.038,16.905,16.762
16.829,16.829,0.143,0.038,16.905,16.762
16.829,16.829,0.143,0.038,16.905,16.762
16.828,16.828,0.143,0.038,16.905,16.762
16.827,16.827,0.143,0.039,16.905,16.762
16.826,16.826,0.143,0.039,16.905,16.762
16.825,16.825,0.143,0.038,16.905,16.762
16.825,16.825,0.143,0.038,16.905,16.762
16.823,16.823,0.143,0.039,16.905,16.762
16.822,16.822,0.143,0.038,16.905,16.762
16.822,16.822,0.143,0.038,16.905,16.762
16.821,16.821,0.143,0.039,16.905,16.762
16.821,16.821,0.143,0.039,16.905,16.762
16.82,16.82,0.143,0.039,16.905,16.762
16.82,16.82,0.143,0.039,16.905,16.762
16.819,16.819,0.143,0.039,16.905,16.762
16.817,16.817,0.143,0.038,16.905,16.762
16.816,16.816,0.143,0.037,16.905,16.762
16.815,16.815,0.143,0.038,16.905,16.762
16.813,16.813,0.145,0.037,16.905,16.76
16.811,16.812,0.145,0.036,16.905,16.76
16.81,16.81,0.145,0.036,16.905,16.76
16.808,16.808,0.146,0.035,16.905,16.759
16.808,16.808,0.155,0.035,16.905,16.75
