mean,RMS,ptp,std,max,min
20.63,20.63,0.121,0.031,20.682,20.561
20.621,20.621,0.136,0.04,20.682,20.546
20.623,20.623,0.136,0.041,20.682,20.546
20.629,20.629,0.136,0.043,20.682,20.546
20.631,20.631,0.136,0.043,20.682,20.546
20.634,20.634,0.136,0.043,20.682,20.546
20.637,20.637,0.136,0.045,20.682,20.546
20.638,20.639,0.136,0.045,20.682,20.546
20.639,20.639,0.139,0.045,20.685,20.546
20.65,20.65,0.139,0.038,20.685,20.546
20.652,20.652,0.139,0.039,20.685,20.546
20.664,20.665,0.046,0.017,20.685,20.639
20.664,20.664,0.054,0.018,20.685,20.631
20.656,20.657,0.087,0.026,20.685,20.598
20.657,20.657,0.087,0.026,20.685,20.598
20.654,20.654,0.087,0.03,20.685,20.598
20.65,20.65,0.087,0.028,20.685,20.598
20.654,20.654,0.087,0.03,20.685,20.598
20.64,20.64,0.139,0.042,20.685,20.546
20.639,20.639,0.139,0.042,20.685,20.546
20.648,20.648,0.218,0.055,20.764,20.546
20.65,20.65,0.218,0.056,20.764,20.546
20.655,20.655,0.218,0.057,20.764,20.546
20.659,20.659,0.218,0.053,20.764,20.546
20.659,20.659,0.218,0.054,20.764,20.546
20.665,20.665,0.218,0.051,20.764,20.546
20.667,20.667,0.218,0.051,20.764,20.546
20.664,20.664,0.218,0.05,20.764,20.546
20.676,20.677,0.117,0.032,20.764,20.647
20.674,20.674,0.124,0.034,20.764,20.64
20.663,20.663,0.052,0.015,20.692,20.64
20.661,20.661,0.04,0.012,20.68,20.64
20.671,20.671,0.137,0.037,20.777,20.64
20.672,20.672,0.137,0.036,20.777,20.64
20.671,20.671,0.137,0.037,20.777,20.64
20.68,20.68,0.137,0.045,20.777,20.64
20.679,20.679,0.137,0.045,20.777,20.64
20.681,20.681,0.137,0.044,20.777,20.64
20.677,20.677,0.145,0.047,20.777,20.632
20.679,20.679,0.145,0.045,20.777,20.632
20.682,20.682,0.145,0.045,20.777,20.632
20.681,20.681,0.145,0.046,20.777,20.632
20.668,20.668,0.124,0.033,20.756,20.632
20.669,20.669,0.124,0.033,20.756,20.632
20.672,20.673,0.124,0.032,20.756,20.632
20.663,20.663,0.058,0.016,20.69,20.632
20.663,20.663,0.058,0.016,20.69,20.632
20.662,20.662,0.058,0.016,20.69,20.632
20.667,20.667,0.043,0.014,20.69,20.647
20.669,20.669,0.043,0.015,20.69,20.647
20.668,20.668,0.039,0.013,20.686,20.647
20.672,20.672,0.053,0.015,20.7,20.647
20.676,20.676,0.045,0.013,20.7,20.655
20.675,20.675,0.045,0.014,20.7,20.655
20.674,20.674,0.045,0.014,20.7,20.655
20.682,20.682,0.082,0.023,20.737,20.655
20.682,20.682,0.082,0.023,20.737,20.655
20.688,20.688,0.073,0.023,20.737,20.664
20.689,20.689,0.073,0.023,20.737,20.664
20.687,20.687,0.073,0.024,20.737,20.664
20.688,20.688,0.073,0.023,20.737,20.664
20.687,20.687,0.073,0.023,20.737,20.664
20.687,20.687,0.073,0.023,20.737,20.664
20.692,20.692,0.073,0.023,20.737,20.664
20.694,20.694,0.073,0.021,20.737,20.664
20.687,20.687,0.052,0.017,20.716,20.664
20.686,20.686,0.065,0.019,20.716,20.651
20.681,20.681,0.057,0.016,20.708,20.651
20.678,20.678,0.057,0.016,20.708,20.651
20.679,20.679,0.057,0.016,20.708,20.651
20.68,20.681,0.057,0.017,20.708,20.651
20.679,20.679,0.057,0.016,20.708,20.651
20.677,20.677,0.057,0.017,20.708,20.651
20.67,20.67,0.057,0.017,20.697,20.64
20.67,20.67,0.057,0.016,20.697,20.64
20.669,20.669,0.057,0.016,20.697,20.64
20.671,20.671,0.057,0.015,20.697,20.64
20.672,20.672,0.057,0.015,20.697,20.64
20.672,20.672,0.057,0.015,20.697,20.64
20.667,20.667,0.059,0.018,20.697,20.638
20.674,20.674,0.126,0.033,20.764,20.638
20.675,20.675,0.126,0.034,20.764,20.638
20.676,20.676,0.126,0.033,20.764,20.638
20.68,20.68,0.126,0.031,20.764,20.638
20.68,20.68,0.126,0.031,20.764,20.638
20.683,20.683,0.126,0.03,20.764,20.638
20.687,20.687,0.126,0.031,20.764,20.638
20.685,20.685,0.126,0.032,20.764,20.638
20.688,20.688,0.126,0.031,20.764,20.638
20.689,20.689,0.12,0.03,20.764,20.644
20.679,20.679,0.062,0.017,20.706,20.644
20.681,20.681,0.062,0.019,20.706,20.644
20.68,20.68,0.062,0.019,20.706,20.644
20.681,20.681,0.062,0.02,20.706,20.644
20.684,20.685,0.067,0.022,20.711,20.644
20.686,20.686,0.067,0.023,20.711,20.644
20.684,20.684,0.067,0.022,20.711,20.644
20.684,20.684,0.067,0.022,20.711,20.644
20.682,20.682,0.067,0.022,20.711,20.644
20.687,20.687,0.055,0.018,20.711,20.656
20.687,20.687,0.055,0.017,20.711,20.656
20.685,20.685,0.055,0.017,20.711,20.656
20.685,20.685,0.055,0.016,20.711,20.656
20.684,20.684,0.055,0.016,20.711,20.656
20.687,20.687,0.083,0.022,20.739,20.656
20.687,20.687,0.083,0.022,20.739,20.656
20.687,20.687,0.083,0.022,20.739,20.656
20.691,20.691,0.071,0.019,20.739,20.668
20.691,20.691,0.071,0.019,20.739,20.668
20.689,20.689,0.074,0.021,20.739,20.665
20.69,20.69,0.074,0.02,20.739,20.665
20.69,20.69,0.074,0.021,20.739,20.665
20.69,20.691,0.074,0.02,20.739,20.665
20.691,20.691,0.074,0.02,20.739,20.665
20.685,20.686,0.045,0.012,20.71,20.665
20.684,20.685,0.035,0.01,20.7,20.665
20.687,20.687,0.041,0.012,20.706,20.665
20.687,20.687,0.041,0.012,20.706,20.665
20.688,20.688,0.041,0.012,20.706,20.665
20.69,20.69,0.029,0.01,20.706,20.677
20.689,20.689,0.035,0.011,20.706,20.671
20.688,20.688,0.035,0.012,20.706,20.671
20.69,20.69,0.035,0.012,20.706,20.671
20.691,20.691,0.035,0.012,20.706,20.671
20.692,20.692,0.035,0.012,20.706,20.671
20.692,20.692,0.035,0.012,20.706,20.671
20.692,20.692,0.031,0.011,20.702,20.671
20.69,20.69,0.031,0.012,20.702,20.671
20.68,20.68,0.107,0.031,20.702,20.595
20.68,20.68,0.107,0.031,20.702,20.595
20.68,20.68,0.107,0.03,20.702,20.595
20.679,20.679,0.107,0.031,20.702,20.595
20.677,20.677,0.107,0.03,20.702,20.595
20.677,20.677,0.107,0.03,20.702,20.595
20.675,20.675,0.107,0.03,20.702,20.595
20.676,20.676,0.113,0.03,20.708,20.595
20.668,20.668,0.113,0.033,20.708,20.595
20.668,20.668,0.113,0.033,20.708,20.595
20.682,20.682,0.11,0.028,20.732,20.622
20.674,20.674,0.133,0.037,20.732,20.599
20.677,20.677,0.133,0.039,20.732,20.599
20.674,20.674,0.133,0.041,20.732,20.599
20.679,20.679,0.138,0.045,20.737,20.599
20.679,20.679,0.138,0.045,20.737,20.599
20.673,20.673,0.138,0.048,20.737,20.599
20.661,20.661,0.15,0.053,20.737,20.587
20.659,20.659,0.15,0.055,20.737,20.587
20.664,20.664,0.15,0.058,20.737,20.587
20.662,20.662,0.15,0.056,20.737,20.587
20.665,20.665,0.15,0.053,20.737,20.587
20.664,20.665,0.15,0.053,20.737,20.587
20.674,20.674,0.15,0.054,20.737,20.587
20.666,20.666,0.135,0.05,20.722,20.587
20.663,20.663,0.135,0.049,20.722,20.587
20.671,20.671,0.135,0.048,20.722,20.587
20.674,20.674,0.124,0.044,20.722,20.598
20.685,20.685,0.103,0.036,20.722,20.619
20.686,20.686,0.114,0.038,20.733,20.619
20.685,20.685,0.114,0.037,20.733,20.619
20.692,20.692,0.114,0.032,20.733,20.619
20.692,20.692,0.114,0.032,20.733,20.619
20.69,20.69,0.114,0.03,20.733,20.619
20.692,20.692,0.114,0.029,20.733,20.619
20.692,20.692,0.114,0.029,20.733,20.619
20.693,20.693,0.114,0.029,20.733,20.619
20.701,20.701,0.059,0.016,20.733,20.674
20.7,20.7,0.059,0.016,20.733,20.674
20.687,20.687,0.108,0.03,20.712,20.604
20.687,20.687,0.108,0.03,20.712,20.604
20.685,20.685,0.108,0.03,20.712,20.604
20.685,20.686,0.11,0.03,20.714,20.604
20.683,20.683,0.11,0.03,20.714,20.604
20.686,20.686,0.11,0.031,20.714,20.604
20.688,20.688,0.11,0.031,20.714,20.604
20.686,20.686,0.11,0.03,20.714,20.604
20.683,20.683,0.11,0.03,20.714,20.604
20.682,20.682,0.11,0.029,20.714,20.604
20.69,20.69,0.041,0.014,20.714,20.673
20.689,20.689,0.041,0.014,20.714,20.673
20.69,20.69,0.041,0.013,20.714,20.673
20.687,20.687,0.034,0.011,20.707,20.673
20.691,20.691,0.035,0.011,20.708,20.673
20.691,20.691,0.035,0.011,20.708,20.673
20.691,20.691,0.035,0.011,20.708,20.673
20.688,20.689,0.036,0.013,20.708,20.672
20.69,20.69,0.036,0.012,20.708,20.672
20.687,20.687,0.055,0.016,20.708,20.653
20.687,20.687,0.055,0.016,20.708,20.653
20.685,20.685,0.055,0.016,20.708,20.653
20.684,20.684,0.055,0.016,20.708,20.653
20.684,20.684,0.055,0.016,20.708,20.653
20.682,20.682,0.054,0.014,20.707,20.653
20.678,20.678,0.045,0.013,20.698,20.653
20.675,20.675,0.042,0.011,20.695,20.653
20.674,20.674,0.042,0.012,20.695,20.653
20.673,20.673,0.042,0.012,20.695,20.653
20.674,20.674,0.038,0.01,20.695,20.657
20.664,20.664,0.117,0.03,20.695,20.578
20.656,20.656,0.117,0.036,20.695,20.578
20.658,20.658,0.117,0.038,20.695,20.578
20.646,20.646,0.127,0.045,20.695,20.568
20.637,20.637,0.126,0.044,20.694,20.568
20.636,20.636,0.126,0.043,20.694,20.568
20.63,20.63,0.126,0.043,20.694,20.568
20.626,20.626,0.126,0.042,20.694,20.568
20.62,20.62,0.126,0.039,20.694,20.568
20.612,20.612,0.126,0.036,20.694,20.568
20.613,20.613,0.126,0.036,20.694,20.568
20.613,20.613,0.126,0.035,20.694,20.568
20.604,20.605,0.09,0.023,20.658,20.568
20.606,20.606,0.076,0.021,20.658,20.582
20.606,20.606,0.076,0.021,20.658,20.582
20.601,20.601,0.044,0.012,20.626,20.582
20.605,20.605,0.061,0.018,20.643,20.582
20.601,20.601,0.061,0.017,20.643,20.582
20.601,20.601,0.061,0.017,20.643,20.582
20.602,20.602,0.061,0.016,20.643,20.582
20.612,20.612,0.092,0.027,20.678,20.586
20.613,20.613,0.092,0.026,20.678,20.586
20.609,20.609,0.109,0.03,20.678,20.569
20.609,20.609,0.109,0.03,20.678,20.569
20.607,20.607,0.109,0.031,20.678,20.569
20.612,20.612,0.109,0.035,20.678,20.569
20.618,20.618,0.135,0.044,20.704,20.569
20.628,20.628,0.135,0.046,20.704,20.569
20.629,20.629,0.135,0.046,20.704,20.569
20.637,20.637,0.135,0.048,20.704,20.569
20.629,20.629,0.135,0.046,20.704,20.569
20.627,20.627,0.135,0.048,20.704,20.569
20.638,20.638,0.125,0.045,20.704,20.579
20.636,20.636,0.135,0.047,20.704,20.569
20.639,20.639,0.135,0.045,20.704,20.569
20.632,20.632,0.135,0.046,20.704,20.569
20.622,20.622,0.114,0.04,20.683,20.569
20.619,20.619,0.112,0.036,20.681,20.569
20.62,20.62,0.112,0.036,20.681,20.569
20.611,20.611,0.106,0.031,20.675,20.569
20.62,20.62,0.116,0.037,20.685,20.569
20.629,20.629,0.116,0.04,20.685,20.569
20.627,20.627,0.116,0.038,20.685,20.569
20.636,20.636,0.094,0.034,20.685,20.591
20.634,20.634,0.1,0.036,20.685,20.585
20.642,20.642,0.1,0.035,20.685,20.585
20.64,20.64,0.105,0.038,20.685,20.58
20.642,20.642,0.105,0.04,20.685,20.58
20.641,20.641,0.105,0.04,20.685,20.58
20.65,20.65,0.105,0.039,20.685,20.58
20.643,20.643,0.105,0.038,20.685,20.58
20.644,20.644,0.111,0.039,20.691,20.58
20.649,20.649,0.12,0.042,20.7,20.58
20.653,20.653,0.121,0.045,20.701,20.58
20.662,20.662,0.121,0.039,20.701,20.58
20.662,20.662,0.121,0.039,20.701,20.58
20.669,20.669,0.084,0.029,20.701,20.617
20.669,20.669,0.084,0.029,20.701,20.617
20.674,20.674,0.084,0.024,20.701,20.617
20.672,20.672,0.084,0.024,20.701,20.617
20.68,20.68,0.057,0.016,20.701,20.644
20.688,20.688,0.127,0.032,20.771,20.644
20.684,20.684,0.127,0.032,20.771,20.644
20.681,20.681,0.127,0.032,20.771,20.644
20.68,20.68,0.127,0.033,20.771,20.644
20.68,20.68,0.127,0.033,20.771,20.644
20.681,20.681,0.113,0.032,20.771,20.658
20.679,20.679,0.115,0.032,20.771,20.656
20.679,20.679,0.115,0.032,20.771,20.656
20.678,20.678,0.119,0.033,20.771,20.652
20.676,20.676,0.119,0.033,20.771,20.652
20.667,20.667,0.03,0.01,20.682,20.652
20.669,20.669,0.03,0.011,20.682,20.652
20.67,20.67,0.03,0.012,20.682,20.652
20.674,20.674,0.047,0.014,20.699,20.652
20.673,20.673,0.047,0.014,20.699,20.652
20.674,20.674,0.047,0.013,20.699,20.652
20.675,20.675,0.047,0.012,20.699,20.652
20.678,20.678,0.05,0.014,20.702,20.652
20.679,20.679,0.038,0.012,20.702,20.664
20.679,20.679,0.038,0.012,20.702,20.664
20.685,20.685,0.081,0.023,20.745,20.664
20.687,20.687,0.081,0.023,20.745,20.664
20.688,20.688,0.081,0.023,20.745,20.664
20.687,20.687,0.081,0.023,20.745,20.664
20.685,20.685,0.089,0.024,20.745,20.656
20.685,20.685,0.089,0.025,20.745,20.656
20.683,20.683,0.096,0.026,20.745,20.649
20.683,20.683,0.096,0.026,20.745,20.649
20.682,20.682,0.096,0.027,20.745,20.649
20.683,20.683,0.096,0.027,20.745,20.649
20.683,20.683,0.101,0.028,20.75,20.649
20.683,20.683,0.101,0.028,20.75,20.649
20.683,20.683,0.101,0.028,20.75,20.649
20.683,20.683,0.101,0.028,20.75,20.649
20.687,20.687,0.101,0.027,20.75,20.649
20.69,20.69,0.101,0.025,20.75,20.649
20.702,20.702,0.104,0.03,20.765,20.661
20.699,20.699,0.104,0.031,20.765,20.661
20.702,20.702,0.085,0.028,20.765,20.68
20.701,20.701,0.094,0.029,20.765,20.671
20.694,20.694,0.094,0.025,20.765,20.671
20.693,20.693,0.094,0.025,20.765,20.671
20.692,20.692,0.094,0.026,20.765,20.671
20.692,20.692,0.094,0.026,20.765,20.671
20.689,20.689,0.095,0.026,20.765,20.67
20.688,20.688,0.095,0.026,20.765,20.67
20.68,20.68,0.022,0.007,20.692,20.67
20.677,20.677,0.042,0.011,20.692,20.65
20.675,20.675,0.042,0.01,20.692,20.65
20.675,20.675,0.042,0.01,20.692,20.65
20.674,20.674,0.042,0.01,20.692,20.65
20.672,20.673,0.042,0.011,20.692,20.65
20.672,20.672,0.042,0.011,20.692,20.65
20.671,20.671,0.032,0.009,20.682,20.65
20.67,20.67,0.032,0.01,20.682,20.65
20.67,20.67,0.032,0.01,20.682,20.65
20.668,20.669,0.032,0.009,20.682,20.65
20.67,20.67,0.021,0.007,20.682,20.661
20.668,20.668,0.025,0.008,20.682,20.657
20.668,20.668,0.025,0.007,20.682,20.657
20.667,20.667,0.028,0.009,20.682,20.654
20.676,20.676,0.097,0.026,20.751,20.654
20.678,20.678,0.097,0.027,20.751,20.654
20.676,20.676,0.097,0.028,20.751,20.654
20.68,20.68,0.097,0.028,20.751,20.654
20.679,20.679,0.097,0.028,20.751,20.654
20.681,20.681,0.097,0.028,20.751,20.654
20.68,20.68,0.097,0.029,20.751,20.654
20.681,20.681,0.097,0.028,20.751,20.654
20.681,20.681,0.097,0.028,20.751,20.654
20.683,20.683,0.096,0.027,20.751,20.655
20.673,20.673,0.046,0.016,20.698,20.652
20.669,20.669,0.046,0.014,20.698,20.652
20.671,20.671,0.046,0.014,20.698,20.652
20.67,20.67,0.039,0.013,20.691,20.652
20.68,20.68,0.116,0.032,20.768,20.652
20.679,20.679,0.116,0.032,20.768,20.652
20.688,20.688,0.116,0.037,20.768,20.652
20.691,20.691,0.116,0.036,20.768,20.652
20.694,20.694,0.116,0.035,20.768,20.652
20.693,20.693,0.116,0.036,20.768,20.652
20.693,20.693,0.119,0.036,20.768,20.649
20.696,20.696,0.119,0.034,20.768,20.649
20.695,20.695,0.119,0.035,20.768,20.649
20.692,20.692,0.119,0.036,20.768,20.649
20.682,20.682,0.099,0.026,20.748,20.649
20.683,20.683,0.099,0.027,20.748,20.649
20.675,20.675,0.048,0.016,20.697,20.649
20.673,20.673,0.048,0.015,20.697,20.649
20.67,20.67,0.048,0.013,20.697,20.649
20.675,20.675,0.062,0.017,20.711,20.649
20.687,20.687,0.105,0.031,20.767,20.662
20.686,20.686,0.105,0.031,20.767,20.662
20.687,20.687,0.105,0.031,20.767,20.662
20.693,20.693,0.105,0.032,20.767,20.662
20.693,20.693,0.105,0.032,20.767,20.662
20.689,20.689,0.108,0.034,20.767,20.659
20.69,20.69,0.108,0.033,20.767,20.659
20.691,20.691,0.108,0.033,20.767,20.659
20.693,20.693,0.108,0.032,20.767,20.659
20.686,20.686,0.121,0.034,20.767,20.646
20.676,20.676,0.084,0.022,20.73,20.646
20.672,20.672,0.093,0.024,20.73,20.637
20.675,20.675,0.093,0.027,20.73,20.637
20.668,20.669,0.074,0.02,20.711,20.637
20.67,20.67,0.074,0.021,20.711,20.637
20.674,20.674,0.074,0.022,20.711,20.637
20.675,20.675,0.074,0.022,20.711,20.637
20.674,20.674,0.074,0.021,20.711,20.637
20.672,20.672,0.074,0.021,20.711,20.637
20.681,20.681,0.096,0.026,20.733,20.637
20.68,20.68,0.096,0.026,20.733,20.637
20.683,20.683,0.077,0.023,20.733,20.656
20.684,20.684,0.077,0.025,20.733,20.656
20.686,20.686,0.077,0.024,20.733,20.656
20.686,20.686,0.077,0.024,20.733,20.656
20.683,20.683,0.077,0.024,20.733,20.656
20.683,20.683,0.077,0.024,20.733,20.656
20.684,20.684,0.077,0.024,20.733,20.656
20.694,20.694,0.112,0.034,20.768,20.656
20.686,20.686,0.112,0.033,20.768,20.656
20.693,20.693,0.112,0.034,20.768,20.656
20.691,20.691,0.126,0.037,20.768,20.642
20.685,20.685,0.126,0.035,20.768,20.642
20.681,20.681,0.126,0.038,20.768,20.642
20.681,20.681,0.126,0.038,20.768,20.642
20.684,20.684,0.126,0.038,20.768,20.642
20.689,20.689,0.126,0.04,20.768,20.642
20.694,20.694,0.126,0.043,20.768,20.642
20.685,20.685,0.094,0.035,20.736,20.642
20.687,20.687,0.094,0.034,20.736,20.642
20.678,20.678,0.096,0.033,20.736,20.64
20.676,20.676,0.109,0.035,20.736,20.627
20.684,20.684,0.113,0.04,20.74,20.627
20.686,20.686,0.113,0.038,20.74,20.627
20.684,20.684,0.113,0.039,20.74,20.627
20.68,20.68,0.113,0.039,20.74,20.627
20.675,20.675,0.113,0.035,20.74,20.627
20.666,20.666,0.113,0.03,20.74,20.627
20.669,20.669,0.113,0.032,20.74,20.627
20.67,20.67,0.113,0.033,20.74,20.627
20.674,20.674,0.113,0.031,20.74,20.627
20.68,20.68,0.097,0.027,20.74,20.643
20.672,20.672,0.067,0.019,20.71,20.643
20.679,20.679,0.093,0.026,20.736,20.643
20.679,20.679,0.093,0.027,20.736,20.643
20.676,20.676,0.096,0.029,20.736,20.64
20.674,20.674,0.096,0.029,20.736,20.64
20.682,20.682,0.096,0.03,20.736,20.64
20.677,20.677,0.096,0.03,20.736,20.64
20.687,20.687,0.133,0.041,20.773,20.64
20.692,20.692,0.133,0.043,20.773,20.64
20.687,20.687,0.133,0.046,20.773,20.64
20.689,20.689,0.133,0.045,20.773,20.64
20.68,20.68,0.133,0.043,20.773,20.64
20.678,20.678,0.145,0.045,20.773,20.628
20.68,20.68,0.145,0.044,20.773,20.628
20.68,20.68,0.145,0.044,20.773,20.628
20.673,20.673,0.145,0.042,20.773,20.628
20.672,20.672,0.145,0.042,20.773,20.628
20.658,20.659,0.102,0.027,20.73,20.628
20.654,20.654,0.052,0.015,20.68,20.628
20.654,20.654,0.052,0.014,20.68,20.628
20.659,20.659,0.089,0.023,20.717,20.628
20.659,20.659,0.089,0.023,20.717,20.628
20.668,20.668,0.078,0.027,20.717,20.639
20.667,20.667,0.078,0.027,20.717,20.639
20.674,20.674,0.094,0.033,20.733,20.639
20.682,20.682,0.094,0.036,20.733,20.639
20.682,20.682,0.094,0.036,20.733,20.639
20.686,20.686,0.086,0.034,20.733,20.647
20.684,20.684,0.086,0.035,20.733,20.647
20.687,20.687,0.086,0.033,20.733,20.647
20.682,20.682,0.086,0.032,20.733,20.647
20.68,20.68,0.099,0.034,20.733,20.634
20.674,20.674,0.099,0.032,20.733,20.634
20.673,20.673,0.099,0.032,20.733,20.634
20.665,20.665,0.097,0.026,20.731,20.634
20.658,20.658,0.047,0.014,20.681,20.634
20.659,20.659,0.047,0.013,20.681,20.634
20.66,20.66,0.06,0.016,20.694,20.634
20.66,20.661,0.06,0.016,20.694,20.634
20.66,20.66,0.06,0.015,20.694,20.634
20.666,20.666,0.092,0.025,20.726,20.634
20.669,20.669,0.077,0.023,20.726,20.649
20.667,20.667,0.086,0.024,20.726,20.64
20.667,20.668,0.086,0.024,20.726,20.64
20.668,20.668,0.086,0.024,20.726,20.64
20.675,20.675,0.086,0.028,20.726,20.64
20.677,20.677,0.086,0.028,20.726,20.64
20.676,20.676,0.086,0.028,20.726,20.64
20.678,20.678,0.086,0.027,20.726,20.64
20.678,20.678,0.086,0.027,20.726,20.64
20.67,20.67,0.084,0.023,20.724,20.64
20.668,20.668,0.084,0.024,20.724,20.64
20.669,20.669,0.082,0.023,20.724,20.642
20.669,20.669,0.082,0.023,20.724,20.642
20.666,20.666,0.1,0.027,20.724,20.624
20.658,20.659,0.06,0.019,20.684,20.624
20.656,20.656,0.06,0.017,20.684,20.624
20.655,20.655,0.053,0.016,20.677,20.624
20.654,20.654,0.053,0.014,20.677,20.624
20.654,20.654,0.055,0.015,20.679,20.624
20.652,20.653,0.055,0.017,20.679,20.624
20.656,20.656,0.056,0.018,20.68,20.624
20.658,20.658,0.056,0.018,20.68,20.624
20.657,20.657,0.056,0.019,20.68,20.624
20.663,20.663,0.051,0.016,20.681,20.63
20.665,20.665,0.051,0.015,20.681,20.63
20.666,20.666,0.051,0.015,20.681,20.63
20.674,20.674,0.122,0.03,20.752,20.63
20.675,20.675,0.122,0.03,20.752,20.63
20.679,20.679,0.122,0.033,20.752,20.63
20.684,20.684,0.1,0.029,20.752,20.652
20.68,20.68,0.104,0.031,20.752,20.648
20.687,20.687,0.104,0.034,20.752,20.648
20.688,20.688,0.104,0.033,20.752,20.648
20.684,20.684,0.109,0.036,20.752,20.643
20.683,20.683,0.109,0.037,20.752,20.643
20.68,20.68,0.109,0.038,20.752,20.643
20.676,20.676,0.091,0.032,20.734,20.643
20.672,20.672,0.098,0.034,20.734,20.636
20.665,20.665,0.098,0.03,20.734,20.636
20.67,20.67,0.098,0.034,20.734,20.636
20.678,20.678,0.098,0.037,20.734,20.636
20.682,20.682,0.142,0.045,20.778,20.636
20.688,20.688,0.142,0.045,20.778,20.636
20.695,20.695,0.142,0.043,20.778,20.636
20.695,20.695,0.142,0.043,20.778,20.636
20.704,20.704,0.142,0.042,20.778,20.636
20.708,20.709,0.142,0.045,20.778,20.636
20.719,20.719,0.128,0.038,20.778,20.65
20.719,20.719,0.128,0.037,20.778,20.65
20.721,20.721,0.128,0.038,20.778,20.65
20.722,20.722,0.128,0.038,20.778,20.65
20.713,20.713,0.101,0.035,20.751,20.65
20.706,20.706,0.104,0.04,20.751,20.647
20.706,20.706,0.104,0.04,20.751,20.647
20.705,20.705,0.108,0.041,20.751,20.643
20.695,20.695,0.108,0.042,20.751,20.643
20.692,20.692,0.098,0.039,20.741,20.643
20.685,20.685,0.094,0.036,20.737,20.643
20.682,20.682,0.107,0.039,20.737,20.63
20.676,20.676,0.107,0.035,20.737,20.63
20.67,20.67,0.092,0.029,20.722,20.63
20.667,20.668,0.092,0.029,20.722,20.63
20.668,20.668,0.092,0.028,20.722,20.63
20.66,20.661,0.092,0.026,20.722,20.63
20.667,20.667,0.092,0.028,20.722,20.63
20.676,20.676,0.108,0.034,20.738,20.63
20.667,20.667,0.108,0.033,20.738,20.63
20.675,20.675,0.116,0.04,20.746,20.63
20.681,20.681,0.112,0.037,20.746,20.634
20.681,20.681,0.112,0.037,20.746,20.634
20.681,20.681,0.112,0.037,20.746,20.634
20.68,20.68,0.112,0.038,20.746,20.634
20.68,20.68,0.112,0.038,20.746,20.634
20.68,20.68,0.112,0.037,20.746,20.634
20.682,20.682,0.112,0.039,20.746,20.634
20.673,20.673,0.112,0.036,20.746,20.634
20.671,20.671,0.127,0.038,20.746,20.619
20.66,20.66,0.108,0.03,20.727,20.619
20.658,20.658,0.108,0.029,20.727,20.619
20.659,20.659,0.108,0.03,20.727,20.619
20.66,20.66,0.108,0.03,20.727,20.619
20.664,20.664,0.108,0.032,20.727,20.619
20.673,20.673,0.117,0.038,20.736,20.619
20.672,20.672,0.117,0.039,20.736,20.619
20.662,20.662,0.117,0.036,20.736,20.619
20.664,20.664,0.117,0.036,20.736,20.619
20.667,20.667,0.109,0.033,20.736,20.627
20.669,20.669,0.109,0.031,20.736,20.627
20.668,20.668,0.109,0.032,20.736,20.627
20.667,20.667,0.109,0.031,20.736,20.627
20.674,20.674,0.12,0.04,20.747,20.627
20.67,20.671,0.12,0.039,20.747,20.627
20.664,20.664,0.12,0.032,20.747,20.627
20.669,20.669,0.117,0.03,20.747,20.63
20.674,20.674,0.097,0.027,20.747,20.65
20.674,20.674,0.097,0.027,20.747,20.65
20.68,20.681,0.097,0.029,20.747,20.65
20.688,20.688,0.095,0.03,20.747,20.652
20.699,20.699,0.097,0.034,20.759,20.662
20.704,20.704,0.097,0.034,20.759,20.662
20.701,20.701,0.097,0.032,20.759,20.662
20.7,20.7,0.097,0.032,20.759,20.662
20.708,20.708,0.097,0.032,20.759,20.662
20.714,20.714,0.097,0.032,20.759,20.662
20.715,20.715,0.097,0.031,20.759,20.662
20.713,20.713,0.114,0.034,20.759,20.645
20.705,20.705,0.124,0.041,20.759,20.635
20.696,20.696,0.124,0.044,20.759,20.635
20.69,20.69,0.105,0.039,20.74,20.635
20.683,20.683,0.105,0.038,20.74,20.635
20.677,20.677,0.105,0.037,20.74,20.635
20.687,20.687,0.128,0.044,20.763,20.635
20.68,20.68,0.128,0.041,20.763,20.635
20.681,20.681,0.128,0.043,20.763,20.635
20.686,20.686,0.128,0.045,20.763,20.635
20.685,20.685,0.128,0.046,20.763,20.635
20.691,20.692,0.125,0.043,20.763,20.638
20.699,20.699,0.125,0.04,20.763,20.638
20.694,20.694,0.125,0.043,20.763,20.638
20.7,20.7,0.125,0.041,20.763,20.638
20.701,20.701,0.125,0.04,20.763,20.638
20.689,20.689,0.111,0.037,20.749,20.638
20.688,20.688,0.111,0.038,20.749,20.638
20.681,20.681,0.096,0.032,20.734,20.638
20.673,20.673,0.079,0.027,20.717,20.638
20.676,20.676,0.069,0.024,20.717,20.648
20.675,20.675,0.069,0.023,20.717,20.648
20.667,20.667,0.088,0.023,20.717,20.629
20.674,20.674,0.089,0.027,20.718,20.629
20.665,20.665,0.089,0.024,20.718,20.629
20.663,20.663,0.089,0.025,20.718,20.629
20.661,20.661,0.09,0.027,20.718,20.628
20.666,20.666,0.09,0.029,20.718,20.628
20.668,20.668,0.09,0.03,20.718,20.628
20.665,20.665,0.09,0.032,20.718,20.628
20.672,20.672,0.111,0.039,20.739,20.628
20.676,20.676,0.111,0.043,20.739,20.628
20.682,20.682,0.111,0.04,20.739,20.628
20.674,20.674,0.111,0.04,20.739,20.628
20.672,20.672,0.121,0.042,20.739,20.618
20.673,20.673,0.121,0.042,20.739,20.618
20.675,20.675,0.121,0.04,20.739,20.618
20.67,20.67,0.121,0.039,20.739,20.618
20.673,20.673,0.121,0.042,20.739,20.618
20.674,20.674,0.121,0.041,20.739,20.618
20.667,20.667,0.113,0.035,20.731,20.618
20.66,20.66,0.107,0.028,20.725,20.618
20.656,20.656,0.107,0.027,20.725,20.618
20.658,20.658,0.107,0.026,20.725,20.618
20.657,20.657,0.111,0.026,20.725,20.614
20.657,20.657,0.111,0.026,20.725,20.614
20.664,20.664,0.111,0.033,20.725,20.614
20.672,20.672,0.113,0.037,20.727,20.614
20.668,20.669,0.113,0.034,20.727,20.614
20.67,20.67,0.113,0.033,20.727,20.614
20.674,20.674,0.113,0.035,20.727,20.614
20.675,20.675,0.113,0.035,20.727,20.614
20.677,20.677,0.113,0.034,20.727,20.614
20.683,20.683,0.113,0.035,20.727,20.614
20.695,20.695,0.08,0.03,20.733,20.653
20.694,20.694,0.094,0.032,20.733,20.639
20.685,20.685,0.101,0.035,20.733,20.632
20.675,20.675,0.106,0.036,20.733,20.627
20.668,20.668,0.107,0.038,20.733,20.626
20.664,20.664,0.111,0.041,20.733,20.622
20.65,20.65,0.167,0.047,20.733,20.566
20.641,20.641,0.167,0.051,20.733,20.566
20.637,20.637,0.167,0.05,20.733,20.566
20.627,20.627,0.167,0.042,20.733,20.566
20.618,20.618,0.08,0.024,20.646,20.566
20.62,20.62,0.087,0.025,20.653,20.566
20.623,20.623,0.103,0.029,20.669,20.566
20.625,20.625,0.103,0.03,20.669,20.566
20.619,20.619,0.103,0.034,20.669,20.566
20.621,20.621,0.103,0.034,20.669,20.566
20.622,20.623,0.098,0.032,20.669,20.571
20.629,20.629,0.098,0.03,20.669,20.571
20.632,20.633,0.098,0.031,20.669,20.571
20.634,20.634,0.098,0.031,20.669,20.571
20.633,20.633,0.098,0.03,20.669,20.571
20.633,20.633,0.098,0.03,20.669,20.571
20.622,20.622,0.095,0.034,20.658,20.563
20.621,20.621,0.095,0.034,20.658,20.563
20.626,20.626,0.095,0.029,20.658,20.563
20.622,20.622,0.095,0.029,20.658,20.563
20.627,20.627,0.095,0.026,20.658,20.563
20.628,20.628,0.095,0.026,20.658,20.563
20.625,20.625,0.089,0.024,20.652,20.563
20.625,20.625,0.089,0.024,20.652,20.563
20.628,20.628,0.104,0.027,20.667,20.563
20.627,20.627,0.104,0.027,20.667,20.563
20.636,20.636,0.061,0.016,20.667,20.606
20.639,20.639,0.061,0.018,20.667,20.606
20.634,20.634,0.104,0.029,20.667,20.563
20.635,20.635,0.104,0.028,20.667,20.563
20.637,20.637,0.104,0.029,20.667,20.563
20.636,20.636,0.104,0.029,20.667,20.563
20.634,20.635,0.104,0.029,20.667,20.563
20.634,20.634,0.104,0.029,20.667,20.563
20.626,20.626,0.102,0.031,20.665,20.563
20.627,20.627,0.102,0.032,20.665,20.563
20.627,20.627,0.102,0.032,20.665,20.563
20.625,20.625,0.095,0.03,20.658,20.563
20.634,20.634,0.077,0.023,20.658,20.581
20.634,20.634,0.077,0.022,20.658,20.581
20.633,20.633,0.077,0.021,20.658,20.581
20.63,20.63,0.077,0.022,20.658,20.581
20.63,20.63,0.077,0.023,20.658,20.581
20.629,20.629,0.077,0.023,20.658,20.581
20.636,20.636,0.048,0.017,20.658,20.61
20.642,20.642,0.108,0.03,20.718,20.61
20.643,20.643,0.108,0.03,20.718,20.61
20.645,20.645,0.108,0.031,20.718,20.61
20.643,20.643,0.108,0.031,20.718,20.61
20.654,20.655,0.126,0.041,20.736,20.61
20.663,20.663,0.126,0.045,20.736,20.61
20.666,20.666,0.123,0.043,20.736,20.613
20.669,20.669,0.117,0.04,20.736,20.619
20.671,20.671,0.103,0.038,20.736,20.633
20.67,20.67,0.103,0.038,20.736,20.633
20.664,20.664,0.103,0.035,20.736,20.633
20.669,20.669,0.103,0.038,20.736,20.633
20.674,20.674,0.103,0.04,20.736,20.633
20.676,20.677,0.097,0.038,20.736,20.639
20.675,20.675,0.086,0.036,20.725,20.639
20.669,20.669,0.084,0.033,20.723,20.639
20.672,20.672,0.084,0.031,20.723,20.639
20.679,20.679,0.084,0.032,20.723,20.639
20.676,20.676,0.113,0.036,20.723,20.61
20.677,20.677,0.113,0.035,20.723,20.61
20.677,20.677,0.113,0.035,20.723,20.61
20.678,20.679,0.123,0.038,20.733,20.61
20.679,20.679,0.123,0.038,20.733,20.61
20.676,20.676,0.123,0.042,20.733,20.61
20.678,20.678,0.136,0.045,20.746,20.61
20.687,20.687,0.14,0.049,20.75,20.61
20.691,20.691,0.14,0.05,20.75,20.61
20.693,20.693,0.14,0.051,20.75,20.61
20.694,20.694,0.132,0.049,20.75,20.618
20.691,20.691,0.132,0.053,20.75,20.618
20.69,20.69,0.132,0.054,20.75,20.618
20.688,20.688,0.132,0.053,20.75,20.618
20.688,20.688,0.132,0.053,20.75,20.618
20.689,20.689,0.132,0.052,20.75,20.618
20.688,20.688,0.132,0.051,20.75,20.618
20.685,20.685,0.118,0.048,20.736,20.618
20.687,20.687,0.118,0.049,20.736,20.618
20.688,20.688,0.128,0.051,20.746,20.618
20.69,20.69,0.124,0.049,20.746,20.622
20.698,20.698,0.119,0.044,20.746,20.627
20.705,20.705,0.119,0.04,20.746,20.627
20.702,20.702,0.119,0.039,20.746,20.627
20.702,20.702,0.119,0.039,20.746,20.627
20.702,20.702,0.115,0.038,20.746,20.631
20.701,20.701,0.115,0.037,20.746,20.631
20.704,20.704,0.123,0.04,20.754,20.631
20.706,20.706,0.123,0.041,20.754,20.631
20.699,20.699,0.123,0.039,20.754,20.631
20.699,20.699,0.124,0.039,20.754,20.63
20.698,20.698,0.124,0.039,20.754,20.63
20.689,20.689,0.133,0.045,20.754,20.621
20.681,20.681,0.148,0.051,20.754,20.606
20.681,20.681,0.148,0.051,20.754,20.606
20.68,20.68,0.148,0.052,20.754,20.606
20.671,20.671,0.148,0.051,20.754,20.606
20.661,20.661,0.135,0.043,20.741,20.606
20.652,20.652,0.108,0.034,20.714,20.606
20.648,20.648,0.108,0.032,20.714,20.606
20.657,20.657,0.109,0.037,20.715,20.606
20.654,20.654,0.109,0.035,20.715,20.606
20.661,20.661,0.109,0.035,20.715,20.606
20.67,20.67,0.089,0.031,20.715,20.626
20.667,20.667,0.089,0.028,20.715,20.626
20.674,20.674,0.074,0.025,20.715,20.641
20.67,20.67,0.109,0.031,20.715,20.606
20.67,20.67,0.109,0.032,20.715,20.606
20.675,20.675,0.109,0.034,20.715,20.606
20.674,20.674,0.109,0.035,20.715,20.606
20.673,20.673,0.105,0.034,20.711,20.606
20.679,20.679,0.117,0.037,20.723,20.606
20.681,20.681,0.117,0.038,20.723,20.606
20.675,20.675,0.117,0.04,20.723,20.606
20.667,20.668,0.117,0.045,20.723,20.606
20.668,20.668,0.117,0.045,20.723,20.606
20.675,20.675,0.117,0.04,20.723,20.606
20.681,20.681,0.117,0.039,20.723,20.606
20.683,20.683,0.126,0.041,20.732,20.606
20.689,20.689,0.126,0.038,20.732,20.606
20.684,20.684,0.126,0.039,20.732,20.606
20.685,20.685,0.13,0.04,20.736,20.606
20.684,20.684,0.13,0.04,20.736,20.606
20.688,20.688,0.13,0.036,20.736,20.606
20.697,20.697,0.084,0.024,20.736,20.652
20.689,20.689,0.115,0.033,20.736,20.621
20.684,20.684,0.115,0.038,20.736,20.621
20.676,20.676,0.117,0.043,20.736,20.619
20.673,20.673,0.117,0.039,20.736,20.619
20.675,20.675,0.117,0.04,20.736,20.619
20.67,20.67,0.129,0.045,20.736,20.607
20.666,20.666,0.105,0.041,20.712,20.607
20.668,20.668,0.121,0.043,20.728,20.607
20.67,20.67,0.121,0.044,20.728,20.607
20.666,20.667,0.121,0.044,20.728,20.607
20.677,20.677,0.121,0.044,20.728,20.607
20.683,20.683,0.121,0.04,20.728,20.607
20.69,20.69,0.121,0.034,20.728,20.607
20.684,20.684,0.121,0.037,20.728,20.607
20.674,20.674,0.121,0.041,20.728,20.607
20.683,20.683,0.118,0.035,20.728,20.61
20.683,20.683,0.118,0.035,20.728,20.61
20.674,20.674,0.112,0.034,20.722,20.61
20.677,20.677,0.125,0.038,20.735,20.61
20.682,20.682,0.125,0.038,20.735,20.61
20.679,20.68,0.125,0.036,20.735,20.61
20.671,20.671,0.137,0.043,20.735,20.598
20.663,20.663,0.137,0.045,20.735,20.598
20.667,20.667,0.137,0.045,20.735,20.598
20.677,20.677,0.137,0.042,20.735,20.598
20.676,20.676,0.137,0.042,20.735,20.598
20.678,20.679,0.137,0.043,20.735,20.598
20.687,20.687,0.137,0.042,20.735,20.598
20.676,20.676,0.124,0.044,20.722,20.598
20.669,20.669,0.124,0.044,20.722,20.598
20.671,20.671,0.124,0.045,20.722,20.598
20.679,20.679,0.104,0.038,20.722,20.618
20.68,20.68,0.103,0.037,20.722,20.619
20.68,20.68,0.103,0.037,20.722,20.619
20.67,20.67,0.109,0.041,20.722,20.613
20.671,20.671,0.109,0.041,20.722,20.613
20.67,20.67,0.109,0.04,20.722,20.613
20.658,20.658,0.119,0.041,20.718,20.599
20.666,20.666,0.119,0.041,20.718,20.599
20.676,20.676,0.132,0.044,20.731,20.599
20.673,20.673,0.132,0.042,20.731,20.599
20.666,20.666,0.132,0.048,20.731,20.599
20.665,20.666,0.132,0.048,20.731,20.599
20.66,20.66,0.132,0.049,20.731,20.599
20.669,20.669,0.132,0.048,20.731,20.599
20.67,20.67,0.132,0.049,20.731,20.599
20.667,20.668,0.132,0.048,20.731,20.599
20.669,20.669,0.13,0.046,20.731,20.601
20.672,20.672,0.135,0.05,20.736,20.601
20.665,20.665,0.135,0.046,20.736,20.601
20.666,20.666,0.135,0.047,20.736,20.601
20.669,20.669,0.125,0.043,20.736,20.611
20.676,20.676,0.125,0.041,20.736,20.611
20.674,20.674,0.136,0.044,20.736,20.6
20.674,20.674,0.136,0.044,20.736,20.6
20.672,20.672,0.136,0.042,20.736,20.6
20.666,20.666,0.136,0.045,20.736,20.6
20.676,20.676,0.136,0.043,20.736,20.6
20.668,20.668,0.12,0.039,20.72,20.6
20.672,20.672,0.12,0.04,20.72,20.6
20.667,20.667,0.12,0.038,20.72,20.6
20.676,20.676,0.12,0.039,20.72,20.6
20.677,20.677,0.12,0.04,20.72,20.6
20.687,20.687,0.1,0.03,20.72,20.62
20.68,20.68,0.1,0.035,20.72,20.62
20.68,20.68,0.1,0.036,20.72,20.62
20.688,20.688,0.096,0.03,20.72,20.624
20.687,20.687,0.093,0.029,20.717,20.624
20.687,20.687,0.093,0.028,20.717,20.624
20.681,20.681,0.093,0.031,20.717,20.624
20.69,20.69,0.121,0.035,20.745,20.624
20.691,20.691,0.121,0.036,20.745,20.624
20.685,20.685,0.121,0.037,20.745,20.624
20.679,20.679,0.121,0.039,20.745,20.624
20.687,20.687,0.103,0.034,20.745,20.642
20.689,20.689,0.103,0.036,20.745,20.642
20.682,20.683,0.106,0.038,20.745,20.639
20.684,20.684,0.106,0.039,20.745,20.639
20.688,20.688,0.106,0.038,20.745,20.639
20.694,20.694,0.106,0.035,20.745,20.639
20.69,20.69,0.087,0.031,20.726,20.639
20.69,20.691,0.091,0.031,20.73,20.639
20.699,20.699,0.1,0.032,20.739,20.639
20.7,20.7,0.1,0.031,20.739,20.639
20.694,20.694,0.1,0.036,20.739,20.639
20.687,20.687,0.1,0.037,20.739,20.639
20.692,20.692,0.097,0.033,20.739,20.642
20.687,20.687,0.097,0.034,20.739,20.642
20.686,20.686,0.097,0.033,20.739,20.642
20.689,20.689,0.097,0.035,20.739,20.642
20.689,20.689,0.097,0.035,20.739,20.642
20.685,20.685,0.097,0.033,20.739,20.642
20.681,20.681,0.087,0.028,20.729,20.642
20.69,20.69,0.093,0.03,20.735,20.642
20.697,20.697,0.087,0.026,20.735,20.648
20.696,20.696,0.098,0.028,20.735,20.637
20.696,20.697,0.098,0.028,20.735,20.637
20.691,20.691,0.129,0.038,20.735,20.606
20.684,20.684,0.129,0.044,20.735,20.606
20.675,20.675,0.129,0.043,20.735,20.606
20.669,20.669,0.129,0.042,20.735,20.606
20.67,20.67,0.129,0.043,20.735,20.606
20.663,20.663,0.129,0.044,20.735,20.606
20.659,20.659,0.114,0.039,20.72,20.606
20.657,20.657,0.096,0.036,20.702,20.606
20.668,20.668,0.138,0.044,20.744,20.606
20.669,20.669,0.138,0.045,20.744,20.606
20.68,20.68,0.124,0.042,20.744,20.62
20.678,20.678,0.137,0.044,20.744,20.607
20.685,20.685,0.137,0.042,20.744,20.607
20.692,20.692,0.137,0.041,20.744,20.607
20.69,20.69,0.137,0.041,20.744,20.607
20.698,20.698,0.137,0.035,20.744,20.607
20.692,20.692,0.137,0.04,20.744,20.607
20.691,20.691,0.137,0.04,20.744,20.607
20.689,20.689,0.116,0.038,20.723,20.607
20.692,20.692,0.13,0.04,20.737,20.607
20.688,20.688,0.13,0.039,20.737,20.607
20.699,20.699,0.106,0.029,20.737,20.631
20.696,20.696,0.106,0.029,20.737,20.631
20.684,20.684,0.137,0.04,20.737,20.6
20.678,20.678,0.137,0.046,20.737,20.6
20.67,20.67,0.137,0.047,20.737,20.6
20.681,20.681,0.144,0.05,20.744,20.6
20.686,20.686,0.144,0.053,20.744,20.6
20.674,20.674,0.144,0.055,20.744,20.6
20.674,20.674,0.144,0.055,20.744,20.6
20.669,20.669,0.144,0.056,20.744,20.6
20.66,20.66,0.144,0.055,20.744,20.6
20.663,20.663,0.144,0.057,20.744,20.6
20.671,20.671,0.134,0.053,20.744,20.61
20.679,20.679,0.134,0.049,20.744,20.61
20.687,20.687,0.134,0.047,20.744,20.61
20.686,20.686,0.129,0.045,20.739,20.61
20.682,20.682,0.121,0.042,20.731,20.61
20.693,20.693,0.103,0.036,20.731,20.628
20.691,20.691,0.102,0.034,20.73,20.628
20.701,20.701,0.105,0.029,20.733,20.628
20.7,20.701,0.113,0.031,20.733,20.62
20.703,20.703,0.113,0.032,20.733,20.62
20.696,20.696,0.117,0.041,20.733,20.616
20.698,20.698,0.117,0.042,20.733,20.616
20.697,20.697,0.117,0.041,20.733,20.616
20.693,20.693,0.117,0.04,20.733,20.616
20.695,20.695,0.117,0.041,20.733,20.616
20.696,20.696,0.117,0.041,20.733,20.616
20.697,20.697,0.117,0.042,20.733,20.616
20.697,20.697,0.122,0.042,20.738,20.616
20.697,20.697,0.122,0.043,20.738,20.616
20.697,20.697,0.122,0.043,20.738,20.616
20.708,20.708,0.121,0.034,20.738,20.617
20.709,20.709,0.121,0.034,20.738,20.617
20.711,20.711,0.121,0.034,20.738,20.617
20.714,20.714,0.121,0.033,20.738,20.617
20.715,20.715,0.121,0.033,20.738,20.617
20.711,20.711,0.121,0.034,20.738,20.617
20.709,20.709,0.121,0.034,20.738,20.617
20.698,20.698,0.118,0.04,20.735,20.617
20.705,20.705,0.107,0.03,20.735,20.628
20.695,20.695,0.1,0.034,20.728,20.628
20.697,20.698,0.114,0.036,20.742,20.628
20.696,20.696,0.114,0.036,20.742,20.628
20.696,20.696,0.114,0.035,20.742,20.628
20.695,20.695,0.114,0.035,20.742,20.628
20.693,20.693,0.114,0.034,20.742,20.628
20.694,20.694,0.114,0.033,20.742,20.628
20.696,20.696,0.114,0.035,20.742,20.628
20.697,20.697,0.105,0.033,20.742,20.637
20.698,20.698,0.105,0.033,20.742,20.637
20.698,20.699,0.104,0.032,20.742,20.638
20.686,20.686,0.117,0.037,20.733,20.616
20.687,20.687,0.117,0.038,20.733,20.616
20.685,20.685,0.117,0.037,20.733,20.616
20.684,20.684,0.117,0.036,20.733,20.616
20.679,20.679,0.117,0.037,20.733,20.616
20.676,20.676,0.117,0.037,20.733,20.616
20.672,20.672,0.106,0.032,20.722,20.616
20.679,20.679,0.106,0.032,20.722,20.616
20.68,20.68,0.106,0.032,20.722,20.616
20.676,20.676,0.119,0.038,20.722,20.603
20.678,20.678,0.119,0.035,20.722,20.603
20.671,20.671,0.105,0.033,20.708,20.603
20.667,20.667,0.105,0.031,20.708,20.603
20.671,20.671,0.128,0.036,20.731,20.603
20.677,20.677,0.128,0.037,20.731,20.603
20.674,20.674,0.128,0.039,20.731,20.603
20.676,20.676,0.128,0.04,20.731,20.603
20.669,20.669,0.128,0.039,20.731,20.603
20.662,20.662,0.128,0.04,20.731,20.603
20.666,20.666,0.106,0.035,20.731,20.625
20.674,20.674,0.106,0.038,20.731,20.625
20.681,20.681,0.106,0.039,20.731,20.625
20.678,20.678,0.106,0.041,20.731,20.625
20.676,20.676,0.097,0.038,20.722,20.625
20.668,20.668,0.097,0.038,20.722,20.625
20.67,20.67,0.097,0.037,20.722,20.625
20.67,20.67,0.097,0.038,20.722,20.625
20.669,20.669,0.097,0.039,20.722,20.625
20.667,20.667,0.119,0.041,20.722,20.603
20.665,20.665,0.119,0.043,20.722,20.603
20.657,20.657,0.114,0.038,20.717,20.603
20.648,20.648,0.111,0.034,20.714,20.603
20.654,20.654,0.111,0.036,20.714,20.603
20.657,20.657,0.133,0.041,20.736,20.603
20.666,20.667,0.133,0.046,20.736,20.603
20.672,20.672,0.133,0.048,20.736,20.603
20.672,20.672,0.133,0.048,20.736,20.603
20.679,20.679,0.133,0.046,20.736,20.603
20.688,20.688,0.112,0.039,20.736,20.624
20.689,20.689,0.112,0.038,20.736,20.624
20.697,20.697,0.112,0.036,20.736,20.624
20.7,20.7,0.1,0.031,20.736,20.636
20.695,20.695,0.1,0.035,20.736,20.636
20.692,20.692,0.093,0.032,20.729,20.636
20.692,20.692,0.094,0.032,20.73,20.636
20.692,20.692,0.094,0.032,20.73,20.636
20.684,20.684,0.094,0.035,20.73,20.636
20.687,20.687,0.094,0.037,20.73,20.636
20.688,20.688,0.094,0.037,20.73,20.636
20.697,20.697,0.091,0.034,20.73,20.639
20.686,20.686,0.117,0.041,20.73,20.613
20.69,20.69,0.117,0.039,20.73,20.613
20.698,20.698,0.117,0.038,20.73,20.613
20.689,20.689,0.119,0.046,20.73,20.611
20.686,20.686,0.119,0.044,20.73,20.611
20.685,20.685,0.119,0.044,20.73,20.611
20.684,20.684,0.119,0.044,20.73,20.611
20.685,20.685,0.121,0.045,20.732,20.611
20.686,20.686,0.121,0.045,20.732,20.611
20.685,20.685,0.121,0.045,20.732,20.611
20.695,20.695,0.121,0.038,20.732,20.611
20.694,20.694,0.121,0.038,20.732,20.611
20.693,20.693,0.121,0.037,20.732,20.611
20.701,20.701,0.097,0.025,20.732,20.635
20.701,20.701,0.097,0.025,20.732,20.635
20.702,20.702,0.097,0.026,20.732,20.635
20.71,20.711,0.043,0.013,20.732,20.689
20.698,20.698,0.115,0.033,20.72,20.605
20.698,20.698,0.115,0.033,20.72,20.605
20.697,20.697,0.115,0.033,20.72,20.605
20.688,20.688,0.115,0.04,20.72,20.605
20.691,20.691,0.119,0.042,20.724,20.605
20.682,20.682,0.119,0.045,20.724,20.605
20.682,20.682,0.119,0.045,20.724,20.605
20.673,20.673,0.119,0.049,20.724,20.605
20.672,20.672,0.119,0.048,20.724,20.605
20.669,20.669,0.119,0.046,20.724,20.605
20.671,20.671,0.112,0.044,20.724,20.612
20.658,20.658,0.136,0.047,20.724,20.588
20.648,20.648,0.136,0.046,20.724,20.588
20.658,20.658,0.136,0.048,20.724,20.588
20.646,20.646,0.121,0.044,20.709,20.588
20.654,20.654,0.121,0.046,20.709,20.588
20.646,20.647,0.121,0.045,20.709,20.588
20.656,20.656,0.121,0.046,20.709,20.588
20.648,20.648,0.121,0.045,20.709,20.588
20.646,20.646,0.121,0.044,20.709,20.588
20.654,20.654,0.121,0.046,20.709,20.588
20.668,20.668,0.124,0.046,20.731,20.607
20.671,20.671,0.124,0.043,20.731,20.607
20.665,20.665,0.124,0.042,20.731,20.607
20.678,20.678,0.117,0.042,20.736,20.619
20.679,20.679,0.117,0.042,20.736,20.619
20.691,20.691,0.121,0.041,20.74,20.619
20.692,20.692,0.121,0.042,20.74,20.619
20.697,20.697,0.099,0.035,20.74,20.641
20.699,20.7,0.099,0.034,20.74,20.641
20.7,20.7,0.099,0.034,20.74,20.641
20.697,20.697,0.099,0.032,20.74,20.641
20.704,20.704,0.094,0.027,20.74,20.646
20.71,20.71,0.068,0.018,20.74,20.672
20.708,20.709,0.068,0.016,20.74,20.672
20.708,20.708,0.068,0.016,20.74,20.672
20.706,20.706,0.045,0.013,20.717,20.672
20.696,20.696,0.099,0.029,20.717,20.618
20.699,20.699,0.099,0.028,20.717,20.618
20.691,20.691,0.099,0.036,20.717,20.618
20.69,20.69,0.099,0.036,20.717,20.618
20.69,20.69,0.099,0.036,20.717,20.618
20.689,20.689,0.099,0.036,20.717,20.618
20.691,20.691,0.111,0.037,20.729,20.618
20.682,20.683,0.111,0.041,20.729,20.618
20.675,20.675,0.111,0.042,20.729,20.618
20.676,20.676,0.111,0.043,20.729,20.618
20.679,20.679,0.109,0.04,20.729,20.62
20.671,20.671,0.109,0.041,20.729,20.62
20.678,20.678,0.101,0.038,20.729,20.628
20.679,20.679,0.101,0.039,20.729,20.628
20.669,20.669,0.125,0.043,20.729,20.604
20.667,20.667,0.125,0.042,20.729,20.604
20.662,20.662,0.118,0.037,20.722,20.604
20.66,20.66,0.118,0.039,20.722,20.604
20.661,20.661,0.118,0.039,20.722,20.604
20.661,20.661,0.124,0.04,20.728,20.604
20.667,20.667,0.124,0.041,20.728,20.604
20.675,20.675,0.124,0.04,20.728,20.604
20.675,20.675,0.124,0.04,20.728,20.604
20.674,20.674,0.124,0.04,20.728,20.604
20.675,20.675,0.12,0.038,20.728,20.608
20.675,20.675,0.12,0.038,20.728,20.608
20.675,20.675,0.12,0.038,20.728,20.608
20.682,20.682,0.113,0.031,20.728,20.615
20.686,20.686,0.113,0.028,20.728,20.615
20.682,20.682,0.089,0.024,20.704,20.615
20.682,20.682,0.089,0.023,20.704,20.615
20.678,20.678,0.079,0.022,20.694,20.615
20.682,20.682,0.108,0.026,20.723,20.615
20.683,20.683,0.108,0.027,20.723,20.615
20.691,20.691,0.051,0.015,20.723,20.672
20.693,20.693,0.051,0.016,20.723,20.672
20.689,20.689,0.084,0.022,20.723,20.639
20.691,20.691,0.084,0.022,20.723,20.639
20.684,20.685,0.108,0.032,20.723,20.615
20.677,20.677,0.108,0.038,20.723,20.615
20.675,20.675,0.108,0.037,20.723,20.615
20.67,20.67,0.11,0.042,20.723,20.613
20.669,20.669,0.103,0.041,20.716,20.613
20.672,20.672,0.124,0.044,20.737,20.613
20.666,20.666,0.124,0.045,20.737,20.613
20.666,20.666,0.124,0.045,20.737,20.613
20.671,20.671,0.124,0.044,20.737,20.613
20.665,20.665,0.124,0.044,20.737,20.613
20.671,20.671,0.124,0.04,20.737,20.613
20.678,20.678,0.124,0.037,20.737,20.613
20.679,20.679,0.124,0.037,20.737,20.613
20.688,20.688,0.103,0.03,20.737,20.634
20.686,20.686,0.103,0.028,20.737,20.634
20.683,20.683,0.074,0.024,20.708,20.634
20.689,20.689,0.064,0.018,20.708,20.644
20.688,20.688,0.063,0.017,20.707,20.644
20.688,20.688,0.063,0.017,20.707,20.644
20.696,20.696,0.049,0.013,20.722,20.673
20.691,20.691,0.102,0.026,20.722,20.62
20.692,20.692,0.102,0.026,20.722,20.62
20.685,20.685,0.111,0.036,20.722,20.611
20.685,20.685,0.111,0.035,20.722,20.611
20.685,20.685,0.111,0.036,20.722,20.611
20.685,20.685,0.111,0.036,20.722,20.611
20.687,20.687,0.111,0.037,20.722,20.611
20.69,20.69,0.111,0.038,20.722,20.611
20.69,20.69,0.111,0.038,20.722,20.611
20.685,20.685,0.107,0.037,20.718,20.611
20.692,20.692,0.107,0.029,20.718,20.611
20.69,20.69,0.107,0.029,20.718,20.611
20.698,20.698,0.043,0.013,20.718,20.675
20.694,20.694,0.054,0.017,20.718,20.664
20.693,20.693,0.054,0.017,20.718,20.664
20.689,20.689,0.054,0.018,20.718,20.664
20.687,20.687,0.054,0.015,20.718,20.664
20.676,20.676,0.084,0.024,20.696,20.612
20.666,20.666,0.098,0.033,20.695,20.597
20.668,20.668,0.1,0.034,20.697,20.597
20.661,20.661,0.1,0.036,20.697,20.597
20.661,20.661,0.1,0.037,20.697,20.597
20.659,20.659,0.1,0.036,20.697,20.597
20.653,20.653,0.1,0.04,20.697,20.597
20.655,20.655,0.122,0.043,20.719,20.597
20.651,20.651,0.122,0.044,20.719,20.597
20.653,20.653,0.122,0.046,20.719,20.597
20.665,20.665,0.135,0.049,20.732,20.597
20.676,20.676,0.132,0.045,20.732,20.6
20.676,20.676,0.132,0.045,20.732,20.6
20.686,20.686,0.132,0.041,20.732,20.6
20.679,20.679,0.132,0.045,20.732,20.6
20.68,20.68,0.132,0.045,20.732,20.6
20.687,20.687,0.109,0.037,20.732,20.623
20.685,20.685,0.109,0.035,20.732,20.623
20.689,20.689,0.107,0.03,20.732,20.625
20.689,20.689,0.107,0.031,20.732,20.625
20.683,20.683,0.09,0.028,20.715,20.625
20.683,20.683,0.09,0.028,20.715,20.625
20.677,20.677,0.09,0.03,20.715,20.625
20.676,20.676,0.09,0.029,20.715,20.625
20.682,20.682,0.077,0.024,20.715,20.638
20.681,20.681,0.077,0.024,20.715,20.638
20.682,20.682,0.077,0.024,20.715,20.638
20.682,20.682,0.077,0.023,20.715,20.638
20.683,20.683,0.077,0.022,20.715,20.638
20.679,20.679,0.071,0.02,20.709,20.638
20.68,20.68,0.071,0.02,20.709,20.638
20.68,20.68,0.068,0.019,20.706,20.638
20.685,20.685,0.042,0.013,20.706,20.664
20.687,20.687,0.053,0.015,20.717,20.664
20.691,20.691,0.059,0.019,20.723,20.664
20.696,20.696,0.051,0.018,20.723,20.672
20.697,20.697,0.051,0.017,20.723,20.672
20.697,20.697,0.051,0.017,20.723,20.672
20.697,20.697,0.053,0.018,20.723,20.67
20.697,20.697,0.053,0.017,20.723,20.67
20.695,20.695,0.058,0.019,20.723,20.665
20.695,20.695,0.058,0.019,20.723,20.665
20.693,20.693,0.058,0.019,20.723,20.665
20.692,20.692,0.058,0.019,20.723,20.665
20.689,20.689,0.051,0.016,20.716,20.665
20.688,20.688,0.046,0.014,20.711,20.665
20.69,20.69,0.046,0.015,20.711,20.665
20.688,20.688,0.046,0.015,20.711,20.665
20.69,20.69,0.046,0.014,20.711,20.665
20.69,20.69,0.046,0.014,20.711,20.665
20.689,20.689,0.052,0.015,20.711,20.659
20.689,20.689,0.052,0.015,20.711,20.659
20.69,20.69,0.052,0.015,20.711,20.659
20.68,20.681,0.098,0.026,20.711,20.613
20.682,20.682,0.098,0.027,20.711,20.613
20.683,20.683,0.1,0.028,20.713,20.613
20.683,20.683,0.1,0.028,20.713,20.613
20.683,20.683,0.1,0.028,20.713,20.613
20.688,20.688,0.115,0.031,20.728,20.613
20.688,20.688,0.115,0.031,20.728,20.613
20.69,20.69,0.115,0.029,20.728,20.613
20.688,20.688,0.115,0.03,20.728,20.613
20.69,20.69,0.115,0.031,20.728,20.613
20.697,20.697,0.055,0.018,20.728,20.673
20.698,20.698,0.055,0.019,20.728,20.673
20.697,20.697,0.055,0.018,20.728,20.673
20.696,20.696,0.055,0.018,20.728,20.673
20.697,20.697,0.055,0.018,20.728,20.673
20.694,20.694,0.046,0.014,20.719,20.673
20.694,20.694,0.046,0.014,20.719,20.673
20.694,20.694,0.046,0.014,20.719,20.673
20.695,20.695,0.042,0.013,20.719,20.677
20.691,20.691,0.048,0.014,20.719,20.671
20.693,20.693,0.048,0.013,20.719,20.671
20.688,20.688,0.035,0.011,20.705,20.67
20.688,20.688,0.034,0.011,20.704,20.67
20.687,20.687,0.034,0.01,20.704,20.67
20.684,20.684,0.034,0.011,20.704,20.67
20.681,20.681,0.047,0.013,20.704,20.657
20.682,20.682,0.047,0.014,20.704,20.657
20.687,20.687,0.077,0.021,20.734,20.657
20.686,20.686,0.077,0.021,20.734,20.657
20.686,20.686,0.077,0.021,20.734,20.657
20.693,20.693,0.113,0.033,20.77,20.657
20.696,20.696,0.113,0.032,20.77,20.657
20.694,20.694,0.113,0.032,20.77,20.657
20.693,20.693,0.113,0.033,20.77,20.657
20.696,20.696,0.113,0.032,20.77,20.657
20.699,20.699,0.104,0.03,20.77,20.666
20.697,20.697,0.104,0.031,20.77,20.666
20.688,20.688,0.128,0.032,20.77,20.642
20.688,20.688,0.128,0.032,20.77,20.642
20.687,20.687,0.128,0.033,20.77,20.642
20.678,20.678,0.064,0.018,20.706,20.642
20.676,20.676,0.064,0.016,20.706,20.642
20.675,20.675,0.064,0.016,20.706,20.642
20.678,20.678,0.069,0.019,20.711,20.642
20.676,20.676,0.069,0.017,20.711,20.642
20.675,20.675,0.069,0.018,20.711,20.642
20.674,20.674,0.069,0.018,20.711,20.642
20.677,20.677,0.055,0.014,20.711,20.656
20.675,20.675,0.055,0.015,20.711,20.656
20.675,20.675,0.06,0.016,20.711,20.651
20.675,20.675,0.06,0.016,20.711,20.651
20.674,20.674,0.06,0.015,20.711,20.651
20.677,20.677,0.06,0.017,20.711,20.651
20.672,20.672,0.045,0.013,20.696,20.651
20.671,20.671,0.045,0.012,20.696,20.651
20.67,20.67,0.045,0.012,20.696,20.651
20.671,20.671,0.045,0.012,20.696,20.651
20.669,20.669,0.049,0.014,20.696,20.647
20.669,20.669,0.049,0.014,20.696,20.647
20.66,20.66,0.132,0.035,20.696,20.564
20.66,20.661,0.132,0.035,20.696,20.564
20.651,20.651,0.132,0.041,20.696,20.564
20.648,20.648,0.12,0.038,20.684,20.564
20.64,20.64,0.12,0.042,20.684,20.564
20.637,20.637,0.12,0.04,20.684,20.564
20.638,20.639,0.12,0.042,20.684,20.564
20.63,20.63,0.12,0.042,20.684,20.564
20.624,20.624,0.12,0.043,20.684,20.564
20.62,20.62,0.12,0.042,20.684,20.564
20.621,20.621,0.118,0.041,20.684,20.566
20.619,20.619,0.109,0.039,20.675,20.566
20.619,20.619,0.109,0.04,20.675,20.566
20.611,20.611,0.109,0.038,20.675,20.566
20.619,20.619,0.109,0.039,20.675,20.566
20.615,20.615,0.109,0.039,20.675,20.566
20.609,20.609,0.105,0.033,20.671,20.566
20.612,20.612,0.105,0.033,20.671,20.566
20.624,20.624,0.136,0.041,20.702,20.566
20.619,20.619,0.136,0.043,20.702,20.566
20.62,20.62,0.125,0.042,20.702,20.577
20.621,20.621,0.125,0.044,20.702,20.577
20.62,20.62,0.131,0.045,20.702,20.571
20.617,20.617,0.141,0.047,20.702,20.561
20.608,20.608,0.141,0.047,20.702,20.561
20.609,20.609,0.141,0.046,20.702,20.561
20.608,20.608,0.141,0.046,20.702,20.561
20.607,20.607,0.141,0.046,20.702,20.561
20.597,20.597,0.121,0.034,20.682,20.561
20.599,20.599,0.121,0.033,20.682,20.561
20.601,20.601,0.121,0.032,20.682,20.561
20.594,20.594,0.052,0.019,20.613,20.561
20.604,20.604,0.105,0.027,20.666,20.561
20.607,20.607,0.097,0.023,20.666,20.569
20.608,20.609,0.085,0.021,20.666,20.581
20.606,20.606,0.085,0.022,20.666,20.581
20.604,20.604,0.085,0.023,20.666,20.581
20.603,20.603,0.085,0.023,20.666,20.581
20.599,20.599,0.103,0.026,20.666,20.563
20.6,20.6,0.103,0.026,20.666,20.563
20.599,20.599,0.103,0.026,20.666,20.563
20.596,20.596,0.103,0.026,20.666,20.563
20.596,20.596,0.103,0.026,20.666,20.563
20.594,20.594,0.103,0.027,20.666,20.563
20.601,20.601,0.103,0.032,20.666,20.563
20.599,20.599,0.103,0.034,20.666,20.563
20.6,20.601,0.103,0.033,20.666,20.563
20.608,20.608,0.122,0.042,20.685,20.563
20.62,20.62,0.12,0.043,20.685,20.565
20.624,20.624,0.12,0.044,20.685,20.565
20.632,20.632,0.12,0.043,20.685,20.565
20.64,20.64,0.12,0.042,20.685,20.565
20.639,20.639,0.12,0.042,20.685,20.565
20.648,20.648,0.12,0.035,20.685,20.565
20.648,20.648,0.12,0.035,20.685,20.565
20.658,20.658,0.086,0.022,20.685,20.599
20.664,20.664,0.04,0.011,20.685,20.645
20.662,20.662,0.03,0.009,20.675,20.645
20.662,20.662,0.027,0.008,20.672,20.645
20.663,20.663,0.027,0.008,20.672,20.645
20.665,20.665,0.039,0.01,20.684,20.645
20.666,20.666,0.039,0.011,20.684,20.645
20.667,20.667,0.039,0.01,20.684,20.645
20.667,20.667,0.039,0.01,20.684,20.645
20.669,20.669,0.024,0.007,20.684,20.66
20.668,20.668,0.032,0.009,20.684,20.652
20.669,20.669,0.032,0.009,20.684,20.652
20.67,20.67,0.032,0.009,20.684,20.652
20.67,20.67,0.032,0.009,20.684,20.652
20.673,20.673,0.037,0.011,20.689,20.652
20.67,20.67,0.037,0.01,20.689,20.652
20.67,20.67,0.037,0.01,20.689,20.652
20.671,20.671,0.037,0.01,20.689,20.652
20.678,20.678,0.087,0.022,20.739,20.652
20.678,20.678,0.087,0.023,20.739,20.652
20.681,20.681,0.077,0.021,20.739,20.662
20.678,20.678,0.094,0.023,20.739,20.645
20.683,20.683,0.094,0.028,20.739,20.645
20.683,20.683,0.094,0.027,20.739,20.645
20.681,20.681,0.094,0.028,20.739,20.645
20.682,20.682,0.094,0.027,20.739,20.645
20.682,20.682,0.094,0.027,20.739,20.645
20.683,20.683,0.094,0.027,20.739,20.645
20.678,20.678,0.082,0.02,20.727,20.645
20.675,20.675,0.092,0.024,20.727,20.635
20.675,20.675,0.092,0.024,20.727,20.635
20.676,20.676,0.092,0.023,20.727,20.635
20.67,20.67,0.055,0.015,20.69,20.635
20.669,20.669,0.055,0.015,20.69,20.635
20.667,20.667,0.055,0.016,20.69,20.635
20.669,20.669,0.058,0.018,20.693,20.635
20.668,20.668,0.058,0.017,20.693,20.635
20.669,20.669,0.058,0.018,20.693,20.635
20.669,20.669,0.058,0.018,20.693,20.635
20.671,20.671,0.045,0.015,20.693,20.648
20.665,20.665,0.065,0.019,20.693,20.628
20.667,20.667,0.065,0.019,20.693,20.628
20.667,20.668,0.065,0.019,20.693,20.628
20.668,20.668,0.065,0.019,20.693,20.628
20.667,20.667,0.065,0.021,20.693,20.628
20.666,20.666,0.061,0.02,20.689,20.628
20.668,20.668,0.061,0.021,20.689,20.628
20.667,20.667,0.061,0.02,20.689,20.628
20.668,20.668,0.066,0.021,20.694,20.628
20.675,20.675,0.098,0.027,20.726,20.628
20.678,20.678,0.092,0.023,20.726,20.634
20.68,20.68,0.092,0.023,20.726,20.634
20.686,20.686,0.105,0.029,20.739,20.634
20.684,20.684,0.105,0.031,20.739,20.634
20.688,20.688,0.091,0.026,20.739,20.648
20.687,20.687,0.091,0.026,20.739,20.648
20.69,20.69,0.091,0.027,20.739,20.648
20.692,20.692,0.091,0.027,20.739,20.648
20.698,20.698,0.107,0.033,20.755,20.648
20.696,20.696,0.107,0.032,20.755,20.648
20.7,20.7,0.107,0.029,20.755,20.648
20.697,20.698,0.107,0.031,20.755,20.648
20.696,20.697,0.107,0.03,20.755,20.648
20.697,20.697,0.102,0.029,20.755,20.653
20.696,20.696,0.102,0.03,20.755,20.653
20.695,20.695,0.102,0.03,20.755,20.653
20.689,20.689,0.107,0.033,20.755,20.648
20.687,20.687,0.107,0.033,20.755,20.648
20.678,20.678,0.081,0.024,20.729,20.648
20.683,20.683,0.11,0.033,20.758,20.648
20.681,20.681,0.11,0.033,20.758,20.648
20.684,20.684,0.11,0.033,20.758,20.648
20.684,20.684,0.11,0.033,20.758,20.648
20.684,20.685,0.11,0.033,20.758,20.648
20.686,20.686,0.11,0.032,20.758,20.648
20.682,20.682,0.116,0.035,20.758,20.642
20.686,20.686,0.116,0.033,20.758,20.642
20.685,20.685,0.116,0.033,20.758,20.642
20.686,20.686,0.116,0.033,20.758,20.642
20.678,20.678,0.089,0.023,20.731,20.642
20.681,20.681,0.089,0.024,20.731,20.642
20.678,20.678,0.089,0.024,20.731,20.642
20.671,20.671,0.062,0.016,20.704,20.642
20.674,20.674,0.062,0.016,20.704,20.642
20.672,20.672,0.062,0.018,20.704,20.642
20.676,20.676,0.055,0.015,20.704,20.649
20.672,20.672,0.056,0.017,20.704,20.648
20.673,20.673,0.056,0.017,20.704,20.648
20.671,20.671,0.056,0.017,20.704,20.648
20.672,20.672,0.056,0.017,20.704,20.648
20.669,20.669,0.039,0.014,20.687,20.648
20.67,20.67,0.039,0.013,20.687,20.648
20.671,20.671,0.039,0.014,20.687,20.648
20.672,20.672,0.048,0.015,20.696,20.648
20.674,20.674,0.048,0.013,20.696,20.648
20.669,20.669,0.054,0.016,20.696,20.642
20.673,20.673,0.054,0.015,20.696,20.642
20.674,20.674,0.054,0.015,20.696,20.642
20.675,20.675,0.054,0.014,20.696,20.642
20.676,20.676,0.054,0.015,20.696,20.642
20.683,20.683,0.102,0.025,20.744,20.642
20.686,20.686,0.102,0.025,20.744,20.642
20.684,20.684,0.102,0.026,20.744,20.642
20.691,20.691,0.131,0.037,20.773,20.642
20.693,20.693,0.131,0.037,20.773,20.642
20.702,20.702,0.111,0.033,20.773,20.662
20.698,20.698,0.122,0.036,20.773,20.651
20.697,20.697,0.122,0.037,20.773,20.651
20.698,20.698,0.122,0.036,20.773,20.651
20.694,20.694,0.127,0.04,20.773,20.646
20.686,20.686,0.127,0.036,20.773,20.646
20.692,20.692,0.127,0.043,20.773,20.646
20.693,20.693,0.127,0.042,20.773,20.646
20.684,20.684,0.113,0.032,20.759,20.646
20.68,20.68,0.113,0.034,20.759,20.646
20.674,20.674,0.113,0.031,20.759,20.646
20.681,20.681,0.113,0.034,20.759,20.646
20.688,20.688,0.113,0.038,20.759,20.646
20.686,20.686,0.113,0.039,20.759,20.646
20.696,20.696,0.109,0.041,20.759,20.65
20.698,20.698,0.109,0.04,20.759,20.65
20.69,20.69,0.1,0.034,20.75,20.65
20.69,20.69,0.1,0.034,20.75,20.65
20.686,20.686,0.111,0.037,20.75,20.639
20.687,20.687,0.111,0.036,20.75,20.639
20.69,20.69,0.111,0.035,20.75,20.639
20.686,20.686,0.111,0.032,20.75,20.639
20.678,20.678,0.111,0.028,20.75,20.639
20.68,20.68,0.111,0.027,20.75,20.639
20.664,20.664,0.101,0.03,20.686,20.585
20.663,20.663,0.101,0.029,20.686,20.585
20.652,20.652,0.122,0.041,20.686,20.564
20.65,20.65,0.122,0.04,20.686,20.564
20.643,20.643,0.122,0.047,20.686,20.564
20.637,20.637,0.122,0.048,20.686,20.564
20.627,20.627,0.119,0.047,20.683,20.564
20.618,20.618,0.115,0.045,20.679,20.564
20.609,20.609,0.115,0.044,20.679,20.564
20.609,20.609,0.115,0.044,20.679,20.564
20.614,20.614,0.115,0.044,20.679,20.564
20.605,20.605,0.115,0.039,20.679,20.564
20.608,20.608,0.11,0.037,20.679,20.569
20.602,20.602,0.11,0.031,20.679,20.569
20.614,20.614,0.121,0.039,20.692,20.571
20.625,20.625,0.138,0.048,20.709,20.571
20.632,20.632,0.138,0.047,20.709,20.571
20.633,20.633,0.138,0.047,20.709,20.571
20.642,20.642,0.119,0.042,20.709,20.59
20.637,20.637,0.119,0.04,20.709,20.59
20.632,20.632,0.125,0.043,20.709,20.584
20.638,20.638,0.125,0.041,20.709,20.584
20.647,20.647,0.125,0.04,20.709,20.584
20.653,20.653,0.125,0.038,20.709,20.584
20.651,20.651,0.125,0.036,20.709,20.584
20.645,20.645,0.094,0.03,20.678,20.584
20.645,20.645,0.094,0.03,20.678,20.584
20.651,20.651,0.094,0.025,20.678,20.584
20.651,20.651,0.094,0.025,20.678,20.584
20.66,20.66,0.136,0.032,20.72,20.584
20.666,20.667,0.071,0.02,20.72,20.649
20.668,20.668,0.069,0.019,20.72,20.651
20.674,20.674,0.088,0.029,20.739,20.651
20.674,20.674,0.088,0.029,20.739,20.651
20.676,20.676,0.088,0.029,20.739,20.651
20.684,20.685,0.093,0.034,20.744,20.651
20.685,20.685,0.093,0.034,20.744,20.651
20.688,20.689,0.09,0.032,20.744,20.654
20.688,20.688,0.09,0.032,20.744,20.654
20.688,20.689,0.09,0.032,20.744,20.654
20.688,20.688,0.096,0.033,20.744,20.648
20.688,20.689,0.096,0.033,20.744,20.648
20.688,20.688,0.096,0.032,20.744,20.648
20.685,20.685,0.103,0.034,20.744,20.641
20.681,20.681,0.103,0.037,20.744,20.641
20.67,20.67,0.1,0.033,20.733,20.633
20.67,20.67,0.1,0.033,20.733,20.633
20.678,20.678,0.137,0.044,20.77,20.633
20.68,20.68,0.137,0.044,20.77,20.633
20.682,20.682,0.137,0.046,20.77,20.633
20.691,20.691,0.137,0.047,20.77,20.633
20.687,20.687,0.137,0.05,20.77,20.633
20.681,20.681,0.137,0.048,20.77,20.633
20.684,20.684,0.137,0.046,20.77,20.633
20.686,20.686,0.137,0.045,20.77,20.633
20.691,20.691,0.137,0.041,20.77,20.633
20.693,20.693,0.137,0.041,20.77,20.633
20.685,20.685,0.11,0.032,20.743,20.633
20.685,20.685,0.11,0.032,20.743,20.633
20.675,20.675,0.104,0.027,20.737,20.633
20.677,20.677,0.124,0.032,20.757,20.633
20.683,20.683,0.112,0.028,20.757,20.645
20.682,20.682,0.112,0.029,20.757,20.645
20.681,20.681,0.112,0.03,20.757,20.645
20.688,20.688,0.112,0.033,20.757,20.645
20.696,20.696,0.115,0.039,20.76,20.645
20.695,20.695,0.115,0.04,20.76,20.645
20.693,20.693,0.115,0.04,20.76,20.645
20.693,20.693,0.115,0.04,20.76,20.645
20.697,20.697,0.102,0.037,20.76,20.658
20.695,20.695,0.102,0.034,20.76,20.658
20.702,20.702,0.107,0.04,20.765,20.658
20.714,20.714,0.127,0.044,20.785,20.658
20.716,20.716,0.114,0.043,20.785,20.671
20.708,20.708,0.121,0.045,20.785,20.664
20.699,20.699,0.121,0.043,20.785,20.664
20.701,20.701,0.121,0.042,20.785,20.664
20.7,20.7,0.124,0.043,20.785,20.661
20.702,20.702,0.124,0.042,20.785,20.661
20.7,20.7,0.124,0.043,20.785,20.661
20.7,20.7,0.124,0.043,20.785,20.661
20.69,20.69,0.124,0.038,20.785,20.661
20.681,20.681,0.075,0.022,20.736,20.661
20.68,20.68,0.075,0.022,20.736,20.661
20.681,20.681,0.075,0.021,20.736,20.661
20.68,20.68,0.083,0.023,20.736,20.653
20.677,20.677,0.083,0.022,20.736,20.653
20.677,20.677,0.083,0.023,20.736,20.653
20.673,20.673,0.083,0.023,20.736,20.653
20.676,20.676,0.083,0.024,20.736,20.653
20.668,20.668,0.041,0.014,20.694,20.653
20.668,20.668,0.041,0.014,20.694,20.653
20.664,20.664,0.046,0.013,20.694,20.648
20.664,20.664,0.046,0.013,20.694,20.648
20.669,20.669,0.078,0.023,20.726,20.648
20.669,20.669,0.078,0.023,20.726,20.648
20.673,20.673,0.078,0.025,20.726,20.648
20.672,20.672,0.078,0.026,20.726,20.648
20.675,20.675,0.078,0.025,20.726,20.648
20.672,20.672,0.078,0.024,20.726,20.648
20.672,20.672,0.078,0.024,20.726,20.648
20.679,20.679,0.091,0.031,20.739,20.648
20.68,20.68,0.088,0.03,20.739,20.651
20.683,20.683,0.088,0.03,20.739,20.651
20.676,20.676,0.088,0.026,20.739,20.651
20.675,20.675,0.099,0.028,20.739,20.64
20.672,20.672,0.099,0.026,20.739,20.64
20.672,20.672,0.099,0.026,20.739,20.64
20.67,20.67,0.099,0.026,20.739,20.64
20.678,20.678,0.105,0.034,20.745,20.64
20.679,20.679,0.105,0.034,20.745,20.64
20.672,20.672,0.105,0.027,20.745,20.64
20.674,20.674,0.105,0.027,20.745,20.64
20.672,20.672,0.105,0.027,20.745,20.64
20.674,20.674,0.105,0.027,20.745,20.64
20.668,20.669,0.164,0.038,20.745,20.581
20.668,20.668,0.164,0.038,20.745,20.581
20.67,20.67,0.164,0.038,20.745,20.581
20.664,20.664,0.164,0.043,20.745,20.581
20.657,20.657,0.107,0.034,20.688,20.581
20.649,20.649,0.107,0.04,20.688,20.581
20.647,20.647,0.107,0.04,20.688,20.581
20.64,20.64,0.107,0.039,20.688,20.581
20.634,20.634,0.107,0.039,20.688,20.581
20.632,20.632,0.097,0.037,20.678,20.581
20.631,20.631,0.102,0.038,20.678,20.576
20.624,20.624,0.102,0.037,20.678,20.576
20.616,20.616,0.102,0.035,20.678,20.576
20.615,20.615,0.102,0.035,20.678,20.576
20.614,20.614,0.094,0.033,20.67,20.576
20.624,20.624,0.107,0.037,20.683,20.576
20.616,20.616,0.109,0.039,20.683,20.574
20.621,20.621,0.109,0.041,20.683,20.574
20.629,20.629,0.11,0.044,20.684,20.574
20.619,20.619,0.111,0.045,20.684,20.573
20.62,20.62,0.111,0.044,20.684,20.573
20.626,20.626,0.111,0.046,20.684,20.573
20.628,20.628,0.111,0.044,20.684,20.573
20.626,20.626,0.114,0.047,20.684,20.57
20.616,20.616,0.114,0.047,20.684,20.57
20.615,20.615,0.114,0.046,20.684,20.57
20.625,20.625,0.114,0.047,20.684,20.57
20.625,20.625,0.114,0.046,20.684,20.57
20.617,20.617,0.108,0.042,20.678,20.57
20.621,20.621,0.108,0.04,20.678,20.57
20.628,20.628,0.108,0.039,20.678,20.57
20.628,20.628,0.108,0.039,20.678,20.57
20.629,20.629,0.108,0.038,20.678,20.57
20.63,20.63,0.106,0.037,20.678,20.572
20.637,20.637,0.1,0.032,20.678,20.578
20.629,20.629,0.1,0.032,20.678,20.578
20.618,20.618,0.1,0.032,20.666,20.566
20.613,20.613,0.1,0.031,20.666,20.566
20.619,20.619,0.1,0.034,20.666,20.566
20.625,20.625,0.106,0.037,20.672,20.566
20.619,20.619,0.106,0.037,20.672,20.566
20.61,20.61,0.106,0.035,20.672,20.566
20.614,20.614,0.106,0.038,20.672,20.566
20.612,20.612,0.117,0.04,20.672,20.555
20.616,20.616,0.127,0.045,20.682,20.555
20.622,20.622,0.127,0.046,20.682,20.555
20.631,20.631,0.127,0.043,20.682,20.555
20.638,20.638,0.127,0.043,20.682,20.555
20.632,20.632,0.127,0.043,20.682,20.555
20.631,20.631,0.127,0.043,20.682,20.555
20.642,20.642,0.146,0.045,20.701,20.555
20.643,20.643,0.146,0.044,20.701,20.555
20.647,20.647,0.146,0.047,20.701,20.555
20.659,20.659,0.116,0.036,20.701,20.585
20.657,20.657,0.116,0.035,20.701,20.585
20.657,20.657,0.116,0.035,20.701,20.585
20.658,20.658,0.116,0.035,20.701,20.585
20.658,20.658,0.116,0.035,20.701,20.585
20.666,20.666,0.116,0.03,20.701,20.585
20.671,20.671,0.135,0.034,20.72,20.585
20.67,20.67,0.135,0.034,20.72,20.585
20.68,20.68,0.066,0.018,20.72,20.654
20.675,20.675,0.072,0.019,20.72,20.648
20.671,20.671,0.085,0.023,20.72,20.635
20.668,20.668,0.085,0.025,20.72,20.635
20.665,20.665,0.097,0.028,20.72,20.623
20.663,20.663,0.097,0.028,20.72,20.623
20.661,20.661,0.097,0.029,20.72,20.623
20.668,20.668,0.129,0.04,20.752,20.623
20.66,20.66,0.129,0.037,20.752,20.623
20.659,20.659,0.129,0.036,20.752,20.623
20.654,20.654,0.129,0.037,20.752,20.623
20.657,20.657,0.129,0.038,20.752,20.623
20.669,20.669,0.137,0.048,20.76,20.623
20.67,20.67,0.137,0.047,20.76,20.623
20.675,20.675,0.135,0.045,20.76,20.625
20.683,20.683,0.135,0.048,20.76,20.625
20.685,20.685,0.135,0.047,20.76,20.625
20.688,20.688,0.153,0.051,20.778,20.625
20.688,20.688,0.153,0.051,20.778,20.625
20.686,20.686,0.153,0.051,20.778,20.625
20.691,20.691,0.141,0.047,20.778,20.637
20.688,20.689,0.141,0.049,20.778,20.637
20.679,20.679,0.141,0.042,20.778,20.637
20.691,20.691,0.141,0.047,20.778,20.637
20.695,20.695,0.141,0.046,20.778,20.637
20.688,20.688,0.141,0.044,20.778,20.637
20.688,20.688,0.141,0.044,20.778,20.637
20.672,20.672,0.134,0.036,20.76,20.626
20.671,20.671,0.136,0.037,20.76,20.624
20.669,20.669,0.136,0.038,20.76,20.624
20.666,20.666,0.136,0.039,20.76,20.624
20.667,20.667,0.136,0.039,20.76,20.624
20.669,20.669,0.136,0.039,20.76,20.624
20.662,20.662,0.082,0.026,20.706,20.624
20.661,20.661,0.074,0.024,20.698,20.624
20.66,20.66,0.074,0.024,20.698,20.624
20.659,20.659,0.074,0.024,20.698,20.624
20.662,20.662,0.074,0.022,20.698,20.624
20.666,20.666,0.054,0.018,20.698,20.644
20.669,20.669,0.054,0.017,20.698,20.644
20.671,20.671,0.045,0.015,20.698,20.653
20.67,20.67,0.045,0.015,20.698,20.653
20.678,20.678,0.112,0.032,20.765,20.653
20.678,20.678,0.112,0.032,20.765,20.653
20.675,20.675,0.112,0.032,20.765,20.653
20.676,20.676,0.112,0.032,20.765,20.653
20.678,20.678,0.112,0.031,20.765,20.653
20.682,20.682,0.106,0.03,20.765,20.659
20.681,20.681,0.113,0.031,20.765,20.652
20.677,20.677,0.126,0.033,20.765,20.639
20.678,20.678,0.126,0.033,20.765,20.639
20.688,20.688,0.126,0.04,20.765,20.639
20.677,20.677,0.12,0.031,20.759,20.639
20.678,20.678,0.12,0.032,20.759,20.639
20.678,20.678,0.12,0.032,20.759,20.639
20.679,20.679,0.12,0.032,20.759,20.639
20.684,20.684,0.12,0.034,20.759,20.639
20.683,20.683,0.12,0.034,20.759,20.639
20.684,20.684,0.12,0.034,20.759,20.639
20.687,20.688,0.101,0.03,20.759,20.658
20.686,20.686,0.105,0.032,20.759,20.654
20.674,20.674,0.082,0.023,20.724,20.642
20.678,20.678,0.082,0.023,20.724,20.642
20.674,20.674,0.082,0.022,20.724,20.642
20.674,20.674,0.082,0.022,20.724,20.642
20.675,20.675,0.082,0.022,20.724,20.642
20.679,20.679,0.123,0.032,20.765,20.642
20.676,20.676,0.123,0.033,20.765,20.642
20.684,20.684,0.123,0.037,20.765,20.642
20.684,20.684,0.123,0.037,20.765,20.642
20.686,20.686,0.123,0.036,20.765,20.642
20.687,20.687,0.11,0.034,20.765,20.655
20.684,20.684,0.11,0.035,20.765,20.655
20.686,20.686,0.11,0.034,20.765,20.655
20.684,20.684,0.114,0.035,20.765,20.651
20.682,20.683,0.114,0.036,20.765,20.651
20.675,20.675,0.083,0.024,20.734,20.651
20.687,20.687,0.12,0.036,20.771,20.651
20.681,20.681,0.12,0.033,20.771,20.651
20.68,20.68,0.12,0.033,20.771,20.651
20.681,20.681,0.12,0.032,20.771,20.651
20.679,20.679,0.131,0.034,20.771,20.64
20.681,20.681,0.131,0.033,20.771,20.64
20.677,20.677,0.131,0.034,20.771,20.64
20.677,20.677,0.131,0.034,20.771,20.64
20.678,20.678,0.131,0.034,20.771,20.64
20.681,20.681,0.131,0.036,20.771,20.64
20.671,20.671,0.081,0.021,20.721,20.64
20.672,20.672,0.081,0.021,20.721,20.64
20.669,20.669,0.081,0.022,20.721,20.64
20.667,20.667,0.081,0.022,20.721,20.64
20.671,20.671,0.074,0.021,20.721,20.647
20.676,20.676,0.077,0.026,20.724,20.647
20.682,20.682,0.077,0.028,20.724,20.647
20.684,20.684,0.077,0.027,20.724,20.647
20.692,20.692,0.114,0.035,20.761,20.647
20.69,20.69,0.114,0.034,20.761,20.647
20.699,20.699,0.121,0.041,20.768,20.647
20.702,20.702,0.121,0.04,20.768,20.647
20.709,20.709,0.115,0.036,20.768,20.653
20.71,20.71,0.105,0.034,20.768,20.663
20.708,20.708,0.105,0.036,20.768,20.663
20.709,20.709,0.105,0.036,20.768,20.663
20.701,20.701,0.131,0.042,20.768,20.637
20.7,20.7,0.131,0.043,20.768,20.637
20.689,20.689,0.131,0.04,20.768,20.637
20.688,20.688,0.131,0.04,20.768,20.637
20.681,20.681,0.096,0.031,20.733,20.637
20.679,20.679,0.096,0.03,20.733,20.637
20.675,20.675,0.096,0.027,20.733,20.637
20.677,20.677,0.096,0.027,20.733,20.637
20.676,20.676,0.096,0.027,20.733,20.637
20.669,20.669,0.058,0.02,20.695,20.637
20.673,20.673,0.046,0.017,20.695,20.649
20.673,20.673,0.046,0.017,20.695,20.649
20.676,20.676,0.046,0.015,20.695,20.649
20.675,20.675,0.044,0.014,20.693,20.649
20.673,20.673,0.037,0.013,20.686,20.649
20.672,20.672,0.037,0.012,20.686,20.649
20.672,20.672,0.037,0.012,20.686,20.649
20.671,20.671,0.037,0.012,20.686,20.649
20.671,20.671,0.037,0.011,20.686,20.649
20.672,20.672,0.037,0.011,20.686,20.649
20.668,20.669,0.042,0.014,20.686,20.644
20.671,20.671,0.042,0.012,20.686,20.644
20.671,20.671,0.042,0.012,20.686,20.644
20.668,20.668,0.039,0.012,20.683,20.644
20.669,20.669,0.041,0.013,20.685,20.644
20.666,20.666,0.045,0.016,20.685,20.64
20.667,20.667,0.055,0.017,20.695,20.64
20.665,20.666,0.055,0.017,20.695,20.64
20.667,20.667,0.055,0.017,20.695,20.64
20.666,20.667,0.055,0.017,20.695,20.64
20.667,20.667,0.055,0.015,20.695,20.64
20.666,20.666,0.055,0.016,20.695,20.64
20.665,20.665,0.055,0.015,20.695,20.64
20.664,20.664,0.058,0.017,20.695,20.637
20.661,20.661,0.058,0.016,20.695,20.637
20.664,20.664,0.058,0.014,20.695,20.637
20.668,20.668,0.105,0.026,20.742,20.637
20.669,20.669,0.105,0.026,20.742,20.637
20.67,20.67,0.105,0.026,20.742,20.637
20.669,20.669,0.105,0.027,20.742,20.637
20.668,20.668,0.105,0.027,20.742,20.637
20.669,20.669,0.105,0.027,20.742,20.637
20.667,20.668,0.105,0.027,20.742,20.637
20.67,20.67,0.097,0.025,20.742,20.645
20.672,20.672,0.097,0.025,20.742,20.645
20.67,20.67,0.097,0.026,20.742,20.645
20.665,20.665,0.04,0.011,20.685,20.645
20.666,20.666,0.04,0.013,20.685,20.645
20.668,20.668,0.048,0.015,20.693,20.645
20.67,20.67,0.048,0.015,20.693,20.645
20.67,20.67,0.045,0.014,20.693,20.648
20.669,20.669,0.045,0.015,20.693,20.648
20.669,20.669,0.045,0.015,20.693,20.648
20.667,20.667,0.046,0.017,20.693,20.647
20.666,20.666,0.046,0.017,20.693,20.647
20.667,20.667,0.046,0.016,20.693,20.647
20.666,20.666,0.046,0.015,20.693,20.647
20.665,20.665,0.046,0.014,20.693,20.647
20.664,20.664,0.034,0.012,20.681,20.647
20.665,20.665,0.041,0.013,20.688,20.647
20.667,20.667,0.041,0.012,20.688,20.647
20.669,20.669,0.041,0.012,20.688,20.647
20.669,20.669,0.041,0.012,20.688,20.647
20.672,20.672,0.032,0.009,20.688,20.656
20.672,20.672,0.032,0.009,20.688,20.656
20.671,20.671,0.036,0.01,20.688,20.652
20.673,20.673,0.04,0.012,20.692,20.652
20.672,20.672,0.04,0.012,20.692,20.652
20.668,20.668,0.055,0.016,20.692,20.637
20.667,20.667,0.055,0.014,20.692,20.637
20.677,20.677,0.133,0.034,20.77,20.637
20.675,20.675,0.133,0.035,20.77,20.637
20.675,20.675,0.133,0.035,20.77,20.637
20.673,20.673,0.133,0.036,20.77,20.637
20.672,20.672,0.133,0.036,20.77,20.637
20.673,20.673,0.133,0.035,20.77,20.637
20.668,20.668,0.133,0.035,20.77,20.637
20.668,20.668,0.133,0.035,20.77,20.637
20.678,20.678,0.122,0.04,20.77,20.648
20.679,20.679,0.122,0.04,20.77,20.648
20.67,20.67,0.092,0.026,20.74,20.648
20.67,20.67,0.092,0.025,20.74,20.648
20.673,20.673,0.092,0.025,20.74,20.648
20.673,20.673,0.094,0.025,20.74,20.646
20.681,20.681,0.097,0.032,20.743,20.646
20.679,20.679,0.111,0.035,20.743,20.632
20.679,20.68,0.111,0.034,20.743,20.632
20.68,20.681,0.111,0.034,20.743,20.632
20.673,20.673,0.111,0.028,20.743,20.632
20.678,20.678,0.111,0.032,20.743,20.632
20.678,20.678,0.111,0.032,20.743,20.632
20.685,20.685,0.111,0.036,20.743,20.632
20.682,20.682,0.111,0.037,20.743,20.632
20.684,20.684,0.111,0.036,20.743,20.632
20.675,20.675,0.102,0.03,20.734,20.632
20.679,20.679,0.081,0.027,20.734,20.653
20.678,20.678,0.083,0.028,20.734,20.651
20.682,20.682,0.083,0.03,20.734,20.651
20.69,20.69,0.087,0.034,20.738,20.651
20.686,20.686,0.087,0.031,20.738,20.651
20.693,20.693,0.097,0.036,20.748,20.651
20.686,20.686,0.097,0.034,20.748,20.651
20.697,20.697,0.109,0.038,20.76,20.651
20.699,20.699,0.109,0.037,20.76,20.651
20.702,20.702,0.109,0.035,20.76,20.651
20.709,20.709,0.109,0.035,20.76,20.651
20.711,20.711,0.092,0.032,20.76,20.668
20.706,20.706,0.096,0.035,20.76,20.664
20.7,20.7,0.096,0.034,20.76,20.664
20.698,20.698,0.096,0.035,20.76,20.664
20.687,20.687,0.121,0.035,20.76,20.639
20.697,20.697,0.131,0.042,20.77,20.639
20.686,20.686,0.131,0.038,20.77,20.639
20.687,20.687,0.131,0.038,20.77,20.639
20.694,20.694,0.131,0.043,20.77,20.639
20.686,20.686,0.131,0.04,20.77,20.639
20.686,20.687,0.131,0.04,20.77,20.639
20.682,20.682,0.15,0.045,20.77,20.62
20.688,20.688,0.15,0.048,20.77,20.62
20.687,20.687,0.15,0.049,20.77,20.62
20.688,20.689,0.15,0.047,20.77,20.62
20.68,20.68,0.132,0.039,20.752,20.62
20.683,20.683,0.132,0.038,20.752,20.62
20.679,20.68,0.132,0.038,20.752,20.62
20.677,20.677,0.12,0.033,20.74,20.62
20.687,20.687,0.143,0.042,20.763,20.62
20.686,20.686,0.143,0.042,20.763,20.62
20.691,20.691,0.11,0.036,20.763,20.653
20.683,20.683,0.11,0.034,20.763,20.653
20.683,20.683,0.11,0.034,20.763,20.653
20.682,20.682,0.112,0.034,20.763,20.651
20.681,20.681,0.112,0.034,20.763,20.651
20.679,20.679,0.112,0.035,20.763,20.651
20.68,20.68,0.112,0.035,20.763,20.651
20.686,20.686,0.138,0.046,20.789,20.651
20.679,20.679,0.138,0.039,20.789,20.651
20.678,20.678,0.138,0.039,20.789,20.651
20.674,20.674,0.161,0.042,20.789,20.628
20.682,20.682,0.161,0.046,20.789,20.628
20.683,20.683,0.161,0.045,20.789,20.628
20.686,20.686,0.161,0.044,20.789,20.628
20.685,20.685,0.161,0.044,20.789,20.628
20.687,20.687,0.161,0.044,20.789,20.628
20.696,20.696,0.161,0.05,20.789,20.628
20.693,20.693,0.142,0.046,20.77,20.628
20.691,20.691,0.142,0.047,20.77,20.628
20.691,20.691,0.142,0.046,20.77,20.628
20.696,20.696,0.111,0.042,20.77,20.659
20.685,20.686,0.135,0.043,20.77,20.635
20.683,20.683,0.136,0.045,20.77,20.634
20.68,20.68,0.136,0.045,20.77,20.634
20.689,20.689,0.136,0.051,20.77,20.634
20.688,20.688,0.136,0.052,20.77,20.634
20.687,20.687,0.13,0.051,20.764,20.634
20.681,20.681,0.129,0.044,20.763,20.634
20.68,20.68,0.129,0.044,20.763,20.634
20.69,20.69,0.129,0.05,20.763,20.634
20.685,20.685,0.131,0.053,20.763,20.632
20.685,20.686,0.131,0.053,20.763,20.632
20.688,20.688,0.131,0.051,20.763,20.632
20.687,20.687,0.131,0.051,20.763,20.632
20.674,20.674,0.135,0.048,20.763,20.628
20.673,20.673,0.135,0.048,20.763,20.628
20.672,20.672,0.131,0.047,20.759,20.628
20.672,20.672,0.131,0.046,20.759,20.628
20.673,20.673,0.131,0.046,20.759,20.628
20.665,20.665,0.129,0.036,20.757,20.628
20.669,20.669,0.129,0.034,20.757,20.628
20.673,20.674,0.129,0.033,20.757,20.628
20.672,20.672,0.129,0.034,20.757,20.628
20.673,20.673,0.129,0.033,20.757,20.628
20.675,20.675,0.115,0.031,20.757,20.642
20.675,20.675,0.115,0.031,20.757,20.642
20.665,20.665,0.047,0.014,20.689,20.642
20.663,20.663,0.036,0.012,20.678,20.642
20.664,20.664,0.039,0.013,20.681,20.642
20.666,20.666,0.052,0.016,20.694,20.642
20.675,20.675,0.124,0.034,20.766,20.642
20.672,20.672,0.124,0.035,20.766,20.642
20.672,20.673,0.118,0.034,20.766,20.648
20.681,20.681,0.118,0.038,20.766,20.648
20.68,20.68,0.118,0.038,20.766,20.648
20.679,20.68,0.121,0.039,20.766,20.645
20.677,20.677,0.134,0.041,20.766,20.632
20.677,20.677,0.134,0.041,20.766,20.632
20.674,20.674,0.134,0.042,20.766,20.632
20.672,20.672,0.134,0.041,20.766,20.632
20.662,20.663,0.102,0.027,20.734,20.632
20.665,20.665,0.102,0.027,20.734,20.632
20.666,20.666,0.102,0.027,20.734,20.632
20.657,20.657,0.047,0.015,20.679,20.632
20.654,20.655,0.048,0.017,20.679,20.631
20.655,20.655,0.048,0.017,20.679,20.631
20.665,20.665,0.104,0.028,20.735,20.631
20.674,20.674,0.13,0.04,20.761,20.631
20.673,20.674,0.13,0.041,20.761,20.631
20.673,20.673,0.13,0.04,20.761,20.631
20.674,20.674,0.13,0.041,20.761,20.631
20.671,20.671,0.13,0.041,20.761,20.631
20.67,20.671,0.13,0.042,20.761,20.631
20.671,20.671,0.13,0.042,20.761,20.631
20.673,20.673,0.12,0.04,20.761,20.641
20.675,20.675,0.12,0.039,20.761,20.641
20.675,20.675,0.12,0.039,20.761,20.641
20.664,20.664,0.093,0.027,20.734,20.641
20.664,20.664,0.099,0.027,20.734,20.635
20.663,20.663,0.099,0.027,20.734,20.635
20.664,20.664,0.099,0.029,20.734,20.635
20.677,20.677,0.137,0.042,20.772,20.635
20.677,20.677,0.137,0.042,20.772,20.635
20.678,20.678,0.137,0.041,20.772,20.635
20.68,20.68,0.137,0.041,20.772,20.635
20.678,20.678,0.137,0.041,20.772,20.635
20.671,20.671,0.137,0.037,20.772,20.635
20.675,20.675,0.137,0.037,20.772,20.635
20.68,20.68,0.122,0.035,20.772,20.65
20.68,20.68,0.122,0.035,20.772,20.65
20.676,20.676,0.122,0.034,20.772,20.65
20.671,20.671,0.069,0.02,20.719,20.65
20.676,20.676,0.067,0.02,20.719,20.652
20.683,20.683,0.073,0.024,20.725,20.652
20.693,20.693,0.113,0.034,20.765,20.652
20.693,20.693,0.104,0.033,20.765,20.661
20.692,20.692,0.11,0.034,20.765,20.655
20.689,20.689,0.11,0.035,20.765,20.655
20.697,20.697,0.11,0.04,20.765,20.655
20.694,20.694,0.133,0.044,20.765,20.632
20.698,20.698,0.133,0.043,20.765,20.632
20.703,20.703,0.144,0.049,20.776,20.632
20.703,20.703,0.144,0.049,20.776,20.632
20.704,20.704,0.144,0.049,20.776,20.632
20.693,20.693,0.144,0.047,20.776,20.632
20.692,20.692,0.144,0.048,20.776,20.632
20.691,20.692,0.144,0.048,20.776,20.632
20.694,20.694,0.144,0.047,20.776,20.632
20.689,20.689,0.144,0.042,20.776,20.632
20.694,20.694,0.127,0.038,20.776,20.649
20.701,20.701,0.127,0.045,20.776,20.649
20.694,20.694,0.127,0.038,20.776,20.649
20.694,20.694,0.127,0.038,20.776,20.649
20.687,20.687,0.127,0.036,20.776,20.649
20.691,20.691,0.127,0.034,20.776,20.649
20.696,20.696,0.123,0.031,20.776,20.653
20.697,20.697,0.113,0.029,20.776,20.663
20.696,20.696,0.113,0.03,20.776,20.663
20.691,20.691,0.128,0.033,20.776,20.648
20.69,20.69,0.128,0.033,20.776,20.648
20.689,20.689,0.122,0.032,20.77,20.648
20.686,20.686,0.122,0.032,20.77,20.648
20.696,20.696,0.149,0.046,20.797,20.648
20.706,20.706,0.149,0.049,20.797,20.648
20.707,20.707,0.149,0.049,20.797,20.648
20.706,20.706,0.149,0.05,20.797,20.648
20.708,20.708,0.149,0.048,20.797,20.648
20.712,20.712,0.149,0.047,20.797,20.648
20.715,20.715,0.125,0.043,20.797,20.672
20.716,20.717,0.125,0.042,20.797,20.672
20.711,20.711,0.125,0.038,20.797,20.672
20.713,20.713,0.116,0.036,20.797,20.681
20.702,20.702,0.084,0.024,20.765,20.681
20.698,20.698,0.046,0.014,20.727,20.681
20.697,20.697,0.046,0.014,20.727,20.681
20.699,20.699,0.046,0.014,20.727,20.681
20.708,20.708,0.093,0.026,20.774,20.681
20.706,20.706,0.093,0.026,20.774,20.681
20.704,20.704,0.104,0.028,20.774,20.67
20.704,20.704,0.104,0.028,20.774,20.67
20.702,20.702,0.104,0.028,20.774,20.67
20.699,20.699,0.11,0.03,20.774,20.664
20.7,20.7,0.11,0.03,20.774,20.664
20.697,20.697,0.11,0.029,20.774,20.664
20.698,20.698,0.11,0.029,20.774,20.664
20.699,20.699,0.11,0.029,20.774,20.664
20.69,20.69,0.051,0.015,20.715,20.664
20.697,20.697,0.092,0.025,20.756,20.664
20.708,20.708,0.116,0.033,20.78,20.664
20.706,20.707,0.116,0.034,20.78,20.664
20.714,20.714,0.116,0.037,20.78,20.664
20.719,20.719,0.104,0.034,20.78,20.676
20.719,20.719,0.104,0.034,20.78,20.676
20.729,20.729,0.117,0.039,20.793,20.676
20.73,20.73,0.117,0.038,20.793,20.676
20.731,20.731,0.117,0.038,20.793,20.676
20.732,20.732,0.117,0.037,20.793,20.676
20.726,20.726,0.117,0.037,20.793,20.676
20.72,20.72,0.117,0.033,20.793,20.676
20.718,20.718,0.134,0.035,20.793,20.659
20.71,20.71,0.134,0.033,20.793,20.659
20.714,20.714,0.134,0.035,20.793,20.659
20.713,20.713,0.134,0.035,20.793,20.659
20.704,20.704,0.09,0.023,20.749,20.659
20.697,20.697,0.096,0.027,20.749,20.653
20.686,20.686,0.136,0.035,20.749,20.613
20.685,20.685,0.136,0.035,20.749,20.613
20.678,20.678,0.136,0.039,20.749,20.613
20.668,20.668,0.14,0.042,20.749,20.609
20.662,20.662,0.145,0.046,20.749,20.604
20.653,20.653,0.16,0.051,20.749,20.589
20.639,20.639,0.112,0.041,20.701,20.589
20.628,20.628,0.114,0.039,20.701,20.587
20.619,20.619,0.108,0.031,20.695,20.587
20.614,20.614,0.108,0.029,20.695,20.587
20.612,20.612,0.108,0.03,20.695,20.587
20.61,20.61,0.09,0.025,20.677,20.587
20.619,20.619,0.126,0.04,20.713,20.587
20.62,20.62,0.126,0.04,20.713,20.587
20.622,20.622,0.126,0.039,20.713,20.587
20.623,20.623,0.126,0.039,20.713,20.587
20.63,20.63,0.126,0.042,20.713,20.587
20.63,20.63,0.126,0.042,20.713,20.587
20.628,20.628,0.126,0.044,20.713,20.587
20.626,20.626,0.134,0.045,20.713,20.579
20.628,20.628,0.134,0.044,20.713,20.579
20.62,20.62,0.134,0.042,20.713,20.579
20.62,20.62,0.135,0.042,20.714,20.579
20.619,20.619,0.135,0.042,20.714,20.579
20.616,20.616,0.135,0.042,20.714,20.579
20.627,20.627,0.135,0.048,20.714,20.579
20.617,20.617,0.135,0.046,20.714,20.579
20.628,20.629,0.135,0.051,20.714,20.579
20.631,20.631,0.135,0.05,20.714,20.579
20.632,20.632,0.132,0.049,20.714,20.582
20.631,20.631,0.132,0.049,20.714,20.582
20.632,20.632,0.132,0.049,20.714,20.582
20.622,20.622,0.119,0.04,20.701,20.582
20.634,20.635,0.142,0.05,20.724,20.582
20.634,20.634,0.142,0.05,20.724,20.582
20.625,20.625,0.142,0.045,20.724,20.582
20.627,20.627,0.129,0.044,20.724,20.595
20.616,20.616,0.132,0.037,20.724,20.592
20.623,20.623,0.132,0.042,20.724,20.592
20.624,20.624,0.132,0.041,20.724,20.592
20.626,20.626,0.132,0.041,20.724,20.592
20.633,20.633,0.132,0.043,20.724,20.592
20.632,20.632,0.132,0.044,20.724,20.592
20.622,20.622,0.089,0.031,20.681,20.592
20.621,20.622,0.089,0.031,20.681,20.592
20.62,20.62,0.089,0.032,20.681,20.592
20.621,20.621,0.089,0.031,20.681,20.592
20.622,20.622,0.089,0.03,20.681,20.592
20.621,20.621,0.087,0.028,20.679,20.592
20.618,20.619,0.098,0.03,20.679,20.581
20.615,20.615,0.098,0.031,20.679,20.581
20.611,20.611,0.086,0.024,20.667,20.581
20.611,20.611,0.086,0.024,20.667,20.581
20.612,20.612,0.086,0.024,20.667,20.581
20.615,20.615,0.086,0.024,20.667,20.581
20.618,20.619,0.086,0.023,20.667,20.581
20.618,20.618,0.086,0.023,20.667,20.581
20.617,20.617,0.086,0.024,20.667,20.581
20.62,20.62,0.122,0.033,20.703,20.581
20.621,20.621,0.116,0.032,20.703,20.587
20.62,20.62,0.12,0.033,20.703,20.583
20.62,20.62,0.12,0.033,20.703,20.583
20.627,20.627,0.12,0.038,20.703,20.583
20.625,20.625,0.12,0.038,20.703,20.583
20.625,20.625,0.12,0.038,20.703,20.583
20.622,20.622,0.12,0.039,20.703,20.583
20.623,20.623,0.12,0.039,20.703,20.583
20.627,20.627,0.12,0.038,20.703,20.583
20.616,20.616,0.103,0.029,20.686,20.583
20.616,20.616,0.103,0.029,20.686,20.583
20.624,20.624,0.097,0.029,20.686,20.589
20.624,20.624,0.097,0.029,20.686,20.589
20.62,20.62,0.072,0.023,20.661,20.589
20.621,20.621,0.072,0.023,20.661,20.589
20.627,20.627,0.094,0.03,20.683,20.589
20.629,20.629,0.094,0.028,20.683,20.589
20.637,20.637,0.107,0.034,20.696,20.589
20.642,20.643,0.107,0.037,20.696,20.589
20.652,20.652,0.107,0.035,20.696,20.589
20.663,20.663,0.087,0.031,20.704,20.617
20.658,20.658,0.1,0.036,20.704,20.604
20.664,20.665,0.1,0.036,20.704,20.604
20.667,20.667,0.1,0.036,20.704,20.604
20.666,20.666,0.1,0.038,20.704,20.604
20.66,20.66,0.1,0.039,20.704,20.604
20.66,20.66,0.1,0.039,20.704,20.604
20.652,20.652,0.1,0.039,20.704,20.604
20.646,20.646,0.1,0.037,20.704,20.604
20.638,20.638,0.1,0.036,20.704,20.604
20.63,20.63,0.091,0.029,20.695,20.604
20.63,20.63,0.089,0.029,20.695,20.606
20.621,20.621,0.071,0.02,20.676,20.605
20.624,20.624,0.099,0.028,20.704,20.605
20.624,20.624,0.099,0.028,20.704,20.605
20.624,20.624,0.099,0.028,20.704,20.605
20.625,20.625,0.099,0.028,20.704,20.605
20.627,20.627,0.099,0.028,20.704,20.605
20.635,20.635,0.099,0.036,20.704,20.605
20.636,20.636,0.099,0.036,20.704,20.605
20.64,20.64,0.099,0.036,20.704,20.605
20.642,20.642,0.099,0.035,20.704,20.605
20.642,20.642,0.099,0.035,20.704,20.605
20.633,20.633,0.098,0.029,20.703,20.605
20.636,20.637,0.096,0.027,20.703,20.607
20.638,20.638,0.096,0.027,20.703,20.607
20.637,20.637,0.096,0.027,20.703,20.607
20.642,20.642,0.096,0.032,20.703,20.607
20.634,20.634,0.085,0.025,20.692,20.607
20.643,20.643,0.105,0.033,20.712,20.607
20.639,20.639,0.105,0.033,20.712,20.607
20.638,20.638,0.105,0.034,20.712,20.607
20.638,20.638,0.102,0.033,20.712,20.61
20.639,20.639,0.098,0.033,20.712,20.614
20.636,20.636,0.106,0.034,20.712,20.606
20.637,20.637,0.106,0.034,20.712,20.606
20.635,20.635,0.106,0.035,20.712,20.606
20.63,20.63,0.106,0.03,20.712,20.606
20.629,20.629,0.106,0.03,20.712,20.606
20.62,20.62,0.037,0.011,20.643,20.606
20.619,20.619,0.037,0.011,20.643,20.606
20.627,20.627,0.09,0.025,20.696,20.606
20.628,20.628,0.09,0.025,20.696,20.606
20.628,20.629,0.09,0.025,20.696,20.606
20.63,20.63,0.088,0.024,20.696,20.608
20.628,20.628,0.088,0.024,20.696,20.608
20.63,20.63,0.088,0.023,20.696,20.608
20.634,20.634,0.088,0.026,20.696,20.608
20.636,20.636,0.088,0.026,20.696,20.608
20.638,20.638,0.088,0.025,20.696,20.608
20.642,20.642,0.076,0.024,20.696,20.62
20.635,20.635,0.051,0.015,20.671,20.62
20.638,20.638,0.051,0.016,20.671,20.62
20.64,20.64,0.05,0.015,20.671,20.621
20.641,20.641,0.046,0.014,20.671,20.625
20.641,20.641,0.047,0.014,20.671,20.624
20.64,20.64,0.05,0.015,20.671,20.621
20.636,20.636,0.034,0.011,20.655,20.621
20.637,20.637,0.034,0.011,20.655,20.621
20.635,20.635,0.034,0.011,20.655,20.621
20.635,20.635,0.035,0.012,20.656,20.621
20.634,20.634,0.037,0.013,20.656,20.619
20.631,20.631,0.037,0.011,20.656,20.619
20.639,20.639,0.092,0.027,20.711,20.619
20.637,20.637,0.098,0.028,20.711,20.613
20.64,20.64,0.098,0.028,20.711,20.613
20.641,20.641,0.098,0.027,20.711,20.613
20.638,20.638,0.109,0.03,20.711,20.602
20.637,20.637,0.109,0.029,20.711,20.602
20.636,20.636,0.109,0.03,20.711,20.602
20.636,20.636,0.109,0.03,20.711,20.602
20.638,20.638,0.109,0.03,20.711,20.602
20.642,20.642,0.109,0.03,20.711,20.602
20.634,20.634,0.059,0.019,20.661,20.602
20.637,20.637,0.059,0.017,20.661,20.602
20.634,20.634,0.059,0.017,20.661,20.602
20.634,20.634,0.059,0.017,20.661,20.602
20.638,20.638,0.046,0.013,20.661,20.615
20.633,20.633,0.071,0.02,20.661,20.59
20.634,20.634,0.071,0.019,20.661,20.59
20.632,20.632,0.067,0.017,20.657,20.59
20.63,20.63,0.067,0.017,20.657,20.59
20.628,20.628,0.053,0.015,20.643,20.59
20.63,20.63,0.058,0.016,20.648,20.59
20.63,20.63,0.058,0.016,20.648,20.59
20.632,20.632,0.058,0.017,20.648,20.59
20.63,20.63,0.058,0.017,20.648,20.59
20.627,20.627,0.058,0.018,20.648,20.59
20.63,20.63,0.043,0.014,20.648,20.605
20.63,20.63,0.043,0.014,20.648,20.605
20.628,20.628,0.043,0.013,20.648,20.605
20.628,20.628,0.043,0.013,20.648,20.605
20.628,20.628,0.043,0.013,20.648,20.605
20.625,20.625,0.039,0.011,20.644,20.605
20.622,20.622,0.039,0.011,20.644,20.605
20.62,20.62,0.026,0.008,20.631,20.605
20.62,20.62,0.026,0.008,20.631,20.605
20.621,20.621,0.023,0.007,20.631,20.608
20.619,20.62,0.023,0.007,20.631,20.608
20.621,20.621,0.023,0.007,20.631,20.608
20.621,20.621,0.023,0.008,20.631,20.608
20.623,20.623,0.033,0.01,20.641,20.608
20.625,20.625,0.048,0.014,20.656,20.608
20.625,20.625,0.048,0.014,20.656,20.608
20.629,20.629,0.044,0.014,20.656,20.612
20.631,20.631,0.044,0.014,20.656,20.612
20.632,20.632,0.044,0.013,20.656,20.612
20.632,20.633,0.044,0.013,20.656,20.612
20.634,20.634,0.036,0.012,20.656,20.62
20.636,20.636,0.036,0.013,20.656,20.62
20.638,20.638,0.036,0.013,20.656,20.62
20.637,20.637,0.036,0.013,20.656,20.62
20.63,20.63,0.074,0.02,20.653,20.579
20.632,20.632,0.074,0.021,20.653,20.579
20.632,20.633,0.076,0.021,20.655,20.579
20.626,20.626,0.076,0.026,20.655,20.579
20.626,20.626,0.076,0.026,20.655,20.579
20.63,20.63,0.081,0.028,20.66,20.579
20.635,20.635,0.091,0.03,20.67,20.579
20.626,20.626,0.107,0.036,20.67,20.563
20.625,20.625,0.107,0.036,20.67,20.563
