mean,RMS,ptp,std,max,min
19.648,19.648,0.09,0.041,19.68,19.59
19.653,19.653,0.098,0.044,19.688,19.59
19.682,19.682,0.01,0.004,19.688,19.678
19.65,19.65,0.104,0.047,19.688,19.584
19.629,19.629,0.094,0.038,19.678,19.584
19.626,19.626,0.085,0.035,19.669,19.584
19.63,19.63,0.072,0.03,19.669,19.597
19.621,19.621,0.072,0.034,19.669,19.597
19.632,19.632,0.103,0.048,19.7,19.597
19.633,19.633,0.102,0.047,19.7,19.598
19.664,19.664,0.099,0.045,19.7,19.601
19.664,19.664,0.099,0.045,19.7,19.601
19.669,19.669,0.085,0.038,19.7,19.615
19.644,19.644,0.085,0.04,19.7,19.615
19.62,19.62,0.014,0.006,19.629,19.615
19.623,19.623,0.013,0.005,19.629,19.616
19.656,19.656,0.09,0.042,19.715,19.625
19.677,19.677,0.09,0.038,19.715,19.625
19.704,19.704,0.024,0.01,19.715,19.691
19.671,19.671,0.09,0.039,19.706,19.616
19.651,19.651,0.09,0.039,19.706,19.616
19.646,19.646,0.074,0.032,19.69,19.616
19.64,19.64,0.09,0.037,19.69,19.6
19.655,19.655,0.09,0.039,19.69,19.6
19.658,19.658,0.099,0.042,19.699,19.6
19.657,19.657,0.102,0.044,19.699,19.597
19.67,19.67,0.117,0.052,19.714,19.597
19.649,19.649,0.117,0.049,19.714,19.597
19.66,19.66,0.084,0.038,19.714,19.63
19.633,19.633,0.005,0.002,19.635,19.63
19.628,19.628,0.013,0.006,19.633,19.62
19.649,19.649,0.074,0.032,19.694,19.62
19.644,19.644,0.077,0.036,19.694,19.617
19.644,19.644,0.077,0.036,19.694,19.617
19.622,19.622,0.013,0.006,19.63,19.617
19.618,19.618,0.026,0.011,19.63,19.604
19.619,19.619,0.026,0.011,19.63,19.604
19.635,19.635,0.072,0.03,19.676,19.604
19.63,19.63,0.085,0.035,19.676,19.591
19.627,19.627,0.085,0.036,19.676,19.591
19.61,19.61,0.034,0.014,19.625,19.591
19.615,19.615,0.021,0.009,19.625,19.604
19.607,19.607,0.034,0.014,19.625,19.591
19.615,19.615,0.06,0.026,19.651,19.591
19.624,19.624,0.06,0.025,19.651,19.591
19.648,19.648,0.035,0.014,19.664,19.629
19.635,19.635,0.053,0.022,19.664,19.611
19.635,19.635,0.053,0.022,19.664,19.611
19.618,19.618,0.018,0.008,19.629,19.611
19.627,19.627,0.026,0.011,19.639,19.613
19.621,19.621,0.027,0.012,19.639,19.612
19.641,19.641,0.059,0.024,19.671,19.612
19.635,19.635,0.059,0.026,19.671,19.612
19.653,19.653,0.05,0.023,19.671,19.621
19.638,19.638,0.047,0.021,19.668,19.621
19.66,19.66,0.06,0.025,19.686,19.626
19.641,19.641,0.076,0.033,19.686,19.61
19.662,19.662,0.081,0.037,19.691,19.61
19.623,19.623,0.123,0.051,19.691,19.568
19.625,19.625,0.123,0.051,19.691,19.568
19.627,19.627,0.129,0.053,19.697,19.568
19.643,19.643,0.082,0.038,19.697,19.615
19.649,19.649,0.082,0.035,19.697,19.615
19.621,19.621,0.02,0.009,19.634,19.614
19.604,19.604,0.07,0.029,19.634,19.564
19.6,19.6,0.059,0.026,19.623,19.564
19.627,19.627,0.129,0.053,19.693,19.564
19.669,19.669,0.07,0.033,19.693,19.623
19.652,19.652,0.123,0.058,19.693,19.57
19.618,19.618,0.122,0.053,19.692,19.57
19.616,19.616,0.118,0.051,19.688,19.57
19.638,19.638,0.097,0.04,19.688,19.591
19.671,19.671,0.056,0.026,19.691,19.635
19.652,19.652,0.06,0.027,19.691,19.631
19.651,19.651,0.061,0.029,19.691,19.63
19.621,19.621,0.028,0.013,19.631,19.603
19.616,19.616,0.027,0.011,19.63,19.603
19.612,19.612,0.017,0.007,19.62,19.603
19.613,19.613,0.014,0.006,19.62,19.606
19.636,19.636,0.075,0.033,19.681,19.606
19.637,19.637,0.075,0.032,19.681,19.606
19.645,19.645,0.058,0.026,19.681,19.623
19.627,19.627,0.008,0.003,19.631,19.623
19.627,19.627,0.008,0.003,19.631,19.623
19.624,19.624,0.005,0.002,19.627,19.622
19.621,19.621,0.005,0.002,19.623,19.618
19.638,19.638,0.056,0.026,19.674,19.618
19.641,19.641,0.056,0.024,19.674,19.618
19.664,19.664,0.057,0.024,19.687,19.63
19.646,19.646,0.067,0.03,19.687,19.62
19.664,19.664,0.067,0.031,19.687,19.62
19.646,19.646,0.066,0.029,19.686,19.62
19.64,19.64,0.084,0.035,19.686,19.602
19.625,19.625,0.039,0.017,19.641,19.602
19.642,19.642,0.08,0.033,19.682,19.602
19.644,19.644,0.073,0.03,19.682,19.609
19.66,19.66,0.081,0.036,19.69,19.609
19.647,19.647,0.081,0.033,19.69,19.609
19.674,19.674,0.049,0.023,19.69,19.641
19.677,19.677,0.06,0.026,19.701,19.641
19.696,19.696,0.011,0.005,19.701,19.69
19.698,19.698,0.006,0.002,19.701,19.695
19.662,19.662,0.104,0.048,19.698,19.594
19.633,19.633,0.101,0.044,19.695,19.594
19.631,19.631,0.097,0.043,19.691,19.594
19.636,19.636,0.082,0.039,19.691,19.609
19.663,19.663,0.082,0.038,19.691,19.609
19.641,19.641,0.081,0.035,19.69,19.609
19.638,19.638,0.089,0.038,19.69,19.601
19.635,19.635,0.078,0.033,19.679,19.601
19.638,19.638,0.078,0.032,19.679,19.601
19.636,19.636,0.082,0.034,19.679,19.597
19.613,19.613,0.036,0.015,19.633,19.597
19.606,19.606,0.015,0.006,19.612,19.597
19.631,19.631,0.064,0.029,19.672,19.608
19.631,19.631,0.062,0.029,19.672,19.61
19.627,19.627,0.074,0.032,19.672,19.598
19.63,19.63,0.083,0.037,19.681,19.598
19.631,19.631,0.083,0.036,19.681,19.598
19.639,19.639,0.068,0.03,19.681,19.613
19.616,19.616,0.009,0.004,19.622,19.613
19.634,19.634,0.053,0.023,19.667,19.614
19.628,19.628,0.065,0.028,19.667,19.602
19.624,19.624,0.065,0.03,19.667,19.602
19.6,19.6,0.008,0.004,19.603,19.595
19.596,19.596,0.013,0.005,19.603,19.59
19.619,19.619,0.083,0.038,19.673,19.59
19.616,19.616,0.089,0.041,19.673,19.584
19.619,19.619,0.089,0.039,19.673,19.584
19.6,19.6,0.034,0.014,19.618,19.584
19.629,19.629,0.072,0.03,19.671,19.599
19.664,19.664,0.084,0.035,19.702,19.618
19.661,19.661,0.092,0.038,19.702,19.61
19.687,19.687,0.14,0.058,19.75,19.61
19.65,19.65,0.161,0.071,19.75,19.589
19.639,19.639,0.173,0.079,19.75,19.577
19.59,19.59,0.026,0.011,19.603,19.577
19.584,19.584,0.031,0.014,19.603,19.572
19.594,19.594,0.035,0.016,19.607,19.572
19.595,19.595,0.035,0.016,19.607,19.572
19.609,19.609,0.011,0.005,19.616,19.605
19.61,19.61,0.011,0.005,19.616,19.605
19.614,19.614,0.007,0.003,19.616,19.609
19.617,19.617,0.018,0.007,19.627,19.609
19.614,19.614,0.029,0.012,19.627,19.598
19.608,19.608,0.029,0.013,19.627,19.598
19.596,19.596,0.009,0.004,19.6,19.591
19.599,19.599,0.016,0.007,19.607,19.591
19.612,19.612,0.046,0.019,19.637,19.591
19.627,19.627,0.031,0.014,19.638,19.607
19.645,19.645,0.024,0.011,19.661,19.637
19.663,19.663,0.053,0.022,19.691,19.638
19.651,19.651,0.09,0.037,19.691,19.601
19.673,19.673,0.126,0.053,19.727,19.601
19.646,19.646,0.126,0.057,19.727,19.601
19.655,19.655,0.117,0.052,19.727,19.61
19.635,19.635,0.057,0.024,19.667,19.61
19.632,19.632,0.066,0.027,19.667,19.601
19.649,19.649,0.079,0.035,19.68,19.601
19.66,19.66,0.099,0.043,19.7,19.601
19.668,19.668,0.077,0.033,19.7,19.623
19.648,19.648,0.079,0.037,19.7,19.621
19.621,19.621,0.005,0.002,19.623,19.618
19.643,19.643,0.071,0.033,19.689,19.618
19.644,19.644,0.071,0.032,19.689,19.618
19.648,19.648,0.064,0.029,19.689,19.625
19.618,19.618,0.033,0.014,19.631,19.598
19.651,19.651,0.127,0.054,19.725,19.598
19.675,19.675,0.127,0.055,19.725,19.598
19.682,19.682,0.104,0.044,19.725,19.621
19.649,19.649,0.08,0.037,19.701,19.621
19.622,19.622,0.004,0.002,19.624,19.62
19.616,19.616,0.02,0.009,19.624,19.604
19.611,19.611,0.016,0.007,19.62,19.604
19.613,19.613,0.022,0.009,19.626,19.604
19.65,19.65,0.107,0.047,19.716,19.609
19.683,19.683,0.09,0.041,19.716,19.626
19.685,19.685,0.086,0.039,19.716,19.63
19.678,19.678,0.078,0.034,19.708,19.63
19.654,19.654,0.066,0.03,19.696,19.63
19.679,19.679,0.069,0.031,19.705,19.636
19.677,19.677,0.069,0.03,19.705,19.636
19.667,19.667,0.098,0.043,19.705,19.607
19.671,19.671,0.109,0.046,19.716,19.607
19.651,19.651,0.109,0.047,19.716,19.607
19.633,19.633,0.163,0.067,19.716,19.553
19.63,19.63,0.156,0.064,19.709,19.553
19.623,19.623,0.156,0.065,19.709,19.553
19.673,19.673,0.101,0.046,19.709,19.608
19.646,19.646,0.093,0.04,19.701,19.608
19.669,19.669,0.073,0.03,19.701,19.628
19.633,19.633,0.082,0.034,19.677,19.595
19.607,19.607,0.127,0.053,19.677,19.55
19.619,19.619,0.162,0.068,19.712,19.55
19.654,19.654,0.162,0.074,19.712,19.55
19.673,19.673,0.105,0.047,19.712,19.607
19.631,19.631,0.117,0.051,19.701,19.584
19.615,19.615,0.07,0.029,19.654,19.584
19.65,19.65,0.127,0.052,19.711,19.584
19.655,19.655,0.111,0.045,19.711,19.6
19.636,19.636,0.115,0.053,19.711,19.596
19.612,19.612,0.044,0.02,19.64,19.596
19.586,19.586,0.117,0.048,19.64,19.523
19.612,19.612,0.15,0.064,19.673,19.523
19.625,19.625,0.156,0.072,19.679,19.523
19.634,19.634,0.129,0.059,19.679,19.55
19.624,19.624,0.129,0.054,19.679,19.55
19.612,19.612,0.094,0.044,19.644,19.55
19.663,19.663,0.064,0.029,19.705,19.641
19.652,19.652,0.095,0.04,19.705,19.61
19.646,19.646,0.095,0.042,19.705,19.61
19.64,19.64,0.078,0.034,19.688,19.61
19.671,19.671,0.079,0.034,19.702,19.623
19.674,19.674,0.069,0.03,19.702,19.633
19.676,19.676,0.069,0.031,19.702,19.633
19.649,19.649,0.073,0.032,19.693,19.62
19.647,19.647,0.073,0.033,19.693,19.62
19.655,19.655,0.098,0.044,19.718,19.62
19.662,19.662,0.09,0.04,19.718,19.628
19.661,19.661,0.093,0.041,19.718,19.625
19.615,19.615,0.063,0.027,19.641,19.578
19.61,19.61,0.05,0.023,19.628,19.578
19.607,19.607,0.05,0.021,19.628,19.578
19.621,19.621,0.014,0.006,19.628,19.614
19.649,19.649,0.098,0.044,19.712,19.614
19.654,19.654,0.09,0.041,19.712,19.622
19.653,19.653,0.093,0.042,19.712,19.619
19.648,19.648,0.077,0.034,19.696,19.619
19.669,19.669,0.077,0.035,19.696,19.619
19.687,19.687,0.024,0.01,19.696,19.672
19.693,19.693,0.043,0.018,19.715,19.672
19.7,19.7,0.043,0.02,19.715,19.672
19.714,19.714,0.002,0.001,19.715,19.713
19.718,19.718,0.014,0.006,19.727,19.713
19.7,19.7,0.067,0.029,19.727,19.66
19.699,19.699,0.067,0.028,19.727,19.66
19.657,19.657,0.108,0.044,19.709,19.601
19.675,19.675,0.115,0.053,19.716,19.601
19.631,19.631,0.14,0.061,19.716,19.576
19.671,19.671,0.146,0.067,19.722,19.576
19.666,19.666,0.146,0.064,19.722,19.576
19.708,19.708,0.022,0.01,19.722,19.7
19.679,19.679,0.068,0.032,19.702,19.634
19.658,19.658,0.068,0.031,19.702,19.634
19.658,19.658,0.07,0.032,19.704,19.634
19.657,19.657,0.074,0.033,19.704,19.63
19.66,19.66,0.074,0.032,19.704,19.63
19.632,19.632,0.027,0.011,19.647,19.62
19.634,19.634,0.027,0.011,19.647,19.62
19.656,19.656,0.094,0.041,19.714,19.62
19.664,19.664,0.08,0.035,19.714,19.634
19.663,19.663,0.084,0.037,19.714,19.63
19.667,19.667,0.097,0.043,19.727,19.63
19.696,19.696,0.102,0.047,19.732,19.63
19.697,19.697,0.1,0.046,19.732,19.632
19.668,19.668,0.1,0.045,19.732,19.632
19.631,19.631,0.022,0.009,19.641,19.619
19.661,19.661,0.104,0.045,19.723,19.619
19.682,19.682,0.104,0.045,19.723,19.619
19.67,19.67,0.141,0.063,19.723,19.582
19.669,19.669,0.139,0.062,19.721,19.582
19.641,19.641,0.139,0.059,19.721,19.582
19.687,19.687,0.101,0.047,19.721,19.62
19.656,19.656,0.099,0.045,19.719,19.62
19.668,19.668,0.09,0.038,19.719,19.629
19.66,19.66,0.065,0.027,19.694,19.629
19.653,19.653,0.086,0.035,19.694,19.608
19.674,19.674,0.112,0.048,19.72,19.608
19.676,19.676,0.112,0.049,19.72,19.608
19.673,19.673,0.12,0.052,19.72,19.6
19.671,19.671,0.112,0.05,19.712,19.6
19.688,19.688,0.151,0.064,19.751,19.6
19.718,19.718,0.061,0.025,19.751,19.69
19.698,19.698,0.099,0.041,19.751,19.652
19.679,19.679,0.044,0.019,19.696,19.652
19.687,19.687,0.06,0.025,19.712,19.652
19.67,19.67,0.111,0.049,19.712,19.601
19.649,19.649,0.111,0.046,19.712,19.601
19.625,19.625,0.037,0.017,19.638,19.601
19.658,19.658,0.067,0.031,19.702,19.635
19.659,19.659,0.064,0.03,19.702,19.638
19.677,19.677,0.064,0.028,19.702,19.638
19.654,19.654,0.059,0.027,19.692,19.633
19.682,19.682,0.087,0.036,19.72,19.633
19.68,19.68,0.087,0.036,19.72,19.633
19.676,19.676,0.099,0.041,19.72,19.621
19.645,19.645,0.066,0.03,19.687,19.621
19.651,19.651,0.085,0.039,19.706,19.621
19.652,19.652,0.083,0.038,19.706,19.623
19.661,19.661,0.083,0.034,19.706,19.623
19.659,19.659,0.075,0.031,19.698,19.623
19.664,19.664,0.059,0.025,19.698,19.639
19.66,19.66,0.059,0.027,19.698,19.639
19.647,19.647,0.019,0.008,19.658,19.639
19.64,19.64,0.038,0.016,19.658,19.62
19.657,19.657,0.074,0.03,19.694,19.62
19.628,19.628,0.123,0.051,19.694,19.571
19.617,19.617,0.123,0.055,19.694,19.571
19.601,19.601,0.075,0.032,19.646,19.571
19.634,19.634,0.083,0.035,19.669,19.586
19.669,19.669,0.045,0.018,19.691,19.646
19.693,19.693,0.05,0.02,19.719,19.669
19.684,19.684,0.077,0.032,19.719,19.642
19.68,19.68,0.077,0.031,19.719,19.642
19.656,19.656,0.037,0.017,19.679,19.642
19.66,19.66,0.033,0.014,19.679,19.646
19.633,19.633,0.055,0.024,19.654,19.599
19.65,19.65,0.098,0.04,19.697,19.599
19.663,19.663,0.098,0.045,19.697,19.599
19.676,19.676,0.059,0.027,19.697,19.638
19.659,19.659,0.055,0.024,19.693,19.638
19.667,19.667,0.078,0.035,19.716,19.638
19.667,19.667,0.077,0.035,19.716,19.639
19.687,19.687,0.077,0.034,19.716,19.639
19.68,19.68,0.068,0.029,19.707,19.639
19.665,19.665,0.111,0.049,19.707,19.596
19.66,19.66,0.097,0.045,19.693,19.596
19.621,19.621,0.114,0.05,19.69,19.576
19.631,19.631,0.114,0.047,19.69,19.576
19.638,19.638,0.133,0.055,19.709,19.576
19.647,19.647,0.105,0.045,19.709,19.604
19.63,19.63,0.132,0.057,19.709,19.577
19.595,19.595,0.027,0.012,19.604,19.577
19.626,19.626,0.121,0.052,19.698,19.577
19.676,19.676,0.124,0.053,19.727,19.603
19.663,19.663,0.164,0.071,19.727,19.563
19.646,19.646,0.164,0.067,19.727,19.563
19.63,19.63,0.116,0.049,19.679,19.563
19.662,19.662,0.03,0.013,19.679,19.649
19.665,19.665,0.022,0.01,19.679,19.657
19.639,19.639,0.055,0.026,19.658,19.603
19.629,19.629,0.054,0.022,19.657,19.603
19.631,19.631,0.06,0.025,19.663,19.603
19.646,19.646,0.037,0.015,19.663,19.626
19.655,19.655,0.013,0.006,19.663,19.65
19.672,19.672,0.064,0.03,19.714,19.65
19.671,19.671,0.067,0.031,19.714,19.647
19.674,19.674,0.067,0.029,19.714,19.647
19.653,19.653,0.015,0.007,19.662,19.647
19.661,19.661,0.023,0.009,19.672,19.649
19.639,19.639,0.077,0.032,19.672,19.595
19.633,19.633,0.077,0.031,19.672,19.595
19.629,19.629,0.066,0.027,19.661,19.595
19.631,19.631,0.06,0.024,19.661,19.601
19.647,19.647,0.078,0.033,19.679,19.601
19.637,19.637,0.078,0.032,19.679,19.601
19.662,19.662,0.047,0.021,19.679,19.632
19.664,19.664,0.054,0.023,19.686,19.632
19.677,19.677,0.017,0.007,19.686,19.669
19.689,19.689,0.044,0.018,19.713,19.669
19.673,19.673,0.075,0.031,19.713,19.638
19.689,19.689,0.077,0.036,19.715,19.638
19.689,19.689,0.077,0.036,19.715,19.638
19.716,19.716,0.007,0.003,19.72,19.713
19.714,19.714,0.012,0.005,19.72,19.708
19.685,19.685,0.093,0.041,19.72,19.627
19.696,19.696,0.125,0.052,19.752,19.627
19.71,19.71,0.125,0.059,19.752,19.627
19.692,19.692,0.18,0.085,19.752,19.572
19.657,19.657,0.18,0.074,19.752,19.572
19.654,19.654,0.17,0.07,19.742,19.572
19.707,19.707,0.094,0.042,19.742,19.648
19.731,19.731,0.024,0.01,19.742,19.718
19.702,19.702,0.076,0.033,19.732,19.656
19.696,19.696,0.062,0.028,19.718,19.656
19.649,19.649,0.134,0.055,19.713,19.579
19.625,19.625,0.134,0.062,19.713,19.579
19.628,19.628,0.145,0.068,19.724,19.579
19.642,19.642,0.142,0.06,19.724,19.582
19.641,19.641,0.145,0.061,19.724,19.579
19.652,19.652,0.179,0.077,19.758,19.579
19.653,19.653,0.179,0.076,19.758,19.579
19.659,19.659,0.16,0.07,19.758,19.598
19.632,19.632,0.079,0.033,19.677,19.598
19.644,19.644,0.079,0.033,19.677,19.598
19.651,19.651,0.058,0.024,19.677,19.619
19.658,19.658,0.08,0.033,19.699,19.619
19.676,19.676,0.09,0.04,19.709,19.619
19.696,19.696,0.03,0.012,19.709,19.679
19.706,19.706,0.05,0.021,19.729,19.679
19.716,19.716,0.06,0.026,19.739,19.679
19.682,19.682,0.162,0.074,19.739,19.577
19.639,19.639,0.162,0.071,19.739,19.577
19.584,19.584,0.026,0.012,19.601,19.575
19.626,19.626,0.127,0.055,19.702,19.575
19.629,19.629,0.127,0.053,19.702,19.575
19.642,19.642,0.091,0.042,19.702,19.611
19.634,19.634,0.067,0.031,19.678,19.611
19.67,19.67,0.104,0.043,19.718,19.614
19.662,19.662,0.129,0.054,19.718,19.589
19.644,19.644,0.129,0.054,19.718,19.589
19.646,19.646,0.135,0.057,19.724,19.589
19.674,19.674,0.1,0.041,19.724,19.624
19.709,19.709,0.052,0.024,19.727,19.675
19.685,19.685,0.075,0.031,19.727,19.652
19.708,19.708,0.093,0.04,19.745,19.652
19.687,19.687,0.093,0.041,19.745,19.652
19.669,19.669,0.147,0.06,19.745,19.598
19.662,19.662,0.127,0.052,19.725,19.598
19.638,19.638,0.135,0.062,19.725,19.59
19.649,19.649,0.135,0.056,19.725,19.59
19.607,19.607,0.043,0.019,19.633,19.59
19.611,19.611,0.035,0.016,19.633,19.598
19.642,19.642,0.13,0.061,19.728,19.598
19.639,19.639,0.14,0.063,19.728,19.588
19.681,19.681,0.14,0.066,19.728,19.588
19.66,19.66,0.14,0.057,19.728,19.588
19.665,19.665,0.124,0.051,19.728,19.604
19.632,19.632,0.059,0.024,19.663,19.604
19.63,19.63,0.053,0.022,19.657,19.604
19.63,19.63,0.053,0.022,19.657,19.604
19.636,19.636,0.053,0.023,19.657,19.604
19.624,19.624,0.044,0.018,19.648,19.604
19.63,19.63,0.028,0.013,19.648,19.62
19.609,19.609,0.037,0.017,19.622,19.585
19.613,19.613,0.046,0.02,19.631,19.585
19.65,19.65,0.149,0.062,19.734,19.585
19.67,19.67,0.103,0.046,19.734,19.631
19.657,19.657,0.141,0.058,19.734,19.593
19.632,19.632,0.067,0.029,19.66,19.593
19.622,19.622,0.067,0.028,19.66,19.593
19.638,19.638,0.047,0.019,19.66,19.613
19.64,19.64,0.052,0.021,19.665,19.613
19.668,19.668,0.054,0.022,19.696,19.642
19.647,19.647,0.116,0.049,19.696,19.58
19.633,19.633,0.116,0.048,19.696,19.58
19.602,19.602,0.043,0.018,19.623,19.58
19.648,19.648,0.114,0.05,19.717,19.603
19.639,19.639,0.12,0.055,19.717,19.597
19.634,19.634,0.129,0.059,19.717,19.588
19.598,19.598,0.02,0.008,19.608,19.588
19.6,19.6,0.02,0.008,19.608,19.588
19.596,19.596,0.03,0.013,19.608,19.578
19.591,19.591,0.025,0.01,19.603,19.578
19.594,19.594,0.033,0.014,19.611,19.578
19.646,19.646,0.144,0.064,19.736,19.592
19.681,19.681,0.125,0.052,19.736,19.611
19.683,19.683,0.12,0.05,19.736,19.616
19.667,19.667,0.08,0.036,19.696,19.616
19.659,19.659,0.074,0.031,19.69,19.616
19.709,19.709,0.096,0.042,19.767,19.671
19.702,19.702,0.099,0.046,19.767,19.668
19.677,19.677,0.17,0.07,19.767,19.597
19.621,19.621,0.071,0.033,19.668,19.597
19.625,19.625,0.085,0.04,19.682,19.597
19.63,19.63,0.085,0.037,19.682,19.597
19.638,19.638,0.072,0.031,19.682,19.61
19.661,19.661,0.142,0.064,19.752,19.61
19.662,19.662,0.14,0.064,19.752,19.612
19.686,19.686,0.14,0.057,19.752,19.612
19.638,19.638,0.084,0.039,19.693,19.609
19.66,19.66,0.084,0.037,19.693,19.609
19.656,19.656,0.071,0.033,19.68,19.609
19.663,19.663,0.05,0.023,19.68,19.63
19.639,19.639,0.073,0.03,19.68,19.607
19.634,19.634,0.058,0.024,19.665,19.607
19.629,19.629,0.058,0.025,19.665,19.607
19.661,19.661,0.087,0.036,19.703,19.616
19.673,19.673,0.087,0.041,19.703,19.616
19.667,19.667,0.107,0.05,19.703,19.596
19.651,19.651,0.105,0.043,19.701,19.596
19.645,19.645,0.085,0.036,19.681,19.596
19.641,19.641,0.097,0.041,19.681,19.584
19.652,19.652,0.107,0.048,19.691,19.584
19.632,19.632,0.107,0.044,19.691,19.584
19.673,19.673,0.084,0.037,19.706,19.622
19.674,19.674,0.084,0.037,19.706,19.622
19.67,19.67,0.096,0.043,19.706,19.61
19.684,19.684,0.139,0.057,19.749,19.61
19.658,19.658,0.139,0.064,19.749,19.61
19.685,19.685,0.134,0.055,19.749,19.615
19.668,19.668,0.085,0.038,19.7,19.615
19.693,19.693,0.01,0.005,19.7,19.69
19.664,19.664,0.097,0.044,19.7,19.603
19.663,19.663,0.094,0.043,19.697,19.603
19.668,19.668,0.101,0.046,19.704,19.603
19.715,19.715,0.046,0.02,19.743,19.697
19.682,19.682,0.144,0.061,19.743,19.599
19.673,19.673,0.144,0.059,19.743,19.599
19.636,19.636,0.077,0.032,19.676,19.599
19.64,19.64,0.066,0.027,19.676,19.61
19.658,19.658,0.122,0.053,19.732,19.61
19.683,19.683,0.122,0.052,19.732,19.61
19.686,19.686,0.112,0.048,19.732,19.62
19.672,19.672,0.086,0.037,19.706,19.62
19.648,19.648,0.069,0.03,19.689,19.62
19.693,19.693,0.123,0.05,19.757,19.634
19.695,19.695,0.123,0.05,19.757,19.634
19.683,19.683,0.16,0.066,19.757,19.597
19.655,19.655,0.098,0.042,19.695,19.597
19.669,19.669,0.139,0.057,19.736,19.597
19.698,19.698,0.062,0.027,19.736,19.674
19.685,19.685,0.101,0.041,19.736,19.635
19.676,19.676,0.076,0.031,19.711,19.635
19.679,19.679,0.076,0.032,19.711,19.635
19.692,19.692,0.037,0.015,19.711,19.674
19.652,19.652,0.1,0.044,19.691,19.591
19.646,19.646,0.083,0.039,19.674,19.591
19.651,19.651,0.098,0.043,19.689,19.591
19.664,19.664,0.059,0.025,19.689,19.63
19.655,19.655,0.059,0.025,19.689,19.63
19.655,19.655,0.06,0.025,19.69,19.63
19.648,19.648,0.081,0.033,19.69,19.609
19.647,19.647,0.081,0.033,19.69,19.609
19.621,19.621,0.032,0.014,19.641,19.609
19.636,19.636,0.04,0.017,19.653,19.613
19.628,19.628,0.04,0.018,19.653,19.613
19.65,19.65,0.06,0.025,19.678,19.618
19.642,19.642,0.06,0.026,19.678,19.618
19.67,19.67,0.075,0.031,19.704,19.629
19.673,19.673,0.075,0.032,19.704,19.629
19.687,19.687,0.035,0.014,19.704,19.669
19.676,19.676,0.018,0.008,19.687,19.669
19.671,19.671,0.003,0.001,19.672,19.669
19.667,19.667,0.015,0.007,19.672,19.657
19.672,19.672,0.03,0.012,19.687,19.657
19.708,19.708,0.122,0.052,19.779,19.657
19.712,19.712,0.108,0.048,19.779,19.671
19.696,19.696,0.14,0.06,19.779,19.639
19.66,19.66,0.032,0.015,19.671,19.639
19.663,19.663,0.043,0.018,19.682,19.639
19.682,19.682,0.026,0.011,19.695,19.669
19.663,19.663,0.084,0.037,19.695,19.611
19.679,19.679,0.121,0.051,19.732,19.611
19.661,19.661,0.121,0.051,19.732,19.611
19.703,19.703,0.094,0.044,19.735,19.641
19.702,19.702,0.094,0.043,19.735,19.641
19.715,19.715,0.055,0.025,19.735,19.68
19.7,19.7,0.049,0.021,19.729,19.68
19.688,19.688,0.013,0.006,19.693,19.68
19.694,19.694,0.008,0.003,19.698,19.69
19.674,19.674,0.068,0.031,19.698,19.63
19.658,19.658,0.068,0.029,19.698,19.63
19.657,19.657,0.064,0.027,19.694,19.63
19.67,19.67,0.048,0.02,19.694,19.646
19.682,19.682,0.023,0.009,19.694,19.671
19.656,19.656,0.067,0.029,19.682,19.615
19.653,19.653,0.067,0.028,19.682,19.615
19.657,19.657,0.08,0.033,19.695,19.615
19.657,19.657,0.081,0.033,19.695,19.614
19.65,19.65,0.081,0.034,19.695,19.614
19.615,19.615,0.053,0.022,19.642,19.589
19.623,19.623,0.053,0.024,19.642,19.589
19.627,19.627,0.067,0.028,19.656,19.589
19.633,19.633,0.049,0.02,19.656,19.607
19.622,19.622,0.053,0.024,19.656,19.603
19.614,19.614,0.028,0.012,19.631,19.603
19.614,19.614,0.028,0.012,19.631,19.603
19.665,19.665,0.151,0.066,19.758,19.607
19.653,19.653,0.163,0.074,19.758,19.595
19.661,19.661,0.163,0.07,19.758,19.595
19.63,19.63,0.071,0.029,19.666,19.595
19.654,19.654,0.036,0.017,19.666,19.63
19.645,19.645,0.062,0.029,19.666,19.604
19.648,19.648,0.069,0.031,19.673,19.604
19.649,19.649,0.069,0.032,19.673,19.604
19.642,19.642,0.09,0.042,19.673,19.583
19.637,19.637,0.087,0.038,19.67,19.583
19.645,19.645,0.111,0.046,19.694,19.583
19.688,19.688,0.055,0.023,19.713,19.658
19.683,19.683,0.071,0.03,19.713,19.642
19.666,19.666,0.071,0.033,19.713,19.642
19.672,19.672,0.088,0.041,19.73,19.642
19.66,19.66,0.125,0.052,19.73,19.605
19.635,19.635,0.16,0.069,19.73,19.57
19.616,19.616,0.103,0.043,19.673,19.57
19.63,19.63,0.103,0.044,19.673,19.57
19.642,19.642,0.066,0.027,19.673,19.607
19.661,19.661,0.124,0.052,19.731,19.607
19.652,19.652,0.124,0.056,19.731,19.607
19.659,19.659,0.113,0.051,19.731,19.618
19.671,19.671,0.15,0.068,19.768,19.618
19.676,19.676,0.14,0.065,19.768,19.628
19.695,19.695,0.135,0.056,19.768,19.633
19.655,19.655,0.051,0.021,19.684,19.633
19.648,19.648,0.073,0.03,19.684,19.611
19.633,19.633,0.037,0.016,19.648,19.611
19.617,19.617,0.041,0.017,19.64,19.599
19.625,19.625,0.041,0.018,19.64,19.599
19.634,19.634,0.069,0.028,19.668,19.599
19.655,19.655,0.033,0.015,19.668,19.635
19.647,19.647,0.059,0.027,19.668,19.609
19.639,19.639,0.054,0.023,19.663,19.609
19.629,19.629,0.037,0.015,19.646,19.609
19.643,19.643,0.017,0.007,19.65,19.633
19.624,19.624,0.06,0.025,19.65,19.59
19.639,19.639,0.087,0.036,19.677,19.59
19.617,19.617,0.092,0.042,19.677,19.585
19.639,19.639,0.092,0.039,19.677,19.585
19.628,19.628,0.069,0.031,19.654,19.585
19.647,19.647,0.012,0.005,19.654,19.642
19.645,19.645,0.005,0.002,19.647,19.642
19.659,19.659,0.047,0.021,19.689,19.642
19.692,19.692,0.092,0.038,19.739,19.647
19.698,19.698,0.074,0.031,19.739,19.665
19.661,19.661,0.159,0.065,19.739,19.58
19.63,19.63,0.085,0.036,19.665,19.58
19.627,19.627,0.076,0.034,19.656,19.58
19.645,19.645,0.024,0.01,19.656,19.632
19.632,19.632,0.049,0.02,19.656,19.607
19.635,19.635,0.06,0.025,19.667,19.607
19.632,19.632,0.06,0.025,19.667,19.607
19.656,19.656,0.058,0.025,19.68,19.622
19.653,19.653,0.058,0.024,19.68,19.622
19.667,19.667,0.024,0.01,19.68,19.656
19.654,19.654,0.021,0.009,19.664,19.643
19.651,19.651,0.021,0.009,19.664,19.643
19.644,19.644,0.002,0.001,19.645,19.643
19.628,19.628,0.048,0.022,19.645,19.597
19.612,19.612,0.046,0.022,19.643,19.597
19.62,19.62,0.068,0.032,19.665,19.597
19.656,19.656,0.108,0.045,19.705,19.597
19.674,19.674,0.052,0.022,19.705,19.653
19.692,19.692,0.066,0.028,19.719,19.653
19.669,19.669,0.084,0.036,19.719,19.635
19.659,19.659,0.096,0.043,19.719,19.623
19.636,19.636,0.027,0.011,19.65,19.623
19.639,19.639,0.027,0.012,19.65,19.623
19.637,19.637,0.032,0.014,19.65,19.618
19.63,19.63,0.026,0.011,19.644,19.618
19.615,19.615,0.03,0.012,19.629,19.599
19.631,19.631,0.066,0.027,19.665,19.599
19.643,19.643,0.067,0.031,19.666,19.599
19.659,19.659,0.02,0.009,19.666,19.646
19.656,19.656,0.02,0.008,19.666,19.646
19.633,19.633,0.058,0.025,19.655,19.597
19.638,19.638,0.064,0.029,19.661,19.597
19.631,19.631,0.064,0.026,19.661,19.597
19.652,19.652,0.025,0.011,19.661,19.636
19.656,19.656,0.038,0.016,19.674,19.636
19.664,19.664,0.015,0.007,19.674,19.659
19.665,19.665,0.015,0.006,19.674,19.659
19.66,19.66,0.003,0.001,19.662,19.659
19.655,19.655,0.018,0.008,19.662,19.644
19.652,19.652,0.015,0.006,19.659,19.644
19.655,19.655,0.024,0.01,19.668,19.644
19.634,19.634,0.087,0.038,19.668,19.581
19.637,19.637,0.087,0.039,19.668,19.581
19.632,19.632,0.08,0.036,19.661,19.581
19.652,19.652,0.02,0.008,19.661,19.641
19.653,19.653,0.025,0.01,19.666,19.641
19.63,19.63,0.082,0.034,19.666,19.584
19.633,19.633,0.082,0.035,19.666,19.584
19.584,19.584,0.132,0.054,19.65,19.518
19.598,19.598,0.132,0.057,19.65,19.518
19.596,19.596,0.125,0.055,19.643,19.518
19.641,19.641,0.027,0.011,19.653,19.626
19.627,19.627,0.067,0.03,19.653,19.586
19.628,19.628,0.067,0.03,19.653,19.586
19.628,19.628,0.066,0.03,19.652,19.586
19.651,19.651,0.008,0.003,19.654,19.646
19.655,19.655,0.006,0.002,19.658,19.652
19.655,19.655,0.005,0.002,19.658,19.653
19.651,19.651,0.017,0.007,19.658,19.641
19.646,19.646,0.012,0.005,19.653,19.641
19.617,19.617,0.08,0.037,19.645,19.565
19.624,19.624,0.096,0.042,19.661,19.565
19.627,19.627,0.096,0.044,19.661,19.565
19.657,19.657,0.007,0.003,19.661,19.654
19.626,19.626,0.087,0.041,19.656,19.569
19.632,19.632,0.104,0.045,19.673,19.569
19.631,19.631,0.104,0.045,19.673,19.569
19.634,19.634,0.094,0.04,19.673,19.579
19.629,19.629,0.078,0.035,19.657,19.579
19.599,19.599,0.095,0.041,19.657,19.562
19.617,19.617,0.095,0.04,19.657,19.562
19.609,19.609,0.071,0.033,19.633,19.562
19.638,19.638,0.014,0.007,19.647,19.633
19.647,19.647,0.027,0.011,19.66,19.633
19.632,19.632,0.07,0.03,19.66,19.59
19.609,19.609,0.083,0.036,19.66,19.577
19.607,19.607,0.077,0.034,19.654,19.577
19.623,19.623,0.077,0.033,19.654,19.577
19.639,19.639,0.028,0.012,19.654,19.626
19.629,19.629,0.013,0.006,19.637,19.624
19.632,19.632,0.022,0.01,19.646,19.624
19.645,19.645,0.042,0.017,19.666,19.624
19.65,19.65,0.027,0.011,19.666,19.639
19.625,19.625,0.095,0.04,19.666,19.571
19.618,19.618,0.072,0.033,19.643,19.571
19.617,19.617,0.072,0.032,19.643,19.571
19.647,19.647,0.026,0.011,19.662,19.636
19.648,19.648,0.026,0.011,19.662,19.636
19.652,19.652,0.016,0.007,19.662,19.646
19.645,19.645,0.008,0.003,19.648,19.64
19.637,19.637,0.025,0.01,19.648,19.623
19.637,19.637,0.026,0.011,19.649,19.623
19.641,19.641,0.028,0.013,19.651,19.623
19.646,19.646,0.013,0.006,19.651,19.638
19.652,19.652,0.029,0.012,19.667,19.638
19.653,19.653,0.029,0.012,19.667,19.638
19.654,19.654,0.026,0.011,19.667,19.641
19.654,19.654,0.025,0.01,19.666,19.641
19.66,19.66,0.032,0.014,19.673,19.641
19.672,19.672,0.012,0.005,19.678,19.666
19.647,19.647,0.089,0.041,19.678,19.589
19.643,19.643,0.089,0.039,19.678,19.589
19.631,19.631,0.073,0.031,19.662,19.589
19.648,19.648,0.022,0.01,19.662,19.64
19.645,19.645,0.014,0.006,19.654,19.64
19.648,19.648,0.014,0.006,19.654,19.64
19.677,19.677,0.076,0.035,19.726,19.65
19.671,19.671,0.089,0.039,19.726,19.637
19.667,19.667,0.089,0.042,19.726,19.637
19.636,19.636,0.004,0.002,19.638,19.634
19.636,19.636,0.004,0.002,19.638,19.634
19.626,19.626,0.031,0.014,19.637,19.606
19.634,19.634,0.054,0.022,19.66,19.606
19.647,19.647,0.069,0.03,19.675,19.606
19.631,19.631,0.118,0.052,19.675,19.557
19.642,19.642,0.136,0.06,19.693,19.557
19.634,19.634,0.136,0.057,19.693,19.557
19.683,19.683,0.052,0.022,19.704,19.652
19.642,19.642,0.135,0.056,19.704,19.569
19.628,19.628,0.135,0.057,19.704,19.569
19.609,19.609,0.079,0.032,19.648,19.569
19.631,19.631,0.038,0.016,19.648,19.61
19.636,19.636,0.024,0.01,19.648,19.624
19.626,19.626,0.018,0.007,19.636,19.618
19.622,19.622,0.007,0.003,19.625,19.618
19.625,19.625,0.014,0.006,19.632,19.618
19.657,19.657,0.088,0.04,19.713,19.625
19.657,19.657,0.086,0.039,19.713,19.627
19.657,19.657,0.086,0.04,19.713,19.627
19.621,19.621,0.026,0.011,19.631,19.605
19.625,19.625,0.033,0.014,19.638,19.605
19.626,19.626,0.033,0.015,19.638,19.605
19.628,19.628,0.027,0.012,19.638,19.611
19.627,19.627,0.025,0.011,19.636,19.611
19.624,19.624,0.022,0.009,19.633,19.611
19.631,19.631,0.005,0.002,19.633,19.628
19.627,19.627,0.012,0.005,19.632,19.62
19.631,19.631,0.021,0.009,19.641,19.62
19.622,19.622,0.036,0.015,19.641,19.605
19.617,19.617,0.036,0.017,19.641,19.605
19.615,19.615,0.028,0.013,19.633,19.605
19.62,19.62,0.027,0.011,19.633,19.606
19.629,19.629,0.013,0.006,19.633,19.62
19.646,19.646,0.065,0.028,19.685,19.62
19.65,19.65,0.054,0.025,19.685,19.631
19.645,19.645,0.067,0.029,19.685,19.618
19.615,19.615,0.035,0.014,19.631,19.596
19.606,19.606,0.022,0.009,19.618,19.596
19.611,19.611,0.037,0.016,19.633,19.596
19.628,19.628,0.044,0.018,19.647,19.603
19.637,19.637,0.017,0.007,19.647,19.63
19.631,19.631,0.032,0.013,19.647,19.615
19.617,19.617,0.024,0.01,19.63,19.606
19.614,19.614,0.015,0.006,19.621,19.606
19.613,19.613,0.015,0.006,19.621,19.606
19.613,19.613,0.016,0.007,19.621,19.605
19.614,19.614,0.02,0.008,19.625,19.605
19.638,19.638,0.079,0.034,19.684,19.605
19.639,19.639,0.075,0.032,19.684,19.609
19.647,19.647,0.075,0.031,19.684,19.609
19.625,19.625,0.04,0.017,19.649,19.609
19.631,19.631,0.031,0.013,19.649,19.618
19.62,19.62,0.013,0.005,19.627,19.614
19.623,19.623,0.015,0.007,19.629,19.614
19.619,19.619,0.015,0.007,19.629,19.614
19.628,19.628,0.025,0.01,19.64,19.615
19.627,19.627,0.025,0.01,19.64,19.615
19.632,19.632,0.014,0.006,19.64,19.626
19.627,19.627,0.003,0.001,19.629,19.626
19.622,19.622,0.018,0.008,19.629,19.611
19.628,19.628,0.035,0.014,19.646,19.611
19.617,19.617,0.052,0.022,19.646,19.594
19.643,19.643,0.096,0.039,19.69,19.594
19.636,19.636,0.096,0.04,19.69,19.594
19.662,19.662,0.066,0.028,19.69,19.624
19.636,19.636,0.057,0.025,19.671,19.614
19.634,19.634,0.057,0.026,19.671,19.614
19.624,19.624,0.027,0.012,19.641,19.614
19.631,19.631,0.024,0.01,19.641,19.617
19.635,19.635,0.013,0.005,19.641,19.628
19.627,19.627,0.017,0.007,19.635,19.618
19.626,19.626,0.013,0.006,19.631,19.618
19.631,19.631,0.026,0.011,19.644,19.618
19.638,19.638,0.013,0.005,19.644,19.631
19.649,19.649,0.024,0.01,19.664,19.64
19.649,19.649,0.024,0.01,19.664,19.64
19.644,19.644,0.041,0.017,19.664,19.623
19.639,19.639,0.026,0.011,19.649,19.623
19.633,19.633,0.026,0.012,19.649,19.623
19.668,19.668,0.102,0.044,19.728,19.626
19.662,19.662,0.102,0.047,19.728,19.626
19.66,19.66,0.109,0.049,19.728,19.619
19.654,19.654,0.092,0.041,19.711,19.619
19.656,19.656,0.092,0.04,19.711,19.619
19.668,19.668,0.074,0.031,19.711,19.637
19.646,19.646,0.02,0.008,19.657,19.637
19.648,19.648,0.015,0.007,19.657,19.642
19.641,19.641,0.006,0.002,19.644,19.638
19.655,19.655,0.046,0.021,19.684,19.638
19.651,19.651,0.054,0.024,19.684,19.63
19.643,19.643,0.069,0.03,19.684,19.615
19.624,19.624,0.015,0.006,19.63,19.615
19.632,19.632,0.038,0.016,19.653,19.615
19.633,19.633,0.034,0.015,19.653,19.619
19.615,19.615,0.079,0.032,19.653,19.574
19.615,19.615,0.079,0.032,19.653,19.574
19.626,19.626,0.079,0.037,19.653,19.574
19.643,19.643,0.026,0.012,19.653,19.627
19.633,19.633,0.028,0.012,19.65,19.622
19.605,19.605,0.06,0.027,19.627,19.567
19.581,19.581,0.069,0.03,19.622,19.553
19.579,19.579,0.063,0.027,19.616,19.553
19.606,19.606,0.095,0.039,19.648,19.553
19.61,19.61,0.081,0.033,19.648,19.567
19.636,19.636,0.126,0.052,19.693,19.567
19.631,19.631,0.126,0.051,19.693,19.567
19.664,19.664,0.06,0.025,19.693,19.633
19.626,19.626,0.086,0.035,19.666,19.58
19.635,19.635,0.086,0.039,19.666,19.58
19.631,19.631,0.079,0.036,19.659,19.58
19.662,19.662,0.018,0.008,19.672,19.654
19.657,19.657,0.026,0.011,19.672,19.646
19.672,19.672,0.051,0.021,19.697,19.646
19.662,19.662,0.055,0.025,19.697,19.642
19.676,19.676,0.055,0.024,19.697,19.642
19.654,19.654,0.055,0.024,19.688,19.633
19.652,19.652,0.055,0.026,19.688,19.633
19.64,19.64,0.02,0.009,19.653,19.633
19.647,19.647,0.019,0.009,19.653,19.634
19.653,19.653,0.001,0.0,19.653,19.652
19.662,19.662,0.029,0.013,19.681,19.652
19.679,19.679,0.053,0.022,19.705,19.652
19.674,19.674,0.07,0.029,19.705,19.635
19.627,19.627,0.163,0.067,19.705,19.542
19.604,19.604,0.093,0.044,19.635,19.542
19.604,19.604,0.094,0.044,19.636,19.542
19.639,19.639,0.014,0.006,19.648,19.634
19.647,19.647,0.02,0.008,19.656,19.636
19.654,19.654,0.011,0.005,19.659,19.648
19.647,19.647,0.034,0.015,19.659,19.625
19.646,19.646,0.034,0.015,19.659,19.625
19.64,19.64,0.03,0.012,19.655,19.625
19.653,19.653,0.021,0.009,19.662,19.641
19.651,19.651,0.021,0.009,19.662,19.641
19.659,19.659,0.013,0.006,19.664,19.651
19.653,19.653,0.02,0.008,19.664,19.644
19.66,19.66,0.028,0.012,19.672,19.644
19.66,19.66,0.028,0.012,19.672,19.644
19.662,19.662,0.022,0.009,19.672,19.65
19.647,19.647,0.038,0.016,19.665,19.627
19.633,19.633,0.029,0.012,19.65,19.621
19.625,19.625,0.007,0.003,19.628,19.621
19.655,19.655,0.094,0.043,19.715,19.621
19.682,19.682,0.087,0.038,19.715,19.628
19.7,19.7,0.032,0.013,19.715,19.683
19.677,19.677,0.059,0.024,19.703,19.644
19.659,19.659,0.039,0.017,19.683,19.644
19.665,19.665,0.057,0.026,19.701,19.644
19.649,19.649,0.103,0.042,19.701,19.598
19.667,19.667,0.103,0.049,19.701,19.598
19.673,19.673,0.121,0.053,19.719,19.598
19.68,19.68,0.098,0.043,19.719,19.621
19.658,19.658,0.098,0.043,19.719,19.621
19.654,19.654,0.087,0.038,19.708,19.621
19.657,19.657,0.078,0.036,19.708,19.63
19.686,19.686,0.089,0.04,19.719,19.63
19.638,19.638,0.155,0.064,19.719,19.564
19.648,19.648,0.155,0.064,19.719,19.564
19.619,19.619,0.098,0.041,19.662,19.564
19.641,19.641,0.033,0.015,19.662,19.629
19.641,19.641,0.034,0.016,19.663,19.629
19.647,19.647,0.034,0.014,19.663,19.629
19.672,19.672,0.056,0.024,19.704,19.648
19.681,19.681,0.056,0.024,19.704,19.648
19.675,19.675,0.073,0.032,19.704,19.631
19.678,19.678,0.081,0.034,19.712,19.631
19.657,19.657,0.083,0.039,19.712,19.629
19.683,19.683,0.083,0.038,19.712,19.629
19.662,19.662,0.08,0.034,19.709,19.629
19.684,19.684,0.061,0.026,19.709,19.648
19.665,19.665,0.047,0.021,19.695,19.648
19.672,19.672,0.044,0.018,19.695,19.651
19.651,19.651,0.036,0.015,19.669,19.633
19.644,19.644,0.039,0.018,19.669,19.63
19.64,19.64,0.028,0.013,19.658,19.63
19.647,19.647,0.028,0.012,19.658,19.63
19.655,19.655,0.005,0.002,19.658,19.653
19.644,19.644,0.029,0.013,19.654,19.625
19.639,19.639,0.028,0.011,19.653,19.625
19.643,19.643,0.042,0.018,19.667,19.625
19.645,19.645,0.038,0.016,19.667,19.629
19.676,19.676,0.102,0.042,19.731,19.629
19.668,19.668,0.102,0.045,19.731,19.629
19.677,19.677,0.086,0.039,19.731,19.645
19.64,19.64,0.032,0.013,19.654,19.622
19.647,19.647,0.042,0.018,19.664,19.622
19.654,19.654,0.053,0.023,19.675,19.622
19.658,19.658,0.039,0.016,19.675,19.636
19.652,19.652,0.039,0.017,19.675,19.636
19.638,19.638,0.01,0.004,19.644,19.634
19.652,19.652,0.045,0.019,19.679,19.634
19.668,19.668,0.057,0.025,19.691,19.634
19.673,19.673,0.042,0.018,19.691,19.649
19.671,19.671,0.042,0.017,19.691,19.649
19.65,19.65,0.045,0.018,19.673,19.628
19.649,19.649,0.045,0.019,19.673,19.628
19.638,19.638,0.017,0.007,19.645,19.628
19.663,19.663,0.064,0.029,19.704,19.64
19.656,19.656,0.081,0.035,19.704,19.623
19.678,19.678,0.085,0.039,19.708,19.623
19.687,19.687,0.108,0.046,19.731,19.623
19.699,19.699,0.073,0.03,19.731,19.658
19.675,19.675,0.096,0.041,19.731,19.635
19.685,19.685,0.126,0.055,19.761,19.635
19.667,19.667,0.156,0.068,19.761,19.605
19.669,19.669,0.156,0.067,19.761,19.605
19.673,19.673,0.17,0.073,19.775,19.605
19.681,19.681,0.146,0.066,19.775,19.629
19.681,19.681,0.146,0.067,19.775,19.629
19.632,19.632,0.012,0.005,19.639,19.627
19.644,19.644,0.04,0.017,19.667,19.627
19.637,19.637,0.05,0.022,19.667,19.617
19.664,19.664,0.091,0.037,19.708,19.617
19.663,19.663,0.091,0.037,19.708,19.617
19.676,19.676,0.052,0.023,19.708,19.656
19.657,19.657,0.013,0.005,19.664,19.651
19.654,19.654,0.005,0.002,19.656,19.651
19.625,19.625,0.085,0.039,19.655,19.57
19.646,19.646,0.143,0.059,19.713,19.57
19.664,19.664,0.143,0.066,19.713,19.57
19.718,19.718,0.022,0.01,19.731,19.709
19.726,19.726,0.029,0.012,19.738,19.709
19.703,19.703,0.098,0.045,19.738,19.64
19.695,19.695,0.098,0.041,19.738,19.64
19.668,19.668,0.067,0.028,19.707,19.64
19.65,19.65,0.122,0.05,19.707,19.585
19.627,19.627,0.072,0.03,19.657,19.585
19.624,19.624,0.063,0.028,19.648,19.585
19.664,19.664,0.069,0.03,19.707,19.638
19.699,19.699,0.095,0.039,19.743,19.648
19.702,19.702,0.087,0.036,19.743,19.656
19.711,19.711,0.087,0.039,19.743,19.656
19.713,19.713,0.093,0.041,19.749,19.656
19.71,19.71,0.101,0.044,19.749,19.648
19.707,19.707,0.101,0.043,19.749,19.648
19.655,19.655,0.131,0.054,19.724,19.593
19.639,19.639,0.131,0.06,19.724,19.593
19.642,19.642,0.14,0.064,19.733,19.593
19.659,19.659,0.132,0.055,19.733,19.601
19.673,19.673,0.091,0.043,19.733,19.642
19.645,19.645,0.009,0.004,19.651,19.642
19.671,19.671,0.076,0.034,19.719,19.643
19.69,19.69,0.068,0.029,19.719,19.651
19.694,19.694,0.058,0.024,19.719,19.661
19.681,19.681,0.04,0.016,19.701,19.661
19.645,19.645,0.085,0.036,19.68,19.595
19.644,19.644,0.085,0.036,19.68,19.595
19.642,19.642,0.079,0.034,19.674,19.595
19.659,19.659,0.028,0.011,19.674,19.646
19.653,19.653,0.034,0.015,19.674,19.64
19.649,19.649,0.02,0.008,19.66,19.64
19.681,19.681,0.103,0.045,19.743,19.64
19.687,19.687,0.084,0.039,19.743,19.659
19.666,19.666,0.148,0.061,19.743,19.595
19.616,19.616,0.065,0.03,19.659,19.594
19.594,19.594,0.001,0.0,19.595,19.594
19.614,19.614,0.06,0.028,19.654,19.594
19.621,19.621,0.06,0.025,19.654,19.594
19.634,19.634,0.038,0.016,19.654,19.616
19.633,19.633,0.037,0.015,19.653,19.616
19.653,19.653,0.043,0.018,19.674,19.631
19.662,19.662,0.021,0.009,19.674,19.653
19.659,19.659,0.029,0.012,19.674,19.645
19.663,19.663,0.039,0.016,19.684,19.645
19.664,19.664,0.039,0.016,19.684,19.645
19.668,19.668,0.027,0.011,19.684,19.657
19.64,19.64,0.065,0.029,19.664,19.599
19.656,19.656,0.112,0.046,19.711,19.599
19.652,19.652,0.112,0.046,19.711,19.599
19.654,19.654,0.104,0.043,19.711,19.607
19.654,19.654,0.103,0.043,19.71,19.607
19.661,19.661,0.103,0.042,19.71,19.607
19.704,19.704,0.07,0.029,19.736,19.666
19.663,19.663,0.148,0.06,19.736,19.588
19.669,19.669,0.148,0.061,19.736,19.588
19.621,19.621,0.096,0.045,19.684,19.588
19.665,19.665,0.128,0.054,19.719,19.591
19.664,19.664,0.128,0.054,19.719,19.591
19.697,19.697,0.037,0.016,19.719,19.682
19.655,19.655,0.098,0.044,19.69,19.592
19.64,19.64,0.098,0.04,19.69,19.592
19.635,19.635,0.085,0.035,19.677,19.592
19.683,19.683,0.097,0.04,19.734,19.637
19.684,19.684,0.094,0.039,19.734,19.64
19.676,19.676,0.094,0.042,19.734,19.64
19.646,19.646,0.013,0.005,19.653,19.64
19.648,19.648,0.009,0.004,19.653,19.644
19.656,19.656,0.033,0.015,19.677,19.644
19.645,19.645,0.066,0.027,19.677,19.611
19.631,19.631,0.072,0.033,19.677,19.605
19.622,19.622,0.046,0.02,19.651,19.605
19.643,19.643,0.067,0.028,19.672,19.605
19.667,19.667,0.027,0.012,19.678,19.651
19.669,19.669,0.021,0.009,19.678,19.657
19.646,19.646,0.076,0.032,19.678,19.602
19.627,19.627,0.055,0.023,19.657,19.602
19.611,19.611,0.02,0.008,19.622,19.602
19.63,19.63,0.051,0.022,19.659,19.608
19.669,19.669,0.132,0.054,19.74,19.608
19.709,19.709,0.081,0.036,19.74,19.659
19.739,19.739,0.023,0.009,19.75,19.727
19.691,19.691,0.154,0.068,19.75,19.596
19.667,19.667,0.154,0.064,19.75,19.596
19.661,19.661,0.138,0.057,19.734,19.596
19.662,19.662,0.137,0.056,19.734,19.597
19.641,19.641,0.141,0.066,19.734,19.593
19.629,19.629,0.104,0.048,19.697,19.593
19.652,19.652,0.104,0.044,19.697,19.593
19.7,19.7,0.071,0.029,19.737,19.666
19.708,19.708,0.071,0.03,19.737,19.666
19.701,19.701,0.092,0.04,19.737,19.645
19.698,19.698,0.085,0.038,19.73,19.645
19.702,19.702,0.087,0.041,19.732,19.645
19.725,19.725,0.02,0.009,19.732,19.712
19.727,19.727,0.024,0.01,19.736,19.712
19.723,19.723,0.024,0.01,19.736,19.712
19.688,19.688,0.128,0.057,19.736,19.608
19.674,19.674,0.113,0.048,19.721,19.608
19.655,19.655,0.084,0.035,19.692,19.608
19.652,19.652,0.094,0.04,19.692,19.598
19.671,19.671,0.151,0.062,19.749,19.598
19.664,19.664,0.151,0.063,19.749,19.598
19.663,19.663,0.152,0.064,19.749,19.597
19.605,19.605,0.069,0.029,19.644,19.575
19.635,19.635,0.158,0.07,19.733,19.575
19.645,19.645,0.158,0.066,19.733,19.575
19.68,19.68,0.107,0.044,19.733,19.626
19.638,19.638,0.072,0.031,19.68,19.608
19.669,19.669,0.111,0.046,19.719,19.608
19.668,19.668,0.111,0.046,19.719,19.608
19.69,19.69,0.046,0.021,19.719,19.673
19.649,19.649,0.081,0.037,19.677,19.596
19.653,19.653,0.095,0.041,19.691,19.596
19.634,19.634,0.095,0.041,19.691,19.596
19.623,19.623,0.129,0.053,19.691,19.562
19.633,19.633,0.16,0.066,19.722,19.562
19.638,19.638,0.16,0.066,19.722,19.562
19.696,19.696,0.107,0.047,19.737,19.63
19.688,19.688,0.107,0.044,19.737,19.63
19.73,19.73,0.057,0.024,19.755,19.698
19.723,19.723,0.057,0.024,19.755,19.698
19.689,19.689,0.159,0.068,19.755,19.596
19.638,19.638,0.119,0.054,19.715,19.596
19.633,19.633,0.102,0.046,19.698,19.596
19.66,19.66,0.094,0.04,19.698,19.604
19.706,19.706,0.065,0.027,19.743,19.678
19.672,19.672,0.149,0.061,19.743,19.594
19.668,19.668,0.149,0.061,19.743,19.594
19.645,19.645,0.078,0.036,19.672,19.594
19.691,19.691,0.064,0.029,19.732,19.668
19.666,19.666,0.137,0.056,19.732,19.595
19.69,19.69,0.149,0.068,19.744,19.595
19.648,19.648,0.149,0.068,19.744,19.595
19.702,19.702,0.152,0.069,19.757,19.605
19.651,19.651,0.166,0.075,19.757,19.591
19.642,19.643,0.178,0.081,19.757,19.579
19.59,19.59,0.02,0.008,19.599,19.579
19.596,19.596,0.032,0.013,19.611,19.579
19.608,19.608,0.016,0.007,19.615,19.599
19.637,19.637,0.075,0.034,19.686,19.611
19.675,19.675,0.109,0.045,19.724,19.615
19.669,19.669,0.128,0.054,19.724,19.596
19.635,19.635,0.138,0.063,19.724,19.586
19.596,19.596,0.019,0.008,19.605,19.586
19.595,19.595,0.019,0.008,19.605,19.586
19.596,19.596,0.016,0.007,19.605,19.589
19.611,19.611,0.062,0.028,19.651,19.589
19.65,19.65,0.122,0.05,19.711,19.589
19.675,19.675,0.06,0.026,19.711,19.651
19.669,19.669,0.076,0.031,19.711,19.635
19.637,19.637,0.049,0.02,19.662,19.613
19.65,19.65,0.089,0.038,19.702,19.613
19.639,19.639,0.099,0.044,19.702,19.603
19.662,19.662,0.099,0.043,19.702,19.603
19.649,19.649,0.078,0.033,19.681,19.603
19.669,19.669,0.019,0.008,19.681,19.662
19.646,19.646,0.055,0.025,19.665,19.61
19.677,19.677,0.147,0.061,19.757,19.61
19.658,19.658,0.149,0.07,19.757,19.608
19.699,19.699,0.149,0.065,19.757,19.608
19.648,19.648,0.131,0.06,19.733,19.602
19.642,19.642,0.141,0.064,19.733,19.592
19.624,19.624,0.086,0.038,19.678,19.592
19.63,19.63,0.086,0.036,19.678,19.592
19.634,19.634,0.073,0.032,19.678,19.605
19.614,19.614,0.014,0.007,19.619,19.605
19.64,19.64,0.09,0.04,19.695,19.605
19.676,19.676,0.096,0.041,19.715,19.619
19.667,19.667,0.125,0.055,19.715,19.59
19.648,19.648,0.125,0.051,19.715,19.59
19.612,19.612,0.048,0.02,19.638,19.59
19.662,19.662,0.133,0.057,19.741,19.608
19.681,19.681,0.133,0.055,19.741,19.608
19.668,19.668,0.173,0.073,19.741,19.568
19.638,19.638,0.126,0.052,19.694,19.568
19.606,19.606,0.085,0.035,19.653,19.568
19.614,19.614,0.061,0.028,19.653,19.592
19.612,19.612,0.054,0.024,19.646,19.592
19.627,19.627,0.054,0.025,19.646,19.592
19.628,19.628,0.05,0.023,19.646,19.596
19.614,19.614,0.047,0.021,19.643,19.596
19.618,19.618,0.059,0.026,19.655,19.596
19.641,19.641,0.061,0.027,19.664,19.603
19.637,19.637,0.073,0.032,19.664,19.591
19.62,19.62,0.073,0.032,19.664,19.591
19.595,19.595,0.015,0.007,19.605,19.59
19.591,19.591,0.028,0.011,19.605,19.577
19.611,19.611,0.089,0.039,19.666,19.577
19.609,19.609,0.089,0.04,19.666,19.577
19.633,19.633,0.081,0.035,19.666,19.585
19.64,19.64,0.1,0.041,19.685,19.585
19.691,19.691,0.09,0.037,19.739,19.649
19.701,19.701,0.061,0.027,19.739,19.678
19.675,19.675,0.132,0.054,19.739,19.607
19.627,19.627,0.083,0.037,19.678,19.595
19.62,19.62,0.062,0.027,19.657,19.595
19.631,19.631,0.062,0.026,19.657,19.595
19.644,19.644,0.024,0.01,19.657,19.633
19.624,19.624,0.045,0.019,19.642,19.597
19.626,19.626,0.052,0.022,19.649,19.597
19.661,19.661,0.139,0.057,19.736,19.597
19.662,19.662,0.136,0.056,19.736,19.6
19.683,19.683,0.136,0.059,19.736,19.6
19.656,19.656,0.113,0.046,19.713,19.6
19.653,19.653,0.121,0.049,19.713,19.592
19.615,19.615,0.062,0.028,19.654,19.592
19.59,19.59,0.022,0.009,19.6,19.578
19.614,19.614,0.087,0.037,19.665,19.578
19.628,19.628,0.087,0.037,19.665,19.578
19.635,19.635,0.066,0.027,19.665,19.599
19.661,19.661,0.143,0.06,19.742,19.599
19.68,19.68,0.143,0.06,19.742,19.599
19.691,19.691,0.11,0.045,19.742,19.632
19.656,19.656,0.067,0.03,19.699,19.632
19.633,19.633,0.01,0.004,19.638,19.628
19.635,19.635,0.011,0.005,19.639,19.628
19.612,19.612,0.07,0.031,19.639,19.569
19.612,19.612,0.07,0.031,19.639,19.569
19.586,19.586,0.068,0.03,19.628,19.56
19.627,19.627,0.134,0.055,19.694,19.56
19.628,19.628,0.134,0.055,19.694,19.56
19.68,19.68,0.087,0.037,19.717,19.63
19.659,19.659,0.087,0.041,19.717,19.63
19.658,19.658,0.091,0.042,19.717,19.626
19.656,19.656,0.084,0.038,19.71,19.626
19.663,19.663,0.084,0.035,19.71,19.626
19.667,19.667,0.073,0.031,19.71,19.637
19.642,19.642,0.018,0.008,19.653,19.635
19.632,19.632,0.013,0.006,19.637,19.624
19.631,19.631,0.011,0.005,19.635,19.624
19.612,19.612,0.055,0.024,19.633,19.578
19.615,19.615,0.057,0.026,19.635,19.578
19.639,19.639,0.126,0.052,19.704,19.578
19.657,19.657,0.072,0.033,19.704,19.632
19.654,19.654,0.079,0.036,19.704,19.625
19.652,19.652,0.073,0.033,19.698,19.625
19.676,19.676,0.08,0.036,19.705,19.625
19.701,19.701,0.007,0.003,19.705,19.698
19.669,19.669,0.102,0.047,19.705,19.603
19.674,19.674,0.116,0.051,19.719,19.603
19.65,19.65,0.116,0.05,19.719,19.603
19.666,19.666,0.091,0.039,19.719,19.628
19.641,19.641,0.022,0.01,19.65,19.628
19.65,19.65,0.009,0.004,19.655,19.646
19.651,19.651,0.009,0.004,19.655,19.646
19.626,19.626,0.084,0.039,19.655,19.571
19.615,19.615,0.08,0.033,19.651,19.571
19.612,19.612,0.071,0.03,19.642,19.571
19.633,19.633,0.019,0.008,19.642,19.623
19.653,19.653,0.051,0.022,19.684,19.633
19.657,19.657,0.051,0.021,19.684,19.633
19.665,19.665,0.031,0.014,19.684,19.653
19.661,19.661,0.02,0.008,19.673,19.653
19.661,19.661,0.02,0.008,19.673,19.653
19.661,19.661,0.02,0.008,19.673,19.653
19.631,19.631,0.076,0.035,19.658,19.582
19.617,19.617,0.076,0.031,19.658,19.582
19.623,19.623,0.094,0.039,19.676,19.582
19.644,19.644,0.065,0.027,19.676,19.611
19.664,19.664,0.03,0.013,19.676,19.646
19.648,19.648,0.041,0.017,19.67,19.629
19.653,19.653,0.041,0.018,19.67,19.629
19.632,19.632,0.055,0.023,19.661,19.606
19.643,19.643,0.056,0.026,19.662,19.606
19.639,19.639,0.056,0.024,19.662,19.606
19.659,19.659,0.018,0.008,19.666,19.648
19.654,19.654,0.018,0.008,19.666,19.648
19.631,19.631,0.087,0.038,19.666,19.579
19.628,19.628,0.076,0.034,19.655,19.579
19.632,19.632,0.084,0.038,19.663,19.579
19.648,19.648,0.036,0.015,19.663,19.627
19.643,19.643,0.036,0.015,19.663,19.627
19.634,19.634,0.013,0.005,19.64,19.627
19.638,19.638,0.005,0.002,19.64,19.635
19.637,19.637,0.004,0.002,19.639,19.635
19.648,19.648,0.032,0.014,19.668,19.636
19.652,19.652,0.032,0.013,19.668,19.636
19.614,19.614,0.147,0.066,19.668,19.521
19.564,19.564,0.135,0.063,19.653,19.518
19.571,19.571,0.155,0.072,19.673,19.518
19.616,19.616,0.155,0.07,19.673,19.518
19.656,19.656,0.036,0.015,19.673,19.637
19.654,19.654,0.03,0.013,19.667,19.637
19.611,19.611,0.137,0.059,19.667,19.53
19.609,19.609,0.137,0.058,19.667,19.53
19.605,19.605,0.125,0.054,19.655,19.53
19.61,19.61,0.111,0.048,19.655,19.544
19.619,19.619,0.115,0.053,19.659,19.544
19.614,19.614,0.115,0.05,19.659,19.544
19.614,19.614,0.115,0.05,19.659,19.544
19.585,19.585,0.096,0.04,19.64,19.544
19.588,19.588,0.104,0.044,19.648,19.544
19.617,19.617,0.077,0.033,19.648,19.571
19.65,19.65,0.04,0.016,19.671,19.631
19.655,19.655,0.04,0.017,19.671,19.631
19.65,19.65,0.055,0.024,19.671,19.616
19.649,19.649,0.052,0.023,19.668,19.616
19.633,19.633,0.052,0.025,19.668,19.616
19.616,19.616,0.104,0.042,19.668,19.564
19.584,19.584,0.052,0.023,19.616,19.564
19.592,19.592,0.076,0.034,19.64,19.564
19.617,19.617,0.068,0.032,19.64,19.572
19.626,19.626,0.042,0.02,19.64,19.598
19.626,19.626,0.042,0.02,19.64,19.598
19.627,19.627,0.044,0.02,19.642,19.598
19.649,19.649,0.025,0.011,19.665,19.64
19.659,19.659,0.029,0.012,19.671,19.642
19.669,19.669,0.006,0.003,19.671,19.665
19.637,19.637,0.1,0.047,19.671,19.571
19.633,19.633,0.099,0.044,19.67,19.571
19.627,19.627,0.087,0.04,19.658,19.571
19.652,19.652,0.012,0.005,19.658,19.646
19.649,19.649,0.007,0.003,19.653,19.646
19.647,19.647,0.004,0.002,19.649,19.645
19.628,19.628,0.058,0.026,19.649,19.591
19.628,19.628,0.057,0.026,19.648,19.591
19.627,19.627,0.057,0.025,19.648,19.591
19.641,19.641,0.015,0.006,19.648,19.633
19.642,19.642,0.018,0.007,19.651,19.633
19.646,19.646,0.021,0.009,19.654,19.633
19.656,19.656,0.012,0.005,19.663,19.651
19.657,19.657,0.009,0.004,19.663,19.654
19.659,19.659,0.008,0.003,19.663,19.655
19.653,19.653,0.013,0.006,19.658,19.645
19.652,19.652,0.013,0.005,19.658,19.645
19.647,19.647,0.011,0.005,19.654,19.643
19.655,19.655,0.026,0.011,19.669,19.643
19.651,19.651,0.029,0.013,19.669,19.64
19.651,19.651,0.029,0.013,19.669,19.64
19.645,19.645,0.01,0.004,19.65,19.64
19.651,19.651,0.013,0.005,19.658,19.645
19.652,19.652,0.009,0.004,19.658,19.649
19.655,19.655,0.01,0.004,19.659,19.649
19.651,19.651,0.015,0.006,19.659,19.644
19.636,19.636,0.055,0.023,19.659,19.604
19.635,19.635,0.052,0.022,19.656,19.604
19.623,19.623,0.052,0.024,19.656,19.604
19.635,19.635,0.048,0.02,19.656,19.608
19.637,19.637,0.055,0.023,19.663,19.608
19.648,19.648,0.022,0.01,19.663,19.641
19.65,19.65,0.022,0.009,19.663,19.641
19.648,19.648,0.016,0.007,19.657,19.641
19.647,19.647,0.02,0.008,19.657,19.637
19.654,19.654,0.031,0.013,19.668,19.637
19.644,19.644,0.04,0.017,19.668,19.628
19.65,19.65,0.04,0.017,19.668,19.628
19.644,19.644,0.027,0.012,19.655,19.628
19.653,19.653,0.006,0.003,19.655,19.649
19.649,19.649,0.009,0.004,19.654,19.645
19.654,19.654,0.017,0.007,19.662,19.645
19.645,19.645,0.034,0.014,19.662,19.628
19.645,19.645,0.034,0.014,19.662,19.628
19.643,19.643,0.028,0.012,19.656,19.628
19.647,19.647,0.018,0.007,19.656,19.638
19.648,19.648,0.018,0.007,19.656,19.638
19.64,19.64,0.015,0.006,19.649,19.634
19.639,19.639,0.015,0.007,19.649,19.634
19.631,19.631,0.009,0.004,19.634,19.625
19.629,19.629,0.009,0.004,19.634,19.625
19.64,19.64,0.042,0.019,19.667,19.625
19.648,19.648,0.038,0.016,19.667,19.629
19.656,19.656,0.018,0.008,19.667,19.649
19.643,19.643,0.022,0.01,19.651,19.629
19.64,19.64,0.022,0.009,19.651,19.629
19.623,19.623,0.042,0.018,19.641,19.599
19.627,19.627,0.042,0.02,19.641,19.599
19.627,19.627,0.044,0.02,19.643,19.599
19.622,19.622,0.061,0.028,19.643,19.582
19.624,19.624,0.064,0.029,19.646,19.582
19.616,19.616,0.064,0.026,19.646,19.582
19.631,19.631,0.025,0.011,19.646,19.621
19.626,19.626,0.012,0.005,19.633,19.621
19.635,19.635,0.022,0.009,19.647,19.625
19.637,19.637,0.015,0.007,19.647,19.632
19.665,19.665,0.084,0.037,19.716,19.632
19.667,19.667,0.084,0.036,19.716,19.632
19.651,19.651,0.133,0.054,19.716,19.583
19.623,19.623,0.071,0.03,19.654,19.583
19.62,19.62,0.062,0.027,19.645,19.583
19.641,19.641,0.012,0.005,19.645,19.633
19.668,19.668,0.072,0.034,19.716,19.644
19.646,19.646,0.139,0.057,19.716,19.577
19.646,19.646,0.139,0.057,19.716,19.577
19.628,19.628,0.085,0.037,19.662,19.577
19.65,19.65,0.018,0.008,19.662,19.644
19.624,19.624,0.097,0.042,19.662,19.565
19.624,19.624,0.097,0.042,19.662,19.565
19.602,19.602,0.097,0.043,19.662,19.565
19.627,19.627,0.084,0.036,19.662,19.578
19.603,19.603,0.063,0.027,19.641,19.578
19.627,19.627,0.057,0.025,19.648,19.591
19.625,19.625,0.057,0.024,19.648,19.591
19.643,19.643,0.013,0.006,19.648,19.635
19.649,19.649,0.029,0.012,19.664,19.635
19.648,19.648,0.031,0.013,19.664,19.633
19.645,19.645,0.031,0.014,19.664,19.633
19.645,19.645,0.032,0.014,19.665,19.633
19.657,19.657,0.029,0.013,19.667,19.638
19.685,19.685,0.059,0.027,19.724,19.665
19.685,19.685,0.06,0.028,19.724,19.664
19.707,19.707,0.068,0.03,19.732,19.664
19.714,19.714,0.083,0.036,19.747,19.664
19.708,19.708,0.103,0.045,19.747,19.644
19.656,19.656,0.17,0.07,19.747,19.577
19.619,19.619,0.067,0.03,19.644,19.577
19.629,19.629,0.097,0.04,19.674,19.577
19.652,19.652,0.038,0.016,19.674,19.636
19.686,19.686,0.091,0.038,19.738,19.647
19.679,19.679,0.091,0.042,19.738,19.647
19.681,19.681,0.086,0.04,19.738,19.652
19.685,19.685,0.097,0.045,19.749,19.652
19.685,19.685,0.097,0.045,19.749,19.652
19.68,19.68,0.111,0.049,19.749,19.638
19.676,19.676,0.099,0.044,19.737,19.638
19.652,19.652,0.155,0.064,19.737,19.582
19.648,19.648,0.155,0.065,19.737,19.582
19.619,19.619,0.066,0.027,19.648,19.582
19.663,19.663,0.089,0.038,19.715,19.626
19.654,19.654,0.117,0.048,19.715,19.598
19.65,19.65,0.117,0.049,19.715,19.598
19.629,19.629,0.054,0.023,19.652,19.598
19.646,19.646,0.016,0.007,19.652,19.636
19.654,19.654,0.009,0.004,19.659,19.65
19.65,19.65,0.018,0.007,19.659,19.641
19.651,19.651,0.018,0.007,19.659,19.641
19.645,19.645,0.011,0.005,19.652,19.641
19.662,19.662,0.049,0.021,19.691,19.642
19.639,19.639,0.106,0.043,19.691,19.585
19.636,19.636,0.106,0.043,19.691,19.585
19.624,19.624,0.071,0.029,19.656,19.585
19.64,19.64,0.025,0.012,19.656,19.631
19.639,19.639,0.026,0.012,19.656,19.63
19.634,19.634,0.011,0.005,19.641,19.63
19.636,19.636,0.011,0.005,19.641,19.63
19.624,19.624,0.047,0.021,19.641,19.594
19.653,19.653,0.135,0.056,19.729,19.594
19.659,19.659,0.135,0.055,19.729,19.594
19.683,19.683,0.075,0.033,19.729,19.654
19.657,19.657,0.018,0.008,19.667,19.649
19.651,19.651,0.029,0.012,19.667,19.638
19.641,19.641,0.014,0.006,19.649,19.635
19.646,19.646,0.029,0.013,19.664,19.635
19.646,19.646,0.029,0.013,19.664,19.635
19.64,19.64,0.048,0.02,19.664,19.616
19.637,19.637,0.04,0.016,19.656,19.616
19.645,19.645,0.048,0.021,19.664,19.616
19.659,19.659,0.008,0.004,19.664,19.656
19.664,19.664,0.015,0.006,19.672,19.657
19.662,19.662,0.015,0.007,19.672,19.657
19.667,19.667,0.015,0.007,19.672,19.657
19.655,19.655,0.035,0.014,19.671,19.636
19.679,19.679,0.093,0.038,19.729,19.636
19.67,19.67,0.093,0.042,19.729,19.636
19.672,19.672,0.086,0.04,19.729,19.643
19.648,19.648,0.014,0.006,19.657,19.643
19.647,19.647,0.016,0.007,19.657,19.641
19.652,19.652,0.018,0.008,19.659,19.641
19.645,19.645,0.025,0.011,19.659,19.634
19.62,19.62,0.092,0.039,19.659,19.567
19.621,19.621,0.095,0.04,19.662,19.567
19.618,19.618,0.095,0.039,19.662,19.567
19.64,19.64,0.038,0.016,19.662,19.624
19.634,19.634,0.019,0.008,19.643,19.624
19.616,19.616,0.072,0.032,19.643,19.571
19.645,19.645,0.149,0.061,19.72,19.571
19.651,19.651,0.149,0.061,19.72,19.571
19.708,19.708,0.077,0.033,19.74,19.663
19.686,19.686,0.085,0.038,19.74,19.655
19.684,19.684,0.085,0.04,19.74,19.655
19.656,19.656,0.003,0.001,19.658,19.655
19.646,19.646,0.034,0.016,19.658,19.624
19.647,19.647,0.036,0.017,19.66,19.624
19.646,19.646,0.036,0.016,19.66,19.624
19.649,19.649,0.027,0.012,19.66,19.633
19.64,19.64,0.021,0.01,19.654,19.633
19.667,19.667,0.102,0.048,19.735,19.633
19.68,19.68,0.102,0.042,19.735,19.633
19.685,19.685,0.089,0.037,19.735,19.646
19.656,19.656,0.027,0.012,19.673,19.646
19.643,19.643,0.013,0.006,19.648,19.635
19.642,19.642,0.013,0.005,19.648,19.635
19.618,19.618,0.069,0.031,19.644,19.575
19.608,19.608,0.069,0.028,19.644,19.575
19.637,19.637,0.157,0.068,19.732,19.575
19.663,19.663,0.128,0.053,19.732,19.604
19.696,19.696,0.078,0.032,19.732,19.654
19.658,19.658,0.085,0.035,19.702,19.617
19.657,19.657,0.085,0.035,19.702,19.617
19.629,19.629,0.035,0.016,19.652,19.617
19.633,19.633,0.034,0.014,19.652,19.618
19.626,19.626,0.012,0.006,19.63,19.618
19.613,19.613,0.05,0.024,19.63,19.58
19.617,19.617,0.061,0.027,19.641,19.58
19.619,19.619,0.061,0.028,19.641,19.58
19.639,19.639,0.005,0.002,19.641,19.636
19.635,19.635,0.012,0.005,19.641,19.629
19.635,19.635,0.012,0.005,19.641,19.629
19.62,19.62,0.038,0.017,19.635,19.597
19.622,19.622,0.038,0.018,19.635,19.597
19.618,19.618,0.038,0.016,19.635,19.597
19.632,19.632,0.017,0.007,19.639,19.622
19.636,19.636,0.024,0.01,19.646,19.622
19.665,19.665,0.07,0.031,19.709,19.639
19.67,19.67,0.063,0.028,19.709,19.646
19.67,19.67,0.062,0.028,19.709,19.647
19.641,19.641,0.032,0.014,19.654,19.622
19.639,19.639,0.027,0.012,19.649,19.622
19.636,19.636,0.027,0.011,19.649,19.622
19.639,19.639,0.018,0.007,19.649,19.631
19.636,19.636,0.009,0.004,19.64,19.631
19.641,19.641,0.02,0.008,19.651,19.631
19.644,19.644,0.011,0.005,19.651,19.64
19.649,19.649,0.011,0.005,19.653,19.642
19.642,19.642,0.022,0.009,19.653,19.631
19.634,19.634,0.034,0.014,19.653,19.619
19.63,19.63,0.02,0.008,19.639,19.619
19.63,19.63,0.02,0.008,19.639,19.619
19.629,19.629,0.022,0.009,19.639,19.617
19.625,19.625,0.015,0.006,19.632,19.617
19.627,19.627,0.022,0.009,19.639,19.617
19.653,19.653,0.068,0.029,19.694,19.626
19.653,19.653,0.067,0.029,19.694,19.627
19.652,19.652,0.067,0.03,19.694,19.627
19.653,19.653,0.071,0.032,19.698,19.627
19.659,19.659,0.063,0.028,19.698,19.635
19.658,19.658,0.066,0.029,19.698,19.632
19.641,19.641,0.017,0.007,19.649,19.632
19.644,19.644,0.019,0.009,19.651,19.632
19.656,19.656,0.02,0.009,19.669,19.649
19.65,19.65,0.04,0.016,19.669,19.629
19.647,19.647,0.04,0.016,19.669,19.629
19.629,19.629,0.031,0.013,19.644,19.613
19.63,19.63,0.031,0.013,19.644,19.613
19.628,19.628,0.024,0.01,19.637,19.613
19.629,19.629,0.019,0.008,19.637,19.618
19.634,19.634,0.03,0.012,19.648,19.618
19.634,19.634,0.03,0.012,19.648,19.618
19.633,19.633,0.035,0.015,19.648,19.613
19.649,19.649,0.085,0.036,19.698,19.613
19.651,19.651,0.085,0.035,19.698,19.613
19.661,19.661,0.057,0.026,19.698,19.641
19.638,19.638,0.018,0.008,19.645,19.627
19.663,19.663,0.09,0.039,19.717,19.627
19.632,19.632,0.165,0.067,19.717,19.552
19.632,19.632,0.165,0.067,19.717,19.552
19.621,19.621,0.132,0.054,19.684,19.552
19.669,19.669,0.069,0.03,19.696,19.627
19.665,19.665,0.082,0.036,19.696,19.614
19.645,19.645,0.082,0.037,19.696,19.614
19.643,19.643,0.076,0.034,19.69,19.614
19.677,19.677,0.092,0.039,19.716,19.624
19.706,19.706,0.026,0.011,19.716,19.69
19.71,19.71,0.013,0.005,19.716,19.703
19.679,19.679,0.088,0.04,19.711,19.623
19.652,19.652,0.08,0.036,19.703,19.623
19.653,19.653,0.083,0.038,19.706,19.623
19.649,19.649,0.093,0.041,19.706,19.613
19.667,19.667,0.093,0.04,19.706,19.613
19.665,19.665,0.087,0.038,19.7,19.613
19.662,19.662,0.097,0.042,19.7,19.603
19.658,19.658,0.097,0.041,19.7,19.603
19.629,19.629,0.068,0.03,19.671,19.603
19.636,19.636,0.058,0.025,19.671,19.613
19.619,19.619,0.011,0.005,19.624,19.613
19.628,19.628,0.017,0.007,19.638,19.621
19.649,19.649,0.066,0.028,19.687,19.621
19.648,19.648,0.067,0.028,19.687,19.62
19.643,19.643,0.067,0.031,19.687,19.62
19.618,19.618,0.007,0.003,19.621,19.614
19.649,19.649,0.099,0.045,19.713,19.614
19.641,19.641,0.118,0.052,19.713,19.595
19.645,19.645,0.118,0.05,19.713,19.595
19.622,19.622,0.051,0.021,19.646,19.595
19.678,19.678,0.135,0.059,19.761,19.626
19.7,19.7,0.115,0.047,19.761,19.646
19.689,19.689,0.15,0.061,19.761,19.611
19.639,19.639,0.083,0.039,19.694,19.611
19.645,19.645,0.101,0.047,19.712,19.611
19.651,19.651,0.099,0.044,19.712,19.613
19.669,19.669,0.084,0.034,19.712,19.628
19.667,19.667,0.08,0.033,19.708,19.628
19.665,19.665,0.088,0.036,19.708,19.62
19.648,19.648,0.092,0.042,19.708,19.616
19.622,19.622,0.015,0.006,19.631,19.616
19.621,19.621,0.015,0.007,19.631,19.616
19.622,19.622,0.015,0.006,19.631,19.616
19.612,19.612,0.019,0.008,19.62,19.601
19.643,19.643,0.107,0.047,19.708,19.601
19.639,19.639,0.107,0.049,19.708,19.601
19.644,19.644,0.099,0.046,19.708,19.609
19.615,19.615,0.013,0.005,19.622,19.609
19.635,19.635,0.056,0.025,19.67,19.614
19.646,19.646,0.048,0.02,19.67,19.622
19.649,19.649,0.039,0.016,19.67,19.631
19.663,19.663,0.081,0.035,19.712,19.631
19.652,19.652,0.1,0.043,19.712,19.612
19.655,19.655,0.1,0.042,19.712,19.612
19.629,19.629,0.03,0.013,19.642,19.612
19.63,19.63,0.028,0.012,19.642,19.614
19.631,19.631,0.032,0.013,19.646,19.614
19.627,19.627,0.032,0.014,19.646,19.614
19.654,19.654,0.076,0.032,19.696,19.62
19.65,19.65,0.076,0.033,19.696,19.62
19.654,19.654,0.066,0.03,19.696,19.63
19.632,19.632,0.005,0.002,19.635,19.63
19.63,19.63,0.0,0.0,19.63,19.63
19.629,19.629,0.003,0.001,19.63,19.627
19.623,19.623,0.017,0.007,19.63,19.613
19.611,19.611,0.035,0.014,19.627,19.592
19.617,19.617,0.055,0.023,19.647,19.592
19.651,19.651,0.123,0.05,19.715,19.592
19.665,19.665,0.083,0.036,19.715,19.632
19.666,19.666,0.083,0.036,19.715,19.632
19.646,19.646,0.024,0.01,19.656,19.632
19.673,19.673,0.062,0.028,19.712,19.65
19.669,19.669,0.072,0.031,19.712,19.64
19.663,19.663,0.076,0.035,19.712,19.636
19.641,19.641,0.012,0.005,19.648,19.636
19.643,19.643,0.012,0.005,19.648,19.636
19.64,19.64,0.021,0.009,19.648,19.627
19.631,19.631,0.027,0.011,19.646,19.619
19.622,19.622,0.008,0.003,19.627,19.619
19.635,19.635,0.046,0.021,19.665,19.619
19.64,19.64,0.044,0.018,19.665,19.621
19.652,19.652,0.031,0.013,19.665,19.634
19.648,19.648,0.023,0.01,19.657,19.634
19.655,19.655,0.005,0.002,19.657,19.652
19.655,19.655,0.007,0.003,19.659,19.652
19.65,19.65,0.023,0.01,19.659,19.636
19.647,19.647,0.023,0.009,19.659,19.636
19.649,19.649,0.031,0.013,19.667,19.636
19.657,19.657,0.022,0.009,19.667,19.645
19.663,19.663,0.008,0.003,19.667,19.659
19.651,19.651,0.035,0.015,19.664,19.629
19.615,19.615,0.112,0.047,19.664,19.552
19.613,19.613,0.106,0.045,19.658,19.552
19.622,19.622,0.106,0.049,19.658,19.552
19.652,19.652,0.014,0.006,19.658,19.644
19.653,19.653,0.017,0.007,19.661,19.644
19.658,19.658,0.025,0.01,19.669,19.644
19.67,19.67,0.018,0.007,19.679,19.661
19.667,19.667,0.026,0.011,19.679,19.653
19.677,19.677,0.045,0.018,19.698,19.653
19.663,19.663,0.06,0.025,19.698,19.638
19.665,19.665,0.06,0.025,19.698,19.638
19.643,19.643,0.029,0.012,19.66,19.631
19.645,19.645,0.029,0.012,19.66,19.631
19.642,19.642,0.02,0.008,19.651,19.631
19.651,19.651,0.011,0.004,19.656,19.645
19.66,19.66,0.021,0.009,19.672,19.651
19.667,19.667,0.016,0.008,19.672,19.656
19.656,19.656,0.049,0.023,19.672,19.623
19.658,19.658,0.057,0.025,19.68,19.623
19.674,19.674,0.095,0.039,19.718,19.623
19.68,19.68,0.076,0.031,19.718,19.642
19.672,19.672,0.076,0.033,19.718,19.642
19.639,19.639,0.039,0.016,19.657,19.618
19.664,19.664,0.098,0.04,19.716,19.618
19.654,19.654,0.098,0.044,19.716,19.618
19.694,19.694,0.108,0.047,19.737,19.629
19.669,19.669,0.108,0.048,19.737,19.629
19.674,19.674,0.096,0.044,19.737,19.641
19.643,19.643,0.004,0.002,19.645,19.641
19.666,19.666,0.068,0.031,19.71,19.642
19.667,19.667,0.068,0.031,19.71,19.642
19.668,19.668,0.064,0.029,19.71,19.646
19.649,19.649,0.006,0.002,19.652,19.646
19.645,19.645,0.016,0.007,19.652,19.636
19.666,19.666,0.075,0.032,19.711,19.636
19.665,19.665,0.075,0.033,19.711,19.636
19.69,19.69,0.064,0.03,19.711,19.647
19.664,19.664,0.077,0.034,19.711,19.634
19.677,19.677,0.077,0.032,19.711,19.634
19.653,19.653,0.051,0.023,19.685,19.634
19.675,19.675,0.058,0.025,19.699,19.641
19.645,19.645,0.104,0.043,19.699,19.595
19.669,19.669,0.117,0.052,19.712,19.595
19.644,19.644,0.117,0.05,19.712,19.595
19.659,19.659,0.088,0.038,19.712,19.624
19.655,19.655,0.076,0.033,19.7,19.624
19.69,19.69,0.091,0.038,19.731,19.64
19.685,19.685,0.107,0.045,19.731,19.624
19.679,19.679,0.107,0.044,19.731,19.624
19.67,19.67,0.081,0.034,19.705,19.624
19.663,19.663,0.102,0.044,19.705,19.603
19.634,19.634,0.112,0.051,19.705,19.593
19.639,19.639,0.127,0.058,19.72,19.593
19.644,19.644,0.127,0.055,19.72,19.593
19.643,19.643,0.13,0.056,19.72,19.59
19.636,19.636,0.107,0.045,19.697,19.59
19.64,19.64,0.107,0.044,19.697,19.59
19.648,19.648,0.082,0.035,19.697,19.615
19.652,19.652,0.093,0.04,19.708,19.615
19.659,19.659,0.093,0.038,19.708,19.615
19.695,19.695,0.068,0.029,19.722,19.654
19.671,19.671,0.086,0.037,19.722,19.636
19.66,19.66,0.1,0.044,19.722,19.622
19.625,19.625,0.019,0.008,19.636,19.617
19.652,19.652,0.099,0.046,19.716,19.617
19.654,19.654,0.099,0.044,19.716,19.617
19.661,19.661,0.087,0.039,19.716,19.629
19.633,19.633,0.008,0.003,19.637,19.629
19.677,19.677,0.126,0.059,19.76,19.634
19.703,19.703,0.126,0.052,19.76,19.634
19.737,19.737,0.044,0.018,19.76,19.716
19.721,19.721,0.026,0.011,19.736,19.71
19.688,19.688,0.119,0.051,19.736,19.617
19.655,19.655,0.093,0.04,19.71,19.617
19.625,19.625,0.021,0.009,19.638,19.617
19.656,19.656,0.092,0.04,19.711,19.619
19.652,19.652,0.092,0.042,19.711,19.619
19.682,19.682,0.086,0.041,19.711,19.625
19.658,19.658,0.086,0.038,19.711,19.625
19.666,19.666,0.074,0.032,19.711,19.637
19.638,19.638,0.021,0.009,19.649,19.628
19.638,19.638,0.021,0.009,19.649,19.628
19.636,19.636,0.015,0.006,19.643,19.628
19.646,19.646,0.02,0.008,19.658,19.638
19.644,19.644,0.028,0.011,19.658,19.63
19.655,19.655,0.047,0.019,19.677,19.63
19.677,19.677,0.093,0.038,19.723,19.63
19.679,19.679,0.087,0.036,19.723,19.636
19.67,19.67,0.087,0.038,19.723,19.636
19.645,19.645,0.015,0.006,19.651,19.636
19.656,19.656,0.022,0.01,19.669,19.647
19.643,19.643,0.056,0.023,19.669,19.613
19.641,19.641,0.056,0.023,19.669,19.613
19.656,19.656,0.1,0.042,19.713,19.613
19.662,19.662,0.08,0.036,19.713,19.633
19.687,19.687,0.082,0.038,19.715,19.633
19.666,19.666,0.082,0.035,19.715,19.633
19.672,19.672,0.065,0.03,19.715,19.65
19.673,19.673,0.069,0.032,19.719,19.65
19.666,19.666,0.092,0.039,19.719,19.627
19.658,19.658,0.092,0.043,19.719,19.627
19.662,19.662,0.102,0.048,19.729,19.627
19.664,19.664,0.1,0.046,19.729,19.629
19.662,19.662,0.107,0.048,19.729,19.622
19.663,19.663,0.111,0.05,19.733,19.622
19.67,19.67,0.111,0.047,19.733,19.622
19.68,19.68,0.081,0.037,19.733,19.652
19.644,19.644,0.029,0.013,19.655,19.626
19.646,19.646,0.033,0.014,19.659,19.626
19.638,19.638,0.033,0.015,19.659,19.626
19.673,19.673,0.099,0.042,19.729,19.63
19.666,19.666,0.099,0.045,19.729,19.63
19.671,19.671,0.091,0.041,19.729,19.638
19.663,19.663,0.067,0.03,19.705,19.638
19.661,19.661,0.073,0.032,19.705,19.632
19.659,19.659,0.073,0.032,19.705,19.632
19.664,19.664,0.088,0.04,19.72,19.632
19.671,19.671,0.079,0.035,19.72,19.641
19.663,19.663,0.103,0.043,19.72,19.617
19.657,19.657,0.083,0.034,19.7,19.617
19.651,19.651,0.083,0.035,19.7,19.617
19.653,19.653,0.077,0.033,19.7,19.623
19.634,19.634,0.018,0.008,19.641,19.623
19.655,19.655,0.078,0.033,19.701,19.623
19.654,19.654,0.082,0.035,19.701,19.619
19.657,19.657,0.082,0.034,19.701,19.619
19.642,19.642,0.037,0.016,19.656,19.619
19.642,19.642,0.037,0.016,19.656,19.619
19.642,19.642,0.037,0.017,19.656,19.619
19.644,19.644,0.041,0.018,19.66,19.619
19.657,19.657,0.008,0.004,19.66,19.652
19.658,19.658,0.006,0.003,19.66,19.654
19.653,19.653,0.014,0.006,19.66,19.646
19.629,19.629,0.068,0.03,19.654,19.586
19.615,19.615,0.06,0.025,19.646,19.586
19.599,19.599,0.026,0.011,19.612,19.586
19.621,19.621,0.053,0.023,19.652,19.599
19.638,19.638,0.065,0.028,19.664,19.599
19.662,19.662,0.017,0.007,19.669,19.652
19.683,19.683,0.051,0.023,19.715,19.664
19.666,19.666,0.1,0.041,19.715,19.615
19.661,19.661,0.1,0.041,19.715,19.615
19.636,19.636,0.038,0.016,19.653,19.615
19.67,19.67,0.076,0.033,19.716,19.64
19.664,19.664,0.08,0.037,19.716,19.636
19.691,19.691,0.085,0.039,19.721,19.636
19.668,19.668,0.085,0.038,19.721,19.636
19.67,19.67,0.079,0.036,19.721,19.642
19.646,19.646,0.008,0.003,19.65,19.642
19.638,19.638,0.027,0.011,19.65,19.623
19.637,19.637,0.027,0.011,19.65,19.623
19.635,19.635,0.021,0.009,19.644,19.623
19.669,19.669,0.084,0.038,19.723,19.639
19.669,19.669,0.083,0.038,19.723,19.64
19.694,19.694,0.083,0.038,19.723,19.64
19.667,19.667,0.08,0.037,19.72,19.64
19.675,19.675,0.078,0.033,19.72,19.642
19.645,19.645,0.034,0.014,19.664,19.63
19.665,19.665,0.07,0.029,19.7,19.63
19.684,19.684,0.093,0.04,19.723,19.63
19.708,19.708,0.023,0.011,19.723,19.7
19.711,19.711,0.023,0.009,19.723,19.7
19.684,19.684,0.066,0.029,19.709,19.643
19.663,19.663,0.072,0.033,19.709,19.637
19.665,19.665,0.078,0.035,19.715,19.637
19.689,19.689,0.078,0.037,19.715,19.637
19.713,19.713,0.004,0.002,19.715,19.711
19.709,19.709,0.012,0.005,19.714,19.702
19.711,19.711,0.019,0.008,19.721,19.702
19.686,19.686,0.085,0.036,19.721,19.636
19.672,19.672,0.085,0.036,19.721,19.636
19.651,19.651,0.023,0.011,19.659,19.636
19.677,19.677,0.055,0.026,19.713,19.658
19.668,19.668,0.082,0.034,19.713,19.631
19.667,19.667,0.082,0.034,19.713,19.631
19.65,19.65,0.032,0.014,19.663,19.631
19.646,19.646,0.045,0.02,19.663,19.618
19.647,19.647,0.045,0.021,19.663,19.618
19.661,19.661,0.086,0.035,19.704,19.618
19.672,19.672,0.052,0.023,19.704,19.652
19.668,19.668,0.055,0.025,19.704,19.649
19.651,19.651,0.003,0.001,19.652,19.649
19.643,19.643,0.023,0.01,19.652,19.629
19.641,19.641,0.023,0.009,19.652,19.629
19.646,19.646,0.038,0.016,19.667,19.629
19.653,19.653,0.024,0.01,19.667,19.643
19.646,19.646,0.046,0.019,19.667,19.621
19.642,19.642,0.034,0.015,19.655,19.621
19.649,19.649,0.051,0.021,19.672,19.621
19.645,19.645,0.064,0.027,19.672,19.608
19.65,19.65,0.064,0.029,19.672,19.608
19.664,19.664,0.106,0.043,19.714,19.608
19.681,19.681,0.053,0.023,19.714,19.661
19.697,19.697,0.055,0.025,19.716,19.661
19.682,19.682,0.055,0.024,19.716,19.661
19.673,19.673,0.082,0.034,19.716,19.634
19.652,19.652,0.036,0.015,19.67,19.634
19.648,19.648,0.025,0.01,19.659,19.634
19.677,19.677,0.07,0.031,19.721,19.651
19.677,19.677,0.071,0.032,19.721,19.65
19.695,19.695,0.071,0.032,19.721,19.65
19.673,19.673,0.064,0.029,19.714,19.65
19.701,19.701,0.08,0.034,19.735,19.655
19.68,19.68,0.084,0.039,19.735,19.651
19.679,19.679,0.084,0.039,19.735,19.651
19.654,19.654,0.008,0.004,19.659,19.651
19.654,19.654,0.009,0.004,19.659,19.65
19.649,19.649,0.021,0.009,19.659,19.638
19.667,19.667,0.076,0.033,19.714,19.638
19.686,19.686,0.076,0.034,19.714,19.638
19.695,19.695,0.05,0.022,19.714,19.664
19.696,19.696,0.052,0.023,19.716,19.664
19.661,19.661,0.113,0.046,19.716,19.603
19.656,19.656,0.113,0.046,19.716,19.603
19.64,19.64,0.063,0.027,19.666,19.603
19.674,19.674,0.057,0.024,19.707,19.65
19.672,19.672,0.064,0.026,19.707,19.643
19.677,19.677,0.064,0.026,19.707,19.643
19.655,19.655,0.038,0.018,19.68,19.642
19.651,19.651,0.048,0.021,19.68,19.632
19.644,19.644,0.027,0.011,19.659,19.632
19.65,19.65,0.027,0.012,19.659,19.632
19.661,19.661,0.008,0.004,19.666,19.658
19.677,19.677,0.049,0.021,19.707,19.658
19.656,19.656,0.113,0.047,19.707,19.594
19.646,19.646,0.113,0.047,19.707,19.594
19.633,19.633,0.075,0.031,19.669,19.594
19.675,19.675,0.081,0.033,19.718,19.637
19.682,19.682,0.058,0.025,19.718,19.66
19.698,19.698,0.058,0.027,19.718,19.66
19.672,19.672,0.078,0.033,19.717,19.639
19.667,19.667,0.078,0.036,19.717,19.639
19.644,19.644,0.009,0.004,19.648,19.639
19.627,19.627,0.06,0.027,19.648,19.588
19.633,19.633,0.076,0.033,19.664,19.588
19.656,19.656,0.128,0.053,19.716,19.588
19.662,19.662,0.109,0.045,19.716,19.607
19.681,19.681,0.114,0.053,19.721,19.607
19.663,19.663,0.114,0.047,19.721,19.607
19.681,19.681,0.061,0.028,19.721,19.66
19.659,19.659,0.007,0.003,19.662,19.655
19.683,19.683,0.078,0.035,19.733,19.655
19.683,19.683,0.078,0.035,19.733,19.655
19.687,19.687,0.071,0.033,19.733,19.662
19.68,19.68,0.051,0.023,19.713,19.662
19.669,19.669,0.083,0.034,19.713,19.63
19.687,19.687,0.088,0.04,19.718,19.63
19.67,19.67,0.088,0.036,19.718,19.63
19.664,19.664,0.107,0.044,19.718,19.611
19.64,19.64,0.052,0.022,19.663,19.611
19.646,19.646,0.07,0.029,19.681,19.611
19.642,19.642,0.081,0.033,19.681,19.6
19.673,19.673,0.138,0.057,19.738,19.6
19.666,19.666,0.138,0.057,19.738,19.6
19.687,19.687,0.079,0.036,19.738,19.659
19.684,19.684,0.071,0.033,19.73,19.659
19.669,19.669,0.117,0.048,19.73,19.613
19.681,19.681,0.117,0.049,19.73,19.613
19.637,19.637,0.1,0.044,19.699,19.599
19.656,19.656,0.1,0.042,19.699,19.599
19.628,19.628,0.072,0.031,19.671,19.599
19.625,19.625,0.082,0.034,19.671,19.589
19.628,19.628,0.092,0.039,19.681,19.589
19.636,19.636,0.092,0.038,19.681,19.589
19.651,19.651,0.047,0.021,19.681,19.634
19.652,19.652,0.05,0.023,19.684,19.634
19.661,19.661,0.05,0.021,19.684,19.634
19.681,19.681,0.027,0.011,19.693,19.666
19.696,19.696,0.063,0.026,19.729,19.666
19.704,19.704,0.038,0.017,19.729,19.691
19.69,19.69,0.08,0.033,19.729,19.649
19.66,19.66,0.05,0.022,19.691,19.641
19.66,19.66,0.05,0.022,19.691,19.641
19.658,19.658,0.05,0.023,19.691,19.641
19.641,19.641,0.101,0.041,19.691,19.59
19.622,19.622,0.052,0.023,19.642,19.59
19.627,19.627,0.066,0.028,19.656,19.59
19.641,19.641,0.025,0.011,19.656,19.631
19.657,19.657,0.053,0.022,19.684,19.631
19.668,19.668,0.059,0.027,19.69,19.631
19.698,19.698,0.036,0.016,19.72,19.684
19.69,19.69,0.06,0.024,19.72,19.66
19.71,19.71,0.091,0.038,19.751,19.66
19.682,19.682,0.115,0.05,19.751,19.636
19.66,19.66,0.157,0.066,19.751,19.594
19.606,19.606,0.047,0.021,19.636,19.589
19.616,19.616,0.075,0.034,19.664,19.589
19.635,19.635,0.075,0.033,19.664,19.589
19.638,19.638,0.065,0.028,19.664,19.599
19.616,19.616,0.056,0.026,19.652,19.596
19.593,19.593,0.016,0.007,19.599,19.583
19.607,19.607,0.059,0.025,19.642,19.583
19.624,19.624,0.065,0.029,19.648,19.583
19.654,19.654,0.031,0.013,19.673,19.642
19.67,19.67,0.04,0.016,19.688,19.648
19.701,19.701,0.07,0.03,19.743,19.673
19.715,19.715,0.055,0.022,19.743,19.688
19.725,19.725,0.028,0.013,19.743,19.715
19.702,19.702,0.041,0.019,19.716,19.675
19.709,19.709,0.062,0.026,19.737,19.675
19.675,19.675,0.124,0.051,19.737,19.613
19.704,19.704,0.15,0.065,19.763,19.613
19.659,19.659,0.163,0.074,19.763,19.6
19.676,19.676,0.163,0.067,19.763,19.6
19.625,19.625,0.064,0.028,19.664,19.6
19.615,19.615,0.093,0.038,19.664,19.571
19.594,19.594,0.04,0.017,19.611,19.571
19.59,19.59,0.029,0.014,19.6,19.571
19.615,19.615,0.046,0.022,19.646,19.6
19.662,19.662,0.139,0.058,19.739,19.6
19.66,19.66,0.144,0.06,19.739,19.595
19.689,19.689,0.144,0.066,19.739,19.595
19.64,19.64,0.138,0.065,19.732,19.594
19.64,19.64,0.138,0.065,19.732,19.594
19.592,19.592,0.009,0.004,19.595,19.586
19.6,19.6,0.034,0.014,19.62,19.586
19.601,19.601,0.034,0.014,19.62,19.586
19.624,19.624,0.061,0.025,19.657,19.596
19.659,19.659,0.127,0.052,19.723,19.596
19.709,19.709,0.09,0.038,19.747,19.657
19.736,19.736,0.024,0.01,19.747,19.723
19.699,19.699,0.135,0.062,19.747,19.612
19.673,19.673,0.127,0.052,19.739,19.612
19.669,19.669,0.116,0.047,19.728,19.612
19.671,19.671,0.112,0.046,19.728,19.616
19.679,19.679,0.112,0.047,19.728,19.616
19.659,19.659,0.076,0.032,19.692,19.616
19.687,19.687,0.031,0.013,19.7,19.669
19.685,19.685,0.031,0.013,19.7,19.669
19.712,19.712,0.063,0.027,19.75,19.687
19.7,19.7,0.087,0.037,19.75,19.663
19.671,19.671,0.151,0.062,19.75,19.599
19.675,19.675,0.163,0.067,19.762,19.599
19.663,19.663,0.163,0.071,19.762,19.599
19.664,19.664,0.16,0.07,19.762,19.602
19.638,19.638,0.08,0.033,19.682,19.602
19.632,19.632,0.08,0.036,19.682,19.602
19.648,19.648,0.07,0.029,19.682,19.612
19.664,19.664,0.117,0.049,19.729,19.612
19.668,19.668,0.106,0.045,19.729,19.623
19.65,19.65,0.13,0.056,19.729,19.599
19.637,19.637,0.089,0.038,19.688,19.599
19.636,19.636,0.089,0.038,19.688,19.599
19.686,19.686,0.127,0.052,19.748,19.621
19.659,19.659,0.141,0.063,19.748,19.607
19.68,19.68,0.141,0.058,19.748,19.607
19.659,19.659,0.078,0.037,19.685,19.607
19.683,19.683,0.004,0.002,19.685,19.681
19.672,19.672,0.035,0.016,19.685,19.65
19.673,19.673,0.037,0.016,19.687,19.65
19.65,19.65,0.074,0.03,19.687,19.613
19.664,19.664,0.079,0.036,19.692,19.613
19.667,19.667,0.084,0.038,19.697,19.613
19.662,19.662,0.099,0.046,19.697,19.598
19.682,19.682,0.154,0.064,19.752,19.598
19.666,19.666,0.154,0.064,19.752,19.598
19.664,19.664,0.158,0.066,19.752,19.594
19.613,19.613,0.053,0.024,19.647,19.594
19.605,19.605,0.029,0.013,19.623,19.594
19.637,19.637,0.091,0.039,19.69,19.599
19.637,19.637,0.091,0.039,19.69,19.599
19.629,19.629,0.093,0.043,19.69,19.597
19.614,19.614,0.05,0.023,19.647,19.597
19.643,19.643,0.087,0.036,19.684,19.597
19.643,19.643,0.085,0.035,19.684,19.599
19.634,19.634,0.085,0.036,19.684,19.599
19.648,19.648,0.127,0.056,19.726,19.599
19.684,19.684,0.107,0.047,19.726,19.619
19.681,19.681,0.118,0.052,19.726,19.608
19.666,19.666,0.1,0.042,19.708,19.608
19.666,19.666,0.098,0.042,19.706,19.608
19.693,19.693,0.023,0.01,19.706,19.683
19.695,19.695,0.017,0.008,19.706,19.689
19.66,19.66,0.09,0.042,19.691,19.601
19.639,19.639,0.09,0.038,19.691,19.601
19.651,19.651,0.126,0.055,19.727,19.601
19.693,19.693,0.105,0.049,19.729,19.624
19.716,19.716,0.037,0.017,19.729,19.692
19.702,19.702,0.044,0.019,19.729,19.685
19.688,19.688,0.007,0.003,19.692,19.685
19.659,19.659,0.081,0.038,19.687,19.606
19.626,19.626,0.102,0.044,19.687,19.585
19.598,19.598,0.021,0.009,19.606,19.585
19.64,19.64,0.148,0.066,19.733,19.585
19.69,19.69,0.131,0.062,19.734,19.603
19.736,19.736,0.007,0.003,19.74,19.733
19.737,19.737,0.006,0.002,19.74,19.734
19.718,19.718,0.063,0.029,19.74,19.677
19.679,19.679,0.113,0.046,19.736,19.623
19.681,19.681,0.119,0.049,19.742,19.623
19.681,19.681,0.119,0.049,19.742,19.623
19.725,19.725,0.076,0.033,19.755,19.679
19.682,19.682,0.143,0.058,19.755,19.612
19.657,19.657,0.15,0.069,19.755,19.605
19.657,19.657,0.15,0.069,19.755,19.605
19.679,19.679,0.15,0.061,19.755,19.605
19.709,19.709,0.077,0.033,19.755,19.678
19.658,19.658,0.09,0.039,19.693,19.603
19.631,19.631,0.096,0.044,19.693,19.597
19.64,19.64,0.124,0.057,19.721,19.597
19.668,19.668,0.124,0.052,19.721,19.597
19.721,19.721,0.069,0.028,19.755,19.686
19.707,19.707,0.075,0.034,19.755,19.68
19.677,19.677,0.159,0.065,19.755,19.596
19.653,19.653,0.087,0.04,19.683,19.596
19.648,19.648,0.087,0.037,19.683,19.596
19.683,19.683,0.037,0.015,19.701,19.664
19.703,19.703,0.081,0.033,19.745,19.664
19.702,19.702,0.085,0.035,19.745,19.66
19.723,19.723,0.103,0.045,19.763,19.66
19.667,19.667,0.185,0.076,19.763,19.578
19.642,19.642,0.185,0.086,19.763,19.578
19.618,19.618,0.113,0.052,19.691,19.578
19.678,19.678,0.176,0.072,19.76,19.584
19.682,19.682,0.164,0.067,19.76,19.596
19.655,19.655,0.164,0.074,19.76,19.596
19.616,19.616,0.047,0.02,19.643,19.596
19.623,19.623,0.034,0.014,19.643,19.609
19.642,19.642,0.047,0.019,19.665,19.618
19.633,19.633,0.049,0.023,19.665,19.616
19.631,19.631,0.054,0.024,19.665,19.611
19.638,19.638,0.077,0.035,19.688,19.611
19.641,19.641,0.077,0.033,19.688,19.611
19.693,19.693,0.141,0.058,19.766,19.625
19.693,19.693,0.141,0.058,19.766,19.625
19.706,19.706,0.104,0.044,19.766,19.662
19.654,19.654,0.078,0.032,19.689,19.611
19.63,19.63,0.051,0.023,19.662,19.611
19.622,19.622,0.026,0.011,19.637,19.611
19.646,19.646,0.068,0.029,19.685,19.617
19.665,19.665,0.048,0.021,19.685,19.637
19.665,19.665,0.05,0.021,19.685,19.635
19.642,19.642,0.057,0.024,19.674,19.617
19.669,19.669,0.137,0.061,19.754,19.617
19.674,19.674,0.137,0.058,19.754,19.617
19.674,19.674,0.137,0.058,19.754,19.617
19.679,19.679,0.153,0.066,19.77,19.617
19.683,19.683,0.153,0.064,19.77,19.617
19.729,19.729,0.108,0.048,19.77,19.662
19.72,19.72,0.093,0.041,19.755,19.662
19.738,19.738,0.04,0.017,19.755,19.715
19.709,19.709,0.073,0.03,19.743,19.67
19.669,19.669,0.093,0.038,19.715,19.622
19.667,19.667,0.088,0.036,19.71,19.622
19.673,19.673,0.088,0.037,19.71,19.622
19.691,19.691,0.034,0.014,19.71,19.676
19.684,19.684,0.013,0.006,19.689,19.676
19.654,19.654,0.093,0.041,19.689,19.596
19.629,19.629,0.093,0.043,19.689,19.596
19.63,19.63,0.098,0.045,19.694,19.596
19.668,19.668,0.108,0.048,19.709,19.601
19.672,19.672,0.096,0.042,19.709,19.613
19.661,19.661,0.096,0.039,19.709,19.613
19.653,19.653,0.071,0.03,19.684,19.613
19.673,19.673,0.022,0.009,19.684,19.662
19.682,19.682,0.015,0.006,19.688,19.673
19.664,19.664,0.056,0.024,19.688,19.632
19.667,19.667,0.056,0.025,19.688,19.632
19.664,19.664,0.05,0.023,19.682,19.632
19.706,19.706,0.077,0.036,19.756,19.679
19.705,19.705,0.077,0.036,19.756,19.679
19.68,19.68,0.15,0.061,19.756,19.606
19.634,19.634,0.073,0.032,19.679,19.606
19.637,19.637,0.08,0.035,19.686,19.606
19.643,19.643,0.068,0.03,19.686,19.618
19.676,19.676,0.089,0.037,19.715,19.626
19.678,19.678,0.089,0.038,19.715,19.626
19.727,19.727,0.079,0.033,19.773,19.694
19.702,19.702,0.135,0.055,19.773,19.638
19.693,19.693,0.135,0.058,19.773,19.638
19.662,19.662,0.04,0.017,19.678,19.638
19.689,19.689,0.05,0.022,19.719,19.669
19.704,19.704,0.041,0.019,19.719,19.678
19.716,19.716,0.007,0.003,19.719,19.712
19.708,19.708,0.019,0.008,19.716,19.697
19.7,19.7,0.022,0.009,19.712,19.69
19.698,19.698,0.016,0.007,19.706,19.69
19.692,19.692,0.025,0.01,19.706,19.681
19.684,19.684,0.04,0.016,19.706,19.666
19.679,19.679,0.025,0.01,19.691,19.666
19.656,19.656,0.08,0.033,19.691,19.611
19.643,19.643,0.08,0.035,19.691,19.611
19.642,19.642,0.078,0.034,19.689,19.611
19.696,19.696,0.146,0.06,19.773,19.627
19.708,19.708,0.111,0.047,19.773,19.662
19.69,19.69,0.138,0.06,19.773,19.635
19.639,19.639,0.043,0.018,19.662,19.619
19.618,19.618,0.036,0.015,19.635,19.599
19.614,19.614,0.024,0.01,19.623,19.599
19.633,19.633,0.079,0.033,19.678,19.599
19.652,19.652,0.055,0.023,19.678,19.623
19.692,19.692,0.09,0.038,19.744,19.654
19.679,19.679,0.105,0.046,19.744,19.639
19.696,19.696,0.105,0.043,19.744,19.639
19.694,19.694,0.099,0.041,19.738,19.639
19.688,19.688,0.117,0.049,19.738,19.621
19.681,19.681,0.117,0.048,19.738,19.621
19.652,19.652,0.064,0.026,19.685,19.621
19.655,19.655,0.056,0.023,19.685,19.629
19.646,19.646,0.03,0.013,19.659,19.629
19.645,19.645,0.03,0.012,19.659,19.629
19.681,19.681,0.093,0.041,19.739,19.646
19.694,19.694,0.093,0.038,19.739,19.646
19.688,19.688,0.111,0.046,19.739,19.628
19.642,19.642,0.098,0.041,19.698,19.6
19.615,19.615,0.028,0.011,19.628,19.6
19.608,19.608,0.016,0.007,19.616,19.6
19.648,19.648,0.111,0.051,19.72,19.609
19.655,19.655,0.111,0.047,19.72,19.609
19.667,19.667,0.084,0.038,19.72,19.636
19.623,19.623,0.055,0.024,19.644,19.589
19.641,19.641,0.101,0.041,19.69,19.589
19.677,19.677,0.164,0.068,19.753,19.589
19.711,19.711,0.064,0.03,19.753,19.689
19.695,19.695,0.111,0.045,19.753,19.642
19.661,19.661,0.047,0.02,19.689,19.642
19.652,19.652,0.02,0.008,19.662,19.642
19.665,19.665,0.028,0.012,19.681,19.653
19.655,19.655,0.059,0.025,19.681,19.622
19.685,19.685,0.13,0.053,19.752,19.622
19.683,19.683,0.13,0.053,19.752,19.622
19.678,19.678,0.144,0.059,19.752,19.608
19.669,19.669,0.118,0.048,19.726,19.608
19.669,19.669,0.118,0.048,19.726,19.608
19.711,19.711,0.061,0.027,19.734,19.673
19.7,19.7,0.061,0.025,19.734,19.673
19.676,19.676,0.134,0.056,19.734,19.6
19.637,19.637,0.094,0.041,19.694,19.6
19.617,19.617,0.033,0.013,19.633,19.6
19.623,19.623,0.015,0.007,19.633,19.618
19.644,19.644,0.061,0.026,19.68,19.619
19.633,19.633,0.08,0.034,19.68,19.6
19.647,19.647,0.08,0.034,19.68,19.6
19.643,19.643,0.067,0.03,19.667,19.6
19.658,19.658,0.022,0.009,19.667,19.645
19.641,19.641,0.056,0.023,19.667,19.611
19.624,19.624,0.034,0.015,19.645,19.611
19.605,19.605,0.031,0.013,19.617,19.586
19.632,19.632,0.106,0.044,19.692,19.586
19.669,19.669,0.142,0.06,19.728,19.586
19.718,19.718,0.041,0.018,19.733,19.692
19.685,19.685,0.14,0.065,19.733,19.593
19.679,19.679,0.14,0.062,19.733,19.593
19.634,19.634,0.119,0.055,19.712,19.593
19.658,19.658,0.115,0.047,19.712,19.597
19.635,19.635,0.069,0.029,19.666,19.597
19.657,19.657,0.024,0.011,19.666,19.642
19.632,19.632,0.071,0.03,19.663,19.592
19.632,19.632,0.071,0.03,19.663,19.592
19.657,19.657,0.146,0.061,19.738,19.592
19.685,19.685,0.096,0.04,19.738,19.642
19.688,19.688,0.088,0.037,19.738,19.65
19.663,19.663,0.025,0.01,19.675,19.65
19.658,19.658,0.014,0.006,19.664,19.65
19.656,19.656,0.022,0.01,19.664,19.642
19.639,19.639,0.048,0.02,19.661,19.613
19.618,19.618,0.044,0.018,19.642,19.598
19.604,19.604,0.015,0.007,19.613,19.598
19.64,19.64,0.123,0.058,19.721,19.598
19.665,19.665,0.121,0.05,19.721,19.6
19.659,19.659,0.14,0.058,19.721,19.581
19.643,19.643,0.094,0.044,19.675,19.581
19.619,19.619,0.091,0.039,19.672,19.581
19.652,19.652,0.078,0.035,19.681,19.603
19.676,19.676,0.141,0.058,19.744,19.603
19.686,19.686,0.112,0.046,19.744,19.632
19.663,19.663,0.131,0.058,19.744,19.613
19.628,19.628,0.025,0.011,19.638,19.613
19.668,19.668,0.14,0.061,19.753,19.613
19.689,19.689,0.115,0.048,19.753,19.638
19.685,19.685,0.127,0.052,19.753,19.626
19.663,19.663,0.063,0.027,19.689,19.626
19.64,19.64,0.083,0.035,19.689,19.606
19.647,19.647,0.083,0.034,19.689,19.606
19.663,19.663,0.131,0.055,19.737,19.606
19.661,19.661,0.138,0.057,19.737,19.599
19.67,19.67,0.138,0.056,19.737,19.599
19.657,19.657,0.099,0.042,19.698,19.599
19.708,19.708,0.077,0.032,19.752,19.675
19.733,19.733,0.054,0.025,19.752,19.698
19.724,19.724,0.08,0.037,19.752,19.672
19.73,19.73,0.096,0.042,19.768,19.672
19.701,19.701,0.105,0.048,19.768,19.663
19.702,19.702,0.105,0.047,19.768,19.663
19.694,19.694,0.081,0.036,19.744,19.663
19.691,19.691,0.091,0.039,19.744,19.653
19.668,19.668,0.138,0.057,19.744,19.606
19.642,19.642,0.06,0.026,19.666,19.606
19.673,19.673,0.14,0.057,19.746,19.606
19.666,19.666,0.161,0.066,19.746,19.585
19.658,19.658,0.161,0.067,19.746,19.585
19.639,19.639,0.105,0.043,19.69,19.585
19.69,19.69,0.096,0.039,19.738,19.642
19.71,19.71,0.048,0.021,19.738,19.69
19.675,19.675,0.153,0.065,19.738,19.585
19.674,19.674,0.152,0.065,19.737,19.585
19.642,19.642,0.152,0.068,19.737,19.585
19.678,19.678,0.134,0.056,19.737,19.603
19.677,19.677,0.133,0.055,19.736,19.603
