mean,RMS,ptp,std,max,min
23.323,23.323,0.275,0.057,23.484,23.209
23.325,23.325,0.265,0.057,23.484,23.219
23.326,23.326,0.264,0.057,23.484,23.22
23.328,23.328,0.262,0.056,23.484,23.222
23.33,23.33,0.262,0.057,23.484,23.222
23.332,23.332,0.262,0.056,23.484,23.222
23.333,23.333,0.262,0.056,23.484,23.222
23.335,23.335,0.262,0.055,23.484,23.222
23.337,23.337,0.262,0.055,23.484,23.222
23.339,23.339,0.262,0.055,23.484,23.222
23.34,23.34,0.262,0.055,23.484,23.222
23.342,23.342,0.255,0.054,23.484,23.229
23.344,23.344,0.261,0.054,23.49,23.229
23.346,23.346,0.261,0.054,23.49,23.229
23.348,23.348,0.261,0.053,23.49,23.229
23.349,23.349,0.261,0.053,23.49,23.229
23.351,23.351,0.261,0.052,23.49,23.229
23.353,23.353,0.254,0.052,23.49,23.236
23.354,23.354,0.254,0.051,23.49,23.236
23.356,23.356,0.254,0.051,23.49,23.236
23.358,23.358,0.245,0.05,23.49,23.245
23.359,23.359,0.245,0.049,23.49,23.245
23.36,23.36,0.245,0.049,23.49,23.245
23.361,23.361,0.245,0.048,23.49,23.245
23.362,23.362,0.236,0.048,23.49,23.254
23.363,23.363,0.236,0.047,23.49,23.254
23.364,23.364,0.236,0.046,23.49,23.254
23.365,23.366,0.236,0.046,23.49,23.254
23.366,23.366,0.236,0.046,23.49,23.254
23.367,23.367,0.223,0.045,23.49,23.267
23.368,23.368,0.223,0.044,23.49,23.267
23.368,23.368,0.223,0.044,23.49,23.267
23.369,23.369,0.223,0.043,23.49,23.267
23.37,23.37,0.223,0.043,23.49,23.267
23.37,23.37,0.223,0.042,23.49,23.267
23.371,23.371,0.213,0.042,23.49,23.277
23.371,23.371,0.213,0.041,23.49,23.277
23.371,23.371,0.213,0.041,23.49,23.277
23.371,23.371,0.211,0.041,23.49,23.279
23.372,23.372,0.211,0.04,23.49,23.279
23.372,23.372,0.211,0.04,23.49,23.279
23.373,23.373,0.195,0.04,23.49,23.295
23.373,23.373,0.195,0.039,23.49,23.295
23.372,23.372,0.195,0.039,23.49,23.295
23.373,23.373,0.195,0.039,23.49,23.295
23.373,23.373,0.195,0.039,23.49,23.295
23.373,23.373,0.195,0.039,23.49,23.295
23.373,23.373,0.195,0.039,23.49,23.295
23.373,23.373,0.189,0.039,23.49,23.301
23.373,23.373,0.189,0.039,23.49,23.301
23.372,23.372,0.189,0.039,23.49,23.301
23.372,23.372,0.189,0.039,23.49,23.301
23.371,23.372,0.189,0.039,23.49,23.301
23.371,23.371,0.186,0.039,23.49,23.304
23.371,23.371,0.186,0.039,23.49,23.304
23.371,23.371,0.186,0.039,23.49,23.304
23.371,23.371,0.196,0.039,23.49,23.294
23.37,23.37,0.196,0.039,23.49,23.294
23.37,23.37,0.196,0.039,23.49,23.294
23.369,23.37,0.196,0.04,23.49,23.294
23.369,23.369,0.196,0.04,23.49,23.294
23.369,23.369,0.196,0.04,23.49,23.294
23.368,23.368,0.196,0.04,23.49,23.294
23.368,23.368,0.196,0.04,23.49,23.294
23.367,23.367,0.196,0.04,23.49,23.294
23.366,23.366,0.196,0.04,23.49,23.294
23.366,23.366,0.196,0.04,23.49,23.294
23.365,23.365,0.196,0.04,23.49,23.294
23.364,23.364,0.196,0.04,23.49,23.294
23.363,23.363,0.196,0.04,23.49,23.294
23.362,23.362,0.201,0.041,23.49,23.289
23.362,23.362,0.201,0.041,23.49,23.289
23.361,23.361,0.201,0.041,23.49,23.289
23.36,23.36,0.201,0.041,23.49,23.289
23.359,23.359,0.201,0.041,23.49,23.289
23.358,23.358,0.201,0.041,23.49,23.289
23.358,23.358,0.201,0.041,23.49,23.289
23.357,23.357,0.203,0.041,23.49,23.287
23.356,23.356,0.213,0.041,23.49,23.277
23.355,23.355,0.213,0.041,23.49,23.277
23.354,23.354,0.213,0.041,23.49,23.277
23.354,23.354,0.213,0.041,23.49,23.277
23.353,23.353,0.213,0.041,23.49,23.277
23.351,23.352,0.213,0.041,23.49,23.277
23.35,23.35,0.218,0.04,23.49,23.272
23.349,23.349,0.218,0.04,23.49,23.272
23.349,23.349,0.218,0.04,23.49,23.272
23.347,23.347,0.217,0.039,23.489,23.272
23.346,23.346,0.217,0.038,23.489,23.272
23.345,23.345,0.217,0.038,23.489,23.272
23.344,23.344,0.217,0.037,23.489,23.272
23.343,23.343,0.216,0.037,23.488,23.272
23.342,23.342,0.216,0.037,23.488,23.272
23.341,23.341,0.216,0.036,23.488,23.272
23.339,23.339,0.205,0.035,23.477,23.272
23.338,23.338,0.198,0.035,23.47,23.272
23.337,23.337,0.197,0.035,23.469,23.272
23.336,23.336,0.219,0.034,23.469,23.25
23.335,23.335,0.219,0.034,23.469,23.25
23.334,23.334,0.216,0.034,23.466,23.25
23.333,23.333,0.216,0.033,23.466,23.25
23.332,23.332,0.216,0.033,23.466,23.25
23.332,23.332,0.213,0.033,23.463,23.25
23.331,23.331,0.208,0.032,23.458,23.25
23.33,23.33,0.208,0.032,23.458,23.25
23.33,23.33,0.208,0.032,23.458,23.25
23.329,23.329,0.199,0.032,23.449,23.25
23.328,23.328,0.199,0.031,23.449,23.25
23.327,23.327,0.198,0.031,23.448,23.25
23.327,23.327,0.198,0.031,23.448,23.25
23.327,23.327,0.191,0.031,23.441,23.25
23.326,23.326,0.187,0.03,23.437,23.25
23.325,23.325,0.187,0.03,23.437,23.25
23.325,23.325,0.187,0.031,23.437,23.25
23.325,23.325,0.187,0.031,23.437,23.25
23.324,23.324,0.187,0.031,23.437,23.25
23.324,23.324,0.187,0.03,23.437,23.25
23.323,23.323,0.187,0.03,23.437,23.25
23.323,23.323,0.187,0.031,23.437,23.25
23.323,23.323,0.187,0.03,23.437,23.25
23.322,23.322,0.187,0.03,23.437,23.25
23.322,23.322,0.187,0.03,23.437,23.25
23.322,23.322,0.187,0.03,23.437,23.25
23.321,23.321,0.187,0.031,23.437,23.25
23.321,23.321,0.187,0.031,23.437,23.25
23.321,23.321,0.187,0.031,23.437,23.25
23.321,23.321,0.187,0.031,23.437,23.25
23.32,23.321,0.187,0.031,23.437,23.25
23.32,23.32,0.187,0.031,23.437,23.25
23.32,23.32,0.187,0.031,23.437,23.25
23.32,23.32,0.187,0.031,23.437,23.25
23.319,23.319,0.185,0.031,23.435,23.25
23.319,23.319,0.185,0.031,23.435,23.25
23.319,23.319,0.185,0.031,23.435,23.25
23.319,23.319,0.185,0.031,23.435,23.25
23.319,23.319,0.185,0.031,23.435,23.25
23.319,23.319,0.185,0.031,23.435,23.25
23.319,23.319,0.185,0.032,23.435,23.25
23.319,23.319,0.185,0.032,23.435,23.25
23.319,23.319,0.185,0.032,23.435,23.25
23.318,23.318,0.185,0.032,23.435,23.25
23.318,23.318,0.185,0.032,23.435,23.25
23.319,23.319,0.185,0.032,23.435,23.25
23.319,23.319,0.185,0.032,23.435,23.25
23.319,23.319,0.185,0.033,23.435,23.25
23.319,23.319,0.185,0.033,23.435,23.25
23.319,23.319,0.185,0.033,23.435,23.25
23.319,23.319,0.185,0.033,23.435,23.25
23.32,23.32,0.185,0.034,23.435,23.25
23.32,23.32,0.185,0.034,23.435,23.25
23.32,23.32,0.185,0.034,23.435,23.25
23.32,23.32,0.185,0.034,23.435,23.25
23.32,23.32,0.185,0.034,23.435,23.25
23.321,23.321,0.185,0.034,23.435,23.25
23.321,23.321,0.185,0.034,23.435,23.25
23.321,23.321,0.18,0.035,23.43,23.25
23.322,23.322,0.182,0.035,23.432,23.25
23.322,23.322,0.182,0.036,23.432,23.25
23.323,23.323,0.182,0.036,23.432,23.25
23.324,23.324,0.184,0.036,23.434,23.25
23.324,23.324,0.184,0.037,23.434,23.25
23.325,23.325,0.184,0.037,23.434,23.25
23.325,23.325,0.194,0.038,23.444,23.25
23.326,23.326,0.194,0.038,23.444,23.25
23.326,23.326,0.194,0.038,23.444,23.25
23.327,23.327,0.194,0.038,23.444,23.25
23.328,23.328,0.194,0.038,23.444,23.25
23.328,23.328,0.194,0.039,23.444,23.25
23.329,23.329,0.194,0.039,23.444,23.25
23.33,23.33,0.207,0.04,23.457,23.25
23.331,23.331,0.207,0.04,23.457,23.25
23.332,23.332,0.212,0.041,23.462,23.25
23.334,23.334,0.2,0.041,23.462,23.262
23.335,23.335,0.2,0.041,23.462,23.262
23.336,23.336,0.2,0.042,23.462,23.262
23.336,23.336,0.2,0.042,23.462,23.262
23.337,23.337,0.2,0.042,23.462,23.262
23.338,23.338,0.217,0.043,23.479,23.262
23.339,23.339,0.217,0.043,23.479,23.262
23.34,23.34,0.217,0.043,23.479,23.262
23.341,23.341,0.217,0.043,23.479,23.262
23.342,23.342,0.217,0.044,23.479,23.262
23.343,23.344,0.223,0.044,23.485,23.262
23.345,23.345,0.223,0.045,23.485,23.262
23.346,23.346,0.223,0.046,23.485,23.262
23.347,23.347,0.238,0.046,23.5,23.262
23.348,23.348,0.238,0.046,23.5,23.262
23.349,23.35,0.238,0.047,23.5,23.262
23.351,23.351,0.238,0.047,23.5,23.262
23.352,23.352,0.238,0.048,23.5,23.262
23.353,23.353,0.238,0.048,23.5,23.262
23.354,23.354,0.238,0.048,23.5,23.262
23.355,23.355,0.238,0.048,23.5,23.262
23.357,23.357,0.238,0.049,23.5,23.262
23.359,23.359,0.242,0.05,23.504,23.262
23.36,23.36,0.242,0.05,23.504,23.262
23.362,23.362,0.242,0.05,23.504,23.262
23.363,23.363,0.251,0.05,23.513,23.262
23.365,23.365,0.251,0.051,23.513,23.262
23.366,23.366,0.251,0.051,23.513,23.262
23.367,23.368,0.251,0.051,23.513,23.262
23.37,23.37,0.255,0.052,23.517,23.262
23.371,23.371,0.27,0.052,23.532,23.262
23.373,23.373,0.27,0.053,23.532,23.262
23.375,23.375,0.279,0.053,23.541,23.262
23.376,23.376,0.279,0.053,23.541,23.262
23.378,23.378,0.279,0.053,23.541,23.262
23.38,23.38,0.279,0.054,23.541,23.262
23.382,23.382,0.279,0.054,23.541,23.262
23.383,23.383,0.279,0.054,23.541,23.262
23.385,23.385,0.291,0.055,23.553,23.262
23.387,23.387,0.291,0.055,23.553,23.262
23.389,23.389,0.291,0.056,23.553,23.262
23.391,23.391,0.294,0.057,23.569,23.275
23.393,23.393,0.294,0.057,23.569,23.275
23.393,23.393,0.328,0.057,23.569,23.241
23.392,23.393,0.328,0.058,23.569,23.241
23.392,23.392,0.329,0.059,23.569,23.24
23.391,23.391,0.329,0.06,23.569,23.24
23.393,23.393,0.329,0.06,23.569,23.24
23.392,23.392,0.332,0.06,23.569,23.237
23.391,23.391,0.332,0.062,23.569,23.237
23.391,23.391,0.332,0.062,23.569,23.237
23.39,23.39,0.332,0.063,23.569,23.237
23.389,23.389,0.338,0.064,23.569,23.231
23.388,23.389,0.338,0.065,23.569,23.231
23.388,23.388,0.338,0.065,23.569,23.231
23.388,23.388,0.338,0.066,23.569,23.231
23.387,23.387,0.338,0.066,23.569,23.231
23.387,23.387,0.338,0.067,23.569,23.231
23.386,23.386,0.338,0.067,23.569,23.231
23.386,23.386,0.338,0.067,23.569,23.231
23.386,23.386,0.338,0.067,23.569,23.231
23.386,23.386,0.338,0.067,23.569,23.231
23.387,23.387,0.338,0.067,23.569,23.231
23.387,23.387,0.338,0.067,23.569,23.231
23.388,23.388,0.338,0.067,23.569,23.231
23.388,23.388,0.338,0.067,23.569,23.231
23.389,23.389,0.338,0.067,23.569,23.231
23.389,23.39,0.338,0.067,23.569,23.231
23.39,23.39,0.338,0.067,23.569,23.231
23.39,23.391,0.338,0.067,23.569,23.231
23.391,23.391,0.338,0.067,23.569,23.231
23.391,23.392,0.338,0.067,23.569,23.231
23.392,23.392,0.338,0.067,23.569,23.231
23.392,23.392,0.338,0.067,23.569,23.231
23.393,23.393,0.338,0.067,23.569,23.231
23.393,23.393,0.338,0.067,23.569,23.231
23.393,23.394,0.338,0.067,23.569,23.231
23.394,23.394,0.338,0.067,23.569,23.231
23.394,23.395,0.338,0.068,23.569,23.231
23.395,23.395,0.338,0.068,23.569,23.231
23.395,23.395,0.338,0.068,23.569,23.231
23.396,23.396,0.338,0.068,23.569,23.231
23.397,23.397,0.338,0.068,23.569,23.231
23.397,23.397,0.338,0.068,23.569,23.231
23.397,23.398,0.338,0.068,23.569,23.231
23.398,23.398,0.338,0.068,23.569,23.231
23.398,23.398,0.338,0.068,23.569,23.231
23.398,23.398,0.338,0.069,23.569,23.231
23.398,23.398,0.338,0.069,23.569,23.231
23.399,23.399,0.338,0.069,23.569,23.231
23.399,23.4,0.338,0.069,23.569,23.231
23.4,23.4,0.338,0.069,23.569,23.231
23.4,23.4,0.338,0.07,23.569,23.231
23.401,23.401,0.338,0.07,23.569,23.231
23.402,23.402,0.338,0.07,23.569,23.231
23.402,23.402,0.338,0.07,23.569,23.231
23.402,23.402,0.338,0.071,23.569,23.231
23.402,23.402,0.338,0.071,23.569,23.231
23.403,23.403,0.338,0.071,23.569,23.231
23.403,23.403,0.338,0.071,23.569,23.231
23.403,23.404,0.338,0.071,23.569,23.231
23.404,23.404,0.338,0.072,23.569,23.231
23.404,23.404,0.338,0.072,23.569,23.231
23.405,23.405,0.338,0.072,23.569,23.231
23.405,23.405,0.338,0.072,23.569,23.231
23.405,23.405,0.338,0.073,23.569,23.231
23.405,23.406,0.338,0.073,23.569,23.231
23.406,23.406,0.338,0.073,23.569,23.231
23.406,23.406,0.338,0.073,23.569,23.231
23.406,23.406,0.338,0.073,23.569,23.231
23.406,23.406,0.338,0.073,23.569,23.231
23.406,23.406,0.338,0.073,23.569,23.231
23.406,23.406,0.338,0.073,23.569,23.231
23.406,23.406,0.338,0.073,23.569,23.231
23.407,23.407,0.338,0.074,23.569,23.231
23.406,23.407,0.338,0.074,23.569,23.231
23.406,23.407,0.316,0.073,23.547,23.231
23.407,23.407,0.316,0.074,23.547,23.231
23.409,23.409,0.326,0.073,23.557,23.231
23.412,23.412,0.326,0.072,23.557,23.231
23.414,23.415,0.327,0.072,23.558,23.231
23.417,23.418,0.333,0.071,23.564,23.231
23.418,23.418,0.333,0.071,23.564,23.231
23.421,23.421,0.333,0.07,23.564,23.231
23.424,23.424,0.339,0.069,23.57,23.231
23.427,23.427,0.339,0.068,23.57,23.231
23.43,23.43,0.339,0.067,23.57,23.231
23.433,23.433,0.335,0.065,23.57,23.235
23.435,23.435,0.313,0.063,23.571,23.258
23.438,23.438,0.319,0.062,23.577,23.258
23.441,23.441,0.319,0.061,23.577,23.258
23.443,23.443,0.332,0.059,23.59,23.258
23.446,23.446,0.313,0.057,23.59,23.277
23.448,23.448,0.288,0.056,23.59,23.302
23.451,23.451,0.266,0.055,23.59,23.324
23.453,23.453,0.266,0.055,23.59,23.324
23.454,23.455,0.254,0.054,23.59,23.336
23.456,23.456,0.253,0.054,23.59,23.337
23.458,23.458,0.253,0.054,23.59,23.337
23.46,23.46,0.253,0.054,23.59,23.337
23.461,23.461,0.253,0.054,23.59,23.337
23.463,23.463,0.228,0.054,23.59,23.362
23.464,23.464,0.228,0.054,23.59,23.362
23.466,23.466,0.228,0.054,23.59,23.362
23.467,23.468,0.234,0.054,23.596,23.362
23.469,23.469,0.233,0.054,23.596,23.363
23.471,23.471,0.233,0.054,23.596,23.363
23.472,23.472,0.233,0.054,23.596,23.363
23.474,23.474,0.249,0.055,23.612,23.363
23.476,23.476,0.249,0.055,23.612,23.363
23.478,23.478,0.251,0.055,23.614,23.363
23.48,23.48,0.251,0.055,23.614,23.363
23.482,23.482,0.251,0.056,23.614,23.363
23.483,23.483,0.251,0.055,23.614,23.363
23.485,23.486,0.251,0.056,23.614,23.363
23.487,23.487,0.251,0.056,23.614,23.363
23.489,23.49,0.251,0.056,23.614,23.363
23.491,23.491,0.251,0.057,23.614,23.363
23.493,23.493,0.259,0.057,23.622,23.363
23.495,23.495,0.272,0.057,23.635,23.363
23.497,23.497,0.255,0.057,23.635,23.38
23.499,23.499,0.252,0.057,23.635,23.383
23.501,23.501,0.252,0.058,23.635,23.383
23.503,23.503,0.252,0.058,23.635,23.383
23.505,23.505,0.252,0.058,23.635,23.383
23.507,23.507,0.252,0.058,23.635,23.383
23.508,23.508,0.254,0.058,23.637,23.383
23.51,23.511,0.254,0.059,23.637,23.383
23.512,23.513,0.247,0.059,23.637,23.39
23.514,23.514,0.247,0.059,23.637,23.39
23.516,23.516,0.247,0.059,23.637,23.39
23.518,23.518,0.247,0.059,23.637,23.39
23.52,23.52,0.247,0.059,23.637,23.39
23.522,23.522,0.239,0.059,23.641,23.402
23.524,23.524,0.241,0.059,23.643,23.402
23.526,23.526,0.241,0.059,23.643,23.402
23.527,23.527,0.241,0.059,23.643,23.402
23.529,23.529,0.244,0.059,23.646,23.402
23.531,23.531,0.24,0.059,23.646,23.406
23.533,23.533,0.263,0.059,23.669,23.406
23.535,23.535,0.263,0.059,23.669,23.406
23.537,23.537,0.263,0.06,23.669,23.406
23.539,23.539,0.26,0.059,23.669,23.409
23.541,23.542,0.251,0.059,23.669,23.418
23.544,23.544,0.251,0.059,23.669,23.418
23.545,23.545,0.257,0.059,23.675,23.418
23.548,23.548,0.257,0.059,23.675,23.418
23.55,23.55,0.265,0.059,23.683,23.418
23.552,23.552,0.265,0.059,23.683,23.418
23.554,23.554,0.265,0.059,23.683,23.418
23.556,23.556,0.253,0.059,23.683,23.43
23.558,23.558,0.253,0.059,23.683,23.43
23.56,23.56,0.253,0.059,23.683,23.43
23.562,23.562,0.253,0.059,23.683,23.43
23.563,23.563,0.253,0.059,23.683,23.43
23.565,23.565,0.255,0.059,23.685,23.43
23.567,23.567,0.255,0.059,23.685,23.43
23.569,23.569,0.246,0.058,23.685,23.439
23.571,23.571,0.246,0.058,23.685,23.439
23.573,23.573,0.26,0.058,23.699,23.439
23.574,23.574,0.258,0.058,23.699,23.441
23.576,23.576,0.258,0.058,23.699,23.441
23.577,23.577,0.258,0.058,23.699,23.441
23.579,23.579,0.258,0.057,23.699,23.441
23.581,23.581,0.258,0.057,23.699,23.441
23.583,23.583,0.245,0.056,23.699,23.454
23.585,23.585,0.245,0.056,23.699,23.454
23.587,23.587,0.245,0.056,23.699,23.454
23.588,23.588,0.245,0.055,23.699,23.454
23.59,23.59,0.241,0.055,23.699,23.458
23.592,23.592,0.251,0.055,23.709,23.458
23.594,23.594,0.251,0.054,23.709,23.458
23.595,23.595,0.25,0.053,23.709,23.459
23.597,23.597,0.248,0.053,23.709,23.461
23.599,23.599,0.248,0.053,23.709,23.461
23.6,23.6,0.248,0.052,23.709,23.461
23.602,23.602,0.25,0.052,23.711,23.461
23.604,23.604,0.25,0.052,23.711,23.461
23.606,23.606,0.25,0.051,23.711,23.461
23.608,23.608,0.228,0.051,23.711,23.483
23.61,23.61,0.238,0.05,23.721,23.483
23.611,23.611,0.238,0.05,23.721,23.483
23.613,23.613,0.238,0.05,23.721,23.483
23.614,23.614,0.238,0.049,23.721,23.483
23.616,23.616,0.238,0.049,23.721,23.483
23.617,23.617,0.238,0.049,23.721,23.483
23.618,23.618,0.223,0.048,23.721,23.498
23.619,23.619,0.223,0.048,23.721,23.498
23.621,23.621,0.218,0.047,23.721,23.503
23.622,23.622,0.218,0.047,23.721,23.503
23.623,23.623,0.218,0.047,23.721,23.503
23.625,23.625,0.218,0.046,23.721,23.503
23.626,23.626,0.219,0.046,23.722,23.503
23.628,23.628,0.219,0.046,23.722,23.503
23.629,23.629,0.222,0.046,23.725,23.503
23.63,23.63,0.222,0.046,23.725,23.503
23.631,23.631,0.222,0.046,23.725,23.503
23.632,23.633,0.211,0.046,23.725,23.514
23.633,23.633,0.211,0.046,23.725,23.514
23.634,23.634,0.211,0.046,23.725,23.514
23.636,23.636,0.211,0.046,23.725,23.514
23.637,23.637,0.201,0.045,23.725,23.524
23.638,23.638,0.197,0.045,23.725,23.528
23.639,23.639,0.197,0.045,23.725,23.528
23.641,23.641,0.197,0.045,23.725,23.528
23.642,23.642,0.199,0.045,23.727,23.528
23.643,23.643,0.201,0.044,23.731,23.53
23.644,23.644,0.198,0.044,23.731,23.533
23.645,23.645,0.191,0.044,23.731,23.54
23.646,23.646,0.194,0.044,23.734,23.54
23.647,23.647,0.194,0.043,23.734,23.54
23.648,23.648,0.193,0.043,23.734,23.541
23.649,23.649,0.186,0.043,23.736,23.55
23.65,23.65,0.186,0.042,23.736,23.55
23.651,23.651,0.186,0.042,23.736,23.55
23.652,23.652,0.186,0.042,23.736,23.55
23.652,23.652,0.186,0.042,23.736,23.55
23.653,23.653,0.186,0.042,23.736,23.55
23.654,23.654,0.185,0.042,23.736,23.551
23.655,23.655,0.185,0.042,23.736,23.551
23.655,23.655,0.185,0.042,23.736,23.551
23.656,23.656,0.185,0.042,23.736,23.551
23.657,23.657,0.185,0.042,23.736,23.551
23.657,23.657,0.186,0.042,23.737,23.551
23.658,23.658,0.186,0.042,23.737,23.551
23.659,23.659,0.174,0.042,23.737,23.563
23.66,23.66,0.174,0.042,23.737,23.563
23.66,23.66,0.174,0.042,23.737,23.563
23.661,23.661,0.173,0.042,23.737,23.564
23.662,23.662,0.176,0.042,23.74,23.564
23.663,23.663,0.172,0.042,23.74,23.568
23.664,23.664,0.183,0.042,23.751,23.568
23.665,23.665,0.182,0.042,23.751,23.569
23.665,23.665,0.182,0.042,23.751,23.569
23.666,23.666,0.185,0.042,23.754,23.569
23.667,23.667,0.185,0.042,23.754,23.569
23.668,23.668,0.184,0.042,23.754,23.57
23.669,23.669,0.184,0.041,23.754,23.57
23.67,23.67,0.179,0.042,23.754,23.575
23.67,23.67,0.179,0.041,23.754,23.575
23.671,23.671,0.179,0.041,23.754,23.575
23.672,23.672,0.179,0.041,23.754,23.575
23.672,23.672,0.179,0.041,23.754,23.575
23.673,23.673,0.179,0.041,23.754,23.575
23.674,23.674,0.179,0.041,23.754,23.575
23.674,23.674,0.179,0.041,23.754,23.575
23.675,23.675,0.179,0.041,23.754,23.575
23.675,23.675,0.179,0.041,23.754,23.575
23.676,23.676,0.179,0.041,23.754,23.575
23.677,23.677,0.179,0.041,23.754,23.575
23.678,23.678,0.179,0.041,23.754,23.575
23.678,23.678,0.179,0.041,23.754,23.575
23.679,23.679,0.168,0.041,23.757,23.589
23.679,23.679,0.168,0.041,23.757,23.589
23.68,23.68,0.166,0.041,23.757,23.591
23.68,23.68,0.167,0.041,23.758,23.591
23.681,23.681,0.167,0.041,23.758,23.591
23.682,23.682,0.177,0.041,23.768,23.591
23.683,23.683,0.177,0.041,23.768,23.591
23.683,23.683,0.177,0.041,23.768,23.591
23.684,23.684,0.177,0.041,23.768,23.591
23.685,23.685,0.183,0.041,23.774,23.591
23.686,23.686,0.183,0.041,23.774,23.591
23.687,23.687,0.183,0.041,23.774,23.591
23.688,23.688,0.183,0.042,23.774,23.591
23.689,23.689,0.183,0.042,23.774,23.591
23.689,23.689,0.189,0.042,23.78,23.591
23.689,23.689,0.189,0.042,23.78,23.591
23.69,23.69,0.189,0.042,23.78,23.591
23.691,23.691,0.189,0.042,23.78,23.591
23.692,23.692,0.181,0.042,23.78,23.599
23.692,23.692,0.184,0.042,23.783,23.599
23.693,23.693,0.184,0.042,23.783,23.599
23.694,23.694,0.184,0.042,23.783,23.599
23.695,23.695,0.184,0.042,23.783,23.599
23.695,23.695,0.184,0.043,23.783,23.599
23.696,23.696,0.19,0.043,23.789,23.599
23.697,23.697,0.19,0.043,23.789,23.599
23.698,23.698,0.19,0.043,23.789,23.599
23.699,23.699,0.19,0.043,23.789,23.599
23.699,23.699,0.19,0.043,23.789,23.599
23.7,23.7,0.19,0.043,23.789,23.599
23.701,23.701,0.186,0.043,23.789,23.603
23.702,23.702,0.186,0.043,23.789,23.603
23.702,23.702,0.186,0.043,23.789,23.603
23.703,23.703,0.186,0.043,23.789,23.603
23.704,23.704,0.186,0.043,23.789,23.603
23.705,23.705,0.186,0.043,23.789,23.603
23.706,23.706,0.18,0.043,23.789,23.609
23.707,23.707,0.18,0.042,23.789,23.609
23.708,23.708,0.18,0.043,23.789,23.609
23.709,23.709,0.184,0.043,23.793,23.609
23.71,23.71,0.183,0.043,23.794,23.611
23.711,23.711,0.183,0.043,23.794,23.611
23.712,23.712,0.205,0.043,23.816,23.611
23.713,23.713,0.205,0.043,23.816,23.611
23.714,23.714,0.205,0.043,23.816,23.611
23.715,23.715,0.205,0.043,23.816,23.611
23.716,23.716,0.205,0.043,23.816,23.611
23.717,23.717,0.205,0.043,23.816,23.611
23.718,23.718,0.205,0.044,23.816,23.611
23.718,23.718,0.195,0.044,23.816,23.621
23.72,23.72,0.195,0.043,23.816,23.621
23.721,23.721,0.195,0.044,23.816,23.621
23.721,23.721,0.195,0.044,23.816,23.621
23.722,23.722,0.188,0.044,23.816,23.628
23.723,23.723,0.188,0.044,23.816,23.628
23.724,23.724,0.188,0.044,23.816,23.628
23.725,23.725,0.188,0.043,23.816,23.628
23.726,23.726,0.188,0.043,23.816,23.628
23.727,23.727,0.188,0.043,23.816,23.628
23.728,23.728,0.188,0.044,23.816,23.628
23.729,23.729,0.188,0.044,23.816,23.628
23.729,23.729,0.188,0.044,23.816,23.628
23.73,23.73,0.188,0.043,23.816,23.628
23.731,23.731,0.188,0.043,23.816,23.628
23.732,23.732,0.188,0.043,23.816,23.628
23.733,23.733,0.188,0.043,23.816,23.628
23.734,23.734,0.191,0.043,23.819,23.628
23.735,23.735,0.191,0.043,23.819,23.628
23.736,23.736,0.184,0.043,23.819,23.635
23.737,23.737,0.183,0.043,23.819,23.636
23.738,23.738,0.183,0.043,23.819,23.636
23.738,23.738,0.183,0.043,23.819,23.636
23.739,23.74,0.183,0.043,23.825,23.642
23.741,23.741,0.183,0.043,23.825,23.642
23.742,23.742,0.183,0.043,23.825,23.642
23.743,23.743,0.183,0.043,23.825,23.642
23.744,23.744,0.174,0.043,23.825,23.651
23.745,23.745,0.174,0.043,23.825,23.651
23.746,23.746,0.174,0.042,23.825,23.651
23.747,23.747,0.173,0.042,23.825,23.652
23.748,23.748,0.173,0.042,23.825,23.652
23.748,23.748,0.173,0.042,23.825,23.652
23.749,23.749,0.173,0.042,23.825,23.652
23.75,23.75,0.173,0.042,23.825,23.652
23.751,23.751,0.173,0.042,23.825,23.652
23.752,23.752,0.173,0.042,23.825,23.652
23.753,23.753,0.173,0.042,23.825,23.652
23.753,23.753,0.173,0.042,23.825,23.652
23.754,23.754,0.173,0.042,23.825,23.652
23.755,23.755,0.173,0.042,23.825,23.652
23.756,23.756,0.173,0.041,23.825,23.652
23.757,23.757,0.173,0.041,23.825,23.652
23.757,23.757,0.173,0.041,23.825,23.652
23.758,23.758,0.173,0.041,23.825,23.652
23.759,23.759,0.173,0.041,23.825,23.652
23.759,23.759,0.173,0.04,23.825,23.652
23.76,23.76,0.175,0.041,23.827,23.652
23.76,23.761,0.174,0.04,23.83,23.656
23.761,23.761,0.174,0.04,23.83,23.656
23.762,23.762,0.174,0.04,23.83,23.656
23.762,23.762,0.174,0.041,23.83,23.656
23.763,23.763,0.179,0.041,23.835,23.656
23.764,23.764,0.179,0.041,23.835,23.656
23.765,23.765,0.179,0.041,23.835,23.656
23.765,23.765,0.179,0.04,23.835,23.656
23.766,23.766,0.179,0.04,23.835,23.656
23.767,23.767,0.179,0.04,23.835,23.656
23.768,23.768,0.179,0.04,23.835,23.656
23.768,23.768,0.179,0.04,23.835,23.656
23.769,23.769,0.179,0.04,23.835,23.656
23.77,23.77,0.179,0.04,23.835,23.656
23.77,23.77,0.179,0.04,23.835,23.656
23.77,23.77,0.179,0.04,23.835,23.656
23.771,23.771,0.179,0.04,23.835,23.656
23.771,23.772,0.171,0.04,23.835,23.664
23.772,23.772,0.171,0.039,23.835,23.664
23.773,23.773,0.171,0.039,23.835,23.664
23.773,23.773,0.171,0.039,23.835,23.664
23.774,23.774,0.171,0.039,23.835,23.664
23.774,23.774,0.171,0.039,23.835,23.664
23.775,23.775,0.16,0.039,23.835,23.675
23.776,23.776,0.16,0.038,23.835,23.675
23.776,23.776,0.16,0.038,23.835,23.675
23.776,23.776,0.16,0.039,23.835,23.675
23.777,23.777,0.16,0.038,23.835,23.675
23.777,23.777,0.16,0.039,23.835,23.675
23.778,23.778,0.16,0.039,23.835,23.675
23.779,23.779,0.164,0.039,23.839,23.675
23.779,23.779,0.164,0.039,23.839,23.675
23.78,23.78,0.166,0.039,23.841,23.675
23.781,23.781,0.179,0.039,23.854,23.675
23.781,23.781,0.179,0.039,23.854,23.675
23.782,23.782,0.179,0.039,23.854,23.675
23.78,23.78,0.304,0.043,23.854,23.55
23.778,23.778,0.331,0.047,23.854,23.523
23.776,23.776,0.331,0.05,23.854,23.523
23.774,23.774,0.331,0.054,23.854,23.523
23.772,23.772,0.331,0.056,23.854,23.523
23.77,23.77,0.331,0.059,23.854,23.523
23.768,23.768,0.331,0.061,23.854,23.523
23.766,23.767,0.331,0.063,23.854,23.523
23.765,23.765,0.331,0.065,23.854,23.523
23.763,23.763,0.331,0.067,23.854,23.523
23.761,23.761,0.331,0.069,23.854,23.523
23.759,23.759,0.331,0.071,23.854,23.523
23.757,23.757,0.331,0.072,23.854,23.523
23.756,23.756,0.331,0.074,23.854,23.523
23.753,23.753,0.331,0.075,23.854,23.523
23.751,23.752,0.331,0.076,23.854,23.523
23.749,23.749,0.331,0.078,23.854,23.523
23.747,23.747,0.331,0.079,23.854,23.523
23.745,23.745,0.331,0.08,23.854,23.523
23.743,23.743,0.331,0.081,23.854,23.523
23.741,23.741,0.331,0.082,23.854,23.523
23.739,23.739,0.331,0.083,23.854,23.523
23.737,23.738,0.331,0.083,23.854,23.523
23.736,23.736,0.331,0.083,23.854,23.523
23.735,23.735,0.331,0.083,23.854,23.523
23.733,23.733,0.331,0.084,23.854,23.523
23.731,23.731,0.331,0.085,23.854,23.523
23.729,23.729,0.331,0.085,23.854,23.523
23.727,23.727,0.331,0.086,23.854,23.523
23.725,23.725,0.331,0.086,23.854,23.523
23.723,23.723,0.331,0.086,23.854,23.523
23.721,23.721,0.331,0.087,23.854,23.523
23.719,23.719,0.331,0.087,23.854,23.523
23.718,23.718,0.331,0.087,23.854,23.523
23.716,23.716,0.331,0.087,23.854,23.523
23.714,23.715,0.331,0.087,23.854,23.523
23.713,23.713,0.331,0.087,23.854,23.523
23.711,23.712,0.331,0.087,23.854,23.523
23.71,23.71,0.331,0.087,23.854,23.523
23.708,23.708,0.331,0.086,23.854,23.523
23.707,23.707,0.331,0.086,23.854,23.523
23.705,23.705,0.331,0.086,23.854,23.523
23.703,23.703,0.331,0.085,23.854,23.523
23.702,23.702,0.331,0.085,23.854,23.523
23.7,23.7,0.331,0.084,23.854,23.523
23.698,23.698,0.331,0.084,23.854,23.523
23.697,23.697,0.331,0.084,23.854,23.523
23.695,23.695,0.331,0.083,23.854,23.523
23.694,23.694,0.331,0.082,23.854,23.523
23.692,23.692,0.331,0.081,23.854,23.523
23.69,23.69,0.331,0.081,23.854,23.523
23.689,23.689,0.331,0.08,23.854,23.523
23.687,23.687,0.331,0.079,23.854,23.523
23.685,23.685,0.331,0.079,23.854,23.523
23.684,23.684,0.331,0.078,23.854,23.523
23.682,23.682,0.331,0.077,23.854,23.523
23.68,23.68,0.331,0.076,23.854,23.523
23.678,23.678,0.331,0.075,23.854,23.523
23.676,23.676,0.331,0.074,23.854,23.523
23.674,23.675,0.331,0.073,23.854,23.523
23.673,23.673,0.331,0.072,23.854,23.523
23.671,23.672,0.331,0.071,23.854,23.523
23.67,23.67,0.331,0.069,23.854,23.523
23.668,23.668,0.331,0.067,23.854,23.523
23.666,23.666,0.331,0.066,23.854,23.523
23.665,23.665,0.331,0.065,23.854,23.523
23.663,23.664,0.331,0.063,23.854,23.523
23.662,23.662,0.331,0.061,23.854,23.523
23.66,23.66,0.331,0.059,23.854,23.523
23.658,23.658,0.331,0.056,23.854,23.523
23.657,23.657,0.331,0.054,23.854,23.523
23.655,23.655,0.331,0.05,23.854,23.523
23.653,23.653,0.315,0.046,23.838,23.523
23.651,23.651,0.315,0.044,23.838,23.523
23.649,23.649,0.209,0.04,23.732,23.523
23.65,23.65,0.209,0.04,23.732,23.523
23.651,23.651,0.209,0.04,23.732,23.523
23.651,23.651,0.209,0.041,23.732,23.523
23.652,23.652,0.209,0.04,23.732,23.523
23.653,23.653,0.209,0.04,23.732,23.523
23.653,23.653,0.206,0.04,23.732,23.526
23.654,23.654,0.206,0.04,23.732,23.526
23.655,23.655,0.206,0.04,23.732,23.526
23.655,23.655,0.211,0.041,23.737,23.526
23.656,23.656,0.211,0.04,23.737,23.526
23.657,23.657,0.202,0.04,23.737,23.535
23.658,23.658,0.202,0.04,23.737,23.535
23.658,23.658,0.202,0.04,23.737,23.535
23.659,23.659,0.202,0.04,23.737,23.535
23.66,23.66,0.202,0.04,23.737,23.535
23.66,23.66,0.202,0.04,23.737,23.535
23.661,23.661,0.19,0.04,23.737,23.547
23.661,23.661,0.19,0.04,23.737,23.547
23.662,23.662,0.185,0.039,23.737,23.552
23.662,23.662,0.185,0.039,23.737,23.552
23.663,23.663,0.185,0.039,23.737,23.552
23.664,23.664,0.185,0.039,23.737,23.552
23.664,23.664,0.189,0.04,23.741,23.552
23.665,23.665,0.189,0.04,23.741,23.552
23.665,23.665,0.189,0.04,23.741,23.552
23.665,23.665,0.189,0.04,23.741,23.552
23.666,23.666,0.176,0.04,23.741,23.565
23.666,23.666,0.174,0.041,23.741,23.567
23.666,23.666,0.174,0.041,23.741,23.567
23.667,23.667,0.174,0.041,23.741,23.567
23.667,23.667,0.174,0.041,23.741,23.567
23.667,23.667,0.174,0.041,23.741,23.567
23.667,23.668,0.174,0.041,23.741,23.567
23.668,23.668,0.174,0.041,23.741,23.567
23.668,23.668,0.174,0.041,23.741,23.567
23.668,23.668,0.167,0.041,23.741,23.574
23.669,23.669,0.167,0.041,23.741,23.574
23.669,23.669,0.167,0.041,23.741,23.574
23.669,23.669,0.167,0.041,23.741,23.574
23.669,23.669,0.167,0.041,23.741,23.574
23.669,23.669,0.175,0.041,23.741,23.566
23.669,23.67,0.175,0.04,23.741,23.566
23.669,23.669,0.184,0.041,23.741,23.557
23.668,23.669,0.184,0.041,23.741,23.557
23.668,23.668,0.184,0.041,23.741,23.557
23.668,23.668,0.184,0.041,23.741,23.557
23.668,23.668,0.184,0.041,23.741,23.557
23.668,23.668,0.184,0.041,23.741,23.557
23.667,23.667,0.189,0.041,23.741,23.552
23.666,23.667,0.193,0.042,23.741,23.548
23.666,23.666,0.193,0.042,23.741,23.548
23.666,23.666,0.193,0.042,23.741,23.548
23.666,23.666,0.193,0.042,23.741,23.548
23.666,23.666,0.193,0.042,23.741,23.548
23.665,23.666,0.193,0.042,23.741,23.548
23.665,23.666,0.193,0.042,23.741,23.548
23.665,23.665,0.193,0.042,23.741,23.548
23.665,23.665,0.193,0.042,23.741,23.548
23.665,23.665,0.193,0.042,23.741,23.548
23.665,23.665,0.193,0.042,23.741,23.548
23.664,23.664,0.193,0.042,23.741,23.548
23.663,23.663,0.197,0.043,23.741,23.544
23.663,23.663,0.197,0.043,23.741,23.544
23.662,23.662,0.197,0.043,23.741,23.544
23.661,23.661,0.197,0.043,23.741,23.544
23.66,23.66,0.197,0.044,23.741,23.544
23.66,23.66,0.197,0.044,23.741,23.544
23.659,23.659,0.197,0.044,23.741,23.544
23.658,23.658,0.197,0.044,23.741,23.544
23.658,23.658,0.204,0.044,23.741,23.537
23.656,23.656,0.204,0.045,23.741,23.537
23.656,23.656,0.204,0.045,23.741,23.537
23.655,23.655,0.204,0.045,23.741,23.537
23.655,23.655,0.204,0.045,23.741,23.537
23.655,23.655,0.204,0.045,23.741,23.537
23.654,23.654,0.204,0.045,23.741,23.537
23.653,23.653,0.204,0.045,23.741,23.537
23.653,23.653,0.204,0.046,23.741,23.537
23.652,23.652,0.204,0.046,23.741,23.537
23.652,23.652,0.204,0.045,23.741,23.537
23.651,23.651,0.204,0.046,23.741,23.537
23.65,23.65,0.212,0.046,23.741,23.529
23.649,23.649,0.212,0.046,23.741,23.529
23.648,23.648,0.212,0.046,23.741,23.529
23.647,23.647,0.212,0.046,23.741,23.529
23.646,23.646,0.212,0.046,23.741,23.529
23.646,23.646,0.212,0.046,23.741,23.529
23.645,23.645,0.212,0.046,23.741,23.529
23.644,23.644,0.212,0.046,23.741,23.529
23.643,23.643,0.212,0.046,23.741,23.529
23.643,23.643,0.212,0.046,23.741,23.529
23.642,23.642,0.212,0.046,23.741,23.529
23.641,23.641,0.212,0.046,23.741,23.529
23.641,23.641,0.212,0.046,23.741,23.529
23.64,23.64,0.212,0.046,23.741,23.529
23.639,23.639,0.212,0.045,23.741,23.529
23.638,23.638,0.212,0.045,23.741,23.529
23.638,23.638,0.211,0.044,23.74,23.529
23.637,23.637,0.211,0.044,23.74,23.529
23.636,23.636,0.211,0.043,23.74,23.529
23.635,23.635,0.211,0.043,23.74,23.529
23.634,23.635,0.211,0.042,23.74,23.529
23.634,23.634,0.211,0.042,23.74,23.529
23.634,23.634,0.211,0.042,23.74,23.529
23.633,23.633,0.211,0.041,23.74,23.529
23.632,23.632,0.211,0.041,23.74,23.529
23.632,23.632,0.211,0.041,23.74,23.529
23.631,23.631,0.211,0.041,23.74,23.529
23.631,23.631,0.211,0.041,23.74,23.529
23.63,23.631,0.211,0.04,23.74,23.529
23.629,23.63,0.211,0.04,23.74,23.529
23.629,23.629,0.183,0.039,23.712,23.529
23.628,23.628,0.176,0.039,23.705,23.529
23.627,23.627,0.176,0.039,23.705,23.529
23.626,23.626,0.17,0.039,23.699,23.529
23.626,23.626,0.17,0.038,23.699,23.529
23.626,23.626,0.17,0.038,23.699,23.529
23.625,23.625,0.17,0.038,23.699,23.529
23.625,23.625,0.17,0.038,23.699,23.529
23.625,23.625,0.17,0.038,23.699,23.529
23.625,23.625,0.17,0.038,23.699,23.529
23.624,23.624,0.17,0.038,23.699,23.529
23.624,23.624,0.17,0.038,23.699,23.529
23.624,23.624,0.17,0.038,23.699,23.529
23.624,23.624,0.17,0.038,23.699,23.529
23.623,23.623,0.17,0.038,23.699,23.529
23.623,23.623,0.17,0.038,23.699,23.529
23.622,23.622,0.17,0.038,23.699,23.529
23.621,23.621,0.17,0.038,23.699,23.529
23.621,23.621,0.17,0.038,23.699,23.529
23.621,23.621,0.162,0.038,23.691,23.529
23.62,23.62,0.162,0.038,23.691,23.529
23.62,23.62,0.162,0.038,23.691,23.529
23.619,23.619,0.162,0.038,23.691,23.529
23.619,23.619,0.162,0.038,23.691,23.529
23.618,23.618,0.162,0.038,23.691,23.529
23.618,23.618,0.15,0.038,23.679,23.529
23.617,23.617,0.149,0.038,23.678,23.529
23.617,23.617,0.149,0.038,23.678,23.529
23.617,23.617,0.149,0.038,23.678,23.529
23.617,23.617,0.149,0.038,23.678,23.529
23.617,23.617,0.149,0.038,23.678,23.529
23.616,23.616,0.149,0.038,23.678,23.529
23.616,23.616,0.149,0.039,23.678,23.529
23.616,23.616,0.149,0.039,23.678,23.529
23.616,23.616,0.149,0.038,23.678,23.529
23.615,23.615,0.149,0.039,23.678,23.529
23.615,23.615,0.149,0.039,23.678,23.529
23.615,23.615,0.149,0.039,23.678,23.529
23.614,23.615,0.149,0.038,23.678,23.529
23.614,23.614,0.149,0.038,23.678,23.529
23.614,23.614,0.149,0.038,23.678,23.529
23.614,23.614,0.149,0.038,23.678,23.529
23.614,23.614,0.149,0.038,23.678,23.529
23.614,23.614,0.149,0.038,23.678,23.529
23.613,23.613,0.149,0.038,23.678,23.529
23.613,23.613,0.149,0.038,23.678,23.529
23.613,23.613,0.149,0.038,23.678,23.529
23.613,23.613,0.149,0.038,23.678,23.529
23.613,23.613,0.149,0.037,23.678,23.529
23.613,23.613,0.149,0.037,23.678,23.529
23.613,23.613,0.153,0.038,23.678,23.525
23.613,23.613,0.153,0.038,23.678,23.525
23.612,23.612,0.153,0.038,23.678,23.525
23.612,23.612,0.171,0.038,23.678,23.507
23.611,23.611,0.171,0.038,23.678,23.507
23.611,23.611,0.171,0.039,23.678,23.507
23.61,23.61,0.171,0.039,23.678,23.507
23.61,23.61,0.171,0.039,23.678,23.507
23.609,23.609,0.171,0.039,23.678,23.507
23.608,23.608,0.171,0.04,23.678,23.507
23.608,23.608,0.171,0.04,23.678,23.507
23.607,23.607,0.171,0.04,23.678,23.507
23.607,23.607,0.171,0.04,23.678,23.507
23.607,23.607,0.171,0.04,23.678,23.507
23.606,23.606,0.171,0.04,23.678,23.507
23.606,23.606,0.171,0.04,23.678,23.507
23.605,23.605,0.171,0.04,23.678,23.507
23.604,23.604,0.171,0.04,23.678,23.507
23.604,23.604,0.171,0.04,23.678,23.507
23.603,23.604,0.171,0.04,23.678,23.507
23.603,23.603,0.177,0.04,23.677,23.5
23.603,23.603,0.177,0.04,23.677,23.5
23.602,23.602,0.177,0.04,23.677,23.5
23.602,23.602,0.177,0.04,23.677,23.5
23.601,23.601,0.177,0.04,23.677,23.5
23.6,23.6,0.177,0.04,23.677,23.5
23.6,23.6,0.177,0.04,23.677,23.5
23.599,23.599,0.185,0.04,23.677,23.492
23.599,23.599,0.185,0.04,23.677,23.492
23.598,23.598,0.185,0.04,23.677,23.492
23.598,23.598,0.185,0.04,23.677,23.492
23.597,23.597,0.185,0.04,23.677,23.492
23.597,23.597,0.185,0.04,23.677,23.492
23.596,23.596,0.185,0.04,23.677,23.492
23.596,23.596,0.185,0.04,23.677,23.492
23.595,23.595,0.185,0.04,23.677,23.492
23.594,23.594,0.186,0.041,23.677,23.491
23.593,23.593,0.186,0.04,23.677,23.491
23.593,23.593,0.174,0.04,23.665,23.491
23.593,23.593,0.174,0.04,23.665,23.491
23.592,23.592,0.174,0.04,23.665,23.491
23.592,23.592,0.174,0.04,23.665,23.491
23.591,23.591,0.174,0.04,23.665,23.491
23.591,23.591,0.174,0.039,23.665,23.491
23.591,23.591,0.174,0.039,23.665,23.491
23.59,23.59,0.174,0.039,23.665,23.491
23.59,23.59,0.178,0.039,23.665,23.487
23.59,23.59,0.178,0.039,23.665,23.487
23.589,23.589,0.178,0.039,23.665,23.487
23.589,23.589,0.176,0.039,23.663,23.487
23.589,23.589,0.176,0.039,23.663,23.487
23.589,23.589,0.176,0.039,23.663,23.487
23.588,23.588,0.183,0.039,23.663,23.48
23.588,23.588,0.183,0.039,23.663,23.48
23.588,23.588,0.183,0.039,23.663,23.48
23.587,23.587,0.183,0.039,23.663,23.48
23.587,23.587,0.183,0.039,23.663,23.48
23.586,23.586,0.183,0.039,23.663,23.48
23.586,23.586,0.183,0.04,23.663,23.48
23.585,23.585,0.186,0.04,23.663,23.477
23.585,23.585,0.186,0.04,23.663,23.477
23.585,23.585,0.186,0.04,23.663,23.477
23.584,23.584,0.186,0.04,23.663,23.477
23.584,23.584,0.186,0.04,23.663,23.477
23.584,23.584,0.186,0.04,23.663,23.477
23.583,23.583,0.192,0.04,23.663,23.471
23.582,23.582,0.192,0.04,23.663,23.471
23.582,23.582,0.192,0.04,23.663,23.471
23.581,23.581,0.182,0.04,23.653,23.471
23.581,23.581,0.182,0.04,23.653,23.471
23.58,23.58,0.182,0.04,23.653,23.471
23.58,23.58,0.182,0.04,23.653,23.471
23.579,23.579,0.182,0.04,23.653,23.471
23.579,23.579,0.182,0.04,23.653,23.471
23.579,23.579,0.182,0.04,23.653,23.471
23.578,23.578,0.176,0.039,23.647,23.471
23.578,23.578,0.176,0.039,23.647,23.471
23.578,23.578,0.176,0.039,23.647,23.471
23.578,23.578,0.176,0.039,23.647,23.471
23.578,23.578,0.176,0.039,23.647,23.471
23.578,23.578,0.176,0.039,23.647,23.471
23.578,23.578,0.176,0.039,23.647,23.471
23.578,23.578,0.176,0.039,23.647,23.471
23.578,23.578,0.176,0.039,23.647,23.471
23.577,23.577,0.176,0.039,23.647,23.471
23.577,23.577,0.176,0.039,23.647,23.471
23.577,23.577,0.176,0.039,23.647,23.471
23.577,23.577,0.175,0.039,23.646,23.471
23.577,23.577,0.175,0.038,23.646,23.471
23.577,23.577,0.175,0.038,23.646,23.471
23.577,23.577,0.175,0.038,23.646,23.471
23.577,23.577,0.175,0.038,23.646,23.471
23.577,23.577,0.165,0.038,23.636,23.471
23.577,23.577,0.165,0.038,23.636,23.471
23.577,23.577,0.165,0.038,23.636,23.471
23.577,23.577,0.165,0.038,23.636,23.471
23.577,23.577,0.165,0.038,23.636,23.471
23.577,23.577,0.165,0.038,23.636,23.471
23.577,23.577,0.165,0.038,23.636,23.471
23.577,23.577,0.165,0.038,23.636,23.471
23.577,23.577,0.165,0.038,23.636,23.471
23.578,23.578,0.165,0.038,23.636,23.471
23.578,23.578,0.165,0.038,23.636,23.471
23.578,23.578,0.165,0.037,23.636,23.471
23.578,23.578,0.165,0.037,23.636,23.471
23.578,23.578,0.165,0.037,23.636,23.471
23.578,23.578,0.165,0.037,23.636,23.471
23.578,23.578,0.165,0.037,23.636,23.471
23.578,23.578,0.165,0.037,23.636,23.471
23.579,23.579,0.165,0.037,23.636,23.471
23.579,23.579,0.165,0.037,23.636,23.471
23.58,23.58,0.169,0.036,23.64,23.471
23.58,23.58,0.169,0.037,23.64,23.471
23.58,23.58,0.169,0.037,23.64,23.471
23.58,23.58,0.169,0.037,23.64,23.471
23.58,23.58,0.169,0.036,23.64,23.471
23.58,23.581,0.169,0.036,23.64,23.471
23.581,23.581,0.169,0.036,23.64,23.471
23.581,23.581,0.169,0.037,23.64,23.471
23.581,23.581,0.169,0.037,23.64,23.471
23.581,23.581,0.169,0.037,23.64,23.471
23.582,23.582,0.169,0.037,23.64,23.471
23.582,23.582,0.169,0.037,23.64,23.471
23.582,23.582,0.169,0.036,23.64,23.471
23.582,23.582,0.169,0.037,23.64,23.471
23.582,23.582,0.169,0.037,23.64,23.471
23.583,23.583,0.169,0.037,23.64,23.471
23.583,23.583,0.169,0.036,23.64,23.471
23.584,23.584,0.171,0.036,23.642,23.471
23.584,23.584,0.171,0.036,23.642,23.471
23.585,23.585,0.171,0.036,23.642,23.471
23.585,23.585,0.171,0.036,23.642,23.471
23.586,23.586,0.179,0.036,23.65,23.471
23.586,23.586,0.179,0.036,23.65,23.471
23.587,23.587,0.179,0.035,23.65,23.471
23.588,23.588,0.181,0.035,23.652,23.471
23.588,23.588,0.181,0.035,23.652,23.471
23.589,23.589,0.181,0.035,23.652,23.471
23.589,23.589,0.181,0.035,23.652,23.471
23.59,23.59,0.185,0.035,23.656,23.471
23.59,23.59,0.179,0.035,23.656,23.477
23.591,23.591,0.179,0.034,23.656,23.477
23.591,23.591,0.179,0.035,23.656,23.477
23.592,23.592,0.179,0.035,23.656,23.477
23.593,23.593,0.179,0.034,23.656,23.477
23.594,23.594,0.183,0.034,23.66,23.477
23.594,23.594,0.167,0.034,23.66,23.493
23.595,23.595,0.167,0.034,23.66,23.493
23.595,23.595,0.167,0.034,23.66,23.493
23.596,23.596,0.167,0.034,23.66,23.493
23.597,23.597,0.167,0.034,23.66,23.493
23.598,23.598,0.172,0.034,23.665,23.493
23.598,23.598,0.172,0.034,23.665,23.493
23.599,23.599,0.172,0.034,23.665,23.493
23.6,23.6,0.172,0.034,23.665,23.493
23.601,23.601,0.172,0.034,23.665,23.493
23.602,23.602,0.172,0.034,23.665,23.493
23.603,23.603,0.17,0.034,23.665,23.495
23.604,23.604,0.16,0.033,23.665,23.505
23.604,23.604,0.16,0.033,23.665,23.505
23.605,23.606,0.16,0.033,23.665,23.505
23.606,23.606,0.16,0.033,23.665,23.505
23.607,23.607,0.16,0.033,23.665,23.505
23.607,23.607,0.16,0.033,23.665,23.505
23.608,23.608,0.16,0.033,23.665,23.505
23.609,23.609,0.164,0.033,23.669,23.505
23.61,23.61,0.164,0.033,23.669,23.505
23.61,23.61,0.173,0.033,23.678,23.505
23.612,23.612,0.171,0.032,23.678,23.507
23.612,23.612,0.171,0.032,23.678,23.507
23.613,23.613,0.171,0.033,23.678,23.507
23.614,23.614,0.171,0.033,23.678,23.507
23.615,23.615,0.175,0.033,23.682,23.507
23.616,23.616,0.175,0.033,23.682,23.507
23.617,23.617,0.178,0.033,23.685,23.507
23.617,23.617,0.178,0.033,23.685,23.507
23.618,23.618,0.178,0.033,23.685,23.507
23.619,23.619,0.178,0.034,23.685,23.507
23.62,23.62,0.178,0.034,23.685,23.507
23.621,23.621,0.182,0.034,23.689,23.507
23.622,23.622,0.182,0.034,23.689,23.507
23.623,23.623,0.182,0.034,23.689,23.507
23.625,23.625,0.19,0.034,23.697,23.507
23.626,23.626,0.189,0.034,23.697,23.508
23.627,23.627,0.194,0.034,23.702,23.508
23.628,23.628,0.194,0.034,23.702,23.508
23.629,23.629,0.194,0.035,23.702,23.508
23.631,23.631,0.191,0.035,23.702,23.511
23.632,23.632,0.26,0.035,23.771,23.511
23.633,23.633,0.26,0.035,23.771,23.511
23.634,23.634,0.268,0.036,23.779,23.511
23.636,23.636,0.268,0.036,23.779,23.511
23.637,23.637,0.268,0.037,23.779,23.511
23.638,23.638,0.268,0.036,23.779,23.511
23.64,23.64,0.281,0.037,23.792,23.511
23.641,23.641,0.281,0.037,23.792,23.511
23.642,23.642,0.281,0.037,23.792,23.511
23.644,23.644,0.281,0.037,23.792,23.511
23.645,23.645,0.281,0.037,23.792,23.511
23.646,23.646,0.281,0.037,23.792,23.511
23.648,23.648,0.281,0.037,23.792,23.511
23.649,23.649,0.281,0.037,23.792,23.511
23.65,23.65,0.281,0.037,23.792,23.511
23.652,23.652,0.281,0.037,23.792,23.511
23.653,23.653,0.267,0.037,23.792,23.525
23.655,23.655,0.267,0.037,23.792,23.525
23.656,23.656,0.267,0.038,23.792,23.525
23.657,23.657,0.267,0.038,23.792,23.525
23.659,23.659,0.303,0.039,23.828,23.525
23.66,23.66,0.303,0.039,23.828,23.525
23.661,23.661,0.303,0.039,23.828,23.525
23.663,23.663,0.303,0.039,23.828,23.525
23.664,23.664,0.303,0.04,23.828,23.525
23.666,23.666,0.303,0.04,23.828,23.525
23.667,23.667,0.303,0.04,23.828,23.525
23.669,23.669,0.289,0.039,23.828,23.539
23.671,23.671,0.289,0.039,23.828,23.539
23.672,23.672,0.289,0.04,23.828,23.539
23.674,23.674,0.289,0.041,23.828,23.539
23.676,23.676,0.289,0.041,23.828,23.539
23.677,23.677,0.289,0.041,23.828,23.539
23.679,23.679,0.289,0.041,23.828,23.539
23.68,23.68,0.289,0.042,23.828,23.539
23.682,23.682,0.281,0.042,23.828,23.547
23.684,23.684,0.281,0.042,23.828,23.547
23.685,23.685,0.273,0.042,23.828,23.555
23.687,23.687,0.273,0.043,23.828,23.555
23.689,23.689,0.277,0.043,23.832,23.555
23.69,23.69,0.282,0.044,23.837,23.555
23.691,23.691,0.282,0.044,23.837,23.555
23.693,23.693,0.281,0.044,23.837,23.556
23.694,23.694,0.281,0.044,23.837,23.556
23.696,23.696,0.281,0.043,23.837,23.556
23.697,23.697,0.281,0.043,23.837,23.556
23.699,23.699,0.281,0.043,23.837,23.556
23.7,23.7,0.281,0.043,23.837,23.556
23.702,23.702,0.281,0.043,23.837,23.556
23.703,23.704,0.281,0.043,23.837,23.556
23.705,23.705,0.281,0.042,23.837,23.556
23.707,23.707,0.281,0.042,23.837,23.556
23.708,23.708,0.284,0.042,23.84,23.556
23.71,23.71,0.284,0.042,23.84,23.556
23.711,23.711,0.292,0.042,23.848,23.556
23.713,23.713,0.292,0.042,23.848,23.556
23.714,23.714,0.292,0.042,23.848,23.556
23.716,23.716,0.292,0.042,23.848,23.556
23.717,23.717,0.292,0.041,23.848,23.556
23.718,23.719,0.295,0.042,23.851,23.556
23.72,23.72,0.296,0.041,23.852,23.556
23.722,23.722,0.298,0.041,23.854,23.556
23.724,23.724,0.275,0.041,23.854,23.579
23.725,23.725,0.275,0.041,23.854,23.579
23.727,23.727,0.238,0.04,23.854,23.616
23.728,23.728,0.238,0.04,23.854,23.616
23.73,23.73,0.238,0.04,23.854,23.616
23.731,23.731,0.238,0.039,23.854,23.616
23.733,23.733,0.248,0.039,23.864,23.616
23.734,23.734,0.248,0.039,23.864,23.616
23.735,23.736,0.248,0.039,23.864,23.616
23.737,23.737,0.249,0.04,23.865,23.616
23.738,23.738,0.207,0.039,23.865,23.658
23.74,23.74,0.227,0.039,23.885,23.658
23.741,23.741,0.227,0.039,23.885,23.658
23.742,23.743,0.227,0.039,23.885,23.658
23.744,23.744,0.223,0.039,23.885,23.662
23.745,23.745,0.223,0.039,23.885,23.662
23.746,23.746,0.223,0.039,23.885,23.662
23.748,23.748,0.223,0.039,23.885,23.662
23.749,23.749,0.223,0.039,23.885,23.662
23.75,23.75,0.358,0.039,23.885,23.527
23.748,23.748,0.367,0.046,23.885,23.518
23.749,23.749,0.367,0.047,23.885,23.518
23.749,23.749,0.367,0.049,23.885,23.518
23.747,23.747,0.367,0.054,23.885,23.518
23.745,23.745,0.367,0.058,23.885,23.518
23.743,23.743,0.368,0.062,23.885,23.517
23.741,23.741,0.368,0.066,23.885,23.517
23.739,23.739,0.368,0.069,23.885,23.517
23.737,23.737,0.368,0.072,23.885,23.517
23.735,23.735,0.368,0.075,23.885,23.517
23.733,23.733,0.37,0.078,23.885,23.515
23.731,23.731,0.377,0.081,23.885,23.508
23.729,23.729,0.377,0.084,23.885,23.508
23.726,23.726,0.377,0.086,23.885,23.508
23.724,23.724,0.377,0.089,23.885,23.508
23.722,23.722,0.377,0.091,23.885,23.508
23.719,23.72,0.377,0.093,23.885,23.508
23.717,23.718,0.377,0.094,23.885,23.508
23.715,23.715,0.377,0.096,23.885,23.508
23.713,23.713,0.377,0.097,23.885,23.508
23.711,23.711,0.377,0.099,23.885,23.508
23.709,23.709,0.377,0.1,23.885,23.508
23.706,23.706,0.377,0.102,23.885,23.508
23.704,23.704,0.377,0.103,23.885,23.508
23.701,23.702,0.377,0.104,23.885,23.508
23.699,23.699,0.377,0.105,23.885,23.508
23.696,23.697,0.377,0.106,23.885,23.508
23.694,23.694,0.377,0.107,23.885,23.508
23.691,23.692,0.377,0.108,23.885,23.508
23.689,23.69,0.377,0.108,23.885,23.508
23.687,23.687,0.377,0.109,23.885,23.508
23.684,23.685,0.377,0.109,23.885,23.508
23.682,23.682,0.377,0.11,23.885,23.508
23.68,23.68,0.377,0.11,23.885,23.508
23.677,23.678,0.377,0.11,23.885,23.508
23.675,23.676,0.377,0.111,23.885,23.508
23.673,23.673,0.377,0.111,23.885,23.508
23.671,23.671,0.377,0.111,23.885,23.508
23.669,23.669,0.377,0.112,23.885,23.508
23.666,23.667,0.377,0.112,23.885,23.508
23.664,23.665,0.377,0.112,23.885,23.508
23.662,23.662,0.377,0.111,23.885,23.508
23.66,23.66,0.377,0.111,23.885,23.508
23.658,23.658,0.377,0.111,23.885,23.508
23.656,23.656,0.377,0.111,23.885,23.508
23.654,23.654,0.377,0.11,23.885,23.508
23.651,23.652,0.377,0.109,23.885,23.508
23.649,23.649,0.377,0.109,23.885,23.508
23.647,23.647,0.377,0.108,23.885,23.508
23.645,23.645,0.377,0.107,23.885,23.508
23.643,23.643,0.377,0.107,23.885,23.508
23.641,23.641,0.377,0.106,23.885,23.508
23.639,23.639,0.377,0.105,23.885,23.508
23.636,23.637,0.377,0.104,23.885,23.508
23.634,23.634,0.377,0.102,23.885,23.508
23.632,23.632,0.377,0.101,23.885,23.508
23.63,23.63,0.377,0.1,23.885,23.508
23.627,23.627,0.377,0.098,23.885,23.508
23.625,23.625,0.377,0.097,23.885,23.508
23.623,23.623,0.377,0.095,23.885,23.508
23.621,23.621,0.377,0.094,23.885,23.508
23.618,23.618,0.377,0.092,23.885,23.508
23.616,23.616,0.377,0.09,23.885,23.508
23.614,23.614,0.377,0.088,23.885,23.508
23.611,23.611,0.377,0.085,23.885,23.508
23.609,23.609,0.377,0.082,23.885,23.508
23.606,23.606,0.373,0.08,23.881,23.508
23.604,23.604,0.373,0.077,23.881,23.508
23.602,23.602,0.373,0.074,23.881,23.508
23.599,23.6,0.371,0.07,23.879,23.508
23.597,23.597,0.371,0.067,23.879,23.508
23.595,23.595,0.312,0.063,23.82,23.508
23.593,23.593,0.312,0.059,23.82,23.508
23.591,23.591,0.312,0.054,23.82,23.508
23.589,23.589,0.312,0.049,23.82,23.508
23.59,23.59,0.312,0.049,23.82,23.508
23.588,23.588,0.312,0.045,23.82,23.508
23.587,23.587,0.2,0.04,23.708,23.508
23.588,23.588,0.202,0.04,23.71,23.508
23.589,23.59,0.217,0.041,23.725,23.508
23.59,23.59,0.217,0.041,23.725,23.508
23.591,23.591,0.217,0.041,23.725,23.508
23.592,23.592,0.217,0.04,23.725,23.508
23.593,23.593,0.217,0.04,23.725,23.508
23.594,23.594,0.217,0.04,23.725,23.508
23.595,23.595,0.217,0.04,23.725,23.508
23.596,23.596,0.216,0.04,23.725,23.509
23.597,23.597,0.216,0.04,23.725,23.509
23.598,23.598,0.208,0.039,23.725,23.517
23.599,23.599,0.206,0.039,23.725,23.519
23.6,23.6,0.206,0.039,23.725,23.519
23.601,23.601,0.206,0.039,23.725,23.519
23.602,23.602,0.206,0.039,23.725,23.519
23.603,23.603,0.206,0.039,23.725,23.519
23.604,23.604,0.197,0.038,23.725,23.528
23.605,23.605,0.197,0.038,23.725,23.528
23.605,23.605,0.192,0.038,23.725,23.533
23.606,23.606,0.192,0.038,23.725,23.533
23.607,23.607,0.192,0.037,23.725,23.533
23.608,23.608,0.192,0.037,23.725,23.533
23.609,23.609,0.192,0.037,23.725,23.533
23.61,23.61,0.192,0.036,23.725,23.533
23.61,23.61,0.19,0.036,23.725,23.535
23.611,23.611,0.19,0.036,23.725,23.535
23.612,23.612,0.19,0.036,23.725,23.535
23.613,23.613,0.19,0.036,23.725,23.535
23.614,23.614,0.197,0.036,23.732,23.535
23.615,23.615,0.197,0.036,23.732,23.535
23.615,23.615,0.197,0.036,23.732,23.535
23.616,23.616,0.197,0.035,23.732,23.535
23.617,23.617,0.197,0.035,23.732,23.535
23.618,23.618,0.197,0.035,23.732,23.535
23.619,23.619,0.183,0.035,23.732,23.549
23.619,23.62,0.182,0.035,23.732,23.55
23.62,23.62,0.182,0.035,23.732,23.55
23.621,23.621,0.182,0.034,23.732,23.55
23.622,23.622,0.182,0.035,23.732,23.55
23.622,23.622,0.182,0.034,23.732,23.55
23.623,23.623,0.182,0.034,23.732,23.55
23.624,23.624,0.182,0.034,23.732,23.55
23.624,23.624,0.182,0.034,23.732,23.55
23.625,23.625,0.182,0.035,23.732,23.55
23.626,23.626,0.182,0.035,23.732,23.55
23.626,23.626,0.182,0.035,23.732,23.55
23.627,23.627,0.182,0.035,23.732,23.55
23.628,23.628,0.182,0.034,23.732,23.55
23.628,23.628,0.179,0.034,23.732,23.553
23.629,23.629,0.179,0.034,23.732,23.553
23.629,23.629,0.179,0.034,23.732,23.553
23.63,23.63,0.179,0.034,23.732,23.553
23.63,23.63,0.179,0.034,23.732,23.553
23.631,23.631,0.184,0.034,23.737,23.553
23.632,23.632,0.168,0.033,23.737,23.569
23.632,23.632,0.168,0.033,23.737,23.569
23.633,23.633,0.177,0.033,23.746,23.569
23.633,23.633,0.177,0.034,23.746,23.569
23.634,23.634,0.177,0.034,23.746,23.569
23.635,23.635,0.177,0.034,23.746,23.569
23.635,23.635,0.176,0.034,23.746,23.57
23.636,23.636,0.176,0.034,23.746,23.57
23.637,23.637,0.17,0.034,23.746,23.576
23.638,23.638,0.17,0.034,23.746,23.576
23.638,23.638,0.17,0.034,23.746,23.576
23.639,23.639,0.17,0.034,23.746,23.576
23.639,23.639,0.161,0.034,23.746,23.585
23.64,23.64,0.161,0.034,23.746,23.585
23.641,23.641,0.161,0.034,23.746,23.585
23.641,23.641,0.161,0.035,23.746,23.585
23.642,23.642,0.161,0.035,23.746,23.585
23.642,23.642,0.161,0.035,23.746,23.585
23.642,23.642,0.161,0.035,23.746,23.585
23.643,23.643,0.174,0.035,23.759,23.585
23.643,23.643,0.174,0.035,23.759,23.585
23.644,23.644,0.174,0.035,23.759,23.585
23.645,23.645,0.174,0.035,23.759,23.585
23.646,23.646,0.174,0.036,23.759,23.585
23.646,23.646,0.174,0.036,23.759,23.585
23.647,23.647,0.174,0.036,23.759,23.585
23.647,23.647,0.174,0.036,23.759,23.585
23.648,23.648,0.174,0.036,23.759,23.585
23.648,23.648,0.173,0.035,23.759,23.586
23.648,23.648,0.173,0.035,23.759,23.586
23.648,23.648,0.173,0.035,23.759,23.586
23.649,23.649,0.173,0.035,23.759,23.586
23.649,23.649,0.173,0.035,23.759,23.586
23.649,23.65,0.166,0.035,23.759,23.593
23.65,23.65,0.166,0.035,23.759,23.593
23.65,23.65,0.166,0.035,23.759,23.593
23.651,23.651,0.166,0.035,23.759,23.593
23.651,23.651,0.164,0.035,23.759,23.595
23.652,23.652,0.164,0.035,23.759,23.595
23.652,23.652,0.164,0.034,23.759,23.595
23.652,23.652,0.164,0.034,23.759,23.595
23.652,23.652,0.164,0.034,23.759,23.595
23.652,23.652,0.164,0.034,23.759,23.595
23.653,23.653,0.164,0.034,23.759,23.595
23.653,23.653,0.164,0.034,23.759,23.595
23.653,23.653,0.164,0.034,23.759,23.595
23.652,23.652,0.164,0.034,23.759,23.595
23.652,23.652,0.164,0.034,23.759,23.595
23.652,23.652,0.164,0.034,23.759,23.595
23.652,23.652,0.164,0.034,23.759,23.595
23.651,23.651,0.164,0.034,23.759,23.595
23.651,23.651,0.178,0.034,23.759,23.581
23.651,23.651,0.18,0.034,23.759,23.579
23.65,23.65,0.194,0.035,23.759,23.565
23.65,23.65,0.198,0.035,23.759,23.561
23.649,23.649,0.198,0.036,23.759,23.561
23.649,23.649,0.198,0.036,23.759,23.561
23.648,23.648,0.203,0.037,23.759,23.556
23.647,23.647,0.208,0.038,23.759,23.551
23.646,23.646,0.21,0.039,23.759,23.549
23.645,23.645,0.215,0.039,23.759,23.544
23.644,23.644,0.234,0.041,23.759,23.525
23.643,23.643,0.234,0.042,23.759,23.525
23.641,23.641,0.234,0.043,23.759,23.525
23.64,23.64,0.234,0.043,23.759,23.525
23.639,23.639,0.234,0.044,23.759,23.525
23.638,23.638,0.234,0.045,23.759,23.525
23.637,23.637,0.234,0.045,23.759,23.525
23.636,23.636,0.234,0.046,23.759,23.525
23.634,23.634,0.234,0.047,23.759,23.525
23.633,23.633,0.24,0.048,23.759,23.519
23.632,23.632,0.24,0.049,23.759,23.519
23.634,23.634,0.302,0.053,23.821,23.519
23.636,23.636,0.373,0.056,23.892,23.519
23.638,23.638,0.373,0.059,23.892,23.519
23.64,23.64,0.373,0.061,23.892,23.519
23.641,23.641,0.373,0.063,23.892,23.519
23.643,23.643,0.373,0.066,23.892,23.519
23.644,23.645,0.373,0.067,23.892,23.519
23.646,23.646,0.373,0.069,23.892,23.519
23.647,23.647,0.373,0.07,23.892,23.519
23.649,23.649,0.373,0.071,23.892,23.519
23.65,23.65,0.373,0.072,23.892,23.519
23.652,23.652,0.373,0.073,23.892,23.519
23.653,23.653,0.373,0.074,23.892,23.519
23.654,23.654,0.373,0.075,23.892,23.519
23.655,23.655,0.373,0.076,23.892,23.519
23.656,23.656,0.373,0.076,23.892,23.519
23.658,23.658,0.373,0.077,23.892,23.519
23.658,23.659,0.373,0.078,23.892,23.519
23.659,23.659,0.373,0.078,23.892,23.519
23.66,23.66,0.373,0.078,23.892,23.519
23.661,23.661,0.373,0.079,23.892,23.519
23.662,23.662,0.373,0.079,23.892,23.519
23.663,23.663,0.373,0.079,23.892,23.519
23.664,23.664,0.373,0.079,23.892,23.519
23.664,23.664,0.373,0.08,23.892,23.519
23.665,23.665,0.373,0.08,23.892,23.519
23.665,23.666,0.373,0.08,23.892,23.519
23.666,23.666,0.373,0.08,23.892,23.519
23.667,23.667,0.373,0.08,23.892,23.519
23.668,23.668,0.373,0.081,23.892,23.519
23.669,23.669,0.373,0.081,23.892,23.519
23.67,23.67,0.373,0.081,23.892,23.519
23.67,23.67,0.373,0.081,23.892,23.519
23.671,23.671,0.373,0.081,23.892,23.519
23.672,23.672,0.373,0.081,23.892,23.519
23.672,23.673,0.373,0.081,23.892,23.519
23.673,23.673,0.373,0.081,23.892,23.519
23.674,23.674,0.373,0.081,23.892,23.519
23.674,23.674,0.373,0.081,23.892,23.519
23.675,23.675,0.373,0.081,23.892,23.519
23.675,23.675,0.373,0.081,23.892,23.519
23.675,23.675,0.373,0.081,23.892,23.519
23.676,23.676,0.373,0.081,23.892,23.519
23.676,23.677,0.373,0.081,23.892,23.519
23.677,23.677,0.373,0.081,23.892,23.519
23.678,23.678,0.373,0.08,23.892,23.519
23.678,23.678,0.373,0.08,23.892,23.519
23.679,23.679,0.373,0.08,23.892,23.519
23.679,23.68,0.373,0.08,23.892,23.519
23.68,23.68,0.373,0.079,23.892,23.519
23.681,23.681,0.373,0.079,23.892,23.519
23.681,23.682,0.373,0.079,23.892,23.519
23.682,23.682,0.373,0.079,23.892,23.519
23.682,23.682,0.373,0.078,23.892,23.519
23.683,23.683,0.373,0.078,23.892,23.519
23.684,23.684,0.373,0.077,23.892,23.519
23.685,23.685,0.373,0.077,23.892,23.519
23.686,23.686,0.373,0.076,23.892,23.519
23.687,23.687,0.373,0.075,23.892,23.519
23.687,23.687,0.373,0.075,23.892,23.519
23.689,23.689,0.373,0.074,23.892,23.519
23.69,23.69,0.373,0.073,23.892,23.519
23.691,23.691,0.373,0.071,23.892,23.519
23.692,23.692,0.373,0.07,23.892,23.519
23.693,23.694,0.373,0.068,23.892,23.519
23.695,23.695,0.373,0.067,23.892,23.519
23.696,23.696,0.373,0.065,23.892,23.519
23.697,23.697,0.373,0.063,23.892,23.519
23.698,23.698,0.373,0.062,23.892,23.519
23.699,23.699,0.373,0.06,23.892,23.519
23.701,23.701,0.373,0.058,23.892,23.519
23.702,23.702,0.373,0.056,23.892,23.519
23.703,23.703,0.373,0.054,23.892,23.519
23.705,23.705,0.366,0.051,23.892,23.526
23.706,23.706,0.345,0.048,23.892,23.547
23.704,23.704,0.345,0.048,23.892,23.547
23.702,23.702,0.313,0.046,23.86,23.547
23.7,23.7,0.313,0.045,23.86,23.547
23.699,23.699,0.313,0.044,23.86,23.547
23.697,23.697,0.313,0.044,23.86,23.547
23.695,23.695,0.302,0.043,23.849,23.547
23.694,23.694,0.302,0.042,23.849,23.547
23.692,23.692,0.302,0.041,23.849,23.547
23.69,23.69,0.302,0.041,23.849,23.547
23.688,23.689,0.227,0.04,23.774,23.547
23.687,23.687,0.227,0.039,23.774,23.547
23.686,23.686,0.227,0.039,23.774,23.547
23.684,23.684,0.224,0.038,23.771,23.547
23.683,23.683,0.224,0.038,23.771,23.547
23.681,23.681,0.224,0.037,23.771,23.547
23.68,23.68,0.224,0.037,23.771,23.547
23.678,23.678,0.215,0.036,23.762,23.547
23.677,23.677,0.211,0.035,23.758,23.547
23.676,23.676,0.211,0.035,23.758,23.547
23.675,23.675,0.211,0.035,23.758,23.547
23.673,23.673,0.206,0.035,23.753,23.547
23.672,23.672,0.206,0.034,23.753,23.547
23.671,23.671,0.206,0.034,23.753,23.547
23.67,23.67,0.206,0.033,23.753,23.547
23.669,23.669,0.206,0.033,23.753,23.547
23.668,23.668,0.202,0.032,23.749,23.547
23.667,23.667,0.202,0.032,23.749,23.547
23.665,23.665,0.202,0.031,23.749,23.547
23.664,23.664,0.202,0.03,23.749,23.547
23.663,23.663,0.202,0.03,23.749,23.547
23.662,23.662,0.202,0.029,23.749,23.547
23.661,23.661,0.186,0.028,23.733,23.547
23.66,23.66,0.186,0.028,23.733,23.547
23.659,23.659,0.178,0.027,23.725,23.547
23.658,23.658,0.178,0.027,23.725,23.547
23.658,23.658,0.178,0.026,23.725,23.547
23.657,23.657,0.178,0.026,23.725,23.547
23.656,23.656,0.178,0.025,23.725,23.547
23.655,23.656,0.173,0.025,23.72,23.547
23.655,23.655,0.167,0.024,23.714,23.547
23.654,23.654,0.169,0.024,23.712,23.543
23.654,23.654,0.169,0.024,23.712,23.543
23.653,23.653,0.169,0.024,23.712,23.543
23.652,23.652,0.169,0.023,23.712,23.543
23.652,23.652,0.16,0.023,23.703,23.543
23.651,23.651,0.16,0.023,23.703,23.543
23.651,23.651,0.16,0.023,23.703,23.543
23.65,23.65,0.16,0.022,23.703,23.543
23.65,23.65,0.16,0.022,23.703,23.543
23.65,23.65,0.16,0.022,23.703,23.543
23.649,23.649,0.16,0.022,23.703,23.543
23.649,23.649,0.16,0.022,23.703,23.543
23.648,23.648,0.16,0.022,23.703,23.543
23.648,23.648,0.16,0.022,23.703,23.543
23.648,23.648,0.16,0.021,23.703,23.543
23.647,23.647,0.16,0.021,23.703,23.543
23.647,23.647,0.16,0.021,23.703,23.543
23.647,23.647,0.185,0.021,23.728,23.543
23.646,23.646,0.185,0.021,23.728,23.543
23.646,23.646,0.185,0.02,23.728,23.543
23.646,23.646,0.185,0.02,23.728,23.543
23.645,23.645,0.185,0.02,23.728,23.543
23.645,23.645,0.185,0.02,23.728,23.543
23.645,23.645,0.185,0.02,23.728,23.543
23.644,23.644,0.185,0.02,23.728,23.543
23.644,23.644,0.185,0.02,23.728,23.543
23.644,23.644,0.185,0.02,23.728,23.543
23.643,23.643,0.185,0.02,23.728,23.543
23.643,23.643,0.186,0.02,23.729,23.543
23.643,23.643,0.186,0.019,23.729,23.543
23.643,23.643,0.186,0.019,23.729,23.543
23.643,23.643,0.186,0.019,23.729,23.543
23.642,23.642,0.186,0.019,23.729,23.543
23.642,23.642,0.186,0.018,23.729,23.543
23.642,23.642,0.186,0.018,23.729,23.543
23.642,23.642,0.186,0.018,23.729,23.543
23.642,23.642,0.186,0.018,23.729,23.543
23.641,23.641,0.186,0.018,23.729,23.543
23.641,23.641,0.186,0.017,23.729,23.543
23.641,23.641,0.186,0.017,23.729,23.543
23.641,23.641,0.186,0.017,23.729,23.543
23.64,23.64,0.186,0.017,23.729,23.543
23.64,23.64,0.186,0.017,23.729,23.543
23.64,23.64,0.186,0.016,23.729,23.543
23.64,23.64,0.195,0.017,23.738,23.543
23.64,23.64,0.195,0.017,23.738,23.543
23.64,23.64,0.195,0.017,23.738,23.543
23.64,23.64,0.195,0.017,23.738,23.543
23.64,23.64,0.195,0.017,23.738,23.543
23.64,23.64,0.195,0.016,23.738,23.543
23.64,23.64,0.198,0.017,23.741,23.543
23.64,23.64,0.198,0.017,23.741,23.543
23.64,23.64,0.198,0.017,23.741,23.543
23.64,23.64,0.198,0.017,23.741,23.543
23.64,23.64,0.198,0.017,23.741,23.543
23.64,23.64,0.198,0.017,23.741,23.543
23.64,23.64,0.198,0.017,23.741,23.543
23.639,23.639,0.198,0.017,23.741,23.543
23.639,23.639,0.198,0.017,23.741,23.543
23.639,23.639,0.198,0.017,23.741,23.543
23.639,23.639,0.198,0.017,23.741,23.543
23.639,23.639,0.198,0.018,23.741,23.543
23.639,23.639,0.198,0.018,23.741,23.543
23.639,23.639,0.198,0.018,23.741,23.543
23.639,23.639,0.198,0.018,23.741,23.543
23.639,23.639,0.198,0.018,23.741,23.543
23.639,23.639,0.198,0.018,23.741,23.543
23.639,23.639,0.198,0.018,23.741,23.543
23.639,23.639,0.198,0.018,23.741,23.543
23.639,23.639,0.198,0.018,23.741,23.543
23.639,23.639,0.198,0.018,23.741,23.543
23.638,23.638,0.198,0.018,23.741,23.543
23.638,23.638,0.198,0.018,23.741,23.543
23.637,23.637,0.207,0.019,23.741,23.534
23.637,23.637,0.207,0.019,23.741,23.534
23.636,23.636,0.207,0.019,23.741,23.534
23.636,23.636,0.207,0.019,23.741,23.534
23.636,23.636,0.207,0.019,23.741,23.534
23.636,23.636,0.207,0.019,23.741,23.534
23.635,23.635,0.207,0.019,23.741,23.534
23.635,23.635,0.207,0.02,23.741,23.534
23.634,23.634,0.207,0.02,23.741,23.534
23.634,23.634,0.239,0.021,23.741,23.502
23.633,23.633,0.239,0.021,23.741,23.502
23.632,23.632,0.244,0.022,23.741,23.497
23.631,23.631,0.25,0.024,23.741,23.491
23.631,23.631,0.25,0.024,23.741,23.491
23.63,23.63,0.25,0.025,23.741,23.491
23.629,23.629,0.25,0.026,23.741,23.491
23.628,23.628,0.25,0.027,23.741,23.491
23.627,23.627,0.25,0.027,23.741,23.491
23.627,23.627,0.25,0.028,23.741,23.491
23.626,23.626,0.25,0.028,23.741,23.491
23.625,23.625,0.25,0.029,23.741,23.491
23.624,23.624,0.25,0.029,23.741,23.491
23.623,23.623,0.25,0.03,23.741,23.491
23.622,23.622,0.25,0.031,23.741,23.491
23.621,23.621,0.25,0.032,23.741,23.491
23.62,23.62,0.25,0.033,23.741,23.491
23.619,23.619,0.267,0.034,23.741,23.474
23.617,23.617,0.267,0.035,23.741,23.474
23.616,23.616,0.267,0.036,23.741,23.474
23.615,23.615,0.267,0.037,23.741,23.474
23.614,23.614,0.267,0.038,23.741,23.474
23.613,23.613,0.267,0.039,23.741,23.474
23.611,23.611,0.267,0.04,23.741,23.474
23.61,23.61,0.27,0.041,23.741,23.471
23.608,23.608,0.27,0.041,23.741,23.471
23.607,23.607,0.27,0.042,23.741,23.471
23.605,23.605,0.27,0.043,23.741,23.471
23.603,23.604,0.315,0.045,23.741,23.426
23.602,23.602,0.315,0.046,23.741,23.426
23.6,23.6,0.315,0.047,23.741,23.426
23.598,23.598,0.317,0.049,23.741,23.424
23.598,23.598,0.317,0.05,23.741,23.424
23.598,23.598,0.317,0.051,23.741,23.424
23.599,23.599,0.317,0.052,23.741,23.424
23.6,23.6,0.317,0.053,23.741,23.424
23.601,23.601,0.317,0.054,23.741,23.424
23.601,23.601,0.317,0.054,23.741,23.424
23.601,23.602,0.317,0.055,23.741,23.424
23.602,23.602,0.317,0.055,23.741,23.424
23.603,23.603,0.317,0.056,23.741,23.424
23.603,23.603,0.317,0.056,23.741,23.424
23.603,23.603,0.317,0.057,23.741,23.424
23.603,23.603,0.316,0.057,23.74,23.424
23.604,23.604,0.316,0.057,23.74,23.424
23.604,23.604,0.316,0.058,23.74,23.424
23.605,23.605,0.316,0.058,23.74,23.424
23.605,23.605,0.316,0.058,23.74,23.424
23.605,23.605,0.316,0.058,23.74,23.424
23.605,23.605,0.316,0.058,23.74,23.424
23.605,23.605,0.316,0.058,23.74,23.424
23.605,23.605,0.316,0.059,23.74,23.424
23.604,23.604,0.306,0.058,23.73,23.424
23.604,23.604,0.306,0.058,23.73,23.424
23.604,23.604,0.306,0.058,23.73,23.424
23.604,23.604,0.306,0.058,23.73,23.424
23.603,23.603,0.306,0.058,23.73,23.424
23.603,23.603,0.306,0.058,23.73,23.424
23.602,23.602,0.306,0.058,23.73,23.424
23.602,23.602,0.306,0.058,23.73,23.424
23.601,23.602,0.306,0.058,23.73,23.424
23.601,23.601,0.306,0.058,23.73,23.424
23.6,23.6,0.306,0.058,23.73,23.424
23.6,23.6,0.306,0.058,23.73,23.424
23.6,23.6,0.306,0.058,23.73,23.424
23.599,23.599,0.306,0.058,23.73,23.424
23.599,23.599,0.306,0.058,23.73,23.424
23.598,23.598,0.306,0.058,23.73,23.424
23.597,23.598,0.306,0.059,23.73,23.424
23.597,23.597,0.306,0.059,23.73,23.424
23.595,23.595,0.306,0.059,23.73,23.424
23.594,23.594,0.306,0.06,23.73,23.424
23.593,23.593,0.306,0.06,23.73,23.424
23.592,23.592,0.312,0.061,23.73,23.418
23.591,23.591,0.312,0.061,23.73,23.418
23.591,23.591,0.312,0.061,23.73,23.418
23.59,23.59,0.312,0.062,23.73,23.418
23.588,23.589,0.313,0.063,23.73,23.417
23.588,23.588,0.313,0.063,23.73,23.417
23.587,23.587,0.313,0.063,23.73,23.417
23.587,23.587,0.313,0.063,23.73,23.417
23.586,23.586,0.313,0.064,23.73,23.417
23.585,23.585,0.313,0.064,23.73,23.417
23.584,23.584,0.313,0.065,23.73,23.417
23.584,23.584,0.313,0.066,23.73,23.417
23.583,23.583,0.313,0.066,23.73,23.417
23.582,23.582,0.313,0.067,23.73,23.417
23.58,23.58,0.313,0.068,23.73,23.417
23.579,23.579,0.313,0.068,23.73,23.417
23.578,23.578,0.334,0.069,23.73,23.396
23.577,23.577,0.334,0.07,23.73,23.396
23.576,23.576,0.334,0.071,23.73,23.396
23.575,23.575,0.334,0.072,23.73,23.396
23.574,23.575,0.334,0.073,23.73,23.396
23.573,23.574,0.334,0.074,23.73,23.396
23.573,23.573,0.334,0.074,23.73,23.396
23.572,23.572,0.334,0.075,23.73,23.396
23.571,23.571,0.334,0.076,23.73,23.396
23.57,23.57,0.334,0.076,23.73,23.396
23.569,23.57,0.334,0.077,23.73,23.396
23.569,23.569,0.334,0.078,23.73,23.396
23.568,23.568,0.334,0.079,23.73,23.396
23.567,23.567,0.334,0.079,23.73,23.396
23.566,23.567,0.334,0.08,23.73,23.396
23.566,23.566,0.334,0.081,23.73,23.396
23.565,23.565,0.349,0.081,23.73,23.381
23.565,23.565,0.368,0.082,23.73,23.362
23.563,23.563,0.368,0.082,23.73,23.362
23.559,23.56,0.368,0.081,23.73,23.362
23.556,23.556,0.368,0.081,23.73,23.362
23.553,23.553,0.368,0.08,23.73,23.362
23.55,23.55,0.351,0.079,23.713,23.362
23.547,23.548,0.351,0.078,23.713,23.362
23.546,23.546,0.35,0.077,23.712,23.362
23.543,23.543,0.35,0.077,23.712,23.362
23.54,23.54,0.337,0.076,23.699,23.362
23.539,23.539,0.337,0.075,23.699,23.362
23.538,23.538,0.337,0.074,23.699,23.362
23.537,23.537,0.337,0.073,23.699,23.362
23.536,23.536,0.33,0.072,23.692,23.362
23.535,23.536,0.32,0.071,23.682,23.362
23.535,23.535,0.32,0.069,23.682,23.362
23.534,23.534,0.312,0.068,23.674,23.362
23.533,23.533,0.309,0.068,23.671,23.362
23.533,23.533,0.309,0.067,23.671,23.362
23.532,23.532,0.309,0.066,23.671,23.362
23.532,23.532,0.297,0.066,23.659,23.362
23.531,23.531,0.294,0.065,23.656,23.362
23.531,23.531,0.294,0.065,23.656,23.362
23.531,23.531,0.294,0.064,23.656,23.362
23.53,23.531,0.294,0.064,23.656,23.362
23.53,23.53,0.294,0.064,23.656,23.362
23.53,23.53,0.294,0.063,23.656,23.362
23.529,23.53,0.294,0.063,23.656,23.362
23.529,23.529,0.294,0.062,23.656,23.362
23.529,23.529,0.275,0.062,23.637,23.362
23.528,23.528,0.275,0.061,23.637,23.362
23.528,23.528,0.275,0.061,23.637,23.362
23.528,23.528,0.275,0.061,23.637,23.362
23.528,23.528,0.275,0.061,23.637,23.362
23.528,23.528,0.275,0.061,23.637,23.362
23.528,23.528,0.275,0.061,23.637,23.362
23.528,23.528,0.275,0.061,23.637,23.362
23.528,23.528,0.275,0.061,23.637,23.362
23.529,23.529,0.275,0.061,23.637,23.362
23.529,23.529,0.275,0.061,23.637,23.362
23.53,23.53,0.275,0.061,23.637,23.362
23.53,23.53,0.275,0.061,23.637,23.362
23.531,23.531,0.275,0.061,23.637,23.362
23.531,23.531,0.275,0.062,23.637,23.362
23.532,23.532,0.275,0.062,23.637,23.362
23.533,23.533,0.275,0.062,23.637,23.362
23.533,23.533,0.275,0.062,23.637,23.362
23.534,23.534,0.275,0.062,23.637,23.362
23.534,23.534,0.275,0.062,23.637,23.362
23.535,23.535,0.275,0.062,23.637,23.362
23.535,23.535,0.275,0.062,23.637,23.362
23.536,23.536,0.275,0.062,23.637,23.362
23.536,23.536,0.275,0.062,23.637,23.362
23.537,23.537,0.275,0.062,23.637,23.362
23.538,23.538,0.275,0.062,23.637,23.362
23.539,23.539,0.275,0.062,23.637,23.362
23.54,23.54,0.275,0.062,23.637,23.362
23.54,23.541,0.275,0.062,23.637,23.362
23.542,23.542,0.275,0.061,23.637,23.362
23.543,23.543,0.275,0.061,23.637,23.362
23.544,23.544,0.275,0.06,23.637,23.362
23.545,23.545,0.275,0.06,23.637,23.362
23.546,23.547,0.275,0.06,23.637,23.362
23.548,23.548,0.275,0.059,23.637,23.362
23.549,23.549,0.275,0.059,23.637,23.362
23.55,23.55,0.275,0.058,23.637,23.362
23.551,23.551,0.275,0.058,23.637,23.362
23.553,23.553,0.275,0.057,23.637,23.362
23.554,23.554,0.275,0.056,23.637,23.362
23.555,23.555,0.275,0.055,23.637,23.362
23.556,23.556,0.275,0.054,23.637,23.362
23.558,23.558,0.275,0.053,23.637,23.362
23.559,23.559,0.275,0.052,23.637,23.362
23.56,23.561,0.275,0.051,23.637,23.362
23.562,23.562,0.275,0.049,23.637,23.362
23.563,23.564,0.275,0.048,23.637,23.362
23.565,23.565,0.275,0.046,23.637,23.362
23.567,23.567,0.275,0.044,23.637,23.362
23.568,23.568,0.275,0.042,23.637,23.362
23.57,23.57,0.275,0.04,23.637,23.362
23.571,23.571,0.275,0.038,23.637,23.362
23.572,23.572,0.228,0.036,23.637,23.409
23.572,23.572,0.228,0.035,23.637,23.409
23.574,23.574,0.204,0.031,23.637,23.433
23.575,23.575,0.195,0.028,23.637,23.442
23.575,23.575,0.182,0.027,23.637,23.455
23.574,23.574,0.182,0.028,23.637,23.455
23.574,23.574,0.176,0.027,23.631,23.455
23.574,23.574,0.176,0.027,23.631,23.455
23.573,23.573,0.176,0.027,23.631,23.455
23.572,23.572,0.176,0.027,23.631,23.455
23.572,23.572,0.176,0.027,23.631,23.455
23.572,23.572,0.176,0.027,23.631,23.455
23.571,23.571,0.176,0.027,23.631,23.455
23.571,23.571,0.17,0.026,23.625,23.455
23.57,23.57,0.17,0.027,23.625,23.455
23.57,23.57,0.17,0.027,23.625,23.455
23.57,23.57,0.17,0.027,23.625,23.455
23.57,23.57,0.17,0.027,23.625,23.455
23.569,23.569,0.17,0.027,23.625,23.455
23.569,23.569,0.17,0.028,23.625,23.455
23.569,23.569,0.17,0.028,23.625,23.455
23.569,23.569,0.17,0.028,23.625,23.455
23.569,23.569,0.17,0.028,23.625,23.455
23.569,23.569,0.17,0.028,23.625,23.455
23.569,23.569,0.17,0.028,23.625,23.455
23.569,23.569,0.17,0.028,23.625,23.455
23.569,23.569,0.17,0.028,23.625,23.455
23.569,23.569,0.17,0.028,23.625,23.455
23.569,23.569,0.17,0.028,23.625,23.455
23.569,23.569,0.17,0.028,23.625,23.455
23.569,23.569,0.17,0.028,23.625,23.455
23.569,23.569,0.17,0.028,23.625,23.455
23.568,23.568,0.17,0.029,23.625,23.455
23.568,23.568,0.17,0.029,23.625,23.455
23.568,23.568,0.17,0.029,23.625,23.455
23.568,23.568,0.17,0.029,23.625,23.455
23.568,23.568,0.17,0.029,23.625,23.455
23.568,23.568,0.17,0.029,23.625,23.455
23.568,23.568,0.17,0.03,23.625,23.455
23.568,23.568,0.17,0.03,23.625,23.455
23.569,23.569,0.17,0.03,23.625,23.455
23.569,23.569,0.17,0.03,23.625,23.455
23.569,23.569,0.17,0.03,23.625,23.455
23.57,23.57,0.17,0.03,23.625,23.455
23.57,23.57,0.17,0.031,23.625,23.455
23.571,23.571,0.17,0.03,23.625,23.455
23.571,23.571,0.17,0.03,23.625,23.455
23.571,23.571,0.17,0.03,23.625,23.455
23.571,23.571,0.17,0.03,23.625,23.455
23.572,23.572,0.17,0.03,23.625,23.455
23.572,23.572,0.17,0.03,23.625,23.455
23.573,23.573,0.17,0.03,23.625,23.455
23.573,23.573,0.17,0.03,23.625,23.455
23.573,23.573,0.17,0.03,23.625,23.455
23.574,23.574,0.17,0.03,23.625,23.455
23.574,23.574,0.173,0.03,23.628,23.455
23.575,23.575,0.173,0.03,23.628,23.455
23.575,23.575,0.174,0.03,23.629,23.455
23.576,23.576,0.176,0.03,23.631,23.455
23.576,23.576,0.176,0.03,23.631,23.455
23.576,23.576,0.176,0.03,23.631,23.455
23.577,23.577,0.247,0.031,23.702,23.455
23.577,23.577,0.247,0.031,23.702,23.455
23.578,23.578,0.247,0.031,23.702,23.455
23.579,23.579,0.247,0.031,23.702,23.455
23.579,23.579,0.247,0.032,23.702,23.455
23.58,23.58,0.247,0.031,23.702,23.455
23.58,23.58,0.247,0.031,23.702,23.455
23.581,23.581,0.247,0.031,23.702,23.455
23.581,23.581,0.247,0.032,23.702,23.455
23.582,23.582,0.246,0.032,23.702,23.456
23.582,23.583,0.246,0.032,23.702,23.456
23.583,23.583,0.246,0.032,23.702,23.456
23.583,23.583,0.242,0.032,23.702,23.46
23.584,23.584,0.242,0.032,23.702,23.46
23.584,23.584,0.242,0.032,23.702,23.46
23.585,23.585,0.26,0.033,23.72,23.46
23.586,23.586,0.26,0.032,23.72,23.46
23.587,23.587,0.26,0.032,23.72,23.46
23.587,23.587,0.26,0.032,23.72,23.46
23.588,23.588,0.258,0.032,23.72,23.462
23.587,23.587,0.28,0.034,23.72,23.44
23.586,23.586,0.302,0.038,23.72,23.418
23.584,23.584,0.302,0.04,23.72,23.418
23.583,23.583,0.302,0.043,23.72,23.418
23.582,23.582,0.302,0.045,23.72,23.418
23.58,23.58,0.306,0.047,23.72,23.414
23.579,23.579,0.306,0.049,23.72,23.414
23.577,23.577,0.306,0.052,23.72,23.414
23.578,23.578,0.306,0.052,23.72,23.414
23.578,23.578,0.306,0.053,23.72,23.414
23.577,23.577,0.306,0.054,23.72,23.414
23.575,23.575,0.306,0.056,23.72,23.414
23.574,23.574,0.306,0.057,23.72,23.414
23.573,23.573,0.306,0.058,23.72,23.414
23.572,23.572,0.306,0.059,23.72,23.414
23.57,23.57,0.306,0.06,23.72,23.414
23.569,23.569,0.306,0.061,23.72,23.414
23.567,23.567,0.306,0.063,23.72,23.414
23.566,23.566,0.306,0.063,23.72,23.414
23.565,23.565,0.306,0.064,23.72,23.414
23.563,23.563,0.306,0.065,23.72,23.414
23.562,23.562,0.306,0.066,23.72,23.414
23.56,23.56,0.306,0.067,23.72,23.414
23.559,23.559,0.306,0.068,23.72,23.414
23.558,23.558,0.306,0.068,23.72,23.414
23.556,23.556,0.306,0.069,23.72,23.414
23.555,23.555,0.306,0.07,23.72,23.414
23.553,23.553,0.306,0.07,23.72,23.414
23.552,23.552,0.306,0.071,23.72,23.414
23.55,23.55,0.306,0.072,23.72,23.414
23.549,23.549,0.306,0.072,23.72,23.414
23.547,23.547,0.306,0.072,23.72,23.414
23.546,23.546,0.306,0.073,23.72,23.414
23.544,23.545,0.306,0.073,23.72,23.414
23.543,23.543,0.306,0.073,23.72,23.414
23.542,23.542,0.306,0.074,23.72,23.414
23.54,23.54,0.306,0.074,23.72,23.414
23.539,23.539,0.306,0.074,23.72,23.414
23.537,23.538,0.306,0.074,23.72,23.414
23.536,23.536,0.306,0.074,23.72,23.414
23.534,23.535,0.306,0.074,23.72,23.414
23.533,23.533,0.306,0.074,23.72,23.414
23.532,23.532,0.306,0.074,23.72,23.414
23.53,23.53,0.306,0.074,23.72,23.414
23.529,23.529,0.306,0.074,23.72,23.414
23.527,23.527,0.306,0.074,23.72,23.414
23.526,23.526,0.306,0.074,23.72,23.414
23.525,23.525,0.306,0.073,23.72,23.414
23.524,23.524,0.306,0.073,23.72,23.414
23.522,23.522,0.306,0.073,23.72,23.414
23.521,23.521,0.306,0.072,23.72,23.414
23.519,23.519,0.306,0.072,23.72,23.414
23.518,23.518,0.306,0.071,23.72,23.414
23.517,23.517,0.306,0.071,23.72,23.414
23.515,23.516,0.306,0.07,23.72,23.414
23.514,23.514,0.306,0.07,23.72,23.414
23.513,23.513,0.306,0.069,23.72,23.414
23.511,23.511,0.306,0.068,23.72,23.414
23.51,23.51,0.306,0.067,23.72,23.414
23.509,23.509,0.306,0.066,23.72,23.414
23.508,23.508,0.306,0.065,23.72,23.414
23.506,23.506,0.306,0.064,23.72,23.414
23.505,23.506,0.306,0.064,23.72,23.414
23.504,23.504,0.306,0.062,23.72,23.414
23.502,23.503,0.306,0.061,23.72,23.414
23.501,23.501,0.306,0.06,23.72,23.414
23.5,23.5,0.306,0.058,23.72,23.414
23.499,23.499,0.306,0.057,23.72,23.414
23.498,23.498,0.306,0.056,23.72,23.414
23.497,23.497,0.306,0.054,23.72,23.414
23.495,23.495,0.292,0.052,23.706,23.414
23.494,23.494,0.292,0.05,23.706,23.414
23.493,23.493,0.292,0.049,23.706,23.414
23.492,23.492,0.292,0.047,23.706,23.414
23.491,23.491,0.269,0.045,23.683,23.414
23.491,23.491,0.269,0.044,23.683,23.414
23.492,23.492,0.269,0.044,23.683,23.414
23.493,23.493,0.269,0.044,23.683,23.414
23.494,23.494,0.269,0.044,23.683,23.414
23.495,23.495,0.269,0.044,23.683,23.414
23.496,23.496,0.265,0.045,23.683,23.418
23.498,23.498,0.265,0.045,23.683,23.418
23.499,23.499,0.259,0.045,23.683,23.424
23.498,23.498,0.254,0.043,23.678,23.424
23.498,23.498,0.224,0.042,23.648,23.424
23.499,23.499,0.224,0.043,23.648,23.424
23.501,23.501,0.224,0.044,23.648,23.424
23.502,23.502,0.224,0.044,23.648,23.424
23.503,23.503,0.224,0.044,23.648,23.424
23.504,23.504,0.224,0.044,23.648,23.424
23.505,23.505,0.224,0.045,23.648,23.424
23.506,23.506,0.224,0.045,23.648,23.424
23.508,23.508,0.241,0.046,23.665,23.424
23.509,23.509,0.241,0.046,23.665,23.424
23.511,23.511,0.241,0.047,23.665,23.424
23.512,23.512,0.243,0.047,23.672,23.429
23.513,23.513,0.243,0.048,23.672,23.429
23.515,23.515,0.238,0.048,23.672,23.434
23.516,23.516,0.238,0.048,23.672,23.434
23.518,23.518,0.238,0.049,23.672,23.434
23.519,23.519,0.238,0.049,23.672,23.434
23.521,23.521,0.238,0.049,23.672,23.434
23.522,23.523,0.238,0.049,23.672,23.434
23.524,23.524,0.238,0.049,23.672,23.434
23.525,23.525,0.238,0.049,23.672,23.434
23.527,23.527,0.238,0.049,23.672,23.434
23.528,23.528,0.238,0.049,23.672,23.434
23.53,23.53,0.238,0.049,23.672,23.434
23.531,23.531,0.238,0.049,23.672,23.434
23.533,23.533,0.249,0.049,23.683,23.434
23.534,23.534,0.249,0.049,23.683,23.434
23.536,23.536,0.249,0.049,23.683,23.434
23.538,23.538,0.238,0.05,23.692,23.454
23.539,23.54,0.238,0.051,23.692,23.454
23.541,23.541,0.238,0.051,23.692,23.454
23.543,23.543,0.238,0.051,23.692,23.454
23.544,23.545,0.237,0.051,23.692,23.455
23.546,23.546,0.237,0.051,23.692,23.455
23.548,23.548,0.237,0.051,23.692,23.455
23.55,23.55,0.237,0.051,23.692,23.455
23.552,23.552,0.235,0.051,23.692,23.457
23.553,23.553,0.236,0.052,23.693,23.457
23.555,23.555,0.256,0.053,23.713,23.457
23.557,23.557,0.256,0.053,23.713,23.457
23.56,23.56,0.256,0.054,23.713,23.457
23.562,23.562,0.252,0.054,23.713,23.461
23.563,23.564,0.252,0.054,23.713,23.461
23.565,23.565,0.246,0.055,23.713,23.467
23.567,23.567,0.246,0.054,23.713,23.467
23.569,23.569,0.246,0.054,23.713,23.467
23.57,23.57,0.24,0.054,23.713,23.473
23.572,23.572,0.231,0.054,23.713,23.482
23.574,23.574,0.241,0.054,23.723,23.482
23.576,23.576,0.241,0.054,23.723,23.482
23.578,23.578,0.283,0.055,23.765,23.482
23.58,23.58,0.283,0.055,23.765,23.482
23.582,23.582,0.283,0.056,23.765,23.482
23.583,23.584,0.283,0.056,23.765,23.482
23.585,23.585,0.283,0.056,23.765,23.482
23.587,23.587,0.281,0.056,23.765,23.484
23.589,23.589,0.281,0.056,23.765,23.484
23.591,23.591,0.281,0.056,23.765,23.484
23.593,23.594,0.283,0.057,23.767,23.484
23.596,23.596,0.283,0.058,23.767,23.484
23.598,23.598,0.283,0.058,23.767,23.484
23.6,23.6,0.268,0.058,23.767,23.499
23.602,23.602,0.268,0.058,23.767,23.499
23.604,23.604,0.267,0.058,23.767,23.5
23.606,23.606,0.265,0.058,23.767,23.502
23.608,23.608,0.266,0.058,23.768,23.502
23.61,23.61,0.266,0.058,23.768,23.502
23.612,23.612,0.266,0.058,23.768,23.502
23.614,23.614,0.277,0.059,23.779,23.502
23.616,23.616,0.277,0.058,23.779,23.502
23.618,23.618,0.277,0.059,23.779,23.502
23.62,23.62,0.268,0.058,23.779,23.511
23.622,23.622,0.268,0.059,23.779,23.511
23.624,23.624,0.265,0.059,23.782,23.517
23.626,23.626,0.265,0.059,23.782,23.517
23.628,23.628,0.265,0.059,23.782,23.517
23.63,23.63,0.265,0.059,23.782,23.517
23.631,23.631,0.265,0.059,23.782,23.517
23.633,23.634,0.264,0.059,23.782,23.518
23.636,23.636,0.276,0.059,23.794,23.518
23.638,23.638,0.271,0.059,23.794,23.523
23.64,23.64,0.271,0.059,23.794,23.523
23.642,23.642,0.271,0.059,23.794,23.523
23.643,23.644,0.271,0.059,23.794,23.523
23.645,23.645,0.271,0.059,23.794,23.523
23.647,23.647,0.268,0.059,23.794,23.526
23.649,23.649,0.263,0.059,23.794,23.531
23.65,23.65,0.263,0.058,23.794,23.531
23.652,23.652,0.263,0.058,23.794,23.531
23.654,23.654,0.263,0.057,23.794,23.531
23.656,23.656,0.279,0.058,23.813,23.534
23.658,23.658,0.279,0.058,23.813,23.534
23.66,23.66,0.267,0.058,23.813,23.546
23.662,23.662,0.264,0.058,23.813,23.549
23.664,23.664,0.264,0.057,23.813,23.549
23.666,23.666,0.257,0.057,23.813,23.556
23.667,23.667,0.257,0.056,23.813,23.556
23.67,23.67,0.257,0.056,23.813,23.556
23.672,23.672,0.257,0.056,23.813,23.556
23.673,23.673,0.257,0.056,23.813,23.556
23.675,23.675,0.255,0.055,23.813,23.558
23.677,23.677,0.25,0.054,23.813,23.563
23.679,23.679,0.246,0.054,23.813,23.567
23.68,23.68,0.246,0.054,23.813,23.567
23.682,23.682,0.246,0.054,23.813,23.567
23.684,23.684,0.257,0.054,23.824,23.567
23.686,23.686,0.261,0.054,23.829,23.568
23.688,23.688,0.26,0.053,23.829,23.569
23.69,23.69,0.26,0.053,23.829,23.569
23.692,23.692,0.251,0.053,23.829,23.578
23.693,23.693,0.251,0.053,23.829,23.578
23.695,23.695,0.246,0.052,23.829,23.583
23.696,23.696,0.246,0.052,23.829,23.583
23.698,23.698,0.246,0.052,23.829,23.583
23.699,23.7,0.255,0.052,23.838,23.583
23.701,23.701,0.255,0.052,23.838,23.583
23.702,23.702,0.254,0.052,23.838,23.584
23.703,23.703,0.254,0.051,23.838,23.584
23.705,23.705,0.254,0.051,23.838,23.584
23.707,23.707,0.238,0.05,23.838,23.6
23.708,23.708,0.234,0.05,23.838,23.604
23.71,23.71,0.234,0.05,23.838,23.604
23.712,23.712,0.234,0.049,23.838,23.604
23.713,23.713,0.234,0.049,23.838,23.604
23.715,23.715,0.254,0.049,23.858,23.604
23.716,23.717,0.251,0.049,23.858,23.607
23.718,23.718,0.251,0.049,23.858,23.607
23.719,23.719,0.251,0.049,23.858,23.607
23.72,23.72,0.247,0.048,23.858,23.611
23.722,23.722,0.247,0.047,23.858,23.611
23.723,23.723,0.236,0.047,23.858,23.622
23.725,23.725,0.236,0.046,23.858,23.622
23.726,23.726,0.236,0.046,23.858,23.622
23.728,23.728,0.236,0.046,23.858,23.622
23.729,23.729,0.236,0.046,23.858,23.622
23.73,23.73,0.236,0.046,23.858,23.622
23.731,23.731,0.236,0.046,23.858,23.622
23.732,23.732,0.222,0.046,23.858,23.636
23.734,23.734,0.222,0.046,23.858,23.636
23.735,23.735,0.222,0.046,23.858,23.636
23.737,23.737,0.226,0.046,23.871,23.645
23.738,23.738,0.226,0.046,23.871,23.645
23.739,23.739,0.23,0.046,23.875,23.645
23.74,23.74,0.23,0.046,23.875,23.645
23.742,23.742,0.228,0.045,23.875,23.647
23.743,23.743,0.228,0.045,23.875,23.647
23.744,23.744,0.228,0.045,23.875,23.647
23.745,23.745,0.228,0.044,23.875,23.647
23.746,23.746,0.228,0.044,23.875,23.647
23.747,23.747,0.228,0.044,23.875,23.647
23.748,23.748,0.228,0.044,23.875,23.647
23.749,23.749,0.228,0.043,23.875,23.647
23.75,23.75,0.228,0.043,23.875,23.647
23.751,23.751,0.228,0.043,23.875,23.647
23.751,23.752,0.228,0.042,23.875,23.647
23.752,23.752,0.228,0.042,23.875,23.647
23.754,23.754,0.235,0.042,23.882,23.647
23.755,23.755,0.216,0.042,23.882,23.666
23.756,23.756,0.214,0.041,23.882,23.668
23.757,23.757,0.222,0.041,23.89,23.668
23.758,23.758,0.222,0.041,23.89,23.668
23.759,23.759,0.218,0.041,23.89,23.672
23.761,23.761,0.218,0.04,23.89,23.672
23.762,23.762,0.215,0.04,23.89,23.675
23.763,23.763,0.211,0.039,23.89,23.679
23.763,23.763,0.211,0.039,23.89,23.679
23.764,23.764,0.211,0.039,23.89,23.679
23.765,23.765,0.211,0.038,23.89,23.679
23.766,23.766,0.211,0.038,23.89,23.679
23.767,23.767,0.211,0.038,23.89,23.679
23.768,23.768,0.202,0.038,23.89,23.688
23.769,23.769,0.202,0.037,23.89,23.688
23.77,23.77,0.202,0.037,23.89,23.688
23.771,23.771,0.202,0.037,23.89,23.688
23.772,23.772,0.202,0.037,23.89,23.688
23.773,23.773,0.202,0.036,23.89,23.688
23.774,23.774,0.2,0.036,23.89,23.69
23.775,23.775,0.209,0.036,23.901,23.692
23.776,23.776,0.209,0.035,23.901,23.692
23.777,23.777,0.203,0.035,23.901,23.698
23.777,23.777,0.202,0.035,23.901,23.699
23.777,23.777,0.202,0.035,23.901,23.699
23.778,23.778,0.202,0.035,23.901,23.699
23.779,23.779,0.202,0.035,23.901,23.699
23.779,23.779,0.202,0.034,23.901,23.699
23.78,23.78,0.202,0.034,23.901,23.699
23.781,23.781,0.202,0.034,23.901,23.699
23.782,23.782,0.193,0.033,23.901,23.708
23.782,23.782,0.193,0.033,23.901,23.708
23.783,23.783,0.193,0.032,23.901,23.708
23.783,23.783,0.193,0.032,23.901,23.708
23.784,23.784,0.193,0.032,23.901,23.708
23.785,23.785,0.183,0.031,23.901,23.718
23.786,23.786,0.181,0.031,23.901,23.72
23.787,23.787,0.181,0.031,23.901,23.72
23.788,23.788,0.181,0.03,23.901,23.72
23.788,23.788,0.181,0.03,23.901,23.72
23.789,23.789,0.179,0.03,23.901,23.722
23.79,23.79,0.174,0.03,23.901,23.727
23.79,23.79,0.174,0.03,23.901,23.727
23.791,23.791,0.174,0.03,23.901,23.727
23.792,23.792,0.174,0.03,23.901,23.727
23.792,23.792,0.174,0.029,23.901,23.727
23.793,23.793,0.174,0.029,23.901,23.727
23.794,23.794,0.174,0.029,23.901,23.727
23.795,23.795,0.174,0.029,23.901,23.727
23.795,23.795,0.174,0.029,23.901,23.727
23.796,23.796,0.174,0.029,23.901,23.727
23.796,23.796,0.174,0.029,23.901,23.727
23.797,23.797,0.163,0.029,23.901,23.738
23.798,23.798,0.172,0.029,23.91,23.738
23.798,23.798,0.172,0.029,23.91,23.738
23.799,23.799,0.174,0.029,23.912,23.738
23.799,23.799,0.174,0.028,23.912,23.738
23.8,23.8,0.17,0.028,23.912,23.742
23.8,23.8,0.17,0.028,23.912,23.742
23.801,23.801,0.17,0.028,23.912,23.742
23.801,23.801,0.17,0.027,23.912,23.742
23.802,23.802,0.177,0.028,23.919,23.742
23.802,23.802,0.177,0.027,23.919,23.742
23.803,23.803,0.176,0.027,23.919,23.743
23.804,23.804,0.176,0.027,23.919,23.743
23.805,23.805,0.176,0.027,23.919,23.743
23.805,23.805,0.176,0.027,23.919,23.743
23.806,23.806,0.172,0.027,23.919,23.747
23.807,23.807,0.172,0.027,23.919,23.747
23.807,23.807,0.172,0.027,23.919,23.747
23.808,23.808,0.172,0.026,23.919,23.747
23.809,23.809,0.172,0.027,23.919,23.747
23.81,23.81,0.172,0.027,23.919,23.747
