mean,RMS,ptp,std,max,min
16.804,16.804,0.122,0.029,16.846,16.724
16.805,16.805,0.122,0.032,16.846,16.724
16.816,16.817,0.102,0.023,16.847,16.745
16.818,16.818,0.102,0.023,16.847,16.745
16.817,16.817,0.117,0.024,16.847,16.73
16.812,16.812,0.112,0.03,16.842,16.73
16.803,16.803,0.112,0.036,16.842,16.73
16.799,16.799,0.107,0.037,16.839,16.732
16.799,16.799,0.112,0.038,16.844,16.732
16.803,16.803,0.125,0.038,16.853,16.728
16.809,16.809,0.133,0.04,16.861,16.728
16.815,16.815,0.133,0.041,16.861,16.728
16.821,16.821,0.119,0.039,16.861,16.742
16.819,16.819,0.112,0.039,16.858,16.746
16.811,16.811,0.128,0.039,16.857,16.729
16.814,16.814,0.118,0.035,16.847,16.729
16.809,16.809,0.132,0.039,16.861,16.729
16.816,16.817,0.13,0.034,16.861,16.731
16.813,16.813,0.13,0.036,16.861,16.731
16.817,16.817,0.116,0.031,16.862,16.746
16.809,16.809,0.123,0.036,16.862,16.739
16.81,16.81,0.123,0.039,16.862,16.739
16.804,16.804,0.127,0.045,16.866,16.739
16.813,16.813,0.126,0.045,16.866,16.74
16.808,16.808,0.124,0.045,16.866,16.742
16.817,16.817,0.121,0.037,16.863,16.742
16.802,16.802,0.121,0.043,16.859,16.738
16.8,16.8,0.174,0.048,16.859,16.685
16.794,16.794,0.174,0.048,16.859,16.685
16.805,16.805,0.176,0.046,16.861,16.685
16.804,16.804,0.119,0.04,16.861,16.742
16.815,16.815,0.119,0.04,16.861,16.742
16.803,16.803,0.121,0.043,16.859,16.738
16.809,16.809,0.119,0.042,16.857,16.738
16.792,16.792,0.132,0.042,16.853,16.721
16.799,16.799,0.15,0.042,16.871,16.721
16.787,16.787,0.151,0.046,16.871,16.72
16.795,16.795,0.151,0.044,16.871,16.72
16.791,16.791,0.137,0.043,16.857,16.72
16.798,16.798,0.12,0.039,16.857,16.737
16.805,16.805,0.12,0.041,16.857,16.737
16.8,16.8,0.113,0.042,16.853,16.74
16.804,16.804,0.129,0.045,16.867,16.738
16.804,16.804,0.145,0.049,16.883,16.738
16.825,16.825,0.145,0.044,16.883,16.738
16.828,16.828,0.13,0.04,16.883,16.753
16.826,16.826,0.114,0.037,16.873,16.759
16.826,16.826,0.139,0.039,16.884,16.745
16.819,16.819,0.139,0.042,16.884,16.745
16.829,16.829,0.174,0.044,16.917,16.743
16.817,16.817,0.174,0.043,16.917,16.743
16.818,16.818,0.189,0.044,16.917,16.728
16.796,16.796,0.136,0.043,16.851,16.715
16.789,16.789,0.136,0.043,16.851,16.715
16.782,16.782,0.136,0.041,16.851,16.715
16.79,16.79,0.141,0.047,16.856,16.715
16.804,16.804,0.169,0.052,16.884,16.715
16.807,16.808,0.169,0.05,16.884,16.715
16.802,16.802,0.161,0.045,16.884,16.723
16.799,16.799,0.145,0.042,16.868,16.723
16.803,16.803,0.123,0.044,16.868,16.745
16.82,16.82,0.123,0.041,16.868,16.745
16.804,16.804,0.128,0.048,16.864,16.736
16.803,16.803,0.139,0.047,16.874,16.735
16.793,16.793,0.148,0.048,16.883,16.735
16.805,16.805,0.148,0.045,16.883,16.735
16.806,16.806,0.141,0.044,16.883,16.742
16.807,16.807,0.129,0.046,16.871,16.742
16.814,16.814,0.133,0.048,16.871,16.738
16.823,16.823,0.149,0.046,16.887,16.738
16.828,16.828,0.149,0.043,16.887,16.738
16.818,16.818,0.135,0.044,16.887,16.752
16.818,16.818,0.119,0.044,16.871,16.752
16.81,16.81,0.128,0.044,16.869,16.741
16.82,16.82,0.128,0.041,16.869,16.741
16.817,16.817,0.125,0.042,16.86,16.735
16.819,16.819,0.126,0.041,16.861,16.735
16.82,16.82,0.131,0.043,16.866,16.735
16.815,16.815,0.134,0.044,16.874,16.74
16.822,16.822,0.134,0.045,16.874,16.74
16.823,16.823,0.15,0.046,16.89,16.74
16.826,16.826,0.13,0.044,16.89,16.76
16.83,16.83,0.125,0.045,16.89,16.765
16.828,16.828,0.129,0.045,16.887,16.758
16.832,16.832,0.174,0.046,16.887,16.713
16.819,16.82,0.171,0.044,16.884,16.713
16.811,16.811,0.15,0.04,16.863,16.713
16.809,16.809,0.103,0.035,16.871,16.768
16.817,16.817,0.109,0.038,16.871,16.762
16.825,16.825,0.12,0.042,16.882,16.762
16.831,16.831,0.12,0.042,16.882,16.762
16.836,16.836,0.12,0.043,16.882,16.762
16.835,16.835,0.126,0.044,16.886,16.76
16.836,16.836,0.127,0.047,16.886,16.759
16.837,16.837,0.127,0.042,16.886,16.759
16.832,16.832,0.126,0.04,16.883,16.757
16.829,16.829,0.123,0.04,16.876,16.753
16.829,16.829,0.124,0.043,16.877,16.753
16.837,16.837,0.168,0.044,16.921,16.753
16.833,16.833,0.163,0.045,16.921,16.758
16.839,16.839,0.161,0.045,16.921,16.76
16.834,16.834,0.129,0.043,16.889,16.76
16.847,16.847,0.129,0.035,16.889,16.76
16.839,16.839,0.123,0.034,16.883,16.76
16.845,16.845,0.107,0.029,16.877,16.77
16.842,16.842,0.102,0.032,16.882,16.78
16.837,16.837,0.116,0.04,16.883,16.767
16.839,16.839,0.125,0.044,16.892,16.767
16.845,16.845,0.125,0.043,16.892,16.767
16.856,16.856,0.13,0.037,16.898,16.768
16.856,16.856,0.132,0.04,16.902,16.77
16.852,16.852,0.132,0.042,16.902,16.77
16.846,16.846,0.132,0.044,16.902,16.77
16.847,16.847,0.121,0.039,16.891,16.77
16.836,16.836,0.121,0.042,16.891,16.77
16.842,16.842,0.12,0.042,16.892,16.772
16.846,16.846,0.122,0.041,16.892,16.77
16.85,16.85,0.124,0.041,16.894,16.77
16.844,16.844,0.124,0.041,16.894,16.77
16.839,16.839,0.123,0.044,16.894,16.771
16.841,16.841,0.121,0.041,16.892,16.771
16.843,16.843,0.125,0.042,16.896,16.771
16.845,16.845,0.123,0.039,16.896,16.773
16.843,16.843,0.121,0.04,16.896,16.775
16.837,16.837,0.117,0.04,16.892,16.775
16.835,16.835,0.131,0.043,16.892,16.761
16.832,16.832,0.131,0.042,16.892,16.761
16.832,16.832,0.121,0.04,16.882,16.761
16.831,16.831,0.119,0.04,16.892,16.773
16.831,16.831,0.128,0.043,16.9,16.772
16.845,16.845,0.137,0.047,16.909,16.772
16.839,16.839,0.148,0.05,16.909,16.761
16.846,16.847,0.148,0.044,16.909,16.761
16.847,16.847,0.134,0.041,16.895,16.761
16.859,16.859,0.133,0.033,16.896,16.763
16.869,16.869,0.133,0.03,16.896,16.763
16.87,16.87,0.144,0.033,16.907,16.763
16.873,16.874,0.116,0.029,16.907,16.791
16.863,16.863,0.133,0.04,16.907,16.774
16.855,16.855,0.126,0.041,16.9,16.774
16.852,16.852,0.146,0.043,16.92,16.774
16.852,16.852,0.146,0.043,16.92,16.774
16.85,16.85,0.146,0.045,16.92,16.774
16.836,16.836,0.125,0.046,16.899,16.774
16.835,16.835,0.128,0.046,16.894,16.766
16.834,16.834,0.132,0.048,16.894,16.762
16.854,16.854,0.144,0.047,16.906,16.762
16.842,16.843,0.144,0.049,16.906,16.762
16.841,16.842,0.13,0.049,16.906,16.776
16.824,16.824,0.125,0.044,16.901,16.776
16.83,16.831,0.125,0.041,16.901,16.776
16.832,16.832,0.106,0.039,16.892,16.786
16.842,16.842,0.108,0.038,16.892,16.784
16.849,16.849,0.108,0.038,16.892,16.784
16.852,16.852,0.136,0.043,16.907,16.771
16.849,16.849,0.14,0.048,16.907,16.767
16.846,16.847,0.14,0.049,16.907,16.767
16.852,16.852,0.135,0.044,16.902,16.767
16.853,16.853,0.118,0.04,16.902,16.784
16.855,16.855,0.108,0.036,16.892,16.784
16.846,16.846,0.107,0.037,16.887,16.78
16.844,16.844,0.11,0.037,16.89,16.78
16.838,16.838,0.111,0.04,16.89,16.779
16.836,16.836,0.115,0.043,16.89,16.775
16.834,16.834,0.112,0.041,16.887,16.775
16.848,16.848,0.127,0.042,16.902,16.775
16.852,16.852,0.128,0.042,16.902,16.774
16.854,16.854,0.128,0.044,16.902,16.774
16.841,16.841,0.135,0.045,16.909,16.774
16.837,16.837,0.126,0.044,16.916,16.79
16.839,16.839,0.128,0.043,16.916,16.788
16.85,16.85,0.128,0.04,16.916,16.788
16.849,16.849,0.111,0.042,16.899,16.788
16.852,16.852,0.128,0.043,16.915,16.787
16.84,16.84,0.128,0.045,16.915,16.787
16.84,16.84,0.128,0.043,16.915,16.787
16.843,16.843,0.132,0.042,16.917,16.785
16.845,16.845,0.132,0.042,16.917,16.785
16.848,16.848,0.132,0.042,16.917,16.785
16.834,16.834,0.122,0.041,16.904,16.782
16.833,16.833,0.118,0.041,16.896,16.778
16.825,16.825,0.118,0.042,16.896,16.778
16.833,16.833,0.123,0.045,16.901,16.778
16.834,16.834,0.127,0.047,16.91,16.783
16.84,16.84,0.127,0.043,16.91,16.783
16.844,16.844,0.126,0.042,16.91,16.784
16.842,16.842,0.108,0.039,16.892,16.784
16.841,16.841,0.112,0.044,16.896,16.784
16.837,16.837,0.114,0.045,16.898,16.784
16.843,16.843,0.114,0.044,16.898,16.784
16.848,16.848,0.116,0.042,16.907,16.791
16.843,16.843,0.125,0.042,16.907,16.782
16.839,16.839,0.125,0.045,16.907,16.782
16.829,16.829,0.111,0.041,16.893,16.782
16.832,16.832,0.117,0.043,16.902,16.785
16.828,16.828,0.117,0.041,16.902,16.785
16.833,16.833,0.117,0.042,16.902,16.785
16.827,16.827,0.108,0.039,16.896,16.788
16.838,16.838,0.112,0.043,16.9,16.788
16.841,16.841,0.131,0.047,16.905,16.774
16.838,16.838,0.131,0.046,16.905,16.774
16.826,16.826,0.131,0.043,16.905,16.774
16.812,16.812,0.129,0.035,16.889,16.76
16.815,16.815,0.129,0.041,16.889,16.76
16.814,16.814,0.127,0.039,16.887,16.76
16.817,16.818,0.119,0.036,16.887,16.768
16.826,16.826,0.115,0.035,16.893,16.778
16.826,16.826,0.106,0.034,16.893,16.787
16.834,16.834,0.117,0.04,16.893,16.776
16.825,16.825,0.109,0.041,16.885,16.776
16.829,16.829,0.109,0.043,16.885,16.776
16.823,16.823,0.106,0.039,16.883,16.777
16.826,16.826,0.118,0.042,16.879,16.761
16.826,16.826,0.142,0.042,16.903,16.761
16.828,16.829,0.142,0.042,16.903,16.761
16.833,16.833,0.122,0.038,16.903,16.781
16.845,16.845,0.157,0.042,16.929,16.772
16.85,16.85,0.157,0.044,16.929,16.772
16.853,16.853,0.157,0.046,16.929,16.772
16.837,16.837,0.123,0.043,16.901,16.778
16.832,16.832,0.126,0.042,16.901,16.775
16.819,16.819,0.112,0.038,16.887,16.775
16.83,16.83,0.12,0.044,16.895,16.775
16.832,16.832,0.124,0.045,16.895,16.771
16.837,16.837,0.124,0.044,16.895,16.771
16.823,16.823,0.118,0.04,16.889,16.771
16.819,16.819,0.11,0.035,16.889,16.779
16.816,16.816,0.117,0.035,16.896,16.779
16.824,16.824,0.122,0.039,16.896,16.774
16.823,16.823,0.128,0.042,16.896,16.768
16.819,16.819,0.125,0.042,16.893,16.768
16.822,16.822,0.14,0.044,16.908,16.768
16.826,16.826,0.137,0.045,16.908,16.771
16.829,16.829,0.134,0.046,16.908,16.774
16.809,16.809,0.125,0.041,16.898,16.773
16.802,16.802,0.125,0.037,16.894,16.769
16.8,16.8,0.127,0.033,16.887,16.76
16.813,16.813,0.129,0.041,16.889,16.76
16.817,16.817,0.134,0.041,16.894,16.76
16.817,16.817,0.13,0.043,16.895,16.765
16.821,16.821,0.126,0.041,16.895,16.769
16.822,16.822,0.125,0.042,16.895,16.77
16.818,16.818,0.114,0.039,16.884,16.77
16.813,16.813,0.107,0.036,16.877,16.77
16.809,16.809,0.107,0.032,16.877,16.77
16.822,16.822,0.131,0.037,16.905,16.774
16.826,16.826,0.147,0.04,16.905,16.758
16.826,16.826,0.147,0.042,16.905,16.758
16.814,16.814,0.132,0.04,16.89,16.758
16.81,16.81,0.129,0.039,16.897,16.768
16.811,16.811,0.134,0.039,16.904,16.77
16.824,16.824,0.134,0.043,16.904,16.77
16.831,16.831,0.147,0.045,16.917,16.77
16.832,16.832,0.134,0.044,16.917,16.783
16.824,16.824,0.14,0.044,16.923,16.783
16.812,16.812,0.148,0.039,16.923,16.775
16.806,16.806,0.185,0.043,16.923,16.738
16.804,16.804,0.151,0.044,16.889,16.738
16.807,16.807,0.157,0.047,16.895,16.738
16.81,16.811,0.13,0.046,16.895,16.765
16.813,16.813,0.13,0.046,16.895,16.765
16.811,16.811,0.151,0.046,16.893,16.742
16.819,16.819,0.151,0.048,16.893,16.742
16.809,16.809,0.151,0.043,16.893,16.742
16.818,16.818,0.124,0.043,16.887,16.763
16.806,16.806,0.12,0.036,16.886,16.766
16.807,16.807,0.138,0.041,16.904,16.766
16.798,16.798,0.138,0.032,16.904,16.766
16.797,16.797,0.138,0.033,16.904,16.766
16.792,16.792,0.162,0.031,16.877,16.715
16.788,16.788,0.149,0.029,16.864,16.715
16.789,16.789,0.151,0.032,16.866,16.715
16.798,16.798,0.12,0.034,16.873,16.753
16.8,16.8,0.137,0.036,16.89,16.753
16.797,16.797,0.131,0.033,16.89,16.759
16.803,16.803,0.131,0.034,16.89,16.759
16.81,16.81,0.13,0.037,16.889,16.759
16.819,16.819,0.126,0.038,16.897,16.771
16.818,16.818,0.126,0.038,16.897,16.771
16.814,16.814,0.125,0.037,16.897,16.772
16.81,16.81,0.113,0.033,16.885,16.772
16.812,16.812,0.113,0.036,16.885,16.772
16.82,16.82,0.121,0.038,16.901,16.78
16.822,16.822,0.142,0.042,16.901,16.759
16.821,16.821,0.142,0.045,16.901,16.759
16.813,16.813,0.142,0.04,16.901,16.759
16.824,16.824,0.124,0.044,16.901,16.777
16.818,16.818,0.153,0.044,16.901,16.748
16.829,16.829,0.153,0.05,16.901,16.748
16.832,16.832,0.158,0.05,16.906,16.748
16.839,16.839,0.129,0.046,16.906,16.777
16.83,16.83,0.12,0.043,16.906,16.786
16.816,16.816,0.115,0.035,16.9,16.785
16.812,16.812,0.115,0.032,16.9,16.785
16.811,16.811,0.109,0.03,16.888,16.779
16.821,16.821,0.112,0.038,16.889,16.777
16.832,16.832,0.112,0.04,16.889,16.777
16.83,16.83,0.112,0.04,16.889,16.777
16.831,16.831,0.114,0.039,16.888,16.774
16.833,16.833,0.125,0.044,16.899,16.774
16.837,16.837,0.125,0.044,16.899,16.774
16.824,16.824,0.121,0.041,16.899,16.778
16.814,16.814,0.13,0.036,16.908,16.778
16.812,16.812,0.13,0.036,16.908,16.778
16.822,16.822,0.129,0.042,16.91,16.781
16.827,16.827,0.122,0.041,16.91,16.788
16.828,16.828,0.122,0.041,16.91,16.788
16.821,16.821,0.118,0.039,16.899,16.781
16.819,16.819,0.123,0.039,16.899,16.776
16.821,16.822,0.131,0.041,16.897,16.766
16.827,16.827,0.131,0.043,16.897,16.766
16.822,16.822,0.127,0.04,16.893,16.766
16.825,16.825,0.13,0.04,16.896,16.766
16.816,16.816,0.117,0.035,16.896,16.779
16.825,16.825,0.122,0.04,16.896,16.774
16.831,16.831,0.127,0.045,16.901,16.774
16.849,16.849,0.127,0.043,16.901,16.774
16.842,16.842,0.114,0.043,16.901,16.787
16.827,16.827,0.104,0.038,16.891,16.787
16.83,16.83,0.114,0.039,16.901,16.787
16.839,16.839,0.112,0.039,16.901,16.789
16.845,16.845,0.121,0.041,16.901,16.78
16.826,16.826,0.105,0.038,16.885,16.78
16.818,16.818,0.108,0.036,16.885,16.777
16.816,16.816,0.112,0.034,16.889,16.777
16.824,16.824,0.131,0.039,16.908,16.777
16.831,16.831,0.122,0.04,16.908,16.786
16.844,16.844,0.134,0.043,16.916,16.782
16.848,16.848,0.134,0.042,16.916,16.782
16.848,16.848,0.139,0.043,16.916,16.777
16.838,16.838,0.135,0.041,16.912,16.777
16.837,16.837,0.113,0.04,16.89,16.777
16.835,16.835,0.106,0.038,16.89,16.784
16.838,16.838,0.121,0.042,16.905,16.784
16.847,16.847,0.125,0.045,16.905,16.78
16.847,16.847,0.125,0.047,16.905,16.78
16.851,16.851,0.125,0.042,16.905,16.78
16.838,16.838,0.108,0.04,16.9,16.792
16.839,16.84,0.125,0.041,16.9,16.775
16.833,16.833,0.117,0.042,16.892,16.775
16.832,16.832,0.122,0.042,16.897,16.775
16.828,16.828,0.131,0.041,16.906,16.775
16.829,16.829,0.126,0.041,16.906,16.78
16.836,16.836,0.126,0.041,16.906,16.78
16.839,16.839,0.113,0.038,16.9,16.787
16.83,16.831,0.118,0.035,16.9,16.782
16.826,16.826,0.124,0.034,16.906,16.782
16.82,16.82,0.124,0.033,16.906,16.782
16.829,16.829,0.13,0.041,16.906,16.776
16.842,16.842,0.124,0.045,16.9,16.776
16.843,16.843,0.124,0.044,16.9,16.776
16.844,16.845,0.123,0.044,16.9,16.777
16.837,16.837,0.129,0.044,16.899,16.77
16.841,16.841,0.129,0.042,16.899,16.77
16.828,16.828,0.129,0.042,16.899,16.77
16.818,16.818,0.117,0.036,16.892,16.775
16.813,16.813,0.117,0.035,16.892,16.775
16.826,16.826,0.12,0.038,16.895,16.775
16.835,16.835,0.129,0.04,16.904,16.775
16.839,16.839,0.117,0.04,16.904,16.787
16.838,16.838,0.117,0.041,16.904,16.787
16.838,16.838,0.126,0.042,16.908,16.782
16.835,16.835,0.133,0.041,16.908,16.775
16.826,16.826,0.133,0.039,16.908,16.775
16.824,16.824,0.135,0.039,16.91,16.775
16.83,16.83,0.133,0.043,16.91,16.777
16.827,16.827,0.133,0.041,16.91,16.777
16.827,16.827,0.117,0.039,16.894,16.777
16.832,16.832,0.121,0.037,16.905,16.784
16.846,16.846,0.125,0.041,16.905,16.78
16.851,16.851,0.132,0.043,16.912,16.78
16.844,16.844,0.132,0.046,16.912,16.78
16.837,16.837,0.128,0.043,16.912,16.784
16.832,16.832,0.121,0.04,16.905,16.784
16.834,16.834,0.119,0.038,16.905,16.786
16.837,16.837,0.126,0.039,16.905,16.779
16.832,16.832,0.113,0.037,16.892,16.779
16.832,16.832,0.111,0.038,16.89,16.779
16.826,16.826,0.11,0.039,16.89,16.78
16.829,16.829,0.119,0.04,16.899,16.78
16.836,16.836,0.119,0.041,16.899,16.78
16.839,16.839,0.11,0.036,16.899,16.789
16.842,16.842,0.095,0.031,16.895,16.8
16.83,16.83,0.096,0.029,16.895,16.799
16.836,16.836,0.109,0.037,16.908,16.799
16.834,16.834,0.109,0.039,16.908,16.799
16.838,16.838,0.115,0.039,16.908,16.793
16.843,16.843,0.111,0.038,16.903,16.792
16.846,16.846,0.143,0.042,16.929,16.786
16.849,16.85,0.143,0.042,16.929,16.786
16.847,16.848,0.143,0.043,16.929,16.786
16.854,16.854,0.123,0.041,16.921,16.798
16.857,16.857,0.123,0.041,16.921,16.798
16.853,16.853,0.121,0.039,16.921,16.8
16.838,16.838,0.121,0.041,16.903,16.782
16.834,16.834,0.138,0.043,16.92,16.782
16.839,16.839,0.144,0.043,16.92,16.776
16.848,16.848,0.144,0.039,16.92,16.776
16.845,16.845,0.118,0.035,16.894,16.776
16.85,16.85,0.128,0.039,16.917,16.789
16.844,16.844,0.146,0.045,16.917,16.771
16.855,16.855,0.146,0.045,16.917,16.771
16.845,16.845,0.129,0.042,16.9,16.771
16.851,16.851,0.105,0.038,16.9,16.795
16.844,16.844,0.102,0.038,16.894,16.792
16.84,16.84,0.102,0.038,16.894,16.792
16.836,16.836,0.103,0.037,16.895,16.792
16.828,16.828,0.12,0.036,16.895,16.775
16.827,16.827,0.135,0.041,16.906,16.771
16.824,16.824,0.135,0.041,16.906,16.771
16.837,16.837,0.135,0.041,16.906,16.771
16.837,16.837,0.11,0.036,16.898,16.788
16.833,16.833,0.103,0.033,16.894,16.791
16.826,16.826,0.119,0.034,16.91,16.791
16.829,16.829,0.119,0.036,16.91,16.791
16.841,16.841,0.122,0.041,16.91,16.788
16.84,16.84,0.126,0.042,16.914,16.788
16.83,16.83,0.143,0.043,16.914,16.771
16.816,16.816,0.143,0.033,16.914,16.771
16.817,16.817,0.116,0.031,16.887,16.771
16.823,16.823,0.118,0.036,16.904,16.786
16.822,16.823,0.127,0.038,16.904,16.777
16.821,16.821,0.127,0.037,16.904,16.777
16.821,16.821,0.119,0.036,16.896,16.777
16.831,16.831,0.116,0.039,16.896,16.78
16.829,16.829,0.128,0.04,16.896,16.768
16.831,16.831,0.135,0.041,16.903,16.768
16.827,16.827,0.135,0.041,16.903,16.768
16.829,16.829,0.122,0.039,16.903,16.781
16.817,16.817,0.098,0.033,16.885,16.787
16.813,16.813,0.102,0.027,16.882,16.78
16.818,16.818,0.127,0.034,16.907,16.78
16.823,16.823,0.127,0.035,16.907,16.78
16.819,16.819,0.126,0.034,16.907,16.781
16.809,16.809,0.115,0.024,16.895,16.78
16.81,16.81,0.104,0.026,16.884,16.78
16.811,16.811,0.108,0.029,16.888,16.78
16.812,16.812,0.105,0.029,16.888,16.783
16.815,16.815,0.115,0.033,16.889,16.774
16.824,16.824,0.119,0.037,16.893,16.774
16.825,16.825,0.119,0.039,16.893,16.774
16.823,16.823,0.11,0.037,16.893,16.783
16.812,16.812,0.1,0.031,16.883,16.783
16.806,16.806,0.104,0.027,16.875,16.771
16.807,16.807,0.121,0.031,16.892,16.771
16.81,16.81,0.121,0.035,16.892,16.771
16.813,16.813,0.121,0.037,16.892,16.771
16.823,16.823,0.122,0.043,16.889,16.767
16.822,16.822,0.122,0.043,16.889,16.767
16.819,16.819,0.156,0.047,16.899,16.743
16.806,16.806,0.156,0.036,16.899,16.743
16.803,16.803,0.156,0.034,16.899,16.743
16.8,16.8,0.116,0.027,16.89,16.774
16.796,16.796,0.105,0.024,16.875,16.77
16.801,16.801,0.116,0.026,16.886,16.77
16.809,16.809,0.116,0.03,16.886,16.77
16.812,16.812,0.116,0.033,16.886,16.77
16.802,16.802,0.121,0.036,16.882,16.761
16.797,16.797,0.13,0.034,16.882,16.752
16.794,16.794,0.122,0.031,16.874,16.752
16.799,16.799,0.127,0.034,16.879,16.752
16.804,16.804,0.121,0.036,16.879,16.758
16.804,16.804,0.121,0.035,16.879,16.758
16.822,16.822,0.122,0.043,16.894,16.772
16.82,16.82,0.128,0.043,16.894,16.766
16.818,16.819,0.128,0.043,16.894,16.766
16.799,16.799,0.104,0.028,16.87,16.766
16.799,16.799,0.09,0.026,16.87,16.78
16.799,16.799,0.124,0.027,16.902,16.778
16.804,16.804,0.124,0.033,16.902,16.778
16.803,16.803,0.145,0.037,16.902,16.757
16.801,16.801,0.14,0.037,16.897,16.757
16.805,16.805,0.126,0.041,16.883,16.757
16.806,16.806,0.12,0.038,16.883,16.763
16.802,16.803,0.12,0.036,16.883,16.763
16.8,16.8,0.099,0.03,16.862,16.763
16.796,16.796,0.098,0.029,16.862,16.764
16.794,16.794,0.097,0.028,16.862,16.765
16.795,16.795,0.122,0.035,16.887,16.765
16.799,16.799,0.126,0.04,16.887,16.761
16.806,16.806,0.126,0.042,16.887,16.761
16.804,16.804,0.129,0.038,16.888,16.759
16.807,16.807,0.129,0.036,16.888,16.759
16.806,16.806,0.129,0.038,16.888,16.759
16.806,16.806,0.118,0.036,16.877,16.759
16.806,16.806,0.118,0.037,16.877,16.759
16.807,16.807,0.108,0.038,16.871,16.763
16.803,16.803,0.146,0.039,16.878,16.732
16.799,16.799,0.146,0.039,16.878,16.732
16.794,16.794,0.146,0.035,16.878,16.732
16.794,16.794,0.131,0.035,16.889,16.758
16.788,16.788,0.142,0.03,16.889,16.747
16.795,16.795,0.142,0.037,16.889,16.747
16.794,16.794,0.143,0.038,16.882,16.739
16.798,16.798,0.143,0.038,16.882,16.739
16.793,16.793,0.143,0.032,16.882,16.739
16.788,16.788,0.105,0.023,16.875,16.77
16.792,16.792,0.122,0.031,16.877,16.755
16.795,16.795,0.122,0.031,16.877,16.755
16.799,16.799,0.122,0.036,16.877,16.755
16.794,16.794,0.11,0.03,16.867,16.757
16.8,16.8,0.117,0.039,16.874,16.757
16.804,16.804,0.137,0.04,16.894,16.757
16.804,16.804,0.146,0.042,16.894,16.748
16.796,16.796,0.146,0.038,16.894,16.748
16.797,16.797,0.125,0.039,16.873,16.748
16.793,16.793,0.12,0.037,16.873,16.753
16.79,16.79,0.12,0.034,16.873,16.753
16.794,16.794,0.124,0.038,16.877,16.753
16.806,16.806,0.126,0.043,16.88,16.754
16.805,16.805,0.127,0.044,16.88,16.753
16.795,16.795,0.127,0.039,16.88,16.753
16.787,16.787,0.105,0.033,16.858,16.753
16.786,16.786,0.105,0.032,16.858,16.753
16.784,16.784,0.113,0.03,16.868,16.755
16.787,16.787,0.122,0.036,16.868,16.746
16.791,16.791,0.122,0.039,16.868,16.746
16.796,16.797,0.121,0.042,16.867,16.746
16.795,16.795,0.132,0.04,16.878,16.746
16.797,16.797,0.132,0.039,16.878,16.746
16.787,16.787,0.136,0.035,16.878,16.742
16.787,16.787,0.118,0.034,16.86,16.742
16.774,16.774,0.118,0.027,16.856,16.738
16.777,16.777,0.118,0.032,16.856,16.738
16.771,16.771,0.107,0.026,16.845,16.738
16.783,16.783,0.109,0.036,16.856,16.747
16.778,16.778,0.113,0.034,16.856,16.743
16.782,16.782,0.114,0.036,16.857,16.743
16.784,16.784,0.114,0.035,16.857,16.743
16.788,16.788,0.118,0.037,16.857,16.739
16.789,16.789,0.114,0.039,16.853,16.739
16.784,16.784,0.114,0.036,16.853,16.739
16.787,16.787,0.107,0.038,16.853,16.746
16.784,16.784,0.108,0.036,16.854,16.746
16.775,16.775,0.113,0.032,16.854,16.741
16.776,16.776,0.127,0.035,16.868,16.741
16.782,16.782,0.14,0.04,16.881,16.741
16.791,16.791,0.138,0.041,16.881,16.743
16.79,16.79,0.138,0.038,16.881,16.743
16.779,16.779,0.109,0.034,16.85,16.741
16.771,16.771,0.111,0.035,16.844,16.733
16.77,16.77,0.117,0.037,16.85,16.733
16.774,16.774,0.117,0.039,16.85,16.733
16.787,16.787,0.134,0.046,16.868,16.734
16.787,16.787,0.134,0.048,16.868,16.734
16.79,16.79,0.134,0.047,16.868,16.734
16.786,16.786,0.137,0.044,16.858,16.721
16.798,16.798,0.128,0.04,16.849,16.721
16.794,16.794,0.127,0.041,16.848,16.721
16.788,16.788,0.126,0.041,16.853,16.727
16.777,16.777,0.126,0.039,16.853,16.727
16.773,16.773,0.13,0.038,16.853,16.723
16.767,16.767,0.123,0.036,16.846,16.723
16.771,16.771,0.139,0.042,16.86,16.721
16.773,16.773,0.139,0.045,16.86,16.721
16.784,16.784,0.139,0.046,16.86,16.721
16.782,16.782,0.121,0.043,16.849,16.728
16.781,16.781,0.117,0.041,16.849,16.732
16.771,16.771,0.122,0.038,16.847,16.725
16.76,16.76,0.117,0.029,16.842,16.725
16.757,16.757,0.117,0.024,16.842,16.725
16.763,16.763,0.103,0.03,16.833,16.73
16.765,16.765,0.107,0.032,16.837,16.73
16.768,16.768,0.116,0.035,16.846,16.73
16.769,16.769,0.113,0.033,16.846,16.733
16.775,16.775,0.117,0.038,16.846,16.729
16.78,16.78,0.117,0.04,16.846,16.729
16.777,16.777,0.117,0.04,16.846,16.729
16.779,16.779,0.122,0.038,16.859,16.737
16.777,16.777,0.126,0.036,16.859,16.733
16.783,16.783,0.135,0.042,16.859,16.724
16.788,16.788,0.119,0.045,16.843,16.724
16.794,16.794,0.119,0.043,16.843,16.724
16.793,16.793,0.131,0.042,16.841,16.71
16.782,16.782,0.131,0.038,16.841,16.71
16.767,16.767,0.131,0.04,16.841,16.71
16.759,16.759,0.104,0.035,16.819,16.715
16.751,16.751,0.104,0.032,16.819,16.715
16.75,16.75,0.104,0.034,16.819,16.715
16.747,16.747,0.109,0.029,16.826,16.717
16.753,16.753,0.109,0.034,16.826,16.717
16.761,16.761,0.103,0.036,16.826,16.723
16.765,16.765,0.122,0.041,16.834,16.712
16.767,16.767,0.122,0.043,16.834,16.712
16.768,16.769,0.16,0.048,16.872,16.712
16.768,16.768,0.16,0.046,16.872,16.712
16.767,16.767,0.154,0.046,16.872,16.718
16.762,16.762,0.128,0.04,16.842,16.714
16.763,16.763,0.129,0.043,16.843,16.714
16.757,16.757,0.131,0.042,16.843,16.712
16.76,16.76,0.131,0.044,16.843,16.712
16.76,16.76,0.127,0.042,16.832,16.705
16.763,16.763,0.141,0.045,16.84,16.699
16.768,16.768,0.175,0.049,16.874,16.699
16.771,16.771,0.175,0.049,16.874,16.699
16.775,16.775,0.166,0.045,16.874,16.708
16.771,16.771,0.131,0.039,16.839,16.708
16.769,16.769,0.122,0.041,16.83,16.708
16.76,16.76,0.134,0.042,16.83,16.696
16.753,16.753,0.134,0.04,16.83,16.696
16.75,16.75,0.129,0.036,16.825,16.696
16.755,16.755,0.122,0.035,16.831,16.709
16.761,16.761,0.133,0.038,16.831,16.698
16.766,16.766,0.133,0.039,16.831,16.698
16.758,16.758,0.127,0.043,16.821,16.694
16.75,16.75,0.125,0.041,16.819,16.694
16.746,16.746,0.131,0.039,16.825,16.694
16.752,16.752,0.117,0.036,16.825,16.708
16.759,16.759,0.145,0.04,16.847,16.702
16.764,16.764,0.145,0.044,16.847,16.702
16.768,16.768,0.157,0.046,16.847,16.69
16.772,16.772,0.148,0.042,16.838,16.69
16.771,16.771,0.144,0.04,16.834,16.69
16.771,16.771,0.123,0.038,16.845,16.722
16.773,16.773,0.123,0.039,16.845,16.722
16.771,16.771,0.128,0.04,16.845,16.717
16.774,16.774,0.129,0.041,16.846,16.717
16.771,16.771,0.129,0.039,16.846,16.717
16.767,16.767,0.134,0.035,16.846,16.712
16.768,16.768,0.114,0.028,16.826,16.712
16.766,16.766,0.114,0.024,16.826,16.712
16.763,16.763,0.092,0.021,16.826,16.734
16.762,16.762,0.076,0.02,16.81,16.734
16.765,16.765,0.092,0.023,16.826,16.734
16.765,16.765,0.096,0.023,16.826,16.73
16.754,16.754,0.1,0.021,16.826,16.726
16.75,16.75,0.072,0.017,16.798,16.726
16.749,16.749,0.077,0.02,16.803,16.726
16.755,16.755,0.083,0.022,16.81,16.727
16.75,16.75,0.094,0.024,16.81,16.716
16.748,16.748,0.094,0.022,16.81,16.716
16.741,16.741,0.075,0.015,16.791,16.716
16.743,16.743,0.09,0.016,16.809,16.719
16.748,16.748,0.103,0.025,16.809,16.706
16.749,16.749,0.103,0.027,16.809,16.706
16.745,16.745,0.099,0.026,16.805,16.706
16.739,16.739,0.086,0.016,16.799,16.713
16.735,16.735,0.058,0.012,16.764,16.706
16.738,16.738,0.082,0.018,16.788,16.706
16.744,16.744,0.093,0.024,16.799,16.706
16.745,16.745,0.089,0.023,16.799,16.71
16.744,16.744,0.096,0.024,16.814,16.718
16.741,16.741,0.096,0.022,16.814,16.718
16.744,16.744,0.096,0.025,16.814,16.718
16.742,16.742,0.099,0.022,16.808,16.709
16.739,16.739,0.091,0.02,16.8,16.709
16.737,16.737,0.097,0.021,16.806,16.709
16.74,16.74,0.092,0.019,16.806,16.714
16.746,16.746,0.097,0.027,16.811,16.714
16.756,16.756,0.124,0.03,16.838,16.714
16.755,16.755,0.125,0.03,16.838,16.713
16.752,16.752,0.125,0.03,16.838,16.713
16.746,16.746,0.121,0.024,16.834,16.713
16.75,16.75,0.121,0.026,16.834,16.713
16.75,16.75,0.109,0.024,16.826,16.717
16.75,16.75,0.109,0.028,16.826,16.717
16.75,16.75,0.107,0.026,16.824,16.717
16.751,16.751,0.101,0.023,16.824,16.723
16.751,16.751,0.056,0.015,16.784,16.728
16.755,16.755,0.124,0.022,16.852,16.728
16.758,16.758,0.124,0.025,16.852,16.728
16.757,16.757,0.127,0.028,16.852,16.725
16.76,16.76,0.101,0.03,16.826,16.725
16.757,16.757,0.101,0.026,16.826,16.725
16.756,16.756,0.127,0.028,16.826,16.699
16.75,16.75,0.109,0.023,16.808,16.699
16.759,16.759,0.111,0.029,16.81,16.699
16.76,16.76,0.079,0.025,16.81,16.731
16.757,16.757,0.089,0.025,16.81,16.721
16.754,16.754,0.084,0.022,16.805,16.721
16.76,16.76,0.106,0.029,16.821,16.715
16.76,16.76,0.106,0.03,16.821,16.715
16.758,16.758,0.106,0.033,16.821,16.715
16.747,16.747,0.101,0.028,16.815,16.714
16.753,16.753,0.111,0.03,16.825,16.714
16.752,16.752,0.111,0.027,16.825,16.714
16.764,16.764,0.094,0.029,16.825,16.731
16.768,16.768,0.096,0.029,16.828,16.732
16.773,16.773,0.114,0.031,16.828,16.714
16.774,16.774,0.114,0.035,16.828,16.714
16.77,16.77,0.113,0.036,16.827,16.714
16.768,16.768,0.113,0.039,16.827,16.714
16.765,16.765,0.107,0.034,16.821,16.714
16.77,16.77,0.107,0.034,16.821,16.714
16.77,16.77,0.097,0.033,16.822,16.725
16.776,16.776,0.1,0.036,16.825,16.725
16.777,16.777,0.1,0.035,16.825,16.725
16.779,16.779,0.1,0.032,16.825,16.725
16.778,16.778,0.111,0.032,16.824,16.713
16.775,16.775,0.103,0.032,16.816,16.713
16.778,16.778,0.119,0.035,16.832,16.713
16.774,16.774,0.105,0.033,16.832,16.727
16.772,16.772,0.105,0.032,16.832,16.727
16.765,16.765,0.092,0.029,16.822,16.73
16.767,16.767,0.11,0.033,16.839,16.729
16.771,16.771,0.11,0.033,16.839,16.729
16.768,16.768,0.11,0.032,16.839,16.729
16.776,16.776,0.094,0.03,16.828,16.734
16.771,16.771,0.1,0.032,16.828,16.728
16.781,16.781,0.1,0.029,16.828,16.728
16.774,16.774,0.098,0.031,16.821,16.723
16.771,16.771,0.095,0.03,16.818,16.723
16.766,16.766,0.102,0.031,16.825,16.723
16.767,16.767,0.098,0.03,16.825,16.727
16.771,16.771,0.13,0.033,16.825,16.695
16.768,16.768,0.133,0.032,16.828,16.695
16.766,16.766,0.133,0.029,16.828,16.695
16.775,16.775,0.088,0.028,16.829,16.741
16.773,16.773,0.096,0.027,16.829,16.733
16.776,16.776,0.103,0.032,16.836,16.733
16.776,16.776,0.103,0.033,16.836,16.733
16.783,16.783,0.108,0.033,16.836,16.728
16.781,16.781,0.103,0.033,16.831,16.728
16.779,16.779,0.099,0.032,16.827,16.728
16.779,16.779,0.09,0.034,16.827,16.737
16.779,16.779,0.097,0.031,16.825,16.728
16.781,16.781,0.097,0.031,16.825,16.728
16.781,16.781,0.107,0.028,16.835,16.728
16.786,16.786,0.109,0.032,16.843,16.734
16.782,16.782,0.109,0.034,16.843,16.734
16.777,16.777,0.126,0.04,16.843,16.717
16.774,16.774,0.115,0.037,16.832,16.717
16.771,16.771,0.115,0.033,16.832,16.717
16.78,16.78,0.112,0.035,16.829,16.717
16.786,16.786,0.112,0.036,16.829,16.717
16.795,16.795,0.115,0.038,16.832,16.717
16.784,16.784,0.103,0.038,16.832,16.729
16.779,16.779,0.103,0.036,16.832,16.729
16.769,16.769,0.105,0.034,16.834,16.729
16.773,16.773,0.121,0.036,16.834,16.713
16.777,16.777,0.14,0.042,16.853,16.713
16.781,16.781,0.14,0.045,16.853,16.713
16.785,16.785,0.134,0.045,16.853,16.719
16.783,16.783,0.114,0.041,16.833,16.719
16.784,16.784,0.129,0.036,16.848,16.719
16.785,16.785,0.118,0.039,16.849,16.731
16.789,16.789,0.124,0.042,16.855,16.731
16.78,16.78,0.142,0.045,16.855,16.713
16.78,16.78,0.142,0.042,16.855,16.713
16.772,16.772,0.115,0.037,16.828,16.713
16.78,16.781,0.099,0.037,16.828,16.729
16.778,16.778,0.131,0.038,16.853,16.722
16.771,16.771,0.136,0.039,16.853,16.717
16.768,16.768,0.136,0.038,16.853,16.717
16.766,16.767,0.114,0.038,16.831,16.717
16.773,16.773,0.123,0.041,16.836,16.713
16.778,16.778,0.123,0.043,16.836,16.713
16.773,16.773,0.124,0.044,16.837,16.713
16.781,16.781,0.136,0.046,16.847,16.711
16.775,16.775,0.136,0.046,16.847,16.711
16.785,16.785,0.148,0.046,16.859,16.711
16.769,16.769,0.134,0.041,16.859,16.725
16.77,16.77,0.134,0.039,16.859,16.725
16.761,16.761,0.127,0.033,16.845,16.718
16.771,16.771,0.134,0.04,16.852,16.718
16.771,16.771,0.134,0.041,16.852,16.718
16.78,16.78,0.134,0.045,16.858,16.724
16.78,16.781,0.137,0.044,16.858,16.721
16.79,16.79,0.142,0.047,16.863,16.721
16.792,16.792,0.142,0.043,16.863,16.721
16.803,16.803,0.127,0.042,16.867,16.74
16.799,16.799,0.127,0.04,16.867,16.74
16.807,16.807,0.127,0.04,16.867,16.74
16.804,16.804,0.124,0.04,16.862,16.738
16.808,16.808,0.124,0.042,16.862,16.738
16.797,16.797,0.124,0.044,16.862,16.738
16.783,16.783,0.126,0.042,16.862,16.736
16.786,16.786,0.118,0.043,16.853,16.735
16.793,16.793,0.12,0.045,16.855,16.735
16.805,16.805,0.12,0.045,16.855,16.735
16.798,16.799,0.126,0.045,16.876,16.75
16.789,16.789,0.126,0.043,16.876,16.75
16.792,16.792,0.127,0.042,16.876,16.749
16.789,16.789,0.159,0.045,16.855,16.696
16.793,16.794,0.161,0.044,16.857,16.696
16.795,16.795,0.161,0.043,16.857,16.696
16.804,16.804,0.107,0.037,16.857,16.75
16.801,16.801,0.11,0.039,16.853,16.743
16.802,16.802,0.124,0.041,16.867,16.743
16.805,16.805,0.124,0.041,16.867,16.743
16.807,16.807,0.123,0.043,16.867,16.744
16.805,16.805,0.121,0.043,16.87,16.749
16.813,16.813,0.121,0.046,16.87,16.749
16.809,16.809,0.139,0.043,16.87,16.731
16.804,16.804,0.139,0.042,16.87,16.731
16.781,16.781,0.123,0.035,16.854,16.731
16.786,16.786,0.119,0.037,16.861,16.742
16.78,16.78,0.124,0.041,16.861,16.737
16.783,16.783,0.124,0.043,16.861,16.737
16.78,16.78,0.113,0.042,16.85,16.737
16.783,16.783,0.119,0.04,16.86,16.741
16.788,16.788,0.13,0.039,16.86,16.73
16.786,16.786,0.13,0.038,16.86,16.73
16.791,16.791,0.138,0.04,16.868,16.73
16.787,16.787,0.126,0.04,16.868,16.742
16.787,16.787,0.126,0.043,16.868,16.742
16.795,16.795,0.12,0.043,16.862,16.742
16.806,16.806,0.118,0.042,16.862,16.744
16.809,16.809,0.115,0.039,16.87,16.755
16.801,16.801,0.12,0.038,16.87,16.75
16.795,16.795,0.12,0.039,16.87,16.75
16.795,16.796,0.113,0.039,16.863,16.75
16.795,16.795,0.127,0.044,16.863,16.736
16.794,16.795,0.129,0.046,16.859,16.73
16.806,16.806,0.151,0.049,16.881,16.73
16.813,16.813,0.151,0.047,16.881,16.73
16.825,16.825,0.132,0.04,16.881,16.749
16.822,16.822,0.126,0.041,16.875,16.749
16.814,16.814,0.115,0.04,16.875,16.76
16.807,16.807,0.119,0.04,16.873,16.754
16.794,16.794,0.116,0.035,16.87,16.754
16.808,16.808,0.133,0.041,16.887,16.754
16.801,16.801,0.132,0.039,16.887,16.755
16.81,16.81,0.132,0.042,16.887,16.755
16.803,16.803,0.122,0.039,16.877,16.755
16.808,16.808,0.129,0.042,16.877,16.748
16.813,16.813,0.111,0.041,16.859,16.748
16.812,16.812,0.12,0.042,16.868,16.748
16.813,16.813,0.111,0.039,16.868,16.757
16.807,16.807,0.11,0.038,16.868,16.758
16.815,16.815,0.138,0.04,16.896,16.758
16.814,16.814,0.139,0.044,16.896,16.757
16.82,16.82,0.139,0.045,16.896,16.757
16.812,16.812,0.11,0.043,16.867,16.757
16.811,16.811,0.098,0.038,16.865,16.767
16.81,16.81,0.098,0.038,16.865,16.767
16.803,16.803,0.117,0.039,16.879,16.762
16.804,16.804,0.12,0.04,16.879,16.759
16.798,16.798,0.122,0.038,16.879,16.757
16.807,16.807,0.114,0.04,16.871,16.757
16.805,16.805,0.129,0.04,16.886,16.757
16.815,16.815,0.122,0.041,16.886,16.764
16.817,16.817,0.128,0.041,16.886,16.758
16.826,16.826,0.124,0.042,16.882,16.758
16.808,16.808,0.124,0.043,16.882,16.758
16.803,16.803,0.133,0.041,16.882,16.749
16.8,16.8,0.114,0.04,16.863,16.749
16.812,16.812,0.12,0.044,16.869,16.749
16.812,16.812,0.121,0.045,16.873,16.752
16.812,16.812,0.124,0.044,16.876,16.752
16.821,16.821,0.117,0.043,16.876,16.759
16.818,16.818,0.13,0.044,16.888,16.758
16.825,16.825,0.13,0.045,16.888,16.758
16.82,16.82,0.13,0.045,16.888,16.758
16.826,16.826,0.125,0.042,16.879,16.754
16.821,16.821,0.119,0.042,16.873,16.754
16.818,16.818,0.123,0.043,16.869,16.746
16.822,16.822,0.136,0.043,16.882,16.746
16.826,16.826,0.139,0.044,16.885,16.746
16.83,16.83,0.13,0.041,16.885,16.755
16.836,16.836,0.111,0.039,16.885,16.774
16.838,16.838,0.107,0.037,16.88,16.773
16.845,16.845,0.123,0.037,16.896,16.773
16.835,16.835,0.126,0.041,16.896,16.77
16.832,16.832,0.127,0.043,16.896,16.769
16.83,16.83,0.122,0.043,16.891,16.769
16.832,16.832,0.122,0.041,16.891,16.769
16.827,16.827,0.122,0.042,16.895,16.773
16.83,16.83,0.122,0.043,16.895,16.773
16.84,16.84,0.122,0.043,16.895,16.773
16.84,16.84,0.114,0.042,16.883,16.769
16.835,16.835,0.115,0.042,16.884,16.769
16.822,16.822,0.119,0.039,16.888,16.769
16.829,16.829,0.112,0.041,16.892,16.78
16.832,16.832,0.117,0.042,16.892,16.775
16.833,16.833,0.122,0.045,16.892,16.77
16.825,16.825,0.13,0.045,16.891,16.761
16.829,16.829,0.139,0.047,16.9,16.761
16.844,16.844,0.143,0.047,16.904,16.761
16.85,16.85,0.13,0.044,16.904,16.774
16.848,16.848,0.13,0.043,16.904,16.774
16.838,16.838,0.132,0.044,16.904,16.772
16.847,16.847,0.132,0.042,16.904,16.772
16.842,16.842,0.137,0.046,16.909,16.772
16.854,16.854,0.129,0.043,16.909,16.78
16.845,16.845,0.129,0.045,16.909,16.78
16.856,16.856,0.119,0.039,16.9,16.781
16.854,16.854,0.122,0.04,16.9,16.778
16.859,16.86,0.122,0.035,16.9,16.778
16.857,16.857,0.125,0.035,16.903,16.778
16.854,16.854,0.131,0.039,16.903,16.772
16.851,16.851,0.131,0.043,16.903,16.772
16.839,16.839,0.126,0.047,16.898,16.772
16.845,16.845,0.115,0.043,16.898,16.783
16.842,16.843,0.114,0.041,16.897,16.783
16.847,16.847,0.119,0.039,16.898,16.779
16.837,16.837,0.123,0.043,16.898,16.775
16.838,16.838,0.123,0.044,16.898,16.775
16.835,16.835,0.115,0.042,16.89,16.775
16.828,16.829,0.113,0.04,16.893,16.78
16.834,16.834,0.121,0.044,16.901,16.78
16.834,16.834,0.129,0.048,16.901,16.772
16.843,16.843,0.14,0.05,16.91,16.77
16.838,16.838,0.14,0.047,16.91,16.77
16.842,16.842,0.14,0.044,16.91,16.77
16.837,16.837,0.118,0.042,16.9,16.782
16.842,16.842,0.118,0.046,16.902,16.784
16.85,16.85,0.116,0.045,16.902,16.786
16.846,16.846,0.119,0.044,16.902,16.783
16.848,16.848,0.12,0.042,16.903,16.783
16.843,16.843,0.134,0.045,16.917,16.783
16.838,16.838,0.125,0.042,16.917,16.792
16.826,16.826,0.13,0.038,16.917,16.787
16.826,16.826,0.1,0.035,16.887,16.787
16.838,16.838,0.125,0.041,16.912,16.787
16.848,16.848,0.127,0.039,16.912,16.785
16.84,16.84,0.127,0.039,16.912,16.785
16.84,16.84,0.117,0.038,16.902,16.785
16.835,16.836,0.119,0.04,16.909,16.79
16.846,16.846,0.12,0.043,16.91,16.79
16.835,16.835,0.132,0.044,16.91,16.778
16.837,16.837,0.132,0.043,16.91,16.778
16.824,16.824,0.124,0.04,16.902,16.778
16.836,16.837,0.12,0.042,16.902,16.782
16.838,16.838,0.12,0.044,16.902,16.782
16.842,16.842,0.115,0.043,16.896,16.781
16.837,16.837,0.117,0.043,16.898,16.781
16.828,16.829,0.117,0.04,16.898,16.781
16.829,16.829,0.107,0.037,16.898,16.791
16.831,16.831,0.109,0.039,16.895,16.786
16.833,16.833,0.112,0.04,16.894,16.782
16.826,16.827,0.138,0.042,16.918,16.78
16.819,16.819,0.141,0.04,16.918,16.777
16.824,16.824,0.141,0.044,16.918,16.777
16.826,16.826,0.131,0.043,16.908,16.777
16.828,16.828,0.123,0.04,16.908,16.785
16.827,16.827,0.116,0.036,16.908,16.792
16.835,16.835,0.113,0.039,16.908,16.795
16.832,16.832,0.118,0.04,16.9,16.782
16.836,16.836,0.129,0.043,16.9,16.771
16.834,16.834,0.132,0.045,16.903,16.771
16.846,16.846,0.132,0.046,16.903,16.771
16.84,16.84,0.123,0.045,16.906,16.783
16.839,16.839,0.123,0.041,16.906,16.783
16.83,16.83,0.123,0.039,16.911,16.788
16.828,16.828,0.123,0.04,16.911,16.788
16.837,16.837,0.135,0.047,16.923,16.788
16.837,16.837,0.131,0.045,16.923,16.792
16.844,16.844,0.137,0.045,16.923,16.786
16.83,16.83,0.121,0.037,16.907,16.786
16.837,16.837,0.121,0.04,16.907,16.786
16.821,16.821,0.11,0.032,16.899,16.789
16.823,16.824,0.124,0.035,16.899,16.775
16.828,16.829,0.119,0.037,16.894,16.775
16.841,16.841,0.122,0.039,16.897,16.775
16.85,16.85,0.13,0.039,16.921,16.791
16.842,16.842,0.142,0.042,16.921,16.779
16.844,16.844,0.142,0.043,16.921,16.779
16.835,16.835,0.127,0.042,16.906,16.779
16.831,16.831,0.134,0.041,16.924,16.79
16.828,16.828,0.136,0.037,16.924,16.788
16.828,16.828,0.149,0.037,16.924,16.775
16.825,16.825,0.136,0.034,16.911,16.775
16.827,16.827,0.136,0.042,16.911,16.775
16.836,16.836,0.123,0.044,16.902,16.779
16.846,16.846,0.123,0.045,16.902,16.779
16.842,16.842,0.12,0.043,16.906,16.786
16.825,16.825,0.12,0.039,16.906,16.786
16.817,16.817,0.12,0.033,16.906,16.786
16.817,16.817,0.121,0.03,16.912,16.791
16.825,16.825,0.119,0.032,16.912,16.793
16.82,16.82,0.128,0.031,16.912,16.784
16.822,16.822,0.139,0.035,16.923,16.784
16.832,16.832,0.139,0.041,16.923,16.784
16.836,16.836,0.137,0.041,16.923,16.786
16.837,16.837,0.15,0.044,16.927,16.777
16.831,16.831,0.15,0.041,16.927,16.777
16.829,16.829,0.15,0.042,16.927,16.777
16.82,16.82,0.103,0.029,16.896,16.793
16.813,16.813,0.124,0.025,16.899,16.775
16.817,16.817,0.124,0.028,16.899,16.775
16.818,16.818,0.124,0.029,16.899,16.775
16.823,16.823,0.102,0.029,16.899,16.797
16.82,16.82,0.096,0.023,16.882,16.786
16.825,16.825,0.134,0.031,16.92,16.786
16.825,16.825,0.136,0.033,16.92,16.784
16.822,16.822,0.14,0.036,16.92,16.78
16.824,16.824,0.136,0.038,16.916,16.78
16.828,16.828,0.158,0.042,16.938,16.78
16.835,16.835,0.158,0.041,16.938,16.78
16.827,16.827,0.158,0.04,16.938,16.78
16.823,16.823,0.134,0.031,16.914,16.78
16.823,16.823,0.133,0.03,16.914,16.781
16.827,16.827,0.107,0.026,16.902,16.795
16.83,16.83,0.11,0.033,16.905,16.795
16.83,16.83,0.11,0.036,16.905,16.795
16.827,16.827,0.115,0.037,16.905,16.79
16.821,16.821,0.124,0.035,16.905,16.781
16.817,16.817,0.13,0.034,16.911,16.781
16.816,16.817,0.136,0.036,16.911,16.775
16.816,16.816,0.136,0.034,16.911,16.775
16.816,16.816,0.15,0.036,16.906,16.756
16.814,16.814,0.15,0.036,16.906,16.756
16.81,16.81,0.15,0.032,16.906,16.756
16.809,16.809,0.104,0.022,16.885,16.781
16.814,16.814,0.108,0.026,16.889,16.781
16.823,16.823,0.124,0.034,16.898,16.774
16.827,16.827,0.124,0.038,16.898,16.774
16.828,16.828,0.126,0.038,16.9,16.774
16.821,16.821,0.114,0.031,16.9,16.786
16.823,16.823,0.106,0.031,16.9,16.794
16.819,16.819,0.112,0.025,16.898,16.786
16.82,16.82,0.116,0.03,16.898,16.782
16.813,16.813,0.097,0.025,16.879,16.782
16.807,16.807,0.1,0.026,16.879,16.779
16.807,16.807,0.097,0.028,16.871,16.774
16.812,16.812,0.118,0.036,16.892,16.774
16.817,16.817,0.118,0.038,16.892,16.774
16.821,16.821,0.124,0.039,16.9,16.776
16.822,16.822,0.122,0.037,16.909,16.787
16.835,16.835,0.122,0.042,16.909,16.787
16.826,16.826,0.127,0.041,16.909,16.782
16.825,16.825,0.117,0.039,16.899,16.782
16.806,16.806,0.113,0.024,16.889,16.776
16.807,16.807,0.113,0.024,16.889,16.776
16.803,16.803,0.124,0.02,16.9,16.776
16.811,16.811,0.116,0.029,16.9,16.784
16.817,16.817,0.142,0.04,16.917,16.775
16.814,16.814,0.142,0.037,16.917,16.775
16.812,16.812,0.142,0.037,16.917,16.775
16.808,16.808,0.118,0.027,16.898,16.78
16.809,16.809,0.118,0.027,16.898,16.78
16.803,16.803,0.104,0.018,16.884,16.78
16.806,16.806,0.108,0.023,16.891,16.783
16.818,16.818,0.102,0.035,16.891,16.789
16.819,16.819,0.107,0.035,16.891,16.784
16.818,16.818,0.108,0.036,16.891,16.783
16.81,16.81,0.104,0.027,16.887,16.783
16.818,16.818,0.121,0.033,16.904,16.783
16.815,16.815,0.114,0.027,16.904,16.79
16.818,16.818,0.128,0.033,16.904,16.776
16.809,16.809,0.115,0.027,16.882,16.767
16.812,16.812,0.115,0.033,16.882,16.767
16.81,16.81,0.135,0.032,16.902,16.767
16.815,16.815,0.128,0.034,16.902,16.774
16.823,16.823,0.117,0.037,16.902,16.785
16.826,16.826,0.108,0.039,16.9,16.792
16.826,16.826,0.117,0.039,16.9,16.783
16.822,16.822,0.126,0.038,16.909,16.783
16.83,16.83,0.126,0.041,16.909,16.783
16.829,16.829,0.126,0.042,16.909,16.783
16.828,16.828,0.121,0.043,16.905,16.784
16.814,16.814,0.119,0.035,16.902,16.783
16.817,16.817,0.119,0.037,16.902,16.783
16.815,16.815,0.116,0.036,16.898,16.782
16.822,16.822,0.116,0.04,16.898,16.782
16.82,16.82,0.108,0.04,16.89,16.782
16.821,16.821,0.132,0.041,16.907,16.775
16.813,16.813,0.132,0.038,16.907,16.775
16.813,16.813,0.132,0.035,16.907,16.775
16.819,16.819,0.118,0.037,16.898,16.78
16.815,16.815,0.126,0.036,16.898,16.772
16.817,16.817,0.126,0.04,16.898,16.772
16.82,16.82,0.116,0.04,16.888,16.772
16.823,16.823,0.112,0.039,16.888,16.776
16.818,16.818,0.112,0.035,16.888,16.776
16.811,16.811,0.106,0.027,16.892,16.786
16.825,16.825,0.125,0.039,16.911,16.786
16.826,16.826,0.132,0.04,16.911,16.779
16.821,16.821,0.135,0.039,16.911,16.776
16.811,16.811,0.115,0.031,16.891,16.776
16.812,16.812,0.151,0.039,16.895,16.744
16.813,16.813,0.151,0.04,16.895,16.744
16.812,16.812,0.151,0.041,16.895,16.744
16.809,16.809,0.116,0.036,16.885,16.769
16.814,16.814,0.116,0.038,16.885,16.769
16.815,16.815,0.137,0.036,16.906,16.769
16.826,16.826,0.141,0.041,16.906,16.765
16.821,16.821,0.141,0.039,16.906,16.765
16.817,16.817,0.135,0.035,16.9,16.765
16.81,16.81,0.119,0.023,16.896,16.777
16.811,16.811,0.119,0.023,16.896,16.777
16.813,16.813,0.119,0.031,16.896,16.777
16.815,16.815,0.118,0.033,16.896,16.778
16.818,16.819,0.12,0.037,16.898,16.778
16.818,16.818,0.119,0.034,16.898,16.779
16.813,16.813,0.128,0.033,16.898,16.77
16.82,16.82,0.136,0.035,16.906,16.77
16.822,16.822,0.136,0.04,16.906,16.77
16.829,16.829,0.126,0.04,16.906,16.78
16.823,16.823,0.122,0.038,16.902,16.78
16.822,16.822,0.124,0.036,16.904,16.78
16.811,16.811,0.129,0.031,16.904,16.775
16.802,16.802,0.129,0.023,16.904,16.775
16.803,16.803,0.106,0.023,16.881,16.775
16.808,16.808,0.116,0.029,16.881,16.765
16.819,16.819,0.137,0.041,16.902,16.765
16.816,16.817,0.137,0.039,16.902,16.765
16.822,16.822,0.127,0.041,16.902,16.775
16.817,16.817,0.112,0.03,16.889,16.777
16.819,16.819,0.109,0.034,16.89,16.781
16.816,16.816,0.109,0.033,16.89,16.781
16.814,16.814,0.109,0.034,16.89,16.781
16.815,16.815,0.107,0.03,16.89,16.783
16.81,16.81,0.109,0.026,16.89,16.781
16.811,16.811,0.109,0.025,16.89,16.781
16.814,16.814,0.1,0.029,16.881,16.781
16.813,16.813,0.119,0.032,16.881,16.762
16.811,16.811,0.119,0.03,16.881,16.762
16.812,16.812,0.142,0.029,16.904,16.762
16.813,16.813,0.125,0.029,16.904,16.779
16.81,16.81,0.134,0.031,16.904,16.77
16.803,16.803,0.12,0.028,16.89,16.77
16.797,16.797,0.12,0.022,16.89,16.77
16.801,16.801,0.126,0.028,16.898,16.772
16.803,16.803,0.126,0.026,16.898,16.772
16.807,16.807,0.125,0.024,16.898,16.773
16.822,16.822,0.107,0.03,16.9,16.793
16.828,16.828,0.108,0.035,16.9,16.792
16.832,16.832,0.121,0.039,16.9,16.779
16.821,16.821,0.125,0.039,16.9,16.775
16.814,16.814,0.122,0.031,16.897,16.775
16.816,16.816,0.122,0.027,16.897,16.775
16.812,16.812,0.086,0.018,16.875,16.789
16.808,16.808,0.129,0.025,16.886,16.757
16.812,16.812,0.141,0.034,16.898,16.757
16.817,16.817,0.143,0.043,16.9,16.757
16.829,16.829,0.124,0.043,16.9,16.776
16.828,16.828,0.124,0.042,16.9,16.776
16.829,16.829,0.109,0.036,16.897,16.788
16.818,16.818,0.136,0.034,16.897,16.761
16.81,16.81,0.128,0.025,16.889,16.761
16.804,16.804,0.075,0.015,16.836,16.761
16.802,16.802,0.045,0.012,16.82,16.775
16.805,16.805,0.051,0.013,16.826,16.775
16.809,16.809,0.122,0.025,16.896,16.774
16.811,16.811,0.122,0.026,16.896,16.774
16.811,16.811,0.122,0.026,16.896,16.774
16.812,16.812,0.118,0.026,16.895,16.777
16.823,16.823,0.111,0.033,16.906,16.795
16.833,16.833,0.138,0.042,16.916,16.778
16.826,16.826,0.167,0.045,16.916,16.749
16.812,16.812,0.167,0.047,16.916,16.749
16.806,16.806,0.144,0.043,16.893,16.749
16.806,16.806,0.135,0.038,16.887,16.752
16.811,16.811,0.112,0.032,16.887,16.775
16.808,16.808,0.109,0.028,16.888,16.779
16.814,16.814,0.122,0.032,16.907,16.785
16.819,16.819,0.121,0.036,16.907,16.786
16.829,16.829,0.13,0.042,16.919,16.789
16.831,16.831,0.146,0.042,16.919,16.773
16.826,16.827,0.146,0.04,16.919,16.773
16.814,16.814,0.119,0.029,16.886,16.767
16.81,16.81,0.131,0.026,16.898,16.767
16.81,16.81,0.131,0.027,16.898,16.767
16.813,16.813,0.124,0.029,16.898,16.774
16.815,16.815,0.123,0.032,16.897,16.774
16.822,16.822,0.138,0.038,16.913,16.775
16.831,16.831,0.138,0.042,16.913,16.775
16.83,16.83,0.125,0.04,16.913,16.788
16.822,16.822,0.126,0.036,16.9,16.774
16.822,16.822,0.128,0.037,16.902,16.774
16.82,16.82,0.128,0.036,16.902,16.774
16.826,16.826,0.119,0.039,16.904,16.785
16.815,16.815,0.119,0.03,16.904,16.785
16.817,16.817,0.123,0.033,16.904,16.781
16.813,16.813,0.113,0.025,16.894,16.781
16.808,16.808,0.131,0.028,16.894,16.763
16.806,16.806,0.131,0.029,16.894,16.763
16.803,16.803,0.127,0.029,16.89,16.763
16.804,16.804,0.175,0.031,16.89,16.715
16.801,16.801,0.152,0.027,16.867,16.715
16.794,16.794,0.141,0.022,16.856,16.715
16.794,16.794,0.104,0.019,16.87,16.766
16.793,16.793,0.104,0.019,16.87,16.766
16.808,16.808,0.127,0.036,16.893,16.766
16.812,16.812,0.121,0.037,16.893,16.772
16.821,16.821,0.121,0.042,16.893,16.772
16.818,16.818,0.119,0.042,16.89,16.771
16.828,16.828,0.13,0.045,16.901,16.771
16.821,16.821,0.13,0.043,16.901,16.771
16.811,16.811,0.125,0.037,16.901,16.776
16.799,16.799,0.109,0.024,16.879,16.77
16.796,16.796,0.088,0.019,16.858,16.77
16.803,16.803,0.112,0.024,16.882,16.77
16.8,16.8,0.106,0.019,16.882,16.776
16.814,16.814,0.125,0.036,16.901,16.776
16.813,16.813,0.126,0.038,16.901,16.775
16.815,16.815,0.135,0.04,16.901,16.766
16.811,16.811,0.129,0.035,16.895,16.766
16.814,16.814,0.129,0.039,16.895,16.766
16.816,16.816,0.129,0.04,16.895,16.766
16.809,16.809,0.122,0.037,16.888,16.766
16.804,16.804,0.117,0.033,16.883,16.766
16.81,16.81,0.116,0.034,16.883,16.767
16.816,16.816,0.116,0.035,16.882,16.766
16.815,16.815,0.117,0.034,16.883,16.766
16.811,16.811,0.151,0.037,16.883,16.732
16.808,16.808,0.154,0.037,16.886,16.732
16.803,16.803,0.154,0.035,16.886,16.732
16.804,16.804,0.121,0.035,16.886,16.765
16.802,16.802,0.168,0.038,16.921,16.753
16.814,16.814,0.168,0.042,16.921,16.753
16.809,16.809,0.168,0.039,16.921,16.753
16.814,16.814,0.131,0.04,16.881,16.75
16.804,16.804,0.128,0.039,16.878,16.75
16.803,16.803,0.128,0.042,16.878,16.75
16.795,16.795,0.11,0.031,16.87,16.76
16.806,16.807,0.189,0.045,16.949,16.76
16.82,16.82,0.185,0.047,16.949,16.764
16.824,16.824,0.179,0.048,16.949,16.77
16.811,16.811,0.111,0.038,16.881,16.77
16.8,16.801,0.112,0.029,16.882,16.77
16.795,16.795,0.11,0.021,16.882,16.772
16.805,16.805,0.11,0.031,16.882,16.772
16.803,16.803,0.116,0.031,16.879,16.763
16.814,16.814,0.122,0.039,16.885,16.763
16.811,16.811,0.122,0.037,16.885,16.763
16.813,16.813,0.108,0.033,16.885,16.777
16.813,16.813,0.13,0.034,16.907,16.777
16.815,16.815,0.145,0.041,16.907,16.762
16.812,16.812,0.145,0.042,16.907,16.762
16.802,16.802,0.143,0.039,16.892,16.749
16.79,16.79,0.128,0.028,16.877,16.749
16.79,16.79,0.128,0.032,16.877,16.749
16.786,16.786,0.106,0.024,16.869,16.763
16.789,16.789,0.109,0.027,16.869,16.76
16.789,16.789,0.111,0.03,16.871,16.76
16.798,16.798,0.124,0.038,16.884,16.76
16.804,16.804,0.116,0.04,16.884,16.768
16.807,16.807,0.12,0.042,16.884,16.764
16.8,16.8,0.116,0.039,16.879,16.763
16.795,16.795,0.14,0.041,16.901,16.761
16.795,16.795,0.14,0.037,16.901,16.761
16.802,16.802,0.14,0.041,16.901,16.761
16.801,16.801,0.111,0.034,16.874,16.763
16.8,16.8,0.113,0.032,16.876,16.763
16.807,16.807,0.111,0.035,16.878,16.767
16.81,16.81,0.111,0.037,16.878,16.767
16.802,16.802,0.171,0.041,16.878,16.707
16.788,16.788,0.168,0.032,16.875,16.707
16.787,16.787,0.171,0.032,16.878,16.707
16.804,16.805,0.114,0.038,16.878,16.764
16.814,16.814,0.109,0.041,16.878,16.769
16.812,16.812,0.11,0.039,16.878,16.768
16.81,16.81,0.137,0.043,16.893,16.756
16.801,16.801,0.137,0.039,16.893,16.756
16.794,16.794,0.137,0.039,16.893,16.756
16.782,16.782,0.133,0.026,16.869,16.736
16.782,16.782,0.133,0.029,16.869,16.736
16.791,16.791,0.157,0.041,16.893,16.736
16.791,16.791,0.145,0.037,16.893,16.748
16.793,16.793,0.14,0.039,16.893,16.753
16.789,16.789,0.131,0.034,16.884,16.753
16.805,16.805,0.133,0.044,16.886,16.753
16.807,16.807,0.133,0.041,16.886,16.753
16.807,16.807,0.121,0.037,16.886,16.765
16.805,16.805,0.123,0.035,16.888,16.765
16.801,16.801,0.135,0.04,16.888,16.753
16.804,16.804,0.135,0.039,16.888,16.753
16.798,16.798,0.135,0.039,16.884,16.749
16.804,16.804,0.131,0.042,16.88,16.749
16.803,16.803,0.131,0.045,16.88,16.749
16.8,16.8,0.128,0.041,16.885,16.757
16.796,16.796,0.128,0.034,16.885,16.757
16.798,16.798,0.119,0.033,16.885,16.766
16.798,16.798,0.118,0.028,16.884,16.766
16.799,16.799,0.118,0.028,16.884,16.766
16.802,16.802,0.115,0.03,16.881,16.766
16.807,16.807,0.115,0.035,16.881,16.766
16.805,16.805,0.115,0.035,16.881,16.766
16.8,16.8,0.124,0.031,16.897,16.773
16.799,16.799,0.128,0.033,16.897,16.769
16.8,16.8,0.128,0.033,16.897,16.769
16.808,16.808,0.113,0.037,16.882,16.769
16.811,16.811,0.11,0.035,16.882,16.772
16.814,16.814,0.109,0.036,16.882,16.773
16.809,16.809,0.112,0.034,16.882,16.77
16.815,16.815,0.128,0.04,16.891,16.763
16.809,16.809,0.128,0.038,16.891,16.763
16.809,16.809,0.128,0.04,16.891,16.763
16.797,16.797,0.102,0.029,16.871,16.769
16.798,16.798,0.118,0.033,16.871,16.753
16.79,16.79,0.114,0.025,16.867,16.753
16.786,16.786,0.128,0.028,16.881,16.753
16.794,16.794,0.127,0.037,16.881,16.754
16.806,16.806,0.127,0.04,16.881,16.754
16.815,16.815,0.125,0.04,16.896,16.771
16.809,16.809,0.136,0.038,16.896,16.76
16.803,16.803,0.144,0.041,16.896,16.752
16.798,16.798,0.135,0.038,16.887,16.752
16.794,16.794,0.135,0.034,16.887,16.752
16.793,16.793,0.116,0.031,16.87,16.754
16.797,16.797,0.106,0.032,16.87,16.764
16.801,16.801,0.113,0.036,16.877,16.764
16.8,16.8,0.116,0.035,16.877,16.761
16.795,16.795,0.119,0.032,16.88,16.761
16.798,16.798,0.126,0.032,16.887,16.761
16.803,16.803,0.111,0.033,16.888,16.777
16.818,16.818,0.146,0.043,16.897,16.751
16.813,16.813,0.146,0.041,16.897,16.751
16.814,16.814,0.146,0.042,16.897,16.751
16.806,16.806,0.125,0.035,16.893,16.768
16.816,16.816,0.125,0.042,16.893,16.768
16.815,16.815,0.113,0.044,16.881,16.768
16.813,16.813,0.119,0.042,16.893,16.774
16.808,16.808,0.131,0.04,16.893,16.762
16.794,16.794,0.137,0.037,16.893,16.756
16.793,16.793,0.122,0.038,16.878,16.756
16.789,16.789,0.114,0.033,16.87,16.756
16.802,16.802,0.132,0.038,16.878,16.746
16.8,16.8,0.132,0.034,16.878,16.746
16.8,16.8,0.132,0.037,16.878,16.746
16.803,16.803,0.118,0.035,16.868,16.75
16.801,16.801,0.118,0.035,16.868,16.75
16.805,16.805,0.124,0.036,16.881,16.757
16.811,16.811,0.136,0.042,16.893,16.757
16.812,16.812,0.12,0.04,16.893,16.773
16.818,16.818,0.132,0.044,16.904,16.772
16.806,16.806,0.133,0.039,16.904,16.771
16.807,16.807,0.133,0.039,16.904,16.771
16.805,16.805,0.11,0.035,16.881,16.771
16.805,16.805,0.159,0.042,16.873,16.714
16.804,16.804,0.159,0.043,16.873,16.714
16.798,16.798,0.158,0.038,16.872,16.714
16.795,16.795,0.11,0.029,16.872,16.762
16.798,16.798,0.11,0.026,16.881,16.771
16.799,16.799,0.12,0.029,16.881,16.761
16.802,16.802,0.122,0.029,16.883,16.761
16.794,16.794,0.133,0.033,16.883,16.75
16.8,16.8,0.133,0.037,16.883,16.75
16.796,16.796,0.13,0.038,16.88,16.75
16.809,16.809,0.142,0.042,16.895,16.753
16.814,16.814,0.142,0.046,16.895,16.753
16.821,16.821,0.124,0.044,16.895,16.771
16.825,16.825,0.125,0.044,16.896,16.771
16.822,16.823,0.119,0.041,16.896,16.777
16.827,16.827,0.115,0.041,16.899,16.784
16.826,16.826,0.124,0.043,16.906,16.782
16.83,16.83,0.128,0.046,16.906,16.778
16.825,16.825,0.136,0.047,16.906,16.77
16.809,16.809,0.133,0.043,16.887,16.754
16.807,16.807,0.129,0.04,16.883,16.754
16.807,16.807,0.129,0.04,16.883,16.754
16.817,16.817,0.13,0.044,16.9,16.77
16.809,16.809,0.13,0.038,16.9,16.77
16.813,16.813,0.129,0.04,16.9,16.771
16.812,16.812,0.123,0.038,16.894,16.771
16.824,16.824,0.123,0.04,16.894,16.771
16.813,16.813,0.13,0.039,16.894,16.764
16.813,16.813,0.121,0.039,16.885,16.764
16.805,16.805,0.121,0.037,16.885,16.764
16.807,16.807,0.119,0.037,16.885,16.766
16.81,16.81,0.116,0.037,16.882,16.766
16.818,16.818,0.117,0.042,16.881,16.764
16.825,16.825,0.124,0.042,16.881,16.757
16.822,16.822,0.124,0.042,16.881,16.757
16.814,16.814,0.122,0.038,16.879,16.757
16.808,16.808,0.115,0.036,16.879,16.764
16.803,16.803,0.118,0.031,16.882,16.764
16.809,16.809,0.118,0.038,16.886,16.768
16.823,16.823,0.128,0.044,16.897,16.769
16.83,16.83,0.128,0.045,16.897,16.769
16.832,16.832,0.128,0.044,16.897,16.769
16.829,16.829,0.12,0.042,16.893,16.773
16.821,16.821,0.117,0.037,16.893,16.776
16.815,16.815,0.108,0.035,16.884,16.776
16.801,16.801,0.116,0.028,16.884,16.768
16.805,16.805,0.116,0.034,16.884,16.768
16.813,16.813,0.123,0.042,16.891,16.768
16.82,16.82,0.115,0.041,16.891,16.776
16.817,16.817,0.115,0.04,16.891,16.776
16.809,16.809,0.135,0.033,16.911,16.776
16.819,16.82,0.132,0.039,16.911,16.779
16.828,16.828,0.127,0.042,16.911,16.784
16.828,16.828,0.119,0.042,16.896,16.777
16.819,16.819,0.131,0.043,16.893,16.762
16.82,16.82,0.136,0.041,16.898,16.762
16.817,16.817,0.136,0.039,16.898,16.762
16.814,16.814,0.122,0.035,16.898,16.776
16.818,16.818,0.126,0.039,16.891,16.765
16.82,16.82,0.13,0.038,16.895,16.765
16.83,16.83,0.141,0.04,16.898,16.757
16.826,16.826,0.141,0.036,16.898,16.757
16.832,16.832,0.149,0.04,16.906,16.757
16.825,16.825,0.126,0.038,16.906,16.78
16.817,16.817,0.126,0.038,16.906,16.78
16.81,16.81,0.107,0.031,16.887,16.78
16.807,16.807,0.112,0.032,16.885,16.773
16.808,16.808,0.12,0.035,16.893,16.773
16.809,16.809,0.134,0.039,16.893,16.759
16.818,16.818,0.134,0.039,16.893,16.759
16.832,16.832,0.134,0.042,16.893,16.759
16.829,16.829,0.133,0.041,16.902,16.769
16.832,16.832,0.133,0.044,16.902,16.769
16.819,16.819,0.133,0.04,16.902,16.769
16.818,16.818,0.122,0.038,16.899,16.777
16.816,16.816,0.101,0.031,16.886,16.785
16.82,16.82,0.116,0.036,16.899,16.783
16.828,16.828,0.126,0.04,16.899,16.773
16.825,16.825,0.152,0.045,16.925,16.773
16.828,16.828,0.152,0.046,16.925,16.773
16.822,16.822,0.145,0.043,16.925,16.78
16.828,16.828,0.126,0.04,16.908,16.782
16.825,16.825,0.117,0.036,16.899,16.782
16.824,16.824,0.122,0.038,16.899,16.777
16.826,16.826,0.122,0.041,16.899,16.777
16.824,16.824,0.12,0.04,16.897,16.777
16.825,16.826,0.107,0.036,16.895,16.788
16.814,16.814,0.107,0.028,16.895,16.788
16.822,16.822,0.112,0.034,16.9,16.788
16.823,16.823,0.118,0.035,16.9,16.782
16.832,16.833,0.118,0.036,16.9,16.782
16.819,16.819,0.103,0.028,16.885,16.782
16.824,16.824,0.122,0.033,16.91,16.788
16.834,16.834,0.122,0.042,16.91,16.788
16.846,16.846,0.13,0.045,16.91,16.78
16.847,16.847,0.129,0.044,16.909,16.78
16.826,16.826,0.133,0.04,16.909,16.776
16.82,16.82,0.114,0.035,16.89,16.776
16.815,16.815,0.124,0.033,16.9,16.776
16.825,16.825,0.117,0.038,16.9,16.783
16.816,16.817,0.117,0.035,16.9,16.783
16.827,16.827,0.11,0.04,16.895,16.785
16.822,16.822,0.111,0.038,16.896,16.785
16.83,16.83,0.108,0.037,16.896,16.788
16.826,16.826,0.108,0.034,16.896,16.788
16.832,16.832,0.122,0.038,16.891,16.769
16.834,16.834,0.122,0.037,16.891,16.769
16.826,16.826,0.122,0.035,16.891,16.769
16.817,16.817,0.095,0.024,16.885,16.79
16.824,16.824,0.111,0.034,16.901,16.79
16.829,16.829,0.107,0.035,16.901,16.794
16.83,16.831,0.102,0.034,16.901,16.799
16.832,16.832,0.106,0.031,16.908,16.802
16.836,16.836,0.12,0.036,16.913,16.793
16.844,16.844,0.12,0.038,16.913,16.793
16.834,16.834,0.132,0.041,16.913,16.781
16.828,16.828,0.122,0.037,16.903,16.781
16.831,16.831,0.13,0.041,16.911,16.781
16.848,16.848,0.13,0.046,16.923,16.793
16.852,16.852,0.126,0.045,16.923,16.797
16.847,16.847,0.136,0.044,16.923,16.787
16.84,16.84,0.125,0.041,16.911,16.786
16.843,16.843,0.125,0.041,16.911,16.786
16.841,16.841,0.125,0.04,16.911,16.786
16.842,16.842,0.112,0.037,16.902,16.79
16.829,16.829,0.112,0.033,16.898,16.786
16.831,16.831,0.112,0.037,16.898,16.786
16.823,16.823,0.126,0.034,16.912,16.786
16.832,16.833,0.12,0.039,16.912,16.792
16.831,16.831,0.114,0.035,16.912,16.798
16.841,16.841,0.125,0.04,16.923,16.798
16.842,16.842,0.123,0.04,16.923,16.8
16.848,16.848,0.123,0.04,16.923,16.8
16.832,16.833,0.11,0.035,16.91,16.8
16.836,16.836,0.127,0.039,16.91,16.783
16.834,16.834,0.133,0.043,16.916,16.783
16.833,16.833,0.133,0.043,16.916,16.783
16.833,16.833,0.133,0.045,16.916,16.783
16.837,16.837,0.129,0.04,16.915,16.786
16.845,16.845,0.142,0.042,16.915,16.773
16.84,16.84,0.142,0.041,16.915,16.773
16.843,16.843,0.132,0.043,16.905,16.773
16.843,16.843,0.121,0.042,16.913,16.792
16.839,16.839,0.121,0.035,16.913,16.792
16.826,16.826,0.121,0.029,16.913,16.792
16.823,16.823,0.098,0.023,16.896,16.798
16.823,16.823,0.098,0.026,16.896,16.798
16.824,16.824,0.109,0.029,16.907,16.798
16.829,16.829,0.117,0.033,16.915,16.798
16.847,16.847,0.117,0.042,16.915,16.798
16.853,16.853,0.112,0.039,16.915,16.803
16.855,16.855,0.114,0.041,16.914,16.8
16.832,16.832,0.112,0.035,16.899,16.787
16.828,16.828,0.114,0.034,16.901,16.787
16.829,16.829,0.126,0.033,16.913,16.787
16.832,16.832,0.12,0.035,16.913,16.793
16.838,16.838,0.12,0.036,16.913,16.793
16.835,16.835,0.117,0.034,16.91,16.793
16.847,16.847,0.111,0.036,16.909,16.798
16.844,16.844,0.122,0.039,16.918,16.796
16.847,16.847,0.122,0.038,16.918,16.796
16.845,16.845,0.122,0.037,16.918,16.796
16.847,16.847,0.11,0.038,16.906,16.796
16.843,16.843,0.112,0.04,16.902,16.79
16.837,16.837,0.118,0.038,16.908,16.79
16.831,16.831,0.118,0.031,16.908,16.79
16.838,16.838,0.124,0.037,16.917,16.793
16.837,16.837,0.125,0.036,16.917,16.792
16.849,16.849,0.129,0.042,16.921,16.792
16.843,16.843,0.129,0.038,16.921,16.792
16.848,16.848,0.123,0.035,16.921,16.798
16.843,16.843,0.11,0.032,16.908,16.798
16.842,16.842,0.105,0.032,16.909,16.804
16.85,16.85,0.109,0.038,16.913,16.804
16.843,16.844,0.107,0.037,16.913,16.806
16.845,16.845,0.119,0.038,16.913,16.794
16.835,16.835,0.103,0.03,16.897,16.794
16.843,16.843,0.128,0.032,16.922,16.794
16.842,16.842,0.124,0.029,16.922,16.798
16.842,16.842,0.124,0.028,16.922,16.798
16.846,16.846,0.105,0.031,16.903,16.798
16.844,16.844,0.095,0.031,16.903,16.808
16.85,16.85,0.095,0.034,16.903,16.808
16.843,16.843,0.105,0.035,16.909,16.804
16.845,16.845,0.117,0.037,16.909,16.792
16.842,16.842,0.117,0.037,16.909,16.792
16.85,16.85,0.119,0.035,16.911,16.792
16.852,16.852,0.108,0.035,16.911,16.803
16.848,16.848,0.112,0.034,16.915,16.803
16.844,16.844,0.112,0.032,16.915,16.803
16.845,16.845,0.12,0.031,16.915,16.795
16.848,16.848,0.109,0.031,16.904,16.795
16.847,16.847,0.109,0.033,16.904,16.795
16.843,16.843,0.105,0.035,16.904,16.799
16.842,16.842,0.104,0.035,16.903,16.799
16.832,16.832,0.115,0.032,16.903,16.788
16.836,16.836,0.098,0.031,16.886,16.788
16.84,16.84,0.112,0.033,16.9,16.788
16.848,16.848,0.099,0.032,16.9,16.801
16.85,16.85,0.097,0.033,16.9,16.803
16.845,16.845,0.091,0.031,16.882,16.791
16.848,16.848,0.093,0.032,16.884,16.791
16.842,16.843,0.093,0.031,16.884,16.791
16.839,16.839,0.081,0.03,16.888,16.807
16.836,16.836,0.081,0.028,16.888,16.807
16.831,16.831,0.097,0.027,16.888,16.791
16.832,16.832,0.137,0.034,16.928,16.791
16.829,16.829,0.144,0.035,16.928,16.784
16.838,16.838,0.144,0.038,16.928,16.784
16.843,16.843,0.113,0.036,16.897,16.784
16.847,16.847,0.104,0.035,16.897,16.793
16.842,16.842,0.104,0.034,16.897,16.793
16.827,16.827,0.111,0.031,16.893,16.782
16.826,16.826,0.135,0.033,16.917,16.782
16.824,16.824,0.135,0.031,16.917,16.782
16.829,16.829,0.123,0.03,16.917,16.794
16.824,16.824,0.087,0.025,16.881,16.794
16.825,16.825,0.085,0.025,16.879,16.794
16.821,16.821,0.082,0.024,16.873,16.791
16.833,16.833,0.099,0.033,16.89,16.791
16.826,16.826,0.1,0.034,16.89,16.79
16.831,16.831,0.1,0.033,16.89,16.79
16.817,16.817,0.109,0.023,16.894,16.785
16.819,16.819,0.109,0.026,16.894,16.785
16.818,16.818,0.109,0.025,16.894,16.785
16.823,16.823,0.103,0.026,16.89,16.787
16.827,16.827,0.116,0.031,16.898,16.782
16.832,16.832,0.116,0.035,16.898,16.782
16.827,16.827,0.116,0.034,16.898,16.782
16.822,16.822,0.095,0.028,16.879,16.784
16.822,16.822,0.098,0.029,16.882,16.784
16.827,16.827,0.116,0.033,16.898,16.782
16.834,16.834,0.118,0.036,16.898,16.78
16.826,16.826,0.123,0.036,16.898,16.775
16.82,16.82,0.119,0.031,16.894,16.775
16.813,16.813,0.134,0.029,16.909,16.775
16.814,16.814,0.123,0.024,16.909,16.786
16.815,16.815,0.123,0.023,16.909,16.786
16.822,16.823,0.121,0.027,16.914,16.793
16.82,16.82,0.132,0.031,16.914,16.782
16.829,16.829,0.139,0.04,16.914,16.775
16.819,16.819,0.117,0.035,16.892,16.775
16.825,16.825,0.123,0.039,16.898,16.775
16.817,16.817,0.122,0.032,16.902,16.78
16.823,16.823,0.131,0.039,16.911,16.78
16.817,16.817,0.136,0.035,16.911,16.775
16.817,16.817,0.136,0.035,16.911,16.775
16.819,16.819,0.126,0.033,16.901,16.775
16.821,16.821,0.123,0.036,16.908,16.785
16.827,16.827,0.129,0.041,16.908,16.779
16.818,16.818,0.129,0.036,16.908,16.779
16.817,16.817,0.138,0.036,16.917,16.779
16.813,16.813,0.136,0.031,16.917,16.781
16.819,16.819,0.136,0.034,16.917,16.781
16.826,16.826,0.113,0.037,16.907,16.794
16.823,16.823,0.117,0.034,16.907,16.79
16.824,16.824,0.125,0.035,16.907,16.782
16.818,16.818,0.125,0.033,16.896,16.771
16.827,16.827,0.132,0.042,16.903,16.771
16.821,16.821,0.132,0.041,16.903,16.771
16.815,16.815,0.121,0.034,16.903,16.782
16.808,16.808,0.104,0.019,16.892,16.788
16.817,16.817,0.113,0.028,16.903,16.79
16.824,16.824,0.12,0.034,16.903,16.783
16.823,16.823,0.12,0.033,16.903,16.783
16.826,16.826,0.118,0.035,16.901,16.783
16.83,16.83,0.108,0.035,16.901,16.793
16.831,16.831,0.116,0.037,16.907,16.791
16.825,16.825,0.116,0.035,16.907,16.791
16.817,16.817,0.128,0.032,16.907,16.779
16.819,16.819,0.131,0.036,16.91,16.779
16.815,16.815,0.131,0.034,16.91,16.779
16.811,16.811,0.131,0.033,16.91,16.779
16.814,16.814,0.103,0.033,16.882,16.779
16.82,16.82,0.108,0.037,16.886,16.778
16.834,16.834,0.122,0.043,16.9,16.778
16.83,16.83,0.13,0.045,16.908,16.778
16.826,16.826,0.127,0.043,16.908,16.781
16.81,16.81,0.136,0.034,16.908,16.772
16.817,16.817,0.12,0.037,16.892,16.772
16.812,16.812,0.12,0.035,16.892,16.772
16.816,16.816,0.112,0.031,16.892,16.78
16.804,16.804,0.055,0.012,16.835,16.78
16.805,16.805,0.047,0.012,16.835,16.788
16.802,16.802,0.104,0.018,16.875,16.771
16.808,16.808,0.108,0.029,16.879,16.771
16.807,16.807,0.108,0.03,16.879,16.771
16.809,16.809,0.123,0.03,16.896,16.773
16.802,16.802,0.133,0.026,16.896,16.763
16.804,16.804,0.133,0.031,16.896,16.763
16.8,16.801,0.126,0.032,16.886,16.76
16.806,16.806,0.126,0.03,16.886,16.76
16.813,16.813,0.136,0.036,16.896,16.76
16.812,16.813,0.116,0.031,16.896,16.78
16.808,16.808,0.115,0.031,16.896,16.781
16.807,16.807,0.118,0.03,16.899,16.781
16.807,16.807,0.119,0.033,16.899,16.78
16.808,16.808,0.132,0.035,16.899,16.767
16.801,16.801,0.12,0.024,16.887,16.767
16.798,16.798,0.12,0.022,16.887,16.767
16.801,16.801,0.119,0.021,16.887,16.768
16.8,16.8,0.119,0.022,16.887,16.768
16.808,16.808,0.112,0.027,16.887,16.775
16.808,16.808,0.117,0.028,16.896,16.779
16.806,16.806,0.128,0.029,16.896,16.768
16.796,16.796,0.128,0.023,16.896,16.768
16.796,16.796,0.118,0.022,16.886,16.768
16.795,16.795,0.112,0.024,16.886,16.774
16.795,16.795,0.124,0.025,16.886,16.762
16.791,16.791,0.105,0.018,16.867,16.762
16.786,16.786,0.047,0.013,16.809,16.762
16.789,16.789,0.131,0.023,16.885,16.754
16.793,16.793,0.148,0.035,16.902,16.754
16.802,16.802,0.148,0.035,16.902,16.754
16.797,16.797,0.167,0.035,16.902,16.735
16.789,16.789,0.111,0.025,16.846,16.735
16.789,16.789,0.141,0.03,16.876,16.735
16.791,16.791,0.111,0.025,16.876,16.765
16.793,16.793,0.111,0.027,16.876,16.765
16.786,16.786,0.079,0.015,16.844,16.765
16.794,16.794,0.122,0.026,16.888,16.766
16.795,16.795,0.117,0.024,16.888,16.771
16.801,16.801,0.123,0.035,16.894,16.771
16.798,16.798,0.145,0.033,16.894,16.749
16.793,16.793,0.145,0.035,16.894,16.749
16.784,16.784,0.134,0.022,16.883,16.749
16.78,16.78,0.108,0.024,16.866,16.758
16.783,16.783,0.125,0.032,16.866,16.741
16.783,16.783,0.125,0.033,16.866,16.741
16.783,16.783,0.114,0.028,16.855,16.741
16.782,16.782,0.101,0.023,16.847,16.746
16.787,16.787,0.124,0.026,16.874,16.75
16.793,16.793,0.124,0.031,16.874,16.75
16.789,16.789,0.145,0.031,16.874,16.729
16.783,16.783,0.131,0.027,16.86,16.729
16.777,16.777,0.139,0.026,16.868,16.729
16.785,16.785,0.137,0.035,16.875,16.738
16.788,16.788,0.137,0.038,16.875,16.738
16.789,16.789,0.137,0.035,16.875,16.738
16.786,16.786,0.111,0.026,16.87,16.759
16.786,16.786,0.093,0.024,16.848,16.755
16.79,16.79,0.107,0.025,16.862,16.755
16.793,16.793,0.136,0.033,16.891,16.755
16.789,16.789,0.136,0.034,16.891,16.755
16.789,16.789,0.136,0.036,16.891,16.755
16.784,16.784,0.098,0.029,16.853,16.755
16.782,16.782,0.096,0.026,16.853,16.757
16.777,16.777,0.117,0.021,16.868,16.751
16.777,16.777,0.117,0.02,16.868,16.751
16.784,16.784,0.133,0.033,16.884,16.751
16.784,16.784,0.131,0.031,16.884,16.753
16.782,16.782,0.133,0.032,16.884,16.751
16.785,16.785,0.145,0.034,16.896,16.751
16.79,16.79,0.145,0.037,16.896,16.751
16.793,16.793,0.148,0.041,16.896,16.748
16.786,16.786,0.144,0.038,16.872,16.728
16.784,16.784,0.153,0.037,16.881,16.728
16.783,16.783,0.153,0.033,16.881,16.728
16.783,16.783,0.133,0.03,16.881,16.748
16.789,16.789,0.126,0.035,16.874,16.748
16.788,16.788,0.131,0.038,16.874,16.743
16.788,16.788,0.138,0.04,16.874,16.736
16.777,16.777,0.118,0.034,16.854,16.736
16.773,16.773,0.118,0.029,16.854,16.736
16.775,16.775,0.114,0.029,16.854,16.74
16.784,16.784,0.114,0.035,16.863,16.749
16.789,16.789,0.157,0.038,16.863,16.706
16.788,16.788,0.157,0.036,16.863,16.706
16.786,16.786,0.18,0.033,16.886,16.706
16.79,16.79,0.13,0.036,16.886,16.756
16.786,16.786,0.13,0.033,16.886,16.756
16.782,16.782,0.126,0.03,16.882,16.756
16.778,16.778,0.122,0.027,16.87,16.748
16.784,16.784,0.123,0.036,16.87,16.747
16.78,16.78,0.123,0.034,16.87,16.747
16.778,16.778,0.113,0.03,16.86,16.747
16.783,16.783,0.121,0.031,16.868,16.747
16.789,16.789,0.117,0.037,16.868,16.751
16.792,16.792,0.114,0.036,16.868,16.754
16.784,16.784,0.109,0.03,16.862,16.753
16.781,16.781,0.108,0.029,16.859,16.751
16.777,16.777,0.108,0.029,16.859,16.751
16.78,16.78,0.11,0.034,16.859,16.749
16.773,16.773,0.101,0.029,16.849,16.748
16.771,16.771,0.13,0.033,16.856,16.726
16.765,16.765,0.13,0.029,16.856,16.726
16.772,16.772,0.13,0.034,16.856,16.726
16.777,16.778,0.103,0.036,16.843,16.74
16.776,16.776,0.114,0.036,16.843,16.729
16.774,16.774,0.12,0.036,16.849,16.729
16.768,16.769,0.128,0.033,16.857,16.729
16.768,16.768,0.125,0.028,16.857,16.732
16.769,16.769,0.125,0.031,16.857,16.732
16.766,16.766,0.116,0.031,16.839,16.723
16.77,16.77,0.131,0.037,16.854,16.723
16.769,16.769,0.131,0.035,16.854,16.723
16.775,16.775,0.132,0.035,16.854,16.722
16.772,16.772,0.127,0.033,16.849,16.722
16.772,16.772,0.129,0.035,16.851,16.722
16.766,16.766,0.119,0.033,16.851,16.732
16.76,16.76,0.12,0.032,16.851,16.731
16.757,16.757,0.122,0.031,16.853,16.731
16.768,16.768,0.129,0.042,16.853,16.724
16.771,16.771,0.135,0.043,16.853,16.718
16.769,16.769,0.127,0.039,16.845,16.718
16.755,16.755,0.123,0.025,16.84,16.717
16.754,16.754,0.113,0.021,16.83,16.717
16.748,16.748,0.117,0.021,16.83,16.713
16.748,16.748,0.117,0.021,16.83,16.713
16.753,16.753,0.147,0.033,16.837,16.69
16.757,16.757,0.147,0.032,16.837,16.69
16.761,16.761,0.147,0.037,16.837,16.69
16.754,16.754,0.109,0.028,16.837,16.728
16.767,16.767,0.112,0.04,16.84,16.728
16.763,16.763,0.119,0.04,16.84,16.721
16.769,16.769,0.124,0.04,16.84,16.716
16.764,16.764,0.152,0.04,16.868,16.716
16.764,16.764,0.152,0.038,16.868,16.716
16.762,16.763,0.142,0.04,16.868,16.726
16.751,16.751,0.097,0.028,16.825,16.728
16.757,16.757,0.108,0.032,16.836,16.728
16.758,16.758,0.111,0.032,16.836,16.725
16.765,16.765,0.115,0.034,16.84,16.725
16.764,16.764,0.115,0.027,16.84,16.725
16.761,16.761,0.112,0.02,16.84,16.728
16.763,16.763,0.086,0.017,16.81,16.724
16.767,16.767,0.114,0.024,16.836,16.722
16.764,16.764,0.12,0.026,16.836,16.716
16.764,16.764,0.12,0.023,16.836,16.716
16.754,16.754,0.094,0.024,16.783,16.689
16.757,16.757,0.094,0.022,16.783,16.689
16.75,16.75,0.091,0.019,16.78,16.689
16.75,16.75,0.035,0.009,16.765,16.73
16.749,16.749,0.036,0.009,16.766,16.73
16.743,16.743,0.098,0.025,16.77,16.672
16.746,16.746,0.101,0.027,16.773,16.672
16.747,16.747,0.102,0.029,16.774,16.672
16.759,16.759,0.083,0.017,16.782,16.699
16.763,16.763,0.083,0.016,16.782,16.699
16.76,16.76,0.1,0.02,16.782,16.682
16.752,16.752,0.118,0.025,16.78,16.662
16.75,16.75,0.121,0.025,16.783,16.662
16.752,16.753,0.124,0.024,16.786,16.662
16.74,16.74,0.135,0.038,16.786,16.651
16.731,16.731,0.135,0.041,16.786,16.651
16.731,16.731,0.122,0.042,16.773,16.651
16.746,16.746,0.102,0.03,16.775,16.673
16.755,16.755,0.096,0.02,16.775,16.679
16.753,16.753,0.123,0.023,16.775,16.652
16.752,16.752,0.149,0.031,16.801,16.652
16.735,16.735,0.149,0.043,16.801,16.652
16.739,16.739,0.138,0.04,16.801,16.663
16.735,16.735,0.113,0.036,16.776,16.663
16.749,16.749,0.112,0.022,16.776,16.664
16.749,16.749,0.125,0.023,16.789,16.664
16.758,16.758,0.057,0.013,16.789,16.732
16.76,16.76,0.058,0.014,16.789,16.731
16.76,16.76,0.094,0.018,16.78,16.686
16.754,16.754,0.102,0.03,16.783,16.681
16.752,16.752,0.102,0.031,16.783,16.681
16.745,16.745,0.112,0.033,16.783,16.671
16.747,16.747,0.123,0.025,16.794,16.671
16.748,16.748,0.123,0.024,16.794,16.671
16.753,16.753,0.121,0.022,16.794,16.673
16.754,16.754,0.121,0.02,16.794,16.673
16.751,16.751,0.104,0.018,16.777,16.673
16.748,16.748,0.042,0.009,16.775,16.733
16.746,16.746,0.053,0.01,16.769,16.716
16.744,16.744,0.087,0.016,16.766,16.679
16.744,16.744,0.087,0.018,16.766,16.679
16.738,16.738,0.091,0.021,16.766,16.675
16.735,16.735,0.113,0.024,16.763,16.65
16.735,16.735,0.113,0.024,16.763,16.65
16.737,16.737,0.113,0.022,16.763,16.65
16.741,16.741,0.055,0.015,16.767,16.712
16.74,16.74,0.05,0.013,16.767,16.717
16.74,16.74,0.051,0.012,16.767,16.716
16.742,16.742,0.05,0.012,16.766,16.716
16.746,16.746,0.057,0.014,16.766,16.709
16.746,16.746,0.096,0.02,16.766,16.67
16.747,16.747,0.105,0.02,16.775,16.67
16.749,16.75,0.106,0.02,16.776,16.67
16.758,16.758,0.04,0.011,16.776,16.736
16.76,16.76,0.051,0.012,16.787,16.736
16.759,16.759,0.057,0.012,16.787,16.73
16.755,16.755,0.062,0.013,16.787,16.725
16.75,16.75,0.044,0.013,16.766,16.722
16.745,16.745,0.044,0.013,16.766,16.722
16.741,16.741,0.039,0.012,16.761,16.722
16.742,16.742,0.054,0.013,16.776,16.722
16.745,16.745,0.063,0.014,16.785,16.722
16.75,16.75,0.055,0.013,16.785,16.73
16.748,16.748,0.059,0.013,16.785,16.726
16.744,16.744,0.05,0.013,16.768,16.718
16.743,16.743,0.043,0.012,16.761,16.718
16.748,16.748,0.056,0.013,16.774,16.718
16.752,16.752,0.039,0.009,16.774,16.735
16.749,16.749,0.052,0.01,16.774,16.722
16.746,16.746,0.038,0.01,16.758,16.72
16.75,16.75,0.06,0.014,16.78,16.72
16.752,16.752,0.06,0.013,16.78,16.72
16.758,16.758,0.047,0.012,16.78,16.733
16.755,16.755,0.089,0.018,16.814,16.725
16.755,16.755,0.089,0.018,16.814,16.725
16.758,16.758,0.12,0.028,16.845,16.725
16.757,16.757,0.123,0.026,16.845,16.722
16.757,16.757,0.123,0.027,16.845,16.722
16.753,16.753,0.101,0.02,16.821,16.72
16.748,16.748,0.139,0.023,16.821,16.682
16.752,16.752,0.139,0.023,16.821,16.682
16.753,16.753,0.157,0.026,16.839,16.682
16.76,16.76,0.116,0.021,16.839,16.723
16.769,16.769,0.129,0.029,16.852,16.723
16.772,16.772,0.116,0.03,16.852,16.736
16.777,16.777,0.105,0.031,16.852,16.747
16.773,16.773,0.128,0.035,16.857,16.729
16.779,16.779,0.128,0.038,16.857,16.729
16.776,16.776,0.128,0.038,16.857,16.729
16.775,16.775,0.12,0.035,16.847,16.727
16.768,16.769,0.108,0.034,16.835,16.727
16.778,16.778,0.12,0.04,16.847,16.727
16.776,16.776,0.132,0.041,16.847,16.715
16.784,16.784,0.135,0.043,16.85,16.715
16.781,16.781,0.137,0.04,16.852,16.715
16.78,16.78,0.114,0.037,16.852,16.738
16.772,16.772,0.118,0.033,16.856,16.738
16.762,16.762,0.161,0.032,16.856,16.695
16.767,16.767,0.161,0.034,16.856,16.695
16.767,16.767,0.155,0.035,16.85,16.695
16.783,16.783,0.126,0.038,16.857,16.731
16.788,16.789,0.118,0.039,16.857,16.739
16.791,16.791,0.111,0.036,16.857,16.746
16.785,16.785,0.144,0.037,16.878,16.734
16.787,16.787,0.144,0.039,16.878,16.734
16.785,16.785,0.144,0.041,16.878,16.734
16.786,16.786,0.118,0.038,16.857,16.739
16.787,16.787,0.115,0.037,16.857,16.742
16.784,16.784,0.119,0.037,16.857,16.738
16.788,16.788,0.124,0.036,16.862,16.738
16.785,16.785,0.124,0.034,16.862,16.738
16.788,16.788,0.109,0.031,16.862,16.753
16.786,16.786,0.082,0.028,16.84,16.758
16.789,16.789,0.12,0.03,16.852,16.732
16.789,16.789,0.12,0.031,16.852,16.732
16.785,16.785,0.12,0.031,16.852,16.732
16.78,16.78,0.116,0.03,16.848,16.732
16.781,16.781,0.116,0.033,16.848,16.732
16.791,16.791,0.114,0.035,16.846,16.732
16.803,16.803,0.109,0.033,16.856,16.747
16.807,16.808,0.115,0.034,16.864,16.749
16.804,16.804,0.115,0.033,16.864,16.749
16.798,16.798,0.116,0.037,16.864,16.748
16.79,16.791,0.13,0.036,16.863,16.733
16.784,16.784,0.13,0.036,16.863,16.733
16.779,16.779,0.118,0.034,16.851,16.733
16.779,16.779,0.104,0.029,16.851,16.747
16.781,16.781,0.1,0.03,16.851,16.751
16.78,16.78,0.108,0.03,16.853,16.745
16.786,16.786,0.108,0.033,16.853,16.745
16.789,16.789,0.108,0.033,16.853,16.745
16.795,16.795,0.086,0.028,16.839,16.753
16.793,16.793,0.082,0.025,16.839,16.757
16.794,16.794,0.079,0.025,16.839,16.76
16.796,16.796,0.103,0.031,16.848,16.745
16.79,16.79,0.104,0.035,16.849,16.745
16.787,16.787,0.104,0.038,16.849,16.745
16.785,16.785,0.103,0.034,16.849,16.746
16.795,16.795,0.094,0.034,16.84,16.746
16.799,16.799,0.098,0.034,16.848,16.75
16.797,16.797,0.095,0.03,16.848,16.753
16.791,16.791,0.095,0.026,16.848,16.753
16.786,16.786,0.114,0.021,16.845,16.731
16.79,16.79,0.114,0.025,16.845,16.731
16.791,16.791,0.114,0.028,16.845,16.731
16.794,16.794,0.121,0.031,16.852,16.731
16.791,16.791,0.121,0.032,16.852,16.731
16.792,16.792,0.121,0.032,16.852,16.731
16.793,16.793,0.13,0.033,16.863,16.733
16.797,16.797,0.13,0.036,16.863,16.733
16.796,16.796,0.13,0.035,16.863,16.733
16.802,16.802,0.105,0.033,16.859,16.754
16.801,16.801,0.106,0.031,16.859,16.753
16.808,16.808,0.145,0.037,16.893,16.748
16.802,16.802,0.145,0.037,16.893,16.748
16.805,16.805,0.145,0.04,16.893,16.748
16.794,16.794,0.12,0.039,16.869,16.749
16.789,16.789,0.128,0.038,16.869,16.741
16.78,16.78,0.128,0.031,16.869,16.741
16.786,16.786,0.122,0.033,16.863,16.741
16.788,16.788,0.123,0.036,16.863,16.74
16.793,16.794,0.129,0.041,16.869,16.74
16.797,16.797,0.158,0.042,16.898,16.74
16.806,16.806,0.152,0.045,16.898,16.746
16.81,16.81,0.15,0.044,16.898,16.748
16.81,16.81,0.129,0.046,16.877,16.748
16.813,16.813,0.132,0.043,16.877,16.745
16.804,16.804,0.121,0.042,16.866,16.745
16.795,16.795,0.111,0.037,16.854,16.743
16.786,16.786,0.126,0.036,16.869,16.743
16.788,16.788,0.126,0.04,16.869,16.743
16.805,16.805,0.122,0.046,16.87,16.748
16.806,16.806,0.122,0.044,16.87,16.748
16.812,16.812,0.117,0.043,16.873,16.756
16.803,16.803,0.127,0.044,16.877,16.75
16.804,16.804,0.133,0.047,16.881,16.748
16.807,16.807,0.142,0.048,16.881,16.739
16.814,16.814,0.142,0.047,16.881,16.739
16.816,16.816,0.126,0.045,16.865,16.739
16.82,16.82,0.131,0.043,16.873,16.742
16.813,16.813,0.153,0.047,16.895,16.742
16.806,16.806,0.143,0.043,16.895,16.752
16.806,16.806,0.143,0.046,16.895,16.752
16.796,16.796,0.136,0.041,16.892,16.756
16.801,16.801,0.136,0.043,16.892,16.756
16.803,16.803,0.125,0.041,16.881,16.756
16.805,16.805,0.138,0.043,16.881,16.743
16.802,16.802,0.138,0.044,16.881,16.743
16.792,16.792,0.122,0.038,16.865,16.743
16.798,16.799,0.11,0.037,16.866,16.756
16.8,16.8,0.119,0.036,16.873,16.754
16.801,16.801,0.119,0.036,16.873,16.754
16.802,16.802,0.123,0.038,16.873,16.75
16.808,16.808,0.123,0.04,16.873,16.75
16.797,16.797,0.128,0.041,16.873,16.745
16.794,16.794,0.118,0.039,16.863,16.745
16.787,16.787,0.109,0.037,16.851,16.742
16.795,16.795,0.11,0.039,16.852,16.742
16.791,16.791,0.11,0.039,16.852,16.742
16.791,16.791,0.117,0.034,16.864,16.747
16.793,16.793,0.123,0.034,16.87,16.747
16.794,16.794,0.138,0.033,16.87,16.732
16.797,16.797,0.172,0.042,16.904,16.732
16.796,16.796,0.172,0.043,16.904,16.732
16.809,16.809,0.161,0.046,16.904,16.743
16.803,16.803,0.126,0.042,16.877,16.751
16.805,16.805,0.135,0.041,16.886,16.751
16.796,16.796,0.135,0.038,16.886,16.751
16.814,16.814,0.139,0.046,16.895,16.756
16.816,16.816,0.136,0.047,16.895,16.759
16.818,16.819,0.136,0.045,16.895,16.759
16.813,16.813,0.132,0.042,16.891,16.759
16.823,16.823,0.125,0.043,16.892,16.767
16.821,16.821,0.116,0.041,16.892,16.776
16.815,16.815,0.146,0.042,16.892,16.746
16.805,16.805,0.135,0.037,16.881,16.746
16.801,16.801,0.135,0.036,16.881,16.746
16.805,16.805,0.111,0.031,16.878,16.767
16.806,16.806,0.111,0.028,16.878,16.767
16.811,16.811,0.129,0.035,16.891,16.762
16.814,16.814,0.129,0.036,16.891,16.762
16.81,16.81,0.139,0.039,16.894,16.755
16.808,16.808,0.139,0.035,16.894,16.755
16.803,16.803,0.139,0.031,16.894,16.755
16.815,16.815,0.136,0.034,16.899,16.763
16.831,16.831,0.125,0.041,16.903,16.778
16.843,16.843,0.138,0.046,16.916,16.778
16.847,16.847,0.136,0.046,16.916,16.78
16.836,16.836,0.136,0.047,16.916,16.78
16.835,16.835,0.122,0.044,16.907,16.785
16.832,16.832,0.123,0.042,16.907,16.784
16.841,16.841,0.131,0.042,16.915,16.784
16.842,16.842,0.131,0.04,16.915,16.784
16.856,16.856,0.122,0.045,16.917,16.795
16.86,16.86,0.121,0.046,16.917,16.796
16.858,16.858,0.122,0.047,16.917,16.795
16.849,16.849,0.119,0.044,16.914,16.795
16.843,16.843,0.119,0.04,16.914,16.795
16.843,16.843,0.126,0.041,16.914,16.788
16.85,16.851,0.128,0.044,16.916,16.788
16.847,16.847,0.128,0.045,16.916,16.788
16.853,16.853,0.121,0.045,16.916,16.795
16.837,16.837,0.116,0.041,16.911,16.795
16.835,16.835,0.115,0.038,16.91,16.795
16.835,16.835,0.116,0.035,16.91,16.794
16.833,16.833,0.109,0.034,16.903,16.794
16.843,16.843,0.109,0.038,16.903,16.794
16.835,16.835,0.105,0.037,16.903,16.798
16.844,16.844,0.105,0.039,16.903,16.798
16.836,16.836,0.123,0.04,16.918,16.795
16.83,16.83,0.123,0.037,16.918,16.795
16.835,16.835,0.123,0.039,16.918,16.795
16.846,16.846,0.127,0.04,16.912,16.785
16.864,16.864,0.127,0.041,16.912,16.785
16.862,16.862,0.127,0.043,16.912,16.785
16.862,16.862,0.118,0.042,16.918,16.8
16.865,16.865,0.118,0.039,16.918,16.8
16.867,16.868,0.112,0.04,16.918,16.806
16.871,16.871,0.127,0.041,16.93,16.803
16.857,16.857,0.127,0.04,16.93,16.803
16.86,16.86,0.138,0.047,16.941,16.803
16.854,16.854,0.136,0.044,16.941,16.805
16.862,16.862,0.136,0.046,16.941,16.805
16.865,16.865,0.122,0.04,16.932,16.81
16.867,16.867,0.125,0.041,16.932,16.807
16.876,16.876,0.13,0.043,16.937,16.807
16.876,16.876,0.142,0.046,16.937,16.795
16.878,16.878,0.142,0.044,16.937,16.795
16.868,16.868,0.127,0.046,16.922,16.795
16.866,16.866,0.115,0.044,16.922,16.807
16.878,16.878,0.131,0.047,16.938,16.807
16.884,16.885,0.135,0.044,16.939,16.804
16.884,16.884,0.135,0.043,16.939,16.804
16.871,16.871,0.135,0.04,16.939,16.804
16.877,16.877,0.104,0.035,16.918,16.814
16.868,16.868,0.116,0.039,16.919,16.803
16.862,16.862,0.116,0.041,16.919,16.803
16.852,16.852,0.116,0.04,16.919,16.803
16.87,16.87,0.112,0.041,16.918,16.806
16.873,16.873,0.115,0.041,16.919,16.804
16.874,16.874,0.121,0.043,16.925,16.804
16.864,16.864,0.121,0.043,16.925,16.804
16.86,16.86,0.129,0.043,16.925,16.796
16.862,16.862,0.127,0.042,16.923,16.796
16.854,16.855,0.123,0.043,16.919,16.796
16.864,16.864,0.119,0.043,16.919,16.8
16.851,16.851,0.119,0.044,16.919,16.8
16.86,16.86,0.11,0.042,16.913,16.803
16.859,16.859,0.116,0.041,16.919,16.803
16.864,16.864,0.112,0.039,16.919,16.807
16.861,16.861,0.112,0.039,16.919,16.807
16.859,16.859,0.104,0.039,16.911,16.807
16.861,16.861,0.113,0.04,16.911,16.798
16.869,16.869,0.123,0.041,16.921,16.798
16.856,16.856,0.123,0.041,16.921,16.798
16.856,16.856,0.119,0.038,16.921,16.802
16.854,16.854,0.122,0.039,16.924,16.802
16.866,16.866,0.116,0.04,16.924,16.808
16.866,16.866,0.13,0.041,16.924,16.794
16.864,16.864,0.128,0.036,16.922,16.794
16.863,16.863,0.115,0.032,16.909,16.794
16.867,16.867,0.093,0.03,16.909,16.816
16.866,16.866,0.093,0.031,16.909,16.816
16.873,16.873,0.1,0.031,16.912,16.812
16.874,16.875,0.104,0.034,16.916,16.812
16.88,16.88,0.104,0.034,16.916,16.812
16.871,16.871,0.103,0.034,16.916,16.813
16.873,16.873,0.103,0.03,16.916,16.813
16.866,16.866,0.108,0.032,16.921,16.813
16.876,16.876,0.099,0.03,16.921,16.822
16.871,16.871,0.099,0.03,16.921,16.822
16.873,16.873,0.09,0.027,16.912,16.822
16.862,16.862,0.105,0.03,16.912,16.807
16.861,16.861,0.105,0.033,16.912,16.807
16.855,16.855,0.093,0.03,16.9,16.807
16.86,16.86,0.093,0.029,16.9,16.807
16.851,16.851,0.091,0.026,16.888,16.797
16.851,16.851,0.091,0.03,16.888,16.797
16.851,16.851,0.12,0.037,16.917,16.797
16.857,16.857,0.113,0.036,16.917,16.804
16.858,16.858,0.113,0.035,16.917,16.804
16.855,16.855,0.087,0.029,16.897,16.81
16.849,16.849,0.094,0.031,16.9,16.806
16.851,16.851,0.098,0.032,16.9,16.802
16.851,16.851,0.112,0.035,16.914,16.802
16.853,16.853,0.112,0.035,16.914,16.802
16.844,16.845,0.114,0.037,16.914,16.8
16.844,16.844,0.107,0.038,16.907,16.8
16.84,16.84,0.108,0.038,16.907,16.799
16.838,16.838,0.108,0.033,16.907,16.799
16.837,16.837,0.112,0.028,16.911,16.799
16.841,16.841,0.109,0.03,16.911,16.802
16.846,16.846,0.115,0.033,16.911,16.796
16.847,16.847,0.119,0.038,16.915,16.796
16.852,16.853,0.119,0.037,16.915,16.796
16.854,16.854,0.11,0.037,16.915,16.805
16.857,16.857,0.114,0.033,16.924,16.81
16.861,16.862,0.114,0.034,16.924,16.81
16.859,16.859,0.109,0.034,16.924,16.815
16.853,16.853,0.096,0.031,16.912,16.816
16.84,16.84,0.106,0.027,16.904,16.798
16.837,16.837,0.114,0.029,16.901,16.787
16.834,16.834,0.114,0.032,16.901,16.787
16.84,16.84,0.103,0.033,16.89,16.787
16.835,16.835,0.102,0.034,16.89,16.788
16.828,16.829,0.105,0.035,16.89,16.785
16.824,16.824,0.103,0.035,16.888,16.785
16.832,16.832,0.103,0.035,16.888,16.785
16.841,16.841,0.094,0.034,16.888,16.794
16.835,16.835,0.099,0.031,16.886,16.787
16.835,16.835,0.099,0.031,16.886,16.787
16.832,16.832,0.099,0.032,16.886,16.787
16.839,16.839,0.096,0.032,16.888,16.792
16.833,16.833,0.1,0.034,16.888,16.788
16.831,16.831,0.1,0.031,16.888,16.788
16.831,16.831,0.102,0.032,16.89,16.788
16.838,16.838,0.109,0.035,16.891,16.782
16.832,16.832,0.109,0.035,16.891,16.782
16.819,16.819,0.111,0.033,16.891,16.78
16.806,16.806,0.097,0.017,16.877,16.78
16.818,16.818,0.133,0.035,16.913,16.78
16.822,16.822,0.122,0.034,16.913,16.791
16.829,16.829,0.129,0.035,16.913,16.784
16.817,16.817,0.105,0.024,16.889,16.784
16.819,16.819,0.116,0.026,16.9,16.784
16.815,16.815,0.114,0.022,16.9,16.786
16.819,16.819,0.133,0.03,16.919,16.786
16.823,16.823,0.133,0.033,16.919,16.786
16.823,16.823,0.13,0.034,16.919,16.789
16.822,16.822,0.101,0.029,16.89,16.789
16.817,16.817,0.114,0.027,16.905,16.791
16.818,16.818,0.119,0.031,16.905,16.786
16.818,16.818,0.119,0.031,16.905,16.786
16.823,16.823,0.113,0.037,16.899,16.786
16.826,16.826,0.111,0.035,16.899,16.788
16.824,16.824,0.111,0.033,16.899,16.788
16.81,16.81,0.145,0.025,16.899,16.754
16.801,16.801,0.067,0.013,16.821,16.754
16.797,16.797,0.06,0.012,16.814,16.754
16.8,16.8,0.037,0.008,16.815,16.778
16.802,16.802,0.047,0.009,16.825,16.778
16.802,16.802,0.048,0.01,16.825,16.777
16.8,16.8,0.055,0.014,16.825,16.77
16.801,16.801,0.054,0.014,16.824,16.77
16.801,16.801,0.061,0.017,16.825,16.764
16.807,16.807,0.127,0.022,16.891,16.764
16.806,16.806,0.127,0.022,16.891,16.764
16.805,16.805,0.121,0.022,16.891,16.77
16.796,16.796,0.062,0.016,16.829,16.767
16.793,16.793,0.062,0.014,16.829,16.767
16.79,16.79,0.05,0.013,16.817,16.767
16.789,16.789,0.116,0.021,16.877,16.761
16.787,16.787,0.127,0.023,16.877,16.75
16.788,16.788,0.127,0.027,16.877,16.75
16.788,16.788,0.115,0.023,16.865,16.75
16.788,16.788,0.107,0.026,16.865,16.758
16.786,16.786,0.097,0.021,16.855,16.758
16.784,16.784,0.101,0.027,16.855,16.754
16.78,16.78,0.103,0.024,16.855,16.752
16.78,16.78,0.103,0.025,16.855,16.752
16.778,16.778,0.057,0.015,16.809,16.752
16.779,16.779,0.056,0.015,16.809,16.753
16.777,16.777,0.06,0.017,16.806,16.746
16.779,16.779,0.058,0.016,16.804,16.746
16.784,16.784,0.13,0.026,16.876,16.746
16.783,16.783,0.134,0.025,16.876,16.742
16.78,16.78,0.134,0.025,16.876,16.742
16.773,16.773,0.05,0.01,16.792,16.742
16.774,16.774,0.029,0.008,16.79,16.761
16.772,16.772,0.037,0.011,16.79,16.753
16.773,16.773,0.081,0.016,16.83,16.749
16.771,16.771,0.1,0.021,16.844,16.744
16.771,16.771,0.115,0.027,16.856,16.741
16.771,16.771,0.138,0.029,16.856,16.718
16.767,16.767,0.138,0.026,16.856,16.718
16.762,16.762,0.121,0.02,16.839,16.718
16.76,16.76,0.058,0.013,16.798,16.74
