mean,RMS,ptp,std,max,min
16.485,16.485,0.25,0.041,16.614,16.364
16.485,16.485,0.25,0.041,16.614,16.364
16.485,16.485,0.25,0.041,16.614,16.364
16.485,16.485,0.25,0.041,16.614,16.364
16.485,16.485,0.25,0.041,16.614,16.364
16.485,16.485,0.25,0.041,16.614,16.364
16.485,16.486,0.25,0.041,16.614,16.364
16.485,16.485,0.25,0.041,16.614,16.364
16.485,16.486,0.25,0.041,16.614,16.364
16.485,16.485,0.25,0.041,16.614,16.364
16.485,16.485,0.25,0.041,16.614,16.364
16.485,16.485,0.25,0.041,16.614,16.364
16.485,16.485,0.25,0.041,16.614,16.364
16.485,16.485,0.25,0.041,16.614,16.364
16.485,16.485,0.25,0.041,16.614,16.364
16.485,16.485,0.25,0.041,16.614,16.364
16.485,16.485,0.25,0.041,16.614,16.364
16.485,16.485,0.25,0.041,16.614,16.364
16.485,16.485,0.25,0.041,16.614,16.364
16.485,16.485,0.25,0.041,16.614,16.364
16.485,16.485,0.25,0.041,16.614,16.364
16.485,16.485,0.25,0.041,16.614,16.364
16.485,16.485,0.25,0.041,16.614,16.364
16.485,16.485,0.25,0.042,16.614,16.364
16.485,16.485,0.25,0.042,16.614,16.364
16.485,16.485,0.25,0.042,16.614,16.364
16.485,16.485,0.25,0.042,16.614,16.364
16.485,16.485,0.25,0.042,16.614,16.364
16.485,16.485,0.25,0.042,16.614,16.364
16.485,16.485,0.25,0.042,16.614,16.364
16.484,16.484,0.253,0.042,16.614,16.361
16.484,16.484,0.253,0.042,16.614,16.361
16.484,16.484,0.253,0.042,16.614,16.361
16.484,16.484,0.253,0.042,16.614,16.361
16.484,16.484,0.253,0.043,16.614,16.361
16.484,16.484,0.253,0.043,16.614,16.361
16.484,16.484,0.253,0.043,16.614,16.361
16.484,16.484,0.253,0.043,16.614,16.361
16.483,16.484,0.253,0.043,16.614,16.361
16.484,16.484,0.253,0.043,16.614,16.361
16.484,16.484,0.253,0.043,16.614,16.361
16.484,16.484,0.253,0.043,16.614,16.361
16.484,16.484,0.253,0.043,16.614,16.361
16.484,16.484,0.253,0.043,16.614,16.361
16.484,16.484,0.253,0.043,16.614,16.361
16.484,16.484,0.253,0.043,16.614,16.361
16.484,16.484,0.253,0.043,16.614,16.361
16.484,16.484,0.253,0.043,16.614,16.361
16.484,16.484,0.253,0.043,16.614,16.361
16.484,16.484,0.253,0.043,16.614,16.361
16.484,16.484,0.253,0.043,16.614,16.361
16.484,16.484,0.253,0.043,16.614,16.361
16.484,16.484,0.253,0.043,16.614,16.361
16.484,16.484,0.253,0.043,16.614,16.361
16.483,16.484,0.253,0.043,16.614,16.361
16.483,16.484,0.253,0.043,16.614,16.361
16.484,16.484,0.253,0.043,16.614,16.361
16.484,16.484,0.253,0.043,16.614,16.361
16.484,16.484,0.253,0.043,16.614,16.361
16.484,16.484,0.253,0.043,16.614,16.361
16.484,16.484,0.248,0.043,16.609,16.361
16.484,16.484,0.248,0.043,16.609,16.361
16.484,16.484,0.248,0.043,16.609,16.361
16.484,16.484,0.242,0.043,16.603,16.361
16.484,16.484,0.242,0.043,16.603,16.361
16.483,16.484,0.242,0.043,16.603,16.361
16.483,16.483,0.242,0.043,16.603,16.361
16.483,16.483,0.242,0.044,16.603,16.361
16.483,16.483,0.242,0.044,16.603,16.361
16.483,16.483,0.223,0.044,16.584,16.361
16.483,16.483,0.223,0.044,16.584,16.361
16.483,16.483,0.223,0.044,16.584,16.361
16.483,16.483,0.223,0.044,16.584,16.361
16.483,16.483,0.223,0.044,16.584,16.361
16.482,16.483,0.223,0.044,16.584,16.361
16.482,16.482,0.223,0.044,16.584,16.361
16.482,16.483,0.223,0.044,16.584,16.361
16.482,16.482,0.223,0.044,16.584,16.361
16.482,16.482,0.223,0.044,16.584,16.361
16.482,16.482,0.223,0.045,16.584,16.361
16.482,16.482,0.223,0.045,16.584,16.361
16.482,16.482,0.223,0.045,16.584,16.361
16.482,16.482,0.223,0.045,16.584,16.361
16.482,16.482,0.223,0.045,16.584,16.361
16.482,16.482,0.223,0.045,16.584,16.361
16.483,16.483,0.223,0.045,16.584,16.361
16.483,16.483,0.223,0.045,16.584,16.361
16.482,16.482,0.221,0.045,16.582,16.361
16.482,16.482,0.221,0.045,16.582,16.361
16.482,16.482,0.221,0.045,16.582,16.361
16.482,16.482,0.221,0.046,16.582,16.361
16.482,16.482,0.221,0.046,16.582,16.361
16.482,16.482,0.221,0.046,16.582,16.361
16.482,16.482,0.221,0.046,16.582,16.361
16.481,16.482,0.221,0.046,16.582,16.361
16.481,16.482,0.221,0.046,16.582,16.361
16.482,16.482,0.221,0.046,16.582,16.361
16.481,16.482,0.221,0.046,16.582,16.361
16.481,16.481,0.221,0.047,16.582,16.361
16.481,16.481,0.221,0.047,16.582,16.361
16.481,16.482,0.221,0.047,16.582,16.361
16.481,16.481,0.221,0.047,16.582,16.361
16.481,16.481,0.221,0.047,16.582,16.361
16.481,16.481,0.221,0.047,16.582,16.361
16.481,16.481,0.221,0.047,16.582,16.361
16.481,16.481,0.221,0.047,16.582,16.361
16.481,16.481,0.221,0.047,16.582,16.361
16.481,16.481,0.221,0.047,16.582,16.361
16.481,16.481,0.221,0.047,16.582,16.361
16.481,16.481,0.221,0.047,16.582,16.361
16.481,16.481,0.221,0.048,16.582,16.361
16.481,16.481,0.225,0.048,16.582,16.357
16.481,16.481,0.225,0.048,16.582,16.357
16.481,16.481,0.225,0.048,16.582,16.357
16.481,16.481,0.225,0.048,16.582,16.357
16.481,16.481,0.225,0.048,16.582,16.357
16.48,16.48,0.225,0.048,16.582,16.357
16.48,16.48,0.225,0.048,16.582,16.357
16.48,16.48,0.225,0.048,16.582,16.357
16.48,16.48,0.225,0.048,16.582,16.357
16.48,16.48,0.225,0.048,16.582,16.357
16.48,16.48,0.225,0.048,16.582,16.357
16.48,16.48,0.225,0.048,16.582,16.357
16.48,16.48,0.225,0.048,16.582,16.357
16.48,16.48,0.225,0.048,16.582,16.357
16.48,16.48,0.225,0.048,16.582,16.357
16.48,16.48,0.225,0.048,16.582,16.357
16.479,16.479,0.225,0.048,16.582,16.357
16.479,16.479,0.225,0.048,16.582,16.357
16.479,16.479,0.225,0.048,16.582,16.357
16.479,16.479,0.225,0.048,16.582,16.357
16.479,16.479,0.225,0.048,16.582,16.357
16.479,16.479,0.225,0.048,16.582,16.357
16.479,16.479,0.225,0.048,16.582,16.357
16.479,16.479,0.225,0.049,16.582,16.357
16.479,16.479,0.225,0.049,16.582,16.357
16.479,16.479,0.225,0.049,16.582,16.357
16.479,16.479,0.225,0.049,16.582,16.357
16.479,16.479,0.225,0.049,16.582,16.357
16.479,16.479,0.225,0.049,16.582,16.357
16.479,16.479,0.225,0.049,16.582,16.357
16.478,16.478,0.225,0.049,16.582,16.357
16.478,16.478,0.225,0.049,16.582,16.357
16.478,16.478,0.225,0.049,16.582,16.357
16.478,16.478,0.225,0.049,16.582,16.357
16.478,16.478,0.225,0.049,16.582,16.357
16.478,16.478,0.225,0.049,16.582,16.357
16.478,16.478,0.225,0.049,16.582,16.357
16.478,16.478,0.225,0.049,16.582,16.357
16.478,16.478,0.225,0.049,16.582,16.357
16.478,16.478,0.225,0.049,16.582,16.357
16.478,16.478,0.225,0.049,16.582,16.357
16.478,16.478,0.225,0.049,16.582,16.357
16.478,16.478,0.225,0.049,16.582,16.357
16.478,16.478,0.225,0.049,16.582,16.357
16.477,16.477,0.225,0.049,16.582,16.357
16.478,16.478,0.225,0.049,16.582,16.357
16.478,16.478,0.225,0.049,16.582,16.357
16.478,16.478,0.225,0.049,16.582,16.357
16.478,16.478,0.221,0.049,16.578,16.357
16.478,16.478,0.221,0.049,16.578,16.357
16.477,16.477,0.221,0.049,16.578,16.357
16.477,16.477,0.221,0.049,16.578,16.357
16.477,16.477,0.221,0.049,16.578,16.357
16.477,16.477,0.221,0.049,16.578,16.357
16.477,16.477,0.221,0.049,16.578,16.357
16.477,16.477,0.221,0.049,16.578,16.357
16.477,16.477,0.221,0.049,16.578,16.357
16.477,16.477,0.221,0.049,16.578,16.357
16.477,16.477,0.221,0.049,16.578,16.357
16.477,16.477,0.221,0.049,16.578,16.357
16.477,16.477,0.221,0.049,16.578,16.357
16.477,16.477,0.221,0.049,16.578,16.357
16.477,16.477,0.221,0.049,16.578,16.357
16.477,16.477,0.221,0.049,16.578,16.357
16.477,16.477,0.221,0.049,16.578,16.357
16.477,16.477,0.221,0.049,16.578,16.357
16.477,16.477,0.221,0.049,16.578,16.357
16.477,16.477,0.221,0.049,16.578,16.357
16.477,16.477,0.221,0.049,16.578,16.357
16.477,16.477,0.221,0.049,16.578,16.357
16.477,16.477,0.221,0.049,16.578,16.357
16.477,16.477,0.233,0.049,16.59,16.357
16.477,16.477,0.233,0.049,16.59,16.357
16.477,16.477,0.233,0.049,16.59,16.357
16.477,16.477,0.233,0.049,16.59,16.357
16.477,16.477,0.233,0.049,16.59,16.357
16.477,16.477,0.233,0.049,16.59,16.357
16.477,16.477,0.233,0.049,16.59,16.357
16.477,16.477,0.233,0.049,16.59,16.357
16.477,16.477,0.233,0.049,16.59,16.357
16.477,16.477,0.233,0.049,16.59,16.357
16.477,16.477,0.233,0.049,16.59,16.357
16.478,16.478,0.233,0.049,16.59,16.357
16.478,16.478,0.233,0.049,16.59,16.357
16.478,16.478,0.233,0.049,16.59,16.357
16.478,16.478,0.233,0.049,16.59,16.357
16.478,16.478,0.233,0.049,16.59,16.357
16.478,16.478,0.233,0.049,16.59,16.357
16.478,16.478,0.241,0.049,16.598,16.357
16.478,16.478,0.241,0.049,16.598,16.357
16.478,16.478,0.241,0.049,16.598,16.357
16.478,16.478,0.241,0.049,16.598,16.357
16.478,16.478,0.241,0.049,16.598,16.357
16.478,16.478,0.241,0.049,16.598,16.357
16.478,16.478,0.241,0.049,16.598,16.357
16.478,16.478,0.241,0.049,16.598,16.357
16.478,16.478,0.241,0.049,16.598,16.357
16.478,16.478,0.241,0.049,16.598,16.357
16.478,16.478,0.241,0.049,16.598,16.357
16.478,16.478,0.241,0.049,16.598,16.357
16.478,16.478,0.241,0.049,16.598,16.357
16.478,16.478,0.241,0.049,16.598,16.357
16.478,16.478,0.241,0.049,16.598,16.357
16.478,16.478,0.241,0.049,16.598,16.357
16.479,16.479,0.241,0.049,16.598,16.357
16.479,16.479,0.241,0.049,16.598,16.357
16.479,16.479,0.241,0.049,16.598,16.357
16.479,16.479,0.241,0.049,16.598,16.357
16.479,16.479,0.241,0.049,16.598,16.357
16.479,16.479,0.241,0.049,16.598,16.357
16.479,16.479,0.241,0.049,16.598,16.357
16.479,16.479,0.241,0.049,16.598,16.357
16.479,16.479,0.241,0.049,16.598,16.357
16.479,16.479,0.241,0.049,16.598,16.357
16.479,16.48,0.241,0.049,16.598,16.357
16.48,16.48,0.241,0.049,16.598,16.357
16.48,16.48,0.241,0.049,16.598,16.357
16.48,16.48,0.241,0.049,16.598,16.357
16.48,16.48,0.241,0.049,16.598,16.357
16.48,16.48,0.241,0.049,16.598,16.357
16.48,16.48,0.241,0.049,16.598,16.357
16.48,16.48,0.241,0.049,16.598,16.357
16.48,16.48,0.241,0.049,16.598,16.357
16.48,16.48,0.241,0.049,16.598,16.357
16.48,16.48,0.241,0.049,16.598,16.357
16.481,16.481,0.241,0.049,16.598,16.357
16.481,16.481,0.241,0.049,16.598,16.357
16.481,16.481,0.241,0.049,16.598,16.357
16.481,16.481,0.241,0.049,16.598,16.357
16.481,16.481,0.241,0.049,16.598,16.357
16.481,16.481,0.241,0.049,16.598,16.357
16.481,16.481,0.241,0.049,16.598,16.357
16.481,16.481,0.241,0.049,16.598,16.357
16.482,16.482,0.242,0.049,16.599,16.357
16.482,16.482,0.242,0.049,16.599,16.357
16.482,16.482,0.242,0.049,16.599,16.357
16.483,16.483,0.254,0.049,16.611,16.357
16.483,16.483,0.254,0.049,16.611,16.357
16.483,16.483,0.254,0.049,16.611,16.357
16.483,16.483,0.254,0.049,16.611,16.357
16.483,16.483,0.254,0.049,16.611,16.357
16.483,16.484,0.254,0.049,16.611,16.357
16.484,16.484,0.254,0.05,16.611,16.357
16.484,16.484,0.254,0.05,16.611,16.357
16.484,16.485,0.254,0.05,16.611,16.357
16.485,16.485,0.254,0.05,16.611,16.357
16.485,16.485,0.254,0.05,16.611,16.357
16.485,16.485,0.254,0.05,16.611,16.357
16.485,16.485,0.254,0.05,16.611,16.357
16.485,16.485,0.254,0.05,16.611,16.357
16.486,16.486,0.254,0.05,16.611,16.357
16.486,16.486,0.254,0.05,16.611,16.357
16.486,16.486,0.254,0.05,16.611,16.357
16.486,16.486,0.254,0.05,16.611,16.357
16.487,16.487,0.254,0.05,16.611,16.357
16.487,16.487,0.254,0.05,16.611,16.357
16.487,16.487,0.254,0.05,16.611,16.357
16.487,16.488,0.254,0.05,16.611,16.357
16.488,16.488,0.254,0.05,16.611,16.357
16.488,16.488,0.254,0.05,16.611,16.357
16.488,16.488,0.254,0.05,16.611,16.357
16.489,16.489,0.254,0.05,16.611,16.357
16.489,16.489,0.254,0.05,16.611,16.357
16.489,16.49,0.254,0.05,16.611,16.357
16.49,16.49,0.254,0.05,16.611,16.357
16.49,16.49,0.254,0.05,16.611,16.357
16.49,16.49,0.254,0.05,16.611,16.357
16.49,16.49,0.254,0.05,16.611,16.357
16.49,16.491,0.254,0.05,16.611,16.357
16.491,16.491,0.254,0.05,16.611,16.357
16.491,16.491,0.254,0.05,16.611,16.357
16.492,16.492,0.254,0.05,16.611,16.357
16.492,16.492,0.254,0.05,16.611,16.357
16.492,16.492,0.254,0.05,16.611,16.357
16.492,16.492,0.254,0.051,16.611,16.357
16.493,16.493,0.254,0.051,16.611,16.357
16.493,16.493,0.254,0.051,16.611,16.357
16.493,16.493,0.254,0.051,16.611,16.357
16.493,16.493,0.254,0.051,16.611,16.357
16.493,16.494,0.254,0.051,16.611,16.357
16.494,16.494,0.251,0.051,16.611,16.36
16.494,16.494,0.251,0.051,16.611,16.36
16.494,16.494,0.251,0.051,16.611,16.36
16.495,16.495,0.251,0.051,16.611,16.36
16.495,16.495,0.251,0.051,16.611,16.36
16.496,16.496,0.251,0.051,16.611,16.36
16.496,16.496,0.251,0.051,16.611,16.36
16.496,16.496,0.251,0.051,16.611,16.36
16.497,16.497,0.251,0.051,16.611,16.36
16.497,16.497,0.251,0.051,16.611,16.36
16.498,16.498,0.251,0.051,16.611,16.36
16.498,16.498,0.251,0.051,16.611,16.36
16.498,16.498,0.251,0.051,16.611,16.36
16.499,16.499,0.251,0.051,16.611,16.36
16.499,16.499,0.251,0.051,16.611,16.36
16.499,16.5,0.251,0.051,16.611,16.36
16.5,16.5,0.251,0.051,16.611,16.36
16.5,16.5,0.251,0.051,16.611,16.36
16.5,16.501,0.251,0.051,16.611,16.36
16.501,16.501,0.251,0.052,16.611,16.36
16.501,16.501,0.251,0.051,16.611,16.36
16.501,16.501,0.251,0.051,16.611,16.36
16.502,16.502,0.251,0.051,16.611,16.36
16.502,16.502,0.251,0.051,16.611,16.36
16.502,16.502,0.265,0.051,16.625,16.36
16.503,16.503,0.265,0.051,16.625,16.36
16.503,16.503,0.265,0.051,16.625,16.36
16.503,16.503,0.265,0.051,16.625,16.36
16.504,16.504,0.265,0.051,16.625,16.36
16.504,16.504,0.265,0.051,16.625,16.36
16.505,16.505,0.265,0.051,16.625,16.36
16.505,16.505,0.265,0.051,16.625,16.36
16.505,16.505,0.265,0.051,16.625,16.36
16.505,16.506,0.265,0.051,16.625,16.36
16.506,16.506,0.265,0.051,16.625,16.36
16.506,16.506,0.265,0.051,16.625,16.36
16.506,16.506,0.265,0.051,16.625,16.36
16.507,16.507,0.265,0.051,16.625,16.36
16.507,16.507,0.265,0.051,16.625,16.36
16.507,16.508,0.265,0.05,16.625,16.36
16.508,16.508,0.265,0.05,16.625,16.36
16.508,16.508,0.255,0.05,16.625,16.37
16.509,16.509,0.255,0.05,16.625,16.37
16.509,16.509,0.25,0.05,16.625,16.375
16.51,16.51,0.25,0.05,16.625,16.375
16.51,16.51,0.25,0.05,16.625,16.375
16.51,16.51,0.25,0.05,16.625,16.375
16.51,16.511,0.25,0.05,16.625,16.375
16.511,16.511,0.25,0.05,16.625,16.375
16.511,16.511,0.25,0.05,16.625,16.375
16.511,16.511,0.25,0.049,16.625,16.375
16.512,16.512,0.25,0.049,16.625,16.375
16.512,16.512,0.25,0.049,16.625,16.375
16.512,16.512,0.25,0.049,16.625,16.375
16.513,16.513,0.25,0.049,16.625,16.375
16.513,16.513,0.25,0.049,16.625,16.375
16.514,16.514,0.241,0.048,16.625,16.384
16.514,16.514,0.241,0.048,16.625,16.384
16.514,16.514,0.241,0.048,16.625,16.384
16.514,16.514,0.241,0.048,16.625,16.384
16.514,16.514,0.241,0.048,16.625,16.384
16.515,16.515,0.241,0.048,16.625,16.384
16.515,16.515,0.241,0.048,16.625,16.384
16.515,16.515,0.241,0.048,16.625,16.384
16.515,16.515,0.234,0.048,16.625,16.391
16.515,16.515,0.234,0.048,16.625,16.391
16.516,16.516,0.234,0.048,16.625,16.391
16.516,16.516,0.234,0.048,16.625,16.391
16.516,16.516,0.233,0.047,16.625,16.392
16.516,16.516,0.233,0.047,16.625,16.392
16.517,16.517,0.233,0.047,16.625,16.392
16.517,16.517,0.233,0.047,16.625,16.392
16.517,16.517,0.233,0.047,16.625,16.392
16.517,16.517,0.233,0.047,16.625,16.392
16.517,16.517,0.233,0.047,16.625,16.392
16.517,16.517,0.233,0.048,16.625,16.392
16.518,16.518,0.233,0.047,16.625,16.392
16.518,16.518,0.233,0.047,16.625,16.392
16.518,16.518,0.233,0.047,16.625,16.392
16.518,16.519,0.233,0.047,16.625,16.392
16.519,16.519,0.233,0.047,16.625,16.392
16.519,16.519,0.233,0.047,16.625,16.392
16.519,16.519,0.233,0.047,16.625,16.392
16.519,16.519,0.233,0.047,16.625,16.392
16.519,16.519,0.233,0.047,16.625,16.392
16.519,16.519,0.233,0.047,16.625,16.392
16.519,16.519,0.233,0.047,16.625,16.392
16.519,16.519,0.233,0.047,16.625,16.392
16.519,16.519,0.233,0.047,16.625,16.392
16.519,16.519,0.233,0.047,16.625,16.392
16.519,16.52,0.233,0.047,16.625,16.392
16.52,16.52,0.233,0.047,16.625,16.392
16.519,16.52,0.233,0.047,16.625,16.392
16.519,16.52,0.233,0.047,16.625,16.392
16.52,16.52,0.233,0.047,16.625,16.392
16.52,16.52,0.233,0.047,16.625,16.392
16.52,16.52,0.233,0.047,16.625,16.392
16.52,16.52,0.233,0.047,16.625,16.392
16.52,16.52,0.233,0.047,16.625,16.392
16.52,16.52,0.233,0.047,16.625,16.392
16.52,16.52,0.233,0.047,16.625,16.392
16.52,16.52,0.233,0.046,16.625,16.392
16.52,16.52,0.233,0.046,16.625,16.392
16.521,16.521,0.233,0.046,16.625,16.392
16.521,16.521,0.226,0.046,16.625,16.399
16.521,16.521,0.226,0.046,16.625,16.399
16.521,16.521,0.226,0.046,16.625,16.399
16.521,16.521,0.226,0.046,16.625,16.399
16.521,16.521,0.226,0.047,16.625,16.399
16.521,16.521,0.226,0.047,16.625,16.399
16.52,16.521,0.226,0.047,16.625,16.399
16.521,16.521,0.226,0.047,16.625,16.399
16.521,16.521,0.226,0.047,16.625,16.399
16.521,16.521,0.226,0.047,16.625,16.399
16.52,16.521,0.226,0.047,16.625,16.399
16.521,16.521,0.226,0.047,16.625,16.399
16.52,16.52,0.226,0.047,16.625,16.399
16.52,16.52,0.226,0.047,16.625,16.399
16.52,16.52,0.226,0.047,16.625,16.399
16.52,16.52,0.226,0.047,16.625,16.399
16.52,16.52,0.226,0.047,16.625,16.399
16.52,16.52,0.226,0.047,16.625,16.399
16.52,16.52,0.226,0.047,16.625,16.399
16.52,16.52,0.226,0.047,16.625,16.399
16.52,16.52,0.226,0.047,16.625,16.399
16.52,16.52,0.226,0.047,16.625,16.399
16.519,16.519,0.226,0.047,16.625,16.399
16.519,16.519,0.226,0.047,16.625,16.399
16.519,16.519,0.223,0.047,16.625,16.402
16.519,16.519,0.223,0.047,16.625,16.402
16.519,16.519,0.223,0.047,16.625,16.402
16.519,16.519,0.223,0.047,16.625,16.402
16.519,16.519,0.223,0.047,16.625,16.402
16.519,16.519,0.223,0.047,16.625,16.402
16.518,16.518,0.223,0.047,16.625,16.402
16.518,16.518,0.223,0.047,16.625,16.402
16.518,16.518,0.223,0.047,16.625,16.402
16.518,16.518,0.223,0.047,16.625,16.402
16.518,16.518,0.223,0.047,16.625,16.402
16.518,16.518,0.223,0.047,16.625,16.402
16.517,16.517,0.223,0.047,16.625,16.402
16.517,16.517,0.223,0.047,16.625,16.402
16.517,16.517,0.223,0.047,16.625,16.402
16.517,16.517,0.223,0.047,16.625,16.402
16.516,16.516,0.223,0.047,16.625,16.402
16.516,16.516,0.223,0.047,16.625,16.402
16.516,16.516,0.223,0.047,16.625,16.402
16.515,16.516,0.223,0.047,16.625,16.402
16.515,16.515,0.223,0.047,16.625,16.402
16.515,16.515,0.223,0.047,16.625,16.402
16.515,16.515,0.223,0.047,16.625,16.402
16.514,16.515,0.223,0.047,16.625,16.402
16.514,16.514,0.223,0.047,16.625,16.402
16.514,16.514,0.223,0.048,16.625,16.402
16.514,16.514,0.223,0.048,16.625,16.402
16.513,16.513,0.223,0.048,16.625,16.402
16.513,16.513,0.223,0.048,16.625,16.402
16.513,16.513,0.223,0.048,16.625,16.402
16.512,16.512,0.223,0.048,16.625,16.402
16.512,16.512,0.223,0.048,16.625,16.402
16.512,16.512,0.223,0.048,16.625,16.402
16.511,16.512,0.223,0.048,16.625,16.402
16.511,16.511,0.223,0.048,16.625,16.402
16.511,16.511,0.223,0.048,16.625,16.402
16.51,16.511,0.223,0.048,16.625,16.402
16.51,16.51,0.223,0.048,16.625,16.402
16.51,16.51,0.223,0.048,16.625,16.402
16.51,16.51,0.223,0.048,16.625,16.402
16.51,16.51,0.223,0.048,16.625,16.402
16.509,16.509,0.223,0.048,16.625,16.402
16.509,16.509,0.223,0.048,16.625,16.402
16.509,16.509,0.223,0.048,16.625,16.402
16.508,16.508,0.223,0.048,16.625,16.402
16.508,16.508,0.223,0.048,16.625,16.402
16.507,16.507,0.223,0.048,16.625,16.402
16.507,16.507,0.223,0.048,16.625,16.402
16.507,16.507,0.223,0.048,16.625,16.402
16.506,16.506,0.223,0.048,16.625,16.402
16.506,16.506,0.223,0.048,16.625,16.402
16.506,16.506,0.223,0.048,16.625,16.402
16.505,16.505,0.223,0.048,16.625,16.402
16.505,16.505,0.223,0.048,16.625,16.402
16.504,16.504,0.223,0.048,16.625,16.402
16.504,16.504,0.223,0.048,16.625,16.402
16.503,16.503,0.223,0.048,16.625,16.402
16.503,16.503,0.223,0.048,16.625,16.402
16.503,16.503,0.223,0.048,16.625,16.402
16.502,16.503,0.223,0.048,16.625,16.402
16.502,16.502,0.223,0.048,16.625,16.402
16.501,16.502,0.223,0.048,16.625,16.402
16.501,16.501,0.223,0.048,16.625,16.402
16.501,16.501,0.223,0.048,16.625,16.402
16.5,16.5,0.223,0.048,16.625,16.402
16.5,16.5,0.223,0.048,16.625,16.402
16.499,16.499,0.223,0.048,16.625,16.402
16.499,16.499,0.223,0.048,16.625,16.402
16.498,16.498,0.228,0.048,16.625,16.397
16.498,16.498,0.228,0.048,16.625,16.397
16.498,16.498,0.228,0.048,16.625,16.397
16.497,16.497,0.228,0.048,16.625,16.397
16.497,16.497,0.228,0.048,16.625,16.397
16.496,16.496,0.228,0.048,16.625,16.397
16.496,16.496,0.228,0.048,16.625,16.397
16.496,16.496,0.228,0.048,16.625,16.397
16.495,16.495,0.223,0.047,16.62,16.397
16.495,16.495,0.223,0.047,16.62,16.397
16.495,16.495,0.223,0.047,16.62,16.397
16.494,16.495,0.223,0.047,16.62,16.397
16.494,16.494,0.223,0.047,16.62,16.397
16.494,16.494,0.223,0.047,16.62,16.397
16.493,16.493,0.223,0.047,16.62,16.397
16.493,16.493,0.223,0.047,16.62,16.397
16.492,16.492,0.223,0.047,16.62,16.397
16.492,16.492,0.223,0.047,16.62,16.397
16.492,16.492,0.223,0.047,16.62,16.397
16.491,16.491,0.223,0.047,16.62,16.397
16.491,16.491,0.223,0.047,16.62,16.397
16.491,16.491,0.223,0.047,16.62,16.397
16.49,16.49,0.223,0.047,16.62,16.397
16.49,16.49,0.223,0.047,16.62,16.397
16.489,16.49,0.223,0.047,16.62,16.397
16.489,16.489,0.223,0.047,16.62,16.397
16.489,16.489,0.223,0.047,16.62,16.397
16.488,16.488,0.223,0.046,16.62,16.397
16.488,16.488,0.23,0.046,16.62,16.39
16.487,16.487,0.23,0.046,16.62,16.39
16.487,16.487,0.23,0.046,16.62,16.39
16.486,16.486,0.23,0.046,16.62,16.39
16.486,16.486,0.229,0.046,16.619,16.39
16.486,16.486,0.229,0.046,16.619,16.39
16.485,16.486,0.229,0.046,16.619,16.39
16.485,16.485,0.229,0.046,16.619,16.39
16.485,16.485,0.229,0.046,16.619,16.39
16.484,16.484,0.229,0.046,16.619,16.39
16.484,16.484,0.229,0.046,16.619,16.39
16.483,16.484,0.229,0.046,16.619,16.39
16.483,16.483,0.229,0.045,16.619,16.39
16.483,16.483,0.229,0.046,16.619,16.39
16.483,16.483,0.229,0.046,16.619,16.39
16.482,16.483,0.229,0.045,16.619,16.39
16.482,16.482,0.229,0.045,16.619,16.39
16.482,16.482,0.229,0.045,16.619,16.39
16.481,16.481,0.229,0.045,16.619,16.39
16.481,16.481,0.229,0.045,16.619,16.39
16.481,16.481,0.229,0.045,16.619,16.39
16.481,16.481,0.229,0.045,16.619,16.39
16.48,16.48,0.229,0.045,16.619,16.39
16.48,16.48,0.229,0.044,16.619,16.39
16.479,16.479,0.229,0.044,16.619,16.39
16.479,16.479,0.229,0.044,16.619,16.39
16.479,16.479,0.229,0.044,16.619,16.39
16.478,16.478,0.229,0.044,16.619,16.39
16.478,16.478,0.229,0.044,16.619,16.39
16.478,16.478,0.229,0.044,16.619,16.39
16.478,16.478,0.229,0.043,16.619,16.39
16.478,16.478,0.229,0.043,16.619,16.39
16.477,16.477,0.229,0.043,16.619,16.39
16.477,16.477,0.229,0.043,16.619,16.39
16.476,16.476,0.229,0.042,16.619,16.39
16.476,16.476,0.229,0.042,16.619,16.39
16.476,16.476,0.229,0.042,16.619,16.39
16.475,16.475,0.229,0.042,16.619,16.39
16.475,16.475,0.229,0.042,16.619,16.39
16.475,16.475,0.229,0.042,16.619,16.39
16.475,16.475,0.229,0.042,16.619,16.39
16.475,16.475,0.229,0.041,16.619,16.39
16.474,16.474,0.229,0.041,16.619,16.39
16.474,16.474,0.229,0.041,16.619,16.39
16.474,16.474,0.229,0.041,16.619,16.39
16.473,16.473,0.229,0.041,16.619,16.39
16.473,16.473,0.229,0.04,16.619,16.39
16.473,16.473,0.229,0.04,16.619,16.39
16.473,16.473,0.229,0.04,16.619,16.39
16.472,16.472,0.229,0.04,16.619,16.39
16.472,16.472,0.229,0.04,16.619,16.39
16.472,16.472,0.229,0.04,16.619,16.39
16.472,16.472,0.229,0.04,16.619,16.39
16.472,16.472,0.229,0.04,16.619,16.39
16.471,16.471,0.229,0.04,16.619,16.39
16.471,16.471,0.229,0.039,16.619,16.39
16.471,16.471,0.229,0.039,16.619,16.39
16.471,16.471,0.229,0.039,16.619,16.39
16.47,16.47,0.229,0.039,16.619,16.39
16.47,16.47,0.229,0.038,16.619,16.39
16.469,16.469,0.229,0.038,16.619,16.39
16.469,16.469,0.229,0.038,16.619,16.39
16.469,16.469,0.229,0.038,16.619,16.39
16.468,16.468,0.229,0.038,16.619,16.39
16.468,16.468,0.229,0.038,16.619,16.39
16.468,16.468,0.229,0.038,16.619,16.39
16.468,16.468,0.229,0.038,16.619,16.39
16.468,16.468,0.229,0.038,16.619,16.39
16.467,16.467,0.219,0.038,16.609,16.39
16.467,16.467,0.219,0.038,16.609,16.39
16.467,16.467,0.219,0.038,16.609,16.39
16.466,16.466,0.219,0.037,16.609,16.39
16.466,16.466,0.219,0.038,16.609,16.39
16.466,16.466,0.219,0.037,16.609,16.39
16.466,16.466,0.231,0.037,16.609,16.378
16.465,16.465,0.212,0.037,16.59,16.378
16.465,16.466,0.212,0.037,16.59,16.378
16.466,16.466,0.212,0.037,16.59,16.378
16.465,16.465,0.214,0.037,16.592,16.378
16.465,16.465,0.214,0.037,16.592,16.378
16.465,16.465,0.214,0.038,16.592,16.378
16.465,16.465,0.214,0.037,16.592,16.378
16.466,16.466,0.214,0.037,16.592,16.378
16.466,16.466,0.214,0.037,16.592,16.378
16.465,16.465,0.214,0.038,16.592,16.378
16.465,16.465,0.214,0.038,16.592,16.378
16.465,16.465,0.214,0.038,16.592,16.378
16.465,16.465,0.214,0.038,16.592,16.378
16.465,16.465,0.214,0.037,16.592,16.378
16.465,16.465,0.214,0.037,16.592,16.378
16.465,16.465,0.214,0.038,16.592,16.378
16.465,16.465,0.214,0.038,16.592,16.378
16.464,16.464,0.214,0.038,16.592,16.378
16.464,16.464,0.214,0.038,16.592,16.378
16.464,16.464,0.214,0.038,16.592,16.378
16.464,16.464,0.214,0.038,16.592,16.378
16.464,16.464,0.214,0.038,16.592,16.378
16.464,16.464,0.214,0.038,16.592,16.378
16.464,16.464,0.214,0.038,16.592,16.378
16.464,16.464,0.214,0.038,16.592,16.378
16.463,16.463,0.214,0.038,16.592,16.378
16.463,16.463,0.214,0.038,16.592,16.378
16.464,16.464,0.214,0.038,16.592,16.378
16.464,16.464,0.214,0.038,16.592,16.378
16.464,16.464,0.214,0.038,16.592,16.378
16.464,16.464,0.214,0.039,16.592,16.378
16.464,16.464,0.214,0.039,16.592,16.378
16.464,16.464,0.214,0.039,16.592,16.378
16.464,16.464,0.214,0.039,16.592,16.378
16.464,16.464,0.214,0.039,16.592,16.378
16.464,16.464,0.214,0.04,16.592,16.378
16.464,16.464,0.214,0.04,16.592,16.378
16.465,16.465,0.214,0.04,16.592,16.378
16.465,16.465,0.214,0.04,16.592,16.378
16.465,16.465,0.214,0.04,16.592,16.378
16.465,16.465,0.214,0.04,16.592,16.378
16.465,16.465,0.214,0.041,16.592,16.378
16.465,16.465,0.214,0.041,16.592,16.378
16.465,16.465,0.245,0.041,16.623,16.378
16.465,16.466,0.245,0.041,16.623,16.378
16.466,16.466,0.245,0.041,16.623,16.378
16.466,16.466,0.245,0.041,16.623,16.378
16.465,16.466,0.245,0.041,16.623,16.378
16.466,16.466,0.245,0.041,16.623,16.378
16.466,16.466,0.245,0.041,16.623,16.378
16.465,16.466,0.245,0.042,16.623,16.378
16.465,16.465,0.245,0.042,16.623,16.378
16.465,16.465,0.245,0.042,16.623,16.378
16.466,16.466,0.245,0.042,16.623,16.378
16.466,16.466,0.245,0.042,16.623,16.378
16.466,16.466,0.245,0.042,16.623,16.378
16.466,16.466,0.245,0.042,16.623,16.378
16.466,16.466,0.245,0.042,16.623,16.378
16.466,16.466,0.245,0.043,16.623,16.378
16.466,16.466,0.245,0.043,16.623,16.378
16.466,16.466,0.245,0.043,16.623,16.378
16.466,16.467,0.245,0.043,16.623,16.378
16.466,16.467,0.245,0.043,16.623,16.378
16.466,16.466,0.245,0.043,16.623,16.378
16.466,16.466,0.245,0.043,16.623,16.378
16.467,16.467,0.245,0.043,16.623,16.378
16.467,16.467,0.245,0.043,16.623,16.378
16.467,16.467,0.245,0.043,16.623,16.378
16.467,16.467,0.245,0.043,16.623,16.378
16.467,16.467,0.245,0.044,16.623,16.378
16.468,16.468,0.245,0.044,16.623,16.378
16.468,16.468,0.245,0.044,16.623,16.378
16.468,16.468,0.245,0.044,16.623,16.378
16.468,16.468,0.245,0.044,16.623,16.378
16.468,16.468,0.245,0.044,16.623,16.378
16.468,16.468,0.245,0.044,16.623,16.378
16.469,16.469,0.245,0.044,16.623,16.378
16.469,16.469,0.245,0.044,16.623,16.378
16.469,16.469,0.245,0.044,16.623,16.378
16.469,16.469,0.245,0.044,16.623,16.378
16.469,16.469,0.245,0.045,16.623,16.378
16.469,16.47,0.245,0.045,16.623,16.378
16.47,16.47,0.245,0.045,16.623,16.378
16.47,16.47,0.245,0.045,16.623,16.378
16.47,16.47,0.245,0.045,16.623,16.378
16.47,16.47,0.245,0.045,16.623,16.378
16.469,16.47,0.245,0.045,16.623,16.378
16.47,16.47,0.245,0.045,16.623,16.378
16.47,16.47,0.245,0.045,16.623,16.378
16.47,16.47,0.245,0.045,16.623,16.378
16.47,16.47,0.245,0.045,16.623,16.378
16.47,16.47,0.245,0.045,16.623,16.378
16.47,16.47,0.245,0.045,16.623,16.378
16.471,16.471,0.245,0.045,16.623,16.378
16.471,16.471,0.245,0.046,16.623,16.378
16.471,16.471,0.245,0.046,16.623,16.378
16.471,16.471,0.245,0.046,16.623,16.378
16.471,16.471,0.245,0.046,16.623,16.378
16.472,16.472,0.245,0.046,16.623,16.378
16.472,16.472,0.245,0.046,16.623,16.378
16.472,16.472,0.245,0.046,16.623,16.378
16.472,16.472,0.245,0.046,16.623,16.378
16.472,16.472,0.245,0.046,16.623,16.378
16.472,16.472,0.245,0.046,16.623,16.378
16.473,16.473,0.245,0.046,16.623,16.378
16.473,16.473,0.245,0.046,16.623,16.378
16.473,16.473,0.245,0.045,16.623,16.378
16.473,16.473,0.245,0.046,16.623,16.378
16.474,16.474,0.245,0.046,16.623,16.378
16.474,16.474,0.245,0.046,16.623,16.378
16.474,16.474,0.245,0.046,16.623,16.378
16.475,16.475,0.245,0.046,16.623,16.378
16.475,16.475,0.245,0.046,16.623,16.378
16.475,16.475,0.245,0.046,16.623,16.378
16.475,16.475,0.245,0.046,16.623,16.378
16.475,16.476,0.245,0.046,16.623,16.378
16.476,16.476,0.245,0.046,16.623,16.378
16.476,16.476,0.245,0.046,16.623,16.378
16.476,16.476,0.245,0.047,16.623,16.378
16.477,16.477,0.245,0.047,16.623,16.378
16.477,16.477,0.245,0.047,16.623,16.378
16.477,16.477,0.245,0.047,16.623,16.378
16.478,16.478,0.245,0.047,16.623,16.378
16.478,16.478,0.245,0.047,16.623,16.378
16.478,16.478,0.245,0.047,16.623,16.378
16.478,16.478,0.245,0.047,16.623,16.378
16.478,16.478,0.245,0.047,16.623,16.378
16.479,16.479,0.245,0.047,16.623,16.378
16.479,16.479,0.245,0.048,16.623,16.378
16.479,16.479,0.245,0.048,16.623,16.378
16.479,16.48,0.245,0.048,16.623,16.378
16.48,16.48,0.245,0.048,16.623,16.378
16.48,16.48,0.245,0.048,16.623,16.378
16.48,16.48,0.245,0.048,16.623,16.378
16.48,16.48,0.245,0.048,16.623,16.378
16.48,16.48,0.245,0.048,16.623,16.378
16.48,16.48,0.245,0.048,16.623,16.378
16.481,16.481,0.245,0.048,16.623,16.378
16.481,16.481,0.245,0.048,16.623,16.378
16.481,16.481,0.245,0.048,16.623,16.378
16.481,16.481,0.245,0.048,16.623,16.378
16.482,16.482,0.245,0.048,16.623,16.378
16.482,16.482,0.245,0.048,16.623,16.378
16.482,16.482,0.245,0.048,16.623,16.378
16.482,16.482,0.245,0.048,16.623,16.378
16.482,16.482,0.245,0.048,16.623,16.378
16.482,16.482,0.245,0.048,16.623,16.378
16.482,16.482,0.245,0.048,16.623,16.378
16.482,16.483,0.245,0.048,16.623,16.378
16.483,16.483,0.245,0.049,16.623,16.378
16.483,16.483,0.245,0.049,16.623,16.378
16.483,16.483,0.245,0.049,16.623,16.378
16.483,16.484,0.245,0.049,16.623,16.378
16.484,16.484,0.245,0.049,16.623,16.378
16.484,16.484,0.245,0.049,16.623,16.378
16.484,16.484,0.245,0.049,16.623,16.378
16.484,16.484,0.245,0.049,16.623,16.378
16.484,16.484,0.245,0.049,16.623,16.378
16.484,16.485,0.245,0.049,16.623,16.378
16.485,16.485,0.245,0.049,16.623,16.378
16.485,16.485,0.245,0.049,16.623,16.378
16.485,16.485,0.245,0.049,16.623,16.378
16.485,16.485,0.245,0.049,16.623,16.378
16.485,16.485,0.245,0.049,16.623,16.378
16.485,16.486,0.245,0.049,16.623,16.378
16.486,16.486,0.245,0.049,16.623,16.378
16.487,16.487,0.245,0.049,16.623,16.378
16.487,16.487,0.245,0.049,16.623,16.378
16.487,16.487,0.245,0.049,16.623,16.378
16.487,16.488,0.245,0.049,16.623,16.378
16.488,16.488,0.245,0.049,16.623,16.378
16.488,16.488,0.245,0.049,16.623,16.378
16.488,16.488,0.245,0.049,16.623,16.378
16.488,16.488,0.245,0.049,16.623,16.378
16.488,16.489,0.245,0.049,16.623,16.378
16.488,16.489,0.245,0.049,16.623,16.378
16.489,16.489,0.245,0.049,16.623,16.378
16.489,16.489,0.245,0.049,16.623,16.378
16.489,16.489,0.245,0.048,16.623,16.378
16.489,16.489,0.24,0.048,16.623,16.383
16.489,16.489,0.24,0.048,16.623,16.383
16.489,16.489,0.24,0.048,16.623,16.383
16.489,16.489,0.24,0.048,16.623,16.383
16.49,16.49,0.24,0.048,16.623,16.383
16.489,16.49,0.24,0.048,16.623,16.383
16.489,16.489,0.24,0.048,16.623,16.383
16.489,16.489,0.24,0.048,16.623,16.383
16.489,16.489,0.24,0.048,16.623,16.383
16.489,16.489,0.24,0.048,16.623,16.383
16.489,16.489,0.24,0.048,16.623,16.383
16.489,16.49,0.24,0.048,16.623,16.383
16.49,16.49,0.24,0.048,16.623,16.383
16.49,16.49,0.24,0.048,16.623,16.383
16.49,16.49,0.24,0.048,16.623,16.383
16.49,16.49,0.24,0.047,16.623,16.383
16.49,16.49,0.24,0.047,16.623,16.383
16.491,16.491,0.24,0.047,16.623,16.383
16.491,16.491,0.24,0.047,16.623,16.383
16.491,16.491,0.24,0.047,16.623,16.383
16.491,16.491,0.24,0.047,16.623,16.383
16.491,16.491,0.24,0.047,16.623,16.383
16.491,16.491,0.24,0.047,16.623,16.383
16.491,16.491,0.24,0.047,16.623,16.383
16.491,16.491,0.24,0.047,16.623,16.383
16.491,16.491,0.24,0.047,16.623,16.383
16.492,16.492,0.24,0.047,16.623,16.383
16.491,16.492,0.24,0.047,16.623,16.383
16.491,16.492,0.24,0.046,16.623,16.383
16.491,16.492,0.268,0.047,16.623,16.355
16.492,16.492,0.268,0.046,16.623,16.355
16.491,16.492,0.268,0.046,16.623,16.355
16.491,16.491,0.268,0.046,16.623,16.355
16.491,16.491,0.268,0.046,16.623,16.355
16.491,16.491,0.268,0.046,16.623,16.355
16.491,16.491,0.268,0.046,16.623,16.355
16.491,16.491,0.268,0.046,16.623,16.355
16.491,16.491,0.268,0.046,16.623,16.355
16.49,16.49,0.268,0.046,16.623,16.355
16.49,16.49,0.268,0.046,16.623,16.355
16.49,16.49,0.268,0.046,16.623,16.355
16.49,16.49,0.268,0.046,16.623,16.355
16.49,16.49,0.268,0.046,16.623,16.355
16.49,16.49,0.268,0.046,16.623,16.355
16.49,16.49,0.265,0.045,16.62,16.355
16.49,16.49,0.265,0.046,16.62,16.355
16.49,16.49,0.265,0.045,16.62,16.355
16.49,16.49,0.265,0.045,16.62,16.355
16.49,16.49,0.265,0.045,16.62,16.355
16.49,16.49,0.265,0.045,16.62,16.355
16.49,16.49,0.265,0.045,16.62,16.355
16.49,16.491,0.265,0.045,16.62,16.355
16.491,16.491,0.265,0.045,16.62,16.355
16.491,16.491,0.265,0.045,16.62,16.355
16.491,16.491,0.265,0.045,16.62,16.355
16.491,16.491,0.265,0.045,16.62,16.355
16.49,16.49,0.265,0.044,16.62,16.355
16.49,16.49,0.265,0.044,16.62,16.355
16.49,16.491,0.265,0.044,16.62,16.355
16.491,16.491,0.265,0.044,16.62,16.355
16.491,16.491,0.265,0.044,16.62,16.355
16.491,16.491,0.265,0.044,16.62,16.355
16.49,16.49,0.265,0.044,16.62,16.355
16.49,16.491,0.265,0.044,16.62,16.355
16.491,16.491,0.265,0.044,16.62,16.355
16.491,16.491,0.265,0.044,16.62,16.355
16.49,16.49,0.265,0.044,16.62,16.355
16.49,16.49,0.265,0.043,16.62,16.355
16.49,16.49,0.265,0.043,16.62,16.355
16.49,16.49,0.265,0.043,16.62,16.355
16.49,16.49,0.265,0.043,16.62,16.355
16.49,16.49,0.265,0.043,16.62,16.355
16.49,16.49,0.265,0.043,16.62,16.355
16.49,16.49,0.265,0.043,16.62,16.355
16.49,16.49,0.265,0.043,16.62,16.355
16.489,16.489,0.265,0.043,16.62,16.355
16.489,16.489,0.265,0.043,16.62,16.355
16.489,16.489,0.265,0.043,16.62,16.355
16.489,16.489,0.265,0.043,16.62,16.355
16.489,16.489,0.265,0.043,16.62,16.355
16.489,16.489,0.265,0.043,16.62,16.355
16.488,16.488,0.265,0.042,16.62,16.355
16.488,16.488,0.265,0.042,16.62,16.355
16.488,16.488,0.265,0.042,16.62,16.355
16.488,16.488,0.265,0.042,16.62,16.355
16.488,16.488,0.265,0.042,16.62,16.355
16.488,16.488,0.265,0.042,16.62,16.355
16.488,16.488,0.265,0.042,16.62,16.355
16.488,16.488,0.265,0.042,16.62,16.355
16.488,16.488,0.265,0.042,16.62,16.355
16.488,16.488,0.265,0.041,16.62,16.355
16.487,16.488,0.265,0.041,16.62,16.355
16.487,16.487,0.265,0.041,16.62,16.355
16.487,16.487,0.265,0.041,16.62,16.355
16.487,16.487,0.265,0.041,16.62,16.355
16.487,16.487,0.265,0.041,16.62,16.355
16.487,16.487,0.265,0.041,16.62,16.355
16.486,16.487,0.265,0.041,16.62,16.355
16.486,16.487,0.265,0.041,16.62,16.355
16.486,16.486,0.265,0.041,16.62,16.355
16.486,16.486,0.265,0.041,16.62,16.355
16.486,16.486,0.265,0.041,16.62,16.355
16.486,16.486,0.265,0.041,16.62,16.355
16.486,16.486,0.265,0.041,16.62,16.355
16.486,16.486,0.265,0.041,16.62,16.355
16.486,16.486,0.265,0.041,16.62,16.355
16.486,16.486,0.265,0.041,16.62,16.355
16.486,16.486,0.265,0.041,16.62,16.355
16.485,16.485,0.265,0.041,16.62,16.355
16.485,16.485,0.248,0.04,16.603,16.355
16.485,16.485,0.248,0.04,16.603,16.355
16.485,16.485,0.248,0.04,16.603,16.355
16.485,16.485,0.245,0.04,16.6,16.355
16.484,16.484,0.245,0.04,16.6,16.355
16.484,16.484,0.245,0.04,16.6,16.355
16.484,16.484,0.245,0.04,16.6,16.355
16.484,16.484,0.245,0.04,16.6,16.355
16.484,16.484,0.245,0.039,16.6,16.355
16.484,16.484,0.245,0.039,16.6,16.355
16.484,16.484,0.245,0.039,16.6,16.355
16.483,16.483,0.245,0.039,16.6,16.355
16.483,16.483,0.245,0.039,16.6,16.355
16.483,16.483,0.245,0.039,16.6,16.355
16.482,16.483,0.245,0.039,16.6,16.355
16.482,16.482,0.245,0.038,16.6,16.355
16.482,16.482,0.245,0.038,16.6,16.355
16.482,16.482,0.245,0.038,16.6,16.355
16.482,16.482,0.278,0.038,16.633,16.355
16.482,16.482,0.278,0.039,16.633,16.355
16.482,16.482,0.278,0.038,16.633,16.355
16.482,16.482,0.278,0.038,16.633,16.355
16.482,16.482,0.278,0.038,16.633,16.355
16.482,16.482,0.278,0.038,16.633,16.355
16.482,16.482,0.278,0.038,16.633,16.355
16.482,16.482,0.278,0.038,16.633,16.355
16.481,16.481,0.278,0.038,16.633,16.355
16.481,16.481,0.278,0.038,16.633,16.355
16.481,16.481,0.278,0.038,16.633,16.355
16.481,16.481,0.278,0.038,16.633,16.355
16.481,16.481,0.278,0.038,16.633,16.355
16.481,16.481,0.278,0.038,16.633,16.355
16.481,16.481,0.278,0.038,16.633,16.355
16.481,16.481,0.278,0.037,16.633,16.355
16.48,16.48,0.278,0.037,16.633,16.355
16.48,16.48,0.278,0.037,16.633,16.355
16.48,16.48,0.278,0.037,16.633,16.355
16.48,16.48,0.278,0.037,16.633,16.355
16.48,16.48,0.278,0.037,16.633,16.355
16.48,16.48,0.278,0.037,16.633,16.355
16.48,16.48,0.278,0.037,16.633,16.355
16.48,16.48,0.278,0.037,16.633,16.355
16.48,16.48,0.278,0.037,16.633,16.355
16.479,16.479,0.278,0.037,16.633,16.355
16.479,16.479,0.278,0.037,16.633,16.355
16.479,16.48,0.278,0.037,16.633,16.355
16.479,16.479,0.278,0.037,16.633,16.355
16.479,16.479,0.278,0.037,16.633,16.355
16.479,16.479,0.278,0.037,16.633,16.355
16.479,16.479,0.278,0.036,16.633,16.355
16.479,16.479,0.278,0.036,16.633,16.355
16.479,16.479,0.278,0.036,16.633,16.355
16.479,16.479,0.278,0.036,16.633,16.355
16.479,16.479,0.278,0.036,16.633,16.355
16.479,16.479,0.278,0.036,16.633,16.355
16.479,16.479,0.278,0.036,16.633,16.355
16.478,16.478,0.278,0.036,16.633,16.355
16.478,16.478,0.278,0.035,16.633,16.355
16.478,16.478,0.278,0.035,16.633,16.355
16.478,16.478,0.278,0.035,16.633,16.355
16.478,16.478,0.278,0.035,16.633,16.355
16.478,16.478,0.278,0.035,16.633,16.355
16.478,16.478,0.278,0.035,16.633,16.355
16.478,16.478,0.278,0.035,16.633,16.355
16.478,16.478,0.278,0.035,16.633,16.355
16.478,16.478,0.278,0.035,16.633,16.355
16.478,16.478,0.278,0.035,16.633,16.355
16.478,16.478,0.278,0.035,16.633,16.355
16.478,16.478,0.278,0.035,16.633,16.355
16.478,16.478,0.278,0.035,16.633,16.355
16.478,16.478,0.278,0.035,16.633,16.355
16.478,16.478,0.278,0.035,16.633,16.355
16.478,16.478,0.278,0.035,16.633,16.355
16.478,16.478,0.278,0.035,16.633,16.355
16.478,16.478,0.278,0.035,16.633,16.355
16.478,16.478,0.278,0.035,16.633,16.355
16.478,16.478,0.278,0.035,16.633,16.355
16.478,16.478,0.278,0.035,16.633,16.355
16.477,16.478,0.278,0.035,16.633,16.355
16.477,16.477,0.278,0.035,16.633,16.355
16.478,16.478,0.278,0.035,16.633,16.355
16.478,16.478,0.278,0.035,16.633,16.355
16.478,16.478,0.278,0.035,16.633,16.355
16.478,16.478,0.278,0.035,16.633,16.355
16.478,16.478,0.278,0.035,16.633,16.355
16.477,16.477,0.278,0.035,16.633,16.355
16.477,16.477,0.278,0.035,16.633,16.355
16.477,16.477,0.278,0.035,16.633,16.355
16.477,16.477,0.278,0.035,16.633,16.355
16.477,16.477,0.278,0.035,16.633,16.355
16.477,16.477,0.278,0.035,16.633,16.355
16.477,16.477,0.278,0.035,16.633,16.355
16.478,16.478,0.278,0.035,16.633,16.355
16.478,16.478,0.278,0.035,16.633,16.355
16.478,16.478,0.278,0.035,16.633,16.355
16.478,16.478,0.278,0.035,16.633,16.355
16.478,16.478,0.278,0.035,16.633,16.355
16.477,16.477,0.278,0.036,16.633,16.355
16.478,16.478,0.278,0.036,16.633,16.355
16.478,16.478,0.278,0.036,16.633,16.355
16.478,16.478,0.275,0.036,16.633,16.358
16.478,16.478,0.275,0.036,16.633,16.358
16.478,16.478,0.275,0.036,16.633,16.358
16.478,16.478,0.275,0.036,16.633,16.358
16.478,16.478,0.275,0.036,16.633,16.358
16.478,16.478,0.275,0.036,16.633,16.358
16.478,16.478,0.275,0.036,16.633,16.358
16.478,16.478,0.275,0.036,16.633,16.358
16.479,16.479,0.265,0.036,16.633,16.368
16.479,16.479,0.254,0.036,16.633,16.379
16.479,16.479,0.254,0.036,16.633,16.379
16.479,16.479,0.25,0.036,16.633,16.383
16.479,16.479,0.25,0.036,16.633,16.383
16.479,16.479,0.25,0.036,16.633,16.383
16.479,16.479,0.25,0.036,16.633,16.383
16.479,16.479,0.25,0.037,16.633,16.383
16.479,16.479,0.236,0.037,16.633,16.397
16.479,16.479,0.236,0.037,16.633,16.397
16.479,16.48,0.236,0.037,16.633,16.397
16.479,16.48,0.236,0.037,16.633,16.397
16.479,16.479,0.236,0.037,16.633,16.397
16.48,16.48,0.236,0.037,16.633,16.397
16.479,16.479,0.236,0.037,16.633,16.397
16.479,16.479,0.236,0.037,16.633,16.397
16.479,16.479,0.236,0.037,16.633,16.397
16.479,16.479,0.236,0.037,16.633,16.397
16.479,16.479,0.236,0.037,16.633,16.397
16.479,16.479,0.236,0.037,16.633,16.397
16.479,16.479,0.236,0.037,16.633,16.397
16.48,16.48,0.236,0.037,16.633,16.397
16.48,16.48,0.236,0.038,16.633,16.397
16.48,16.48,0.236,0.038,16.633,16.397
16.48,16.48,0.236,0.038,16.633,16.397
16.48,16.48,0.236,0.038,16.633,16.397
16.48,16.48,0.236,0.038,16.633,16.397
16.48,16.48,0.236,0.038,16.633,16.397
16.48,16.48,0.236,0.038,16.633,16.397
16.48,16.48,0.236,0.038,16.633,16.397
16.48,16.48,0.236,0.038,16.633,16.397
16.48,16.48,0.236,0.038,16.633,16.397
16.48,16.48,0.236,0.038,16.633,16.397
16.48,16.48,0.236,0.038,16.633,16.397
16.48,16.48,0.236,0.038,16.633,16.397
16.48,16.48,0.236,0.038,16.633,16.397
16.48,16.48,0.236,0.038,16.633,16.397
16.481,16.481,0.236,0.038,16.633,16.397
16.481,16.481,0.236,0.038,16.633,16.397
16.481,16.481,0.236,0.038,16.633,16.397
16.481,16.481,0.236,0.038,16.633,16.397
16.481,16.481,0.236,0.038,16.633,16.397
16.481,16.481,0.236,0.038,16.633,16.397
16.481,16.481,0.236,0.038,16.633,16.397
16.481,16.481,0.236,0.038,16.633,16.397
16.482,16.482,0.236,0.038,16.633,16.397
16.482,16.482,0.236,0.039,16.633,16.397
16.482,16.482,0.236,0.039,16.633,16.397
16.483,16.483,0.236,0.039,16.633,16.397
16.483,16.483,0.236,0.039,16.633,16.397
16.483,16.483,0.236,0.039,16.633,16.397
16.483,16.483,0.236,0.039,16.633,16.397
16.483,16.483,0.236,0.039,16.633,16.397
16.484,16.484,0.236,0.039,16.633,16.397
16.484,16.484,0.236,0.039,16.633,16.397
16.484,16.484,0.236,0.039,16.633,16.397
16.484,16.484,0.236,0.04,16.633,16.397
16.484,16.484,0.236,0.04,16.633,16.397
16.484,16.484,0.236,0.04,16.633,16.397
16.484,16.484,0.236,0.04,16.633,16.397
16.485,16.485,0.236,0.04,16.633,16.397
16.485,16.485,0.236,0.04,16.633,16.397
16.485,16.485,0.236,0.04,16.633,16.397
16.485,16.485,0.236,0.04,16.633,16.397
16.485,16.485,0.236,0.04,16.633,16.397
16.485,16.485,0.236,0.04,16.633,16.397
16.485,16.485,0.236,0.04,16.633,16.397
16.485,16.485,0.236,0.04,16.633,16.397
16.485,16.485,0.236,0.04,16.633,16.397
16.485,16.485,0.236,0.04,16.633,16.397
16.485,16.485,0.236,0.04,16.633,16.397
16.485,16.486,0.236,0.04,16.633,16.397
16.486,16.486,0.236,0.04,16.633,16.397
16.486,16.486,0.236,0.04,16.633,16.397
16.486,16.486,0.236,0.04,16.633,16.397
16.486,16.486,0.236,0.04,16.633,16.397
16.486,16.486,0.236,0.04,16.633,16.397
16.486,16.486,0.236,0.04,16.633,16.397
16.486,16.486,0.236,0.04,16.633,16.397
16.486,16.486,0.236,0.04,16.633,16.397
16.486,16.486,0.236,0.04,16.633,16.397
16.486,16.486,0.236,0.04,16.633,16.397
16.486,16.486,0.236,0.04,16.633,16.397
16.486,16.487,0.236,0.04,16.633,16.397
16.487,16.487,0.236,0.04,16.633,16.397
16.487,16.487,0.236,0.04,16.633,16.397
16.487,16.487,0.236,0.04,16.633,16.397
16.487,16.487,0.236,0.04,16.633,16.397
16.487,16.487,0.236,0.041,16.633,16.397
16.487,16.487,0.239,0.041,16.636,16.397
16.487,16.487,0.239,0.04,16.636,16.397
16.487,16.487,0.239,0.04,16.636,16.397
16.487,16.487,0.239,0.04,16.636,16.397
16.487,16.487,0.239,0.04,16.636,16.397
16.487,16.487,0.239,0.04,16.636,16.397
16.487,16.487,0.239,0.04,16.636,16.397
16.487,16.487,0.239,0.04,16.636,16.397
16.488,16.488,0.239,0.041,16.636,16.397
16.488,16.488,0.239,0.041,16.636,16.397
16.488,16.488,0.239,0.041,16.636,16.397
16.488,16.488,0.239,0.041,16.636,16.397
16.488,16.488,0.239,0.041,16.636,16.397
16.488,16.488,0.239,0.041,16.636,16.397
16.488,16.488,0.239,0.041,16.636,16.397
16.488,16.488,0.239,0.041,16.636,16.397
16.488,16.488,0.239,0.041,16.636,16.397
16.489,16.489,0.239,0.041,16.636,16.397
16.488,16.488,0.239,0.041,16.636,16.397
16.488,16.489,0.239,0.041,16.636,16.397
16.489,16.489,0.239,0.041,16.636,16.397
16.489,16.489,0.239,0.041,16.636,16.397
16.489,16.489,0.239,0.041,16.636,16.397
16.489,16.489,0.239,0.041,16.636,16.397
16.489,16.489,0.239,0.041,16.636,16.397
16.489,16.489,0.239,0.041,16.636,16.397
16.49,16.49,0.239,0.041,16.636,16.397
16.49,16.49,0.239,0.041,16.636,16.397
16.49,16.49,0.239,0.041,16.636,16.397
16.49,16.49,0.239,0.041,16.636,16.397
16.49,16.49,0.239,0.041,16.636,16.397
16.49,16.49,0.233,0.041,16.636,16.403
16.49,16.49,0.233,0.041,16.636,16.403
16.49,16.49,0.233,0.041,16.636,16.403
16.49,16.49,0.233,0.041,16.636,16.403
16.491,16.491,0.233,0.041,16.636,16.403
16.491,16.491,0.233,0.041,16.636,16.403
16.491,16.491,0.233,0.041,16.636,16.403
16.491,16.491,0.233,0.041,16.636,16.403
16.491,16.491,0.233,0.041,16.636,16.403
16.491,16.491,0.233,0.041,16.636,16.403
16.491,16.491,0.233,0.041,16.636,16.403
16.491,16.491,0.233,0.041,16.636,16.403
16.491,16.491,0.233,0.041,16.636,16.403
16.491,16.491,0.233,0.041,16.636,16.403
16.491,16.491,0.233,0.041,16.636,16.403
16.491,16.491,0.233,0.041,16.636,16.403
16.491,16.491,0.233,0.041,16.636,16.403
16.491,16.491,0.233,0.041,16.636,16.403
16.491,16.491,0.233,0.041,16.636,16.403
16.491,16.491,0.233,0.041,16.636,16.403
16.491,16.491,0.233,0.041,16.636,16.403
16.491,16.491,0.233,0.041,16.636,16.403
16.491,16.491,0.233,0.041,16.636,16.403
16.491,16.491,0.233,0.041,16.636,16.403
16.491,16.491,0.233,0.041,16.636,16.403
16.491,16.491,0.233,0.041,16.636,16.403
16.491,16.492,0.233,0.04,16.636,16.403
16.492,16.492,0.233,0.041,16.636,16.403
16.492,16.492,0.233,0.04,16.636,16.403
16.492,16.492,0.233,0.04,16.636,16.403
16.492,16.492,0.233,0.04,16.636,16.403
16.492,16.492,0.233,0.04,16.636,16.403
16.492,16.492,0.233,0.04,16.636,16.403
16.492,16.492,0.233,0.04,16.636,16.403
16.492,16.492,0.233,0.04,16.636,16.403
16.492,16.492,0.233,0.04,16.636,16.403
16.492,16.492,0.233,0.04,16.636,16.403
16.492,16.492,0.233,0.04,16.636,16.403
16.493,16.493,0.233,0.039,16.636,16.403
16.493,16.493,0.233,0.039,16.636,16.403
16.493,16.493,0.233,0.039,16.636,16.403
16.493,16.493,0.233,0.039,16.636,16.403
16.493,16.493,0.233,0.039,16.636,16.403
16.493,16.493,0.233,0.039,16.636,16.403
16.492,16.492,0.233,0.039,16.636,16.403
16.493,16.493,0.233,0.039,16.636,16.403
16.493,16.493,0.233,0.039,16.636,16.403
16.493,16.493,0.233,0.039,16.636,16.403
16.493,16.493,0.233,0.039,16.636,16.403
16.493,16.493,0.233,0.039,16.636,16.403
16.493,16.493,0.233,0.039,16.636,16.403
16.493,16.493,0.233,0.038,16.636,16.403
16.493,16.493,0.233,0.038,16.636,16.403
16.493,16.493,0.233,0.038,16.636,16.403
16.493,16.493,0.233,0.038,16.636,16.403
16.492,16.492,0.233,0.038,16.636,16.403
16.492,16.492,0.233,0.038,16.636,16.403
16.492,16.492,0.233,0.038,16.636,16.403
16.492,16.492,0.233,0.038,16.636,16.403
16.492,16.492,0.233,0.038,16.636,16.403
16.492,16.492,0.233,0.038,16.636,16.403
16.492,16.492,0.233,0.038,16.636,16.403
16.492,16.492,0.233,0.038,16.636,16.403
16.492,16.492,0.23,0.038,16.636,16.406
16.492,16.492,0.23,0.038,16.636,16.406
16.492,16.492,0.23,0.038,16.636,16.406
16.492,16.492,0.256,0.038,16.636,16.38
16.492,16.492,0.256,0.038,16.636,16.38
16.492,16.492,0.256,0.038,16.636,16.38
16.492,16.492,0.256,0.038,16.636,16.38
16.492,16.492,0.256,0.038,16.636,16.38
16.492,16.492,0.256,0.037,16.636,16.38
16.492,16.492,0.256,0.037,16.636,16.38
16.492,16.492,0.256,0.037,16.636,16.38
16.492,16.492,0.256,0.037,16.636,16.38
16.492,16.492,0.256,0.037,16.636,16.38
16.492,16.492,0.256,0.037,16.636,16.38
16.492,16.492,0.256,0.037,16.636,16.38
16.492,16.492,0.256,0.037,16.636,16.38
16.492,16.492,0.256,0.037,16.636,16.38
16.492,16.492,0.256,0.037,16.636,16.38
16.492,16.492,0.256,0.037,16.636,16.38
16.492,16.492,0.256,0.037,16.636,16.38
16.492,16.492,0.256,0.037,16.636,16.38
16.492,16.492,0.256,0.037,16.636,16.38
16.492,16.492,0.256,0.037,16.636,16.38
16.492,16.492,0.256,0.037,16.636,16.38
16.492,16.492,0.256,0.037,16.636,16.38
16.492,16.492,0.256,0.037,16.636,16.38
16.492,16.492,0.256,0.037,16.636,16.38
16.492,16.492,0.256,0.037,16.636,16.38
16.492,16.492,0.256,0.037,16.636,16.38
16.492,16.492,0.256,0.037,16.636,16.38
16.492,16.492,0.256,0.037,16.636,16.38
16.492,16.492,0.256,0.037,16.636,16.38
16.492,16.492,0.256,0.037,16.636,16.38
16.492,16.492,0.256,0.037,16.636,16.38
16.492,16.492,0.268,0.037,16.636,16.368
16.492,16.492,0.268,0.037,16.636,16.368
16.492,16.492,0.268,0.037,16.636,16.368
16.491,16.492,0.268,0.037,16.636,16.368
16.491,16.491,0.268,0.037,16.636,16.368
16.491,16.491,0.268,0.037,16.636,16.368
16.491,16.491,0.268,0.037,16.636,16.368
16.491,16.491,0.268,0.037,16.636,16.368
16.491,16.491,0.268,0.037,16.636,16.368
16.491,16.491,0.268,0.037,16.636,16.368
16.491,16.491,0.268,0.036,16.636,16.368
16.49,16.49,0.268,0.036,16.636,16.368
16.49,16.49,0.268,0.036,16.636,16.368
16.49,16.49,0.268,0.036,16.636,16.368
16.49,16.49,0.268,0.036,16.636,16.368
16.489,16.489,0.268,0.036,16.636,16.368
16.489,16.489,0.268,0.036,16.636,16.368
16.489,16.489,0.268,0.036,16.636,16.368
16.489,16.489,0.268,0.036,16.636,16.368
16.488,16.488,0.268,0.036,16.636,16.368
16.488,16.488,0.268,0.036,16.636,16.368
16.488,16.488,0.268,0.036,16.636,16.368
16.488,16.488,0.268,0.036,16.636,16.368
16.487,16.487,0.268,0.036,16.636,16.368
16.487,16.487,0.268,0.036,16.636,16.368
16.487,16.487,0.268,0.036,16.636,16.368
16.487,16.487,0.268,0.036,16.636,16.368
16.487,16.487,0.268,0.036,16.636,16.368
16.487,16.487,0.268,0.036,16.636,16.368
16.487,16.487,0.303,0.036,16.636,16.333
16.487,16.487,0.303,0.037,16.636,16.333
16.486,16.487,0.303,0.036,16.636,16.333
16.486,16.486,0.303,0.036,16.636,16.333
16.486,16.486,0.303,0.036,16.636,16.333
16.486,16.486,0.303,0.036,16.636,16.333
16.486,16.486,0.303,0.037,16.636,16.333
16.485,16.486,0.303,0.036,16.636,16.333
16.485,16.485,0.303,0.036,16.636,16.333
16.485,16.485,0.303,0.036,16.636,16.333
16.485,16.485,0.303,0.036,16.636,16.333
16.485,16.485,0.303,0.036,16.636,16.333
16.485,16.485,0.303,0.036,16.636,16.333
16.484,16.484,0.303,0.036,16.636,16.333
16.484,16.484,0.303,0.036,16.636,16.333
16.484,16.484,0.303,0.036,16.636,16.333
16.484,16.484,0.303,0.036,16.636,16.333
16.484,16.484,0.303,0.036,16.636,16.333
16.483,16.483,0.303,0.036,16.636,16.333
16.483,16.483,0.303,0.036,16.636,16.333
16.483,16.483,0.303,0.036,16.636,16.333
16.483,16.483,0.303,0.036,16.636,16.333
16.482,16.482,0.303,0.036,16.636,16.333
16.482,16.482,0.287,0.036,16.62,16.333
16.482,16.482,0.287,0.036,16.62,16.333
16.482,16.482,0.287,0.036,16.62,16.333
16.482,16.482,0.287,0.036,16.62,16.333
16.482,16.482,0.287,0.036,16.62,16.333
16.482,16.482,0.287,0.036,16.62,16.333
16.481,16.481,0.287,0.036,16.62,16.333
16.481,16.481,0.287,0.036,16.62,16.333
16.481,16.481,0.287,0.036,16.62,16.333
16.481,16.481,0.287,0.036,16.62,16.333
16.48,16.48,0.267,0.035,16.6,16.333
16.48,16.48,0.267,0.035,16.6,16.333
16.48,16.48,0.267,0.036,16.6,16.333
16.48,16.48,0.267,0.035,16.6,16.333
16.48,16.48,0.267,0.035,16.6,16.333
16.48,16.48,0.267,0.035,16.6,16.333
16.479,16.479,0.267,0.035,16.6,16.333
16.479,16.479,0.267,0.035,16.6,16.333
16.479,16.479,0.267,0.035,16.6,16.333
16.479,16.479,0.267,0.035,16.6,16.333
16.479,16.479,0.267,0.035,16.6,16.333
16.479,16.479,0.267,0.035,16.6,16.333
16.478,16.478,0.267,0.035,16.6,16.333
16.478,16.478,0.267,0.035,16.6,16.333
16.478,16.478,0.267,0.035,16.6,16.333
16.478,16.478,0.267,0.035,16.6,16.333
16.477,16.477,0.267,0.035,16.6,16.333
16.477,16.477,0.267,0.035,16.6,16.333
16.477,16.477,0.267,0.035,16.6,16.333
16.477,16.477,0.267,0.035,16.6,16.333
16.477,16.477,0.267,0.035,16.6,16.333
16.477,16.477,0.267,0.035,16.6,16.333
16.476,16.476,0.267,0.035,16.6,16.333
16.476,16.476,0.267,0.035,16.6,16.333
16.476,16.476,0.267,0.035,16.6,16.333
16.476,16.476,0.267,0.034,16.6,16.333
16.476,16.476,0.265,0.034,16.598,16.333
16.475,16.476,0.265,0.034,16.598,16.333
16.475,16.475,0.264,0.034,16.597,16.333
16.475,16.475,0.264,0.034,16.597,16.333
16.475,16.475,0.264,0.034,16.597,16.333
16.475,16.475,0.264,0.033,16.597,16.333
16.475,16.475,0.264,0.033,16.597,16.333
16.475,16.475,0.264,0.033,16.597,16.333
16.475,16.475,0.264,0.033,16.597,16.333
16.475,16.475,0.264,0.033,16.597,16.333
16.475,16.475,0.264,0.033,16.597,16.333
16.474,16.474,0.264,0.033,16.597,16.333
16.474,16.475,0.264,0.033,16.597,16.333
16.475,16.475,0.264,0.033,16.597,16.333
16.474,16.475,0.264,0.033,16.597,16.333
16.474,16.474,0.264,0.033,16.597,16.333
16.474,16.475,0.264,0.033,16.597,16.333
16.474,16.474,0.264,0.033,16.597,16.333
16.474,16.474,0.264,0.033,16.597,16.333
16.474,16.474,0.264,0.033,16.597,16.333
16.474,16.474,0.264,0.033,16.597,16.333
16.474,16.474,0.264,0.033,16.597,16.333
16.474,16.474,0.264,0.033,16.597,16.333
16.473,16.473,0.258,0.033,16.591,16.333
16.473,16.473,0.258,0.033,16.591,16.333
16.473,16.473,0.258,0.033,16.591,16.333
16.473,16.473,0.258,0.033,16.591,16.333
16.473,16.473,0.258,0.033,16.591,16.333
16.473,16.473,0.258,0.033,16.591,16.333
16.473,16.473,0.272,0.033,16.605,16.333
16.473,16.473,0.272,0.033,16.605,16.333
16.473,16.473,0.272,0.033,16.605,16.333
16.473,16.473,0.272,0.033,16.605,16.333
16.472,16.472,0.272,0.033,16.605,16.333
16.472,16.472,0.272,0.033,16.605,16.333
16.472,16.472,0.272,0.033,16.605,16.333
16.472,16.472,0.272,0.033,16.605,16.333
16.472,16.472,0.272,0.033,16.605,16.333
16.472,16.472,0.275,0.034,16.608,16.333
16.473,16.473,0.275,0.034,16.608,16.333
16.472,16.472,0.275,0.034,16.608,16.333
16.472,16.472,0.275,0.034,16.608,16.333
16.472,16.472,0.275,0.034,16.608,16.333
16.472,16.472,0.275,0.034,16.608,16.333
16.472,16.472,0.275,0.034,16.608,16.333
16.472,16.472,0.275,0.034,16.608,16.333
16.472,16.472,0.275,0.034,16.608,16.333
16.473,16.473,0.275,0.034,16.608,16.333
16.473,16.473,0.275,0.034,16.608,16.333
16.473,16.473,0.275,0.035,16.608,16.333
16.473,16.473,0.296,0.035,16.629,16.333
16.473,16.473,0.296,0.035,16.629,16.333
16.473,16.474,0.296,0.035,16.629,16.333
16.473,16.473,0.296,0.035,16.629,16.333
16.474,16.474,0.296,0.036,16.629,16.333
16.474,16.474,0.296,0.036,16.629,16.333
16.474,16.474,0.296,0.036,16.629,16.333
16.474,16.474,0.296,0.036,16.629,16.333
16.474,16.474,0.296,0.036,16.629,16.333
16.474,16.474,0.296,0.036,16.629,16.333
16.474,16.474,0.296,0.036,16.629,16.333
16.474,16.474,0.296,0.036,16.629,16.333
16.474,16.474,0.296,0.036,16.629,16.333
16.474,16.474,0.296,0.036,16.629,16.333
16.474,16.474,0.296,0.037,16.629,16.333
16.474,16.474,0.296,0.037,16.629,16.333
16.474,16.474,0.296,0.037,16.629,16.333
16.474,16.474,0.296,0.037,16.629,16.333
16.474,16.474,0.296,0.037,16.629,16.333
16.474,16.475,0.296,0.037,16.629,16.333
16.475,16.475,0.296,0.037,16.629,16.333
16.475,16.475,0.296,0.037,16.629,16.333
16.475,16.475,0.296,0.037,16.629,16.333
16.475,16.475,0.296,0.037,16.629,16.333
16.475,16.475,0.296,0.038,16.629,16.333
16.475,16.475,0.296,0.038,16.629,16.333
16.475,16.475,0.296,0.038,16.629,16.333
16.475,16.475,0.296,0.038,16.629,16.333
16.475,16.475,0.296,0.038,16.629,16.333
16.475,16.475,0.296,0.038,16.629,16.333
16.475,16.475,0.296,0.038,16.629,16.333
16.475,16.475,0.296,0.038,16.629,16.333
16.476,16.476,0.296,0.039,16.629,16.333
16.476,16.476,0.296,0.039,16.629,16.333
16.476,16.476,0.296,0.039,16.629,16.333
16.476,16.476,0.296,0.039,16.629,16.333
16.476,16.476,0.296,0.039,16.629,16.333
16.476,16.476,0.296,0.039,16.629,16.333
16.477,16.477,0.296,0.04,16.629,16.333
16.477,16.477,0.296,0.04,16.629,16.333
16.477,16.477,0.296,0.04,16.629,16.333
16.477,16.477,0.296,0.04,16.629,16.333
16.477,16.477,0.296,0.04,16.629,16.333
16.477,16.477,0.296,0.04,16.629,16.333
16.477,16.477,0.296,0.04,16.629,16.333
16.477,16.477,0.296,0.04,16.629,16.333
16.477,16.477,0.296,0.04,16.629,16.333
16.477,16.477,0.296,0.041,16.629,16.333
16.477,16.477,0.296,0.041,16.629,16.333
16.477,16.477,0.296,0.041,16.629,16.333
16.477,16.477,0.296,0.041,16.629,16.333
16.477,16.478,0.296,0.041,16.629,16.333
16.478,16.478,0.296,0.041,16.629,16.333
16.478,16.478,0.296,0.041,16.629,16.333
16.478,16.478,0.296,0.041,16.629,16.333
16.478,16.478,0.296,0.041,16.629,16.333
16.479,16.479,0.296,0.042,16.629,16.333
16.479,16.479,0.296,0.042,16.629,16.333
16.479,16.479,0.296,0.042,16.629,16.333
16.479,16.479,0.296,0.042,16.629,16.333
16.479,16.479,0.296,0.042,16.629,16.333
16.48,16.48,0.296,0.042,16.629,16.333
16.48,16.48,0.296,0.042,16.629,16.333
16.48,16.48,0.296,0.042,16.629,16.333
16.48,16.48,0.296,0.042,16.629,16.333
16.481,16.481,0.296,0.042,16.629,16.333
16.481,16.481,0.296,0.042,16.629,16.333
16.481,16.481,0.296,0.042,16.629,16.333
16.481,16.481,0.296,0.042,16.629,16.333
16.481,16.481,0.296,0.043,16.629,16.333
16.481,16.481,0.296,0.043,16.629,16.333
16.481,16.481,0.278,0.042,16.629,16.351
16.481,16.481,0.278,0.042,16.629,16.351
16.481,16.482,0.278,0.042,16.629,16.351
16.482,16.482,0.278,0.042,16.629,16.351
16.482,16.482,0.278,0.042,16.629,16.351
16.482,16.482,0.278,0.042,16.629,16.351
16.482,16.482,0.24,0.042,16.629,16.389
16.482,16.482,0.24,0.042,16.629,16.389
16.482,16.482,0.24,0.042,16.629,16.389
16.482,16.482,0.24,0.042,16.629,16.389
16.482,16.482,0.24,0.042,16.629,16.389
16.482,16.482,0.24,0.042,16.629,16.389
16.482,16.482,0.24,0.043,16.629,16.389
16.482,16.482,0.24,0.043,16.629,16.389
16.483,16.483,0.24,0.043,16.629,16.389
16.483,16.483,0.24,0.043,16.629,16.389
16.483,16.483,0.236,0.043,16.629,16.393
16.484,16.484,0.236,0.043,16.629,16.393
16.484,16.484,0.236,0.043,16.629,16.393
16.484,16.484,0.236,0.043,16.629,16.393
16.484,16.484,0.236,0.043,16.629,16.393
16.484,16.485,0.236,0.043,16.629,16.393
16.485,16.485,0.236,0.043,16.629,16.393
16.485,16.485,0.236,0.043,16.629,16.393
16.485,16.485,0.236,0.043,16.629,16.393
16.485,16.485,0.236,0.043,16.629,16.393
16.485,16.485,0.236,0.043,16.629,16.393
16.485,16.485,0.236,0.043,16.629,16.393
16.486,16.486,0.236,0.043,16.629,16.393
16.486,16.486,0.236,0.043,16.629,16.393
16.486,16.486,0.236,0.043,16.629,16.393
16.486,16.487,0.236,0.043,16.629,16.393
16.487,16.487,0.236,0.043,16.629,16.393
16.487,16.487,0.236,0.043,16.629,16.393
16.487,16.487,0.236,0.043,16.629,16.393
16.487,16.487,0.236,0.043,16.629,16.393
16.487,16.487,0.236,0.043,16.629,16.393
16.487,16.487,0.236,0.043,16.629,16.393
16.487,16.487,0.236,0.043,16.629,16.393
16.487,16.487,0.236,0.043,16.629,16.393
16.487,16.487,0.236,0.043,16.629,16.393
16.488,16.488,0.236,0.043,16.629,16.393
16.488,16.488,0.236,0.043,16.629,16.393
16.488,16.488,0.236,0.043,16.629,16.393
16.488,16.488,0.236,0.043,16.629,16.393
16.488,16.488,0.222,0.043,16.629,16.407
16.488,16.488,0.222,0.043,16.629,16.407
16.488,16.488,0.222,0.043,16.629,16.407
16.488,16.488,0.221,0.043,16.629,16.408
16.488,16.488,0.221,0.043,16.629,16.408
16.488,16.488,0.221,0.043,16.629,16.408
16.488,16.488,0.221,0.043,16.629,16.408
16.488,16.488,0.221,0.043,16.629,16.408
16.488,16.488,0.221,0.043,16.629,16.408
16.489,16.489,0.221,0.043,16.629,16.408
16.489,16.489,0.221,0.043,16.629,16.408
16.489,16.489,0.221,0.043,16.629,16.408
16.489,16.489,0.221,0.043,16.629,16.408
16.489,16.489,0.221,0.043,16.629,16.408
16.489,16.489,0.221,0.043,16.629,16.408
16.489,16.489,0.221,0.043,16.629,16.408
16.489,16.489,0.221,0.043,16.629,16.408
16.489,16.489,0.221,0.043,16.629,16.408
16.489,16.489,0.221,0.043,16.629,16.408
16.49,16.49,0.221,0.043,16.629,16.408
16.49,16.49,0.221,0.043,16.629,16.408
16.49,16.49,0.221,0.043,16.629,16.408
16.49,16.49,0.221,0.043,16.629,16.408
16.49,16.49,0.221,0.043,16.629,16.408
16.49,16.49,0.221,0.043,16.629,16.408
16.49,16.49,0.221,0.043,16.629,16.408
16.49,16.49,0.221,0.044,16.629,16.408
16.49,16.49,0.221,0.044,16.629,16.408
16.49,16.49,0.221,0.044,16.629,16.408
16.49,16.491,0.221,0.044,16.629,16.408
16.491,16.491,0.221,0.044,16.629,16.408
16.491,16.491,0.221,0.044,16.629,16.408
16.491,16.491,0.221,0.044,16.629,16.408
16.491,16.491,0.221,0.044,16.629,16.408
16.491,16.491,0.221,0.044,16.629,16.408
16.491,16.491,0.221,0.044,16.629,16.408
16.491,16.492,0.221,0.044,16.629,16.408
16.492,16.492,0.221,0.044,16.629,16.408
16.492,16.492,0.221,0.044,16.629,16.408
16.492,16.492,0.221,0.044,16.629,16.408
16.492,16.492,0.221,0.044,16.629,16.408
16.492,16.492,0.221,0.044,16.629,16.408
16.492,16.492,0.221,0.044,16.629,16.408
16.492,16.492,0.221,0.044,16.629,16.408
16.492,16.492,0.221,0.044,16.629,16.408
16.492,16.492,0.221,0.043,16.629,16.408
16.492,16.492,0.221,0.043,16.629,16.408
16.492,16.492,0.221,0.043,16.629,16.408
16.493,16.493,0.221,0.043,16.629,16.408
16.493,16.493,0.221,0.044,16.629,16.408
16.493,16.493,0.221,0.044,16.629,16.408
16.493,16.493,0.221,0.043,16.629,16.408
16.493,16.493,0.221,0.044,16.629,16.408
16.492,16.492,0.221,0.043,16.629,16.408
16.492,16.492,0.221,0.043,16.629,16.408
16.492,16.492,0.221,0.044,16.629,16.408
16.492,16.493,0.221,0.043,16.629,16.408
16.492,16.492,0.221,0.043,16.629,16.408
16.492,16.493,0.221,0.043,16.629,16.408
16.493,16.493,0.221,0.043,16.629,16.408
16.492,16.493,0.221,0.043,16.629,16.408
16.492,16.492,0.221,0.043,16.629,16.408
16.492,16.492,0.221,0.043,16.629,16.408
16.492,16.492,0.221,0.043,16.629,16.408
16.492,16.492,0.22,0.043,16.628,16.408
16.492,16.492,0.22,0.043,16.628,16.408
16.492,16.492,0.22,0.043,16.628,16.408
16.492,16.492,0.22,0.043,16.628,16.408
16.492,16.492,0.22,0.043,16.628,16.408
16.491,16.491,0.22,0.042,16.628,16.408
16.491,16.491,0.22,0.042,16.628,16.408
16.491,16.491,0.22,0.042,16.628,16.408
16.491,16.491,0.22,0.042,16.628,16.408
16.491,16.491,0.22,0.042,16.628,16.408
16.491,16.491,0.22,0.042,16.628,16.408
16.491,16.491,0.22,0.042,16.628,16.408
16.491,16.491,0.22,0.042,16.628,16.408
16.491,16.491,0.22,0.042,16.628,16.408
16.491,16.491,0.22,0.042,16.628,16.408
16.491,16.491,0.22,0.043,16.628,16.408
16.491,16.491,0.22,0.043,16.628,16.408
16.491,16.491,0.22,0.043,16.628,16.408
16.491,16.492,0.22,0.042,16.628,16.408
16.491,16.492,0.22,0.042,16.628,16.408
16.491,16.491,0.22,0.042,16.628,16.408
16.491,16.491,0.22,0.042,16.628,16.408
16.491,16.491,0.22,0.042,16.628,16.408
16.491,16.491,0.22,0.042,16.628,16.408
16.491,16.491,0.22,0.042,16.628,16.408
16.491,16.491,0.22,0.042,16.628,16.408
16.491,16.491,0.22,0.042,16.628,16.408
16.491,16.491,0.22,0.042,16.628,16.408
16.492,16.492,0.22,0.042,16.628,16.408
16.492,16.492,0.22,0.042,16.628,16.408
16.492,16.492,0.22,0.042,16.628,16.408
16.492,16.492,0.22,0.042,16.628,16.408
16.491,16.491,0.22,0.042,16.628,16.408
16.491,16.491,0.22,0.042,16.628,16.408
16.491,16.491,0.22,0.042,16.628,16.408
16.491,16.491,0.22,0.042,16.628,16.408
16.491,16.491,0.22,0.041,16.628,16.408
16.491,16.491,0.22,0.041,16.628,16.408
16.49,16.491,0.22,0.041,16.628,16.408
16.49,16.49,0.22,0.041,16.628,16.408
16.49,16.49,0.22,0.041,16.628,16.408
16.491,16.491,0.22,0.041,16.628,16.408
16.491,16.491,0.22,0.041,16.628,16.408
16.491,16.491,0.22,0.041,16.628,16.408
16.491,16.491,0.22,0.041,16.628,16.408
16.491,16.491,0.22,0.041,16.628,16.408
16.491,16.491,0.22,0.041,16.628,16.408
16.491,16.491,0.22,0.041,16.628,16.408
16.491,16.491,0.22,0.041,16.628,16.408
16.491,16.491,0.22,0.041,16.628,16.408
16.491,16.491,0.22,0.041,16.628,16.408
16.491,16.491,0.22,0.041,16.628,16.408
16.49,16.49,0.22,0.041,16.628,16.408
16.49,16.49,0.22,0.041,16.628,16.408
16.49,16.49,0.22,0.041,16.628,16.408
16.49,16.49,0.22,0.041,16.628,16.408
16.49,16.49,0.22,0.041,16.628,16.408
16.49,16.49,0.22,0.041,16.628,16.408
16.49,16.49,0.22,0.041,16.628,16.408
16.49,16.49,0.22,0.041,16.628,16.408
16.49,16.49,0.22,0.041,16.628,16.408
16.49,16.49,0.22,0.041,16.628,16.408
16.49,16.49,0.22,0.04,16.628,16.408
16.49,16.49,0.22,0.04,16.628,16.408
16.49,16.49,0.22,0.04,16.628,16.408
16.49,16.49,0.22,0.04,16.628,16.408
16.49,16.49,0.22,0.04,16.628,16.408
16.49,16.49,0.22,0.04,16.628,16.408
16.49,16.49,0.22,0.04,16.628,16.408
16.49,16.49,0.22,0.04,16.628,16.408
16.49,16.49,0.22,0.04,16.628,16.408
16.49,16.49,0.22,0.04,16.628,16.408
16.49,16.49,0.22,0.04,16.628,16.408
16.49,16.49,0.22,0.04,16.628,16.408
16.49,16.49,0.22,0.04,16.628,16.408
16.49,16.49,0.22,0.04,16.628,16.408
16.49,16.49,0.22,0.04,16.628,16.408
16.491,16.491,0.22,0.04,16.628,16.408
16.491,16.491,0.22,0.04,16.628,16.408
16.491,16.491,0.22,0.04,16.628,16.408
16.491,16.491,0.22,0.04,16.628,16.408
16.491,16.491,0.22,0.041,16.628,16.408
16.491,16.491,0.22,0.041,16.628,16.408
16.491,16.491,0.22,0.041,16.628,16.408
16.492,16.492,0.22,0.041,16.628,16.408
16.492,16.492,0.22,0.04,16.628,16.408
16.492,16.492,0.22,0.04,16.628,16.408
16.492,16.492,0.22,0.04,16.628,16.408
16.491,16.491,0.22,0.04,16.628,16.408
16.492,16.492,0.22,0.04,16.628,16.408
16.492,16.492,0.22,0.04,16.628,16.408
16.492,16.492,0.22,0.04,16.628,16.408
16.491,16.492,0.22,0.04,16.628,16.408
16.491,16.491,0.22,0.04,16.628,16.408
16.492,16.492,0.22,0.04,16.628,16.408
16.492,16.492,0.22,0.04,16.628,16.408
16.492,16.492,0.22,0.04,16.628,16.408
16.492,16.492,0.22,0.04,16.628,16.408
16.492,16.492,0.22,0.04,16.628,16.408
16.492,16.492,0.22,0.04,16.628,16.408
16.492,16.492,0.22,0.04,16.628,16.408
16.492,16.492,0.22,0.04,16.628,16.408
16.492,16.492,0.22,0.04,16.628,16.408
16.492,16.492,0.22,0.04,16.628,16.408
16.492,16.492,0.22,0.039,16.628,16.408
16.492,16.492,0.22,0.039,16.628,16.408
16.492,16.492,0.22,0.039,16.628,16.408
16.492,16.492,0.22,0.039,16.628,16.408
16.492,16.492,0.22,0.039,16.628,16.408
16.492,16.492,0.22,0.039,16.628,16.408
16.492,16.492,0.22,0.039,16.628,16.408
16.492,16.492,0.22,0.039,16.628,16.408
16.492,16.492,0.22,0.039,16.628,16.408
16.492,16.492,0.22,0.039,16.628,16.408
16.492,16.492,0.22,0.039,16.628,16.408
16.492,16.492,0.22,0.039,16.628,16.408
16.492,16.492,0.22,0.039,16.628,16.408
16.492,16.492,0.22,0.039,16.628,16.408
16.492,16.492,0.22,0.039,16.628,16.408
16.493,16.493,0.22,0.039,16.628,16.408
16.492,16.492,0.22,0.039,16.628,16.408
16.492,16.493,0.22,0.039,16.628,16.408
16.492,16.493,0.22,0.039,16.628,16.408
16.493,16.493,0.22,0.039,16.628,16.408
16.493,16.493,0.22,0.039,16.628,16.408
16.493,16.493,0.22,0.039,16.628,16.408
16.493,16.493,0.22,0.039,16.628,16.408
16.493,16.493,0.22,0.039,16.628,16.408
16.493,16.493,0.22,0.039,16.628,16.408
16.493,16.493,0.22,0.039,16.628,16.408
16.493,16.493,0.22,0.039,16.628,16.408
16.493,16.493,0.22,0.039,16.628,16.408
16.493,16.493,0.22,0.038,16.628,16.408
16.493,16.493,0.22,0.038,16.628,16.408
16.493,16.493,0.22,0.038,16.628,16.408
16.493,16.493,0.22,0.038,16.628,16.408
16.493,16.493,0.22,0.038,16.628,16.408
16.493,16.493,0.22,0.038,16.628,16.408
16.493,16.493,0.22,0.038,16.628,16.408
16.493,16.493,0.22,0.038,16.628,16.408
16.493,16.493,0.22,0.038,16.628,16.408
16.493,16.493,0.224,0.038,16.628,16.404
16.493,16.493,0.224,0.038,16.628,16.404
16.493,16.493,0.224,0.038,16.628,16.404
16.493,16.493,0.224,0.038,16.628,16.404
16.493,16.493,0.224,0.038,16.628,16.404
16.492,16.493,0.224,0.038,16.628,16.404
16.492,16.492,0.224,0.038,16.628,16.404
16.492,16.493,0.224,0.038,16.628,16.404
16.492,16.492,0.223,0.038,16.627,16.404
16.492,16.492,0.223,0.038,16.627,16.404
16.492,16.492,0.223,0.038,16.627,16.404
16.492,16.492,0.223,0.038,16.627,16.404
16.492,16.492,0.223,0.038,16.627,16.404
16.492,16.492,0.223,0.038,16.627,16.404
16.492,16.492,0.223,0.038,16.627,16.404
16.492,16.492,0.223,0.038,16.627,16.404
16.492,16.492,0.223,0.038,16.627,16.404
16.492,16.492,0.223,0.038,16.627,16.404
16.492,16.492,0.223,0.038,16.627,16.404
16.492,16.492,0.223,0.038,16.627,16.404
16.492,16.492,0.223,0.038,16.627,16.404
16.492,16.492,0.223,0.038,16.627,16.404
16.492,16.492,0.223,0.038,16.627,16.404
16.492,16.492,0.223,0.038,16.627,16.404
16.491,16.491,0.21,0.037,16.614,16.404
16.491,16.491,0.21,0.037,16.614,16.404
16.491,16.491,0.21,0.037,16.614,16.404
16.491,16.491,0.253,0.037,16.614,16.361
16.491,16.491,0.253,0.037,16.614,16.361
16.491,16.491,0.253,0.037,16.614,16.361
16.491,16.491,0.253,0.037,16.614,16.361
16.491,16.491,0.253,0.037,16.614,16.361
16.491,16.491,0.258,0.037,16.614,16.356
16.491,16.491,0.258,0.037,16.614,16.356
16.491,16.491,0.258,0.037,16.614,16.356
16.491,16.491,0.258,0.037,16.614,16.356
16.491,16.491,0.258,0.037,16.614,16.356
16.491,16.491,0.258,0.037,16.614,16.356
16.491,16.491,0.28,0.037,16.614,16.334
16.49,16.49,0.28,0.037,16.614,16.334
16.49,16.49,0.28,0.037,16.614,16.334
16.49,16.49,0.28,0.037,16.614,16.334
16.49,16.49,0.28,0.037,16.614,16.334
16.49,16.49,0.28,0.037,16.614,16.334
16.49,16.49,0.28,0.037,16.614,16.334
16.49,16.49,0.28,0.037,16.614,16.334
16.49,16.49,0.28,0.037,16.614,16.334
16.49,16.49,0.28,0.037,16.614,16.334
16.49,16.49,0.28,0.037,16.614,16.334
16.49,16.49,0.28,0.037,16.614,16.334
16.49,16.49,0.28,0.037,16.614,16.334
16.49,16.49,0.28,0.037,16.614,16.334
16.49,16.49,0.28,0.037,16.614,16.334
16.489,16.49,0.28,0.037,16.614,16.334
16.489,16.489,0.28,0.037,16.614,16.334
16.489,16.489,0.28,0.036,16.614,16.334
16.489,16.489,0.28,0.036,16.614,16.334
16.488,16.488,0.28,0.037,16.614,16.334
16.488,16.488,0.28,0.037,16.614,16.334
16.488,16.488,0.28,0.037,16.614,16.334
16.488,16.488,0.28,0.037,16.614,16.334
16.488,16.488,0.28,0.036,16.614,16.334
16.488,16.488,0.28,0.036,16.614,16.334
16.488,16.488,0.28,0.037,16.614,16.334
16.487,16.487,0.28,0.036,16.614,16.334
16.487,16.487,0.28,0.036,16.614,16.334
16.487,16.487,0.28,0.036,16.614,16.334
16.487,16.487,0.28,0.036,16.614,16.334
16.486,16.486,0.28,0.036,16.614,16.334
16.486,16.486,0.28,0.036,16.614,16.334
16.486,16.486,0.28,0.036,16.614,16.334
16.486,16.486,0.28,0.036,16.614,16.334
16.486,16.486,0.28,0.036,16.614,16.334
16.486,16.486,0.28,0.036,16.614,16.334
16.486,16.486,0.28,0.036,16.614,16.334
16.486,16.486,0.28,0.036,16.614,16.334
16.486,16.486,0.28,0.036,16.614,16.334
16.486,16.486,0.28,0.036,16.614,16.334
16.485,16.486,0.28,0.036,16.614,16.334
16.486,16.486,0.28,0.036,16.614,16.334
16.485,16.485,0.28,0.036,16.614,16.334
16.485,16.485,0.28,0.036,16.614,16.334
16.485,16.485,0.28,0.036,16.614,16.334
16.485,16.485,0.28,0.036,16.614,16.334
16.485,16.485,0.28,0.036,16.614,16.334
16.484,16.484,0.28,0.035,16.614,16.334
16.484,16.484,0.28,0.035,16.614,16.334
16.484,16.484,0.28,0.035,16.614,16.334
16.484,16.484,0.28,0.035,16.614,16.334
16.483,16.484,0.28,0.036,16.614,16.334
16.483,16.483,0.28,0.036,16.614,16.334
16.483,16.483,0.28,0.036,16.614,16.334
16.483,16.483,0.28,0.036,16.614,16.334
16.483,16.483,0.28,0.036,16.614,16.334
16.483,16.483,0.28,0.036,16.614,16.334
16.483,16.483,0.28,0.036,16.614,16.334
16.483,16.483,0.28,0.036,16.614,16.334
16.483,16.483,0.28,0.036,16.614,16.334
16.482,16.482,0.28,0.036,16.614,16.334
16.482,16.482,0.28,0.035,16.614,16.334
16.482,16.482,0.28,0.035,16.614,16.334
16.482,16.482,0.28,0.035,16.614,16.334
16.482,16.482,0.28,0.035,16.614,16.334
16.482,16.482,0.28,0.035,16.614,16.334
16.481,16.482,0.28,0.035,16.614,16.334
16.481,16.481,0.28,0.035,16.614,16.334
16.481,16.481,0.28,0.035,16.614,16.334
16.481,16.481,0.28,0.035,16.614,16.334
16.481,16.481,0.28,0.035,16.614,16.334
16.48,16.481,0.28,0.035,16.614,16.334
16.48,16.48,0.28,0.035,16.614,16.334
16.48,16.48,0.28,0.035,16.614,16.334
16.48,16.48,0.28,0.035,16.614,16.334
16.48,16.48,0.28,0.035,16.614,16.334
16.48,16.48,0.28,0.035,16.614,16.334
16.48,16.48,0.28,0.035,16.614,16.334
16.479,16.479,0.28,0.035,16.614,16.334
16.479,16.479,0.28,0.035,16.614,16.334
16.479,16.479,0.28,0.035,16.614,16.334
16.479,16.479,0.28,0.035,16.614,16.334
16.478,16.478,0.28,0.034,16.614,16.334
16.478,16.478,0.28,0.034,16.614,16.334
16.478,16.478,0.28,0.034,16.614,16.334
16.478,16.478,0.28,0.034,16.614,16.334
16.478,16.478,0.28,0.034,16.614,16.334
16.478,16.478,0.28,0.034,16.614,16.334
16.478,16.478,0.28,0.034,16.614,16.334
16.478,16.478,0.28,0.034,16.614,16.334
16.478,16.478,0.28,0.034,16.614,16.334
16.477,16.477,0.281,0.034,16.614,16.333
16.478,16.478,0.281,0.034,16.614,16.333
16.477,16.477,0.281,0.035,16.614,16.333
16.477,16.477,0.281,0.035,16.614,16.333
16.477,16.477,0.281,0.034,16.614,16.333
16.476,16.477,0.281,0.034,16.614,16.333
16.476,16.476,0.281,0.034,16.614,16.333
16.476,16.476,0.281,0.034,16.614,16.333
16.476,16.476,0.281,0.034,16.614,16.333
16.476,16.476,0.281,0.034,16.614,16.333
16.476,16.476,0.281,0.034,16.614,16.333
16.476,16.476,0.281,0.034,16.614,16.333
16.476,16.476,0.281,0.034,16.614,16.333
16.476,16.476,0.281,0.034,16.614,16.333
16.476,16.476,0.281,0.034,16.614,16.333
16.476,16.476,0.281,0.034,16.614,16.333
16.476,16.476,0.281,0.034,16.614,16.333
16.476,16.476,0.281,0.034,16.614,16.333
16.475,16.475,0.281,0.033,16.614,16.333
16.475,16.475,0.281,0.033,16.614,16.333
16.475,16.475,0.281,0.033,16.614,16.333
16.475,16.475,0.281,0.033,16.614,16.333
16.475,16.475,0.281,0.033,16.614,16.333
16.474,16.474,0.281,0.033,16.614,16.333
16.474,16.474,0.281,0.033,16.614,16.333
16.474,16.474,0.281,0.033,16.614,16.333
16.474,16.474,0.281,0.033,16.614,16.333
16.474,16.474,0.281,0.033,16.614,16.333
16.474,16.474,0.281,0.033,16.614,16.333
16.474,16.474,0.281,0.033,16.614,16.333
16.474,16.474,0.281,0.033,16.614,16.333
16.474,16.474,0.281,0.033,16.614,16.333
16.474,16.474,0.281,0.033,16.614,16.333
16.474,16.474,0.281,0.033,16.614,16.333
16.474,16.474,0.281,0.033,16.614,16.333
16.474,16.474,0.281,0.033,16.614,16.333
16.474,16.474,0.281,0.033,16.614,16.333
16.474,16.474,0.281,0.033,16.614,16.333
16.474,16.474,0.281,0.033,16.614,16.333
16.473,16.474,0.281,0.033,16.614,16.333
16.473,16.473,0.281,0.033,16.614,16.333
16.473,16.473,0.281,0.033,16.614,16.333
16.473,16.473,0.281,0.033,16.614,16.333
16.473,16.473,0.281,0.033,16.614,16.333
16.472,16.472,0.281,0.033,16.614,16.333
16.472,16.472,0.281,0.033,16.614,16.333
16.472,16.472,0.281,0.033,16.614,16.333
16.472,16.472,0.281,0.033,16.614,16.333
16.472,16.472,0.281,0.033,16.614,16.333
16.472,16.472,0.281,0.033,16.614,16.333
16.472,16.472,0.281,0.033,16.614,16.333
16.472,16.472,0.281,0.033,16.614,16.333
16.472,16.472,0.281,0.033,16.614,16.333
16.472,16.472,0.281,0.033,16.614,16.333
16.471,16.471,0.281,0.033,16.614,16.333
16.471,16.471,0.281,0.033,16.614,16.333
16.471,16.471,0.281,0.033,16.614,16.333
16.471,16.471,0.281,0.033,16.614,16.333
16.471,16.471,0.281,0.033,16.614,16.333
16.471,16.471,0.281,0.033,16.614,16.333
16.471,16.471,0.268,0.033,16.601,16.333
16.471,16.471,0.268,0.033,16.601,16.333
16.471,16.471,0.268,0.033,16.601,16.333
16.471,16.471,0.268,0.033,16.601,16.333
16.471,16.471,0.268,0.033,16.601,16.333
16.471,16.471,0.268,0.033,16.601,16.333
16.471,16.471,0.268,0.033,16.601,16.333
16.471,16.471,0.268,0.033,16.601,16.333
16.471,16.471,0.268,0.033,16.601,16.333
16.471,16.471,0.268,0.033,16.601,16.333
16.471,16.471,0.268,0.033,16.601,16.333
16.471,16.471,0.268,0.034,16.601,16.333
16.471,16.471,0.268,0.034,16.601,16.333
16.471,16.471,0.268,0.034,16.601,16.333
16.471,16.471,0.268,0.034,16.601,16.333
16.471,16.471,0.268,0.034,16.601,16.333
16.471,16.471,0.268,0.034,16.601,16.333
16.471,16.471,0.268,0.034,16.601,16.333
16.471,16.471,0.268,0.034,16.601,16.333
16.471,16.471,0.268,0.034,16.601,16.333
16.471,16.471,0.268,0.034,16.601,16.333
16.471,16.471,0.268,0.034,16.601,16.333
16.471,16.471,0.268,0.034,16.601,16.333
16.471,16.471,0.268,0.034,16.601,16.333
16.47,16.471,0.268,0.034,16.601,16.333
16.471,16.471,0.268,0.034,16.601,16.333
16.471,16.471,0.268,0.034,16.601,16.333
16.471,16.471,0.268,0.034,16.601,16.333
16.471,16.471,0.268,0.035,16.601,16.333
16.471,16.471,0.268,0.034,16.601,16.333
16.471,16.471,0.268,0.035,16.601,16.333
16.471,16.471,0.268,0.035,16.601,16.333
16.471,16.471,0.268,0.035,16.601,16.333
16.471,16.471,0.268,0.035,16.601,16.333
16.471,16.471,0.268,0.035,16.601,16.333
16.47,16.47,0.268,0.035,16.601,16.333
16.47,16.47,0.268,0.035,16.601,16.333
16.47,16.47,0.268,0.036,16.601,16.333
16.47,16.47,0.268,0.036,16.601,16.333
16.47,16.47,0.268,0.036,16.601,16.333
16.47,16.47,0.268,0.036,16.601,16.333
16.47,16.47,0.268,0.036,16.601,16.333
16.47,16.47,0.268,0.036,16.601,16.333
16.47,16.47,0.268,0.036,16.601,16.333
16.47,16.47,0.268,0.036,16.601,16.333
16.47,16.47,0.268,0.036,16.601,16.333
16.47,16.47,0.268,0.036,16.601,16.333
16.47,16.47,0.268,0.036,16.601,16.333
16.47,16.471,0.268,0.036,16.601,16.333
16.471,16.471,0.268,0.036,16.601,16.333
16.471,16.471,0.268,0.036,16.601,16.333
16.471,16.471,0.268,0.036,16.601,16.333
16.471,16.471,0.268,0.036,16.601,16.333
16.471,16.471,0.268,0.036,16.601,16.333
16.471,16.471,0.268,0.036,16.601,16.333
16.471,16.471,0.268,0.036,16.601,16.333
16.471,16.471,0.268,0.036,16.601,16.333
16.471,16.471,0.268,0.036,16.601,16.333
16.471,16.471,0.268,0.036,16.601,16.333
16.472,16.472,0.268,0.036,16.601,16.333
16.472,16.472,0.268,0.036,16.601,16.333
16.471,16.472,0.268,0.036,16.601,16.333
16.471,16.471,0.268,0.036,16.601,16.333
16.471,16.471,0.268,0.036,16.601,16.333
16.472,16.472,0.268,0.036,16.601,16.333
16.472,16.472,0.268,0.036,16.601,16.333
16.472,16.472,0.268,0.036,16.601,16.333
16.472,16.472,0.268,0.036,16.601,16.333
16.472,16.472,0.268,0.036,16.601,16.333
16.472,16.472,0.268,0.036,16.601,16.333
16.472,16.472,0.268,0.037,16.601,16.333
16.471,16.471,0.268,0.037,16.601,16.333
16.471,16.472,0.268,0.037,16.601,16.333
16.472,16.472,0.268,0.037,16.601,16.333
16.472,16.472,0.268,0.037,16.601,16.333
16.472,16.472,0.268,0.037,16.601,16.333
16.472,16.472,0.268,0.037,16.601,16.333
16.472,16.472,0.268,0.037,16.601,16.333
16.472,16.472,0.268,0.037,16.601,16.333
16.472,16.472,0.268,0.037,16.601,16.333
16.472,16.472,0.268,0.036,16.601,16.333
16.472,16.472,0.268,0.036,16.601,16.333
16.472,16.472,0.268,0.036,16.601,16.333
16.472,16.472,0.268,0.036,16.601,16.333
16.472,16.472,0.268,0.036,16.601,16.333
16.472,16.472,0.268,0.036,16.601,16.333
16.472,16.472,0.268,0.036,16.601,16.333
16.472,16.473,0.268,0.036,16.601,16.333
16.472,16.472,0.268,0.036,16.601,16.333
16.472,16.472,0.268,0.036,16.601,16.333
16.472,16.472,0.268,0.036,16.601,16.333
16.472,16.472,0.268,0.036,16.601,16.333
16.472,16.472,0.268,0.036,16.601,16.333
16.472,16.472,0.268,0.036,16.601,16.333
16.472,16.472,0.268,0.036,16.601,16.333
16.472,16.472,0.268,0.036,16.601,16.333
16.472,16.472,0.268,0.036,16.601,16.333
16.472,16.473,0.268,0.037,16.601,16.333
16.473,16.473,0.268,0.037,16.601,16.333
16.473,16.473,0.268,0.036,16.601,16.333
16.473,16.473,0.268,0.036,16.601,16.333
16.473,16.473,0.268,0.036,16.601,16.333
16.473,16.473,0.268,0.036,16.601,16.333
16.473,16.473,0.268,0.036,16.601,16.333
16.473,16.473,0.268,0.036,16.601,16.333
16.473,16.473,0.268,0.036,16.601,16.333
16.473,16.473,0.268,0.036,16.601,16.333
16.473,16.473,0.268,0.036,16.601,16.333
16.473,16.473,0.268,0.036,16.601,16.333
16.473,16.473,0.268,0.036,16.601,16.333
16.473,16.473,0.268,0.036,16.601,16.333
16.472,16.473,0.268,0.036,16.601,16.333
16.472,16.472,0.268,0.036,16.601,16.333
16.472,16.472,0.268,0.036,16.601,16.333
16.472,16.472,0.268,0.036,16.601,16.333
16.472,16.472,0.268,0.036,16.601,16.333
16.472,16.472,0.268,0.036,16.601,16.333
16.472,16.472,0.268,0.036,16.601,16.333
16.471,16.472,0.268,0.036,16.601,16.333
16.471,16.471,0.268,0.036,16.601,16.333
16.471,16.471,0.229,0.036,16.601,16.372
16.471,16.472,0.229,0.036,16.601,16.372
16.472,16.472,0.229,0.036,16.601,16.372
16.472,16.472,0.229,0.036,16.601,16.372
16.472,16.472,0.229,0.036,16.601,16.372
16.472,16.472,0.229,0.036,16.601,16.372
16.472,16.472,0.229,0.036,16.601,16.372
16.472,16.472,0.229,0.036,16.601,16.372
16.471,16.471,0.229,0.036,16.601,16.372
16.471,16.471,0.229,0.036,16.601,16.372
