mean,RMS,ptp,std,max,min
19.636,19.636,0.141,0.047,19.709,19.568
19.633,19.633,0.141,0.045,19.709,19.568
19.645,19.645,0.141,0.042,19.709,19.568
19.637,19.637,0.113,0.04,19.692,19.579
19.627,19.627,0.113,0.034,19.692,19.579
19.629,19.629,0.121,0.037,19.7,19.579
19.638,19.638,0.109,0.038,19.7,19.591
19.647,19.647,0.11,0.041,19.7,19.59
19.642,19.642,0.115,0.043,19.705,19.59
19.648,19.648,0.124,0.045,19.714,19.59
19.653,19.653,0.126,0.045,19.714,19.588
19.644,19.644,0.126,0.044,19.714,19.588
19.644,19.644,0.123,0.042,19.711,19.588
19.635,19.635,0.118,0.039,19.711,19.593
19.648,19.648,0.111,0.04,19.711,19.6
19.642,19.642,0.116,0.036,19.71,19.594
19.648,19.648,0.121,0.037,19.715,19.594
19.653,19.653,0.121,0.037,19.715,19.594
19.657,19.657,0.129,0.039,19.715,19.586
19.653,19.653,0.122,0.039,19.708,19.586
19.64,19.64,0.125,0.038,19.711,19.586
19.634,19.635,0.124,0.038,19.717,19.593
19.629,19.629,0.124,0.037,19.717,19.593
19.628,19.629,0.126,0.038,19.719,19.593
19.632,19.632,0.126,0.038,19.719,19.593
19.631,19.631,0.122,0.038,19.719,19.597
19.635,19.635,0.117,0.038,19.714,19.597
19.63,19.63,0.124,0.033,19.714,19.59
19.637,19.637,0.124,0.035,19.714,19.59
19.632,19.632,0.107,0.032,19.697,19.59
19.636,19.636,0.093,0.03,19.697,19.604
19.63,19.63,0.084,0.025,19.694,19.61
19.626,19.626,0.106,0.024,19.694,19.588
19.636,19.636,0.126,0.037,19.714,19.588
19.645,19.646,0.138,0.041,19.726,19.588
19.659,19.659,0.124,0.043,19.726,19.602
19.653,19.653,0.156,0.044,19.732,19.576
19.653,19.653,0.156,0.042,19.732,19.576
19.646,19.646,0.16,0.045,19.732,19.572
19.646,19.646,0.164,0.046,19.726,19.562
19.64,19.64,0.164,0.044,19.726,19.562
19.638,19.638,0.14,0.037,19.702,19.562
19.633,19.633,0.124,0.034,19.707,19.583
19.634,19.634,0.124,0.033,19.707,19.583
19.637,19.637,0.168,0.041,19.727,19.559
19.647,19.648,0.169,0.043,19.728,19.559
19.65,19.65,0.169,0.047,19.728,19.559
19.649,19.649,0.142,0.042,19.728,19.586
19.637,19.637,0.138,0.036,19.724,19.586
19.636,19.636,0.129,0.033,19.715,19.586
19.635,19.635,0.115,0.035,19.712,19.597
19.638,19.638,0.115,0.038,19.712,19.597
19.631,19.631,0.141,0.037,19.711,19.57
19.639,19.639,0.138,0.041,19.708,19.57
19.64,19.64,0.138,0.037,19.708,19.57
19.647,19.647,0.134,0.033,19.708,19.574
19.638,19.638,0.19,0.037,19.734,19.544
19.644,19.644,0.19,0.048,19.734,19.544
19.635,19.636,0.19,0.052,19.734,19.544
19.632,19.632,0.151,0.046,19.713,19.562
19.623,19.623,0.152,0.039,19.709,19.557
19.632,19.632,0.166,0.042,19.723,19.557
19.642,19.643,0.166,0.041,19.723,19.557
19.646,19.646,0.146,0.038,19.723,19.577
19.642,19.642,0.153,0.04,19.717,19.564
19.635,19.635,0.156,0.041,19.717,19.561
19.638,19.638,0.169,0.043,19.73,19.561
19.647,19.647,0.169,0.044,19.73,19.561
19.645,19.645,0.16,0.049,19.73,19.57
19.645,19.645,0.151,0.045,19.721,19.57
19.638,19.638,0.14,0.04,19.71,19.57
19.653,19.653,0.128,0.038,19.719,19.591
19.654,19.654,0.127,0.041,19.725,19.598
19.657,19.657,0.121,0.039,19.725,19.604
19.649,19.649,0.121,0.036,19.725,19.604
19.642,19.642,0.167,0.036,19.756,19.589
19.636,19.636,0.167,0.037,19.756,19.589
19.638,19.638,0.181,0.039,19.756,19.575
19.631,19.631,0.132,0.034,19.707,19.575
19.639,19.639,0.127,0.037,19.702,19.575
19.645,19.645,0.151,0.039,19.726,19.575
19.652,19.652,0.131,0.038,19.726,19.595
19.651,19.651,0.131,0.038,19.726,19.595
19.637,19.637,0.129,0.035,19.704,19.575
19.637,19.637,0.128,0.034,19.703,19.575
19.632,19.632,0.155,0.036,19.701,19.546
19.634,19.634,0.15,0.032,19.696,19.546
19.634,19.634,0.16,0.033,19.706,19.546
19.633,19.633,0.164,0.032,19.706,19.542
19.633,19.633,0.164,0.039,19.706,19.542
19.636,19.636,0.163,0.041,19.705,19.542
19.638,19.638,0.147,0.044,19.705,19.558
19.639,19.639,0.141,0.043,19.705,19.564
19.642,19.642,0.136,0.042,19.7,19.564
19.64,19.641,0.126,0.041,19.708,19.582
19.647,19.647,0.126,0.04,19.708,19.582
19.64,19.64,0.126,0.042,19.708,19.582
19.644,19.644,0.119,0.039,19.702,19.583
19.648,19.648,0.117,0.039,19.702,19.585
19.651,19.651,0.127,0.04,19.701,19.574
19.644,19.644,0.127,0.044,19.701,19.574
19.64,19.64,0.127,0.045,19.701,19.574
19.633,19.633,0.114,0.041,19.701,19.587
19.63,19.63,0.108,0.037,19.701,19.593
19.624,19.624,0.11,0.033,19.701,19.591
19.621,19.621,0.123,0.033,19.697,19.574
19.632,19.632,0.123,0.038,19.697,19.574
19.636,19.636,0.13,0.038,19.704,19.574
19.65,19.65,0.106,0.037,19.704,19.598
19.647,19.647,0.111,0.037,19.704,19.593
19.653,19.653,0.157,0.04,19.748,19.591
19.64,19.64,0.158,0.043,19.748,19.59
19.638,19.638,0.158,0.044,19.748,19.59
19.633,19.633,0.113,0.04,19.703,19.59
19.636,19.636,0.115,0.04,19.703,19.588
19.624,19.624,0.112,0.038,19.7,19.588
19.616,19.616,0.096,0.032,19.681,19.585
19.617,19.617,0.117,0.034,19.69,19.573
19.632,19.632,0.159,0.043,19.732,19.573
19.639,19.639,0.159,0.045,19.732,19.573
19.64,19.64,0.145,0.044,19.732,19.587
19.642,19.642,0.134,0.043,19.721,19.587
19.648,19.648,0.121,0.042,19.708,19.587
19.644,19.644,0.127,0.043,19.708,19.581
19.634,19.634,0.12,0.042,19.701,19.581
19.633,19.633,0.109,0.041,19.69,19.581
19.635,19.635,0.112,0.042,19.692,19.58
19.635,19.635,0.151,0.042,19.731,19.58
19.634,19.634,0.151,0.046,19.731,19.58
19.64,19.64,0.147,0.045,19.731,19.584
19.637,19.637,0.12,0.041,19.712,19.592
19.634,19.634,0.118,0.037,19.71,19.592
19.639,19.639,0.138,0.041,19.73,19.592
19.653,19.653,0.15,0.047,19.75,19.6
19.651,19.651,0.161,0.047,19.75,19.589
19.642,19.642,0.173,0.047,19.75,19.577
19.636,19.636,0.11,0.038,19.687,19.577
19.633,19.633,0.115,0.041,19.687,19.572
19.637,19.637,0.132,0.039,19.704,19.572
19.635,19.635,0.132,0.039,19.704,19.572
19.645,19.645,0.113,0.04,19.704,19.591
19.645,19.645,0.115,0.039,19.7,19.585
19.648,19.648,0.16,0.042,19.745,19.585
19.636,19.636,0.16,0.041,19.745,19.585
19.636,19.636,0.154,0.041,19.745,19.591
19.626,19.626,0.161,0.04,19.752,19.591
19.639,19.639,0.171,0.047,19.762,19.591
19.647,19.647,0.171,0.049,19.762,19.591
19.649,19.649,0.183,0.046,19.762,19.579
19.637,19.637,0.175,0.041,19.754,19.579
19.633,19.633,0.116,0.037,19.695,19.579
19.632,19.632,0.106,0.037,19.696,19.59
19.638,19.638,0.106,0.039,19.696,19.59
19.635,19.635,0.196,0.049,19.753,19.557
19.642,19.642,0.196,0.052,19.753,19.557
19.641,19.641,0.196,0.055,19.753,19.557
19.642,19.642,0.152,0.043,19.742,19.59
19.638,19.638,0.152,0.038,19.742,19.59
19.638,19.638,0.168,0.038,19.765,19.597
19.64,19.64,0.168,0.039,19.765,19.597
19.643,19.643,0.168,0.039,19.765,19.597
19.644,19.644,0.111,0.034,19.701,19.59
19.642,19.642,0.123,0.035,19.713,19.59
19.64,19.64,0.123,0.037,19.713,19.59
19.636,19.636,0.135,0.037,19.724,19.589
19.627,19.627,0.143,0.038,19.724,19.581
19.634,19.634,0.143,0.043,19.724,19.581
19.637,19.637,0.144,0.042,19.725,19.581
19.65,19.65,0.129,0.042,19.725,19.596
19.646,19.646,0.149,0.042,19.745,19.596
19.646,19.646,0.149,0.043,19.745,19.596
19.639,19.639,0.161,0.04,19.745,19.584
19.642,19.642,0.148,0.042,19.732,19.584
19.641,19.641,0.148,0.041,19.732,19.584
19.639,19.639,0.134,0.041,19.732,19.598
19.643,19.643,0.118,0.041,19.716,19.598
19.658,19.658,0.117,0.042,19.716,19.599
19.664,19.664,0.116,0.038,19.716,19.6
19.672,19.672,0.111,0.039,19.72,19.609
19.671,19.671,0.111,0.04,19.72,19.609
19.667,19.667,0.16,0.046,19.72,19.56
19.648,19.648,0.158,0.046,19.718,19.56
19.627,19.628,0.154,0.04,19.714,19.56
19.633,19.633,0.152,0.04,19.716,19.564
19.641,19.641,0.163,0.043,19.727,19.564
19.64,19.641,0.18,0.049,19.727,19.547
19.638,19.638,0.18,0.051,19.727,19.547
19.632,19.632,0.178,0.057,19.725,19.547
19.644,19.644,0.174,0.056,19.725,19.551
19.651,19.651,0.174,0.054,19.725,19.551
19.658,19.658,0.153,0.043,19.717,19.564
19.658,19.658,0.158,0.042,19.717,19.559
19.64,19.64,0.179,0.053,19.717,19.538
19.645,19.645,0.175,0.055,19.713,19.538
19.649,19.649,0.175,0.053,19.713,19.538
19.663,19.663,0.115,0.041,19.713,19.598
19.648,19.648,0.129,0.044,19.713,19.584
19.644,19.644,0.158,0.045,19.718,19.56
19.646,19.646,0.158,0.046,19.718,19.56
19.656,19.656,0.158,0.044,19.718,19.56
19.644,19.644,0.149,0.043,19.711,19.562
19.629,19.629,0.154,0.041,19.699,19.545
19.621,19.621,0.165,0.045,19.688,19.523
19.633,19.633,0.187,0.049,19.71,19.523
19.654,19.654,0.268,0.058,19.791,19.523
19.652,19.652,0.241,0.054,19.791,19.55
19.649,19.649,0.241,0.056,19.791,19.55
19.647,19.647,0.186,0.047,19.736,19.55
19.665,19.665,0.185,0.046,19.736,19.551
19.66,19.66,0.151,0.044,19.736,19.585
19.652,19.653,0.13,0.041,19.715,19.585
19.651,19.651,0.114,0.038,19.71,19.596
19.656,19.656,0.156,0.04,19.709,19.553
19.662,19.662,0.162,0.044,19.715,19.553
19.665,19.665,0.169,0.046,19.722,19.553
19.671,19.671,0.131,0.043,19.722,19.591
19.665,19.665,0.154,0.046,19.722,19.568
19.657,19.657,0.155,0.047,19.721,19.566
19.65,19.65,0.152,0.046,19.718,19.566
19.643,19.643,0.152,0.039,19.718,19.566
19.641,19.641,0.145,0.036,19.723,19.578
19.639,19.639,0.145,0.034,19.723,19.578
19.655,19.655,0.145,0.041,19.723,19.578
19.657,19.657,0.105,0.037,19.715,19.61
19.663,19.663,0.127,0.042,19.715,19.588
19.648,19.648,0.173,0.049,19.718,19.545
19.644,19.644,0.173,0.049,19.718,19.545
19.644,19.644,0.177,0.048,19.722,19.545
19.656,19.656,0.15,0.045,19.722,19.572
19.652,19.652,0.15,0.044,19.722,19.572
19.666,19.666,0.164,0.047,19.736,19.572
19.664,19.664,0.141,0.045,19.736,19.595
19.678,19.678,0.164,0.047,19.736,19.572
19.666,19.666,0.156,0.047,19.727,19.571
19.665,19.665,0.16,0.05,19.727,19.567
19.658,19.658,0.167,0.053,19.734,19.567
19.66,19.66,0.167,0.054,19.734,19.567
19.658,19.658,0.175,0.054,19.734,19.559
19.665,19.665,0.171,0.048,19.73,19.559
19.665,19.665,0.163,0.044,19.722,19.559
19.669,19.669,0.146,0.04,19.722,19.576
19.663,19.663,0.155,0.05,19.726,19.571
19.653,19.653,0.156,0.052,19.727,19.571
19.648,19.648,0.156,0.053,19.727,19.571
19.646,19.646,0.172,0.046,19.731,19.559
19.656,19.656,0.18,0.051,19.739,19.559
19.648,19.649,0.18,0.046,19.739,19.559
19.65,19.65,0.164,0.043,19.739,19.575
19.638,19.638,0.178,0.039,19.729,19.551
19.652,19.652,0.198,0.049,19.749,19.551
19.648,19.648,0.198,0.048,19.749,19.551
19.653,19.653,0.164,0.046,19.749,19.585
19.662,19.662,0.151,0.048,19.736,19.585
19.661,19.661,0.161,0.05,19.736,19.575
19.666,19.666,0.161,0.048,19.736,19.575
19.652,19.652,0.188,0.05,19.732,19.544
19.651,19.651,0.185,0.051,19.729,19.544
19.656,19.656,0.196,0.053,19.74,19.544
19.665,19.665,0.155,0.044,19.74,19.585
19.664,19.664,0.158,0.047,19.74,19.582
19.66,19.66,0.173,0.047,19.729,19.556
19.65,19.65,0.191,0.055,19.747,19.556
19.65,19.651,0.191,0.055,19.747,19.556
19.655,19.655,0.178,0.056,19.747,19.569
19.649,19.649,0.17,0.046,19.739,19.569
19.66,19.66,0.165,0.043,19.739,19.574
19.657,19.658,0.15,0.044,19.724,19.574
19.67,19.67,0.151,0.046,19.724,19.573
19.661,19.661,0.151,0.047,19.724,19.573
19.651,19.651,0.147,0.046,19.72,19.573
19.653,19.653,0.137,0.04,19.719,19.582
19.665,19.665,0.162,0.043,19.751,19.589
19.673,19.673,0.144,0.038,19.751,19.607
19.67,19.67,0.159,0.039,19.751,19.592
19.659,19.659,0.14,0.037,19.732,19.592
19.65,19.65,0.152,0.044,19.712,19.56
19.641,19.641,0.152,0.043,19.712,19.56
19.635,19.635,0.152,0.047,19.712,19.56
19.645,19.645,0.162,0.043,19.73,19.568
19.649,19.649,0.162,0.045,19.73,19.568
19.656,19.656,0.15,0.042,19.73,19.58
19.659,19.659,0.131,0.038,19.711,19.58
19.66,19.66,0.131,0.036,19.711,19.58
19.66,19.66,0.135,0.03,19.72,19.585
19.653,19.653,0.146,0.039,19.72,19.574
19.656,19.656,0.146,0.044,19.72,19.574
19.655,19.655,0.146,0.045,19.72,19.574
19.649,19.649,0.146,0.043,19.72,19.574
19.646,19.646,0.147,0.043,19.711,19.564
19.653,19.653,0.147,0.045,19.711,19.564
19.662,19.662,0.147,0.041,19.711,19.564
19.663,19.663,0.121,0.038,19.712,19.591
19.652,19.652,0.129,0.039,19.722,19.593
19.652,19.652,0.129,0.037,19.722,19.593
19.654,19.655,0.142,0.039,19.722,19.58
19.661,19.661,0.142,0.039,19.722,19.58
19.659,19.659,0.17,0.047,19.722,19.552
19.658,19.658,0.17,0.045,19.722,19.552
19.655,19.655,0.159,0.042,19.711,19.552
19.648,19.649,0.127,0.034,19.711,19.584
19.654,19.654,0.162,0.038,19.741,19.579
19.665,19.665,0.162,0.042,19.741,19.579
19.674,19.674,0.162,0.038,19.741,19.579
19.666,19.666,0.106,0.032,19.723,19.617
19.662,19.662,0.101,0.027,19.718,19.617
19.654,19.654,0.119,0.031,19.718,19.599
19.653,19.653,0.138,0.037,19.718,19.58
19.651,19.651,0.157,0.041,19.733,19.576
19.657,19.657,0.157,0.039,19.733,19.576
19.656,19.656,0.157,0.04,19.733,19.576
19.652,19.652,0.175,0.043,19.743,19.568
19.651,19.651,0.175,0.043,19.743,19.568
19.655,19.655,0.175,0.044,19.743,19.568
19.66,19.66,0.143,0.036,19.722,19.579
19.663,19.663,0.131,0.036,19.71,19.579
19.658,19.658,0.123,0.034,19.71,19.587
19.655,19.655,0.116,0.035,19.703,19.587
19.646,19.646,0.14,0.036,19.716,19.576
19.649,19.649,0.142,0.039,19.718,19.576
19.646,19.647,0.142,0.044,19.718,19.576
19.648,19.648,0.131,0.043,19.718,19.587
19.644,19.644,0.144,0.045,19.721,19.577
19.646,19.646,0.144,0.04,19.721,19.577
19.645,19.645,0.146,0.041,19.721,19.575
19.654,19.654,0.152,0.042,19.727,19.575
19.646,19.646,0.164,0.045,19.727,19.563
19.648,19.648,0.164,0.045,19.727,19.563
19.647,19.647,0.149,0.043,19.712,19.563
19.656,19.656,0.14,0.038,19.719,19.579
19.656,19.656,0.148,0.043,19.719,19.571
19.648,19.648,0.148,0.043,19.719,19.571
19.645,19.645,0.152,0.047,19.717,19.565
19.647,19.647,0.148,0.038,19.713,19.565
19.648,19.648,0.148,0.034,19.713,19.565
19.643,19.643,0.107,0.025,19.677,19.57
19.644,19.644,0.144,0.028,19.714,19.57
19.651,19.651,0.144,0.029,19.714,19.57
19.655,19.655,0.149,0.035,19.719,19.57
19.651,19.651,0.149,0.038,19.719,19.57
19.652,19.652,0.149,0.038,19.719,19.57
19.651,19.651,0.151,0.038,19.734,19.583
19.658,19.658,0.139,0.038,19.734,19.595
19.655,19.655,0.139,0.037,19.734,19.595
19.654,19.654,0.138,0.035,19.73,19.592
19.652,19.652,0.136,0.031,19.728,19.592
19.661,19.661,0.152,0.045,19.728,19.576
19.676,19.676,0.157,0.044,19.733,19.576
19.669,19.669,0.174,0.053,19.733,19.559
19.657,19.657,0.174,0.05,19.733,19.559
19.646,19.646,0.168,0.046,19.727,19.559
19.661,19.661,0.151,0.046,19.723,19.572
19.67,19.67,0.161,0.045,19.733,19.572
19.667,19.667,0.154,0.047,19.733,19.579
19.661,19.661,0.154,0.048,19.733,19.579
19.653,19.653,0.166,0.055,19.732,19.566
19.654,19.654,0.166,0.056,19.732,19.566
19.655,19.655,0.186,0.056,19.752,19.566
19.651,19.651,0.199,0.056,19.752,19.553
19.655,19.655,0.199,0.056,19.752,19.553
19.65,19.65,0.199,0.056,19.752,19.553
19.662,19.662,0.177,0.052,19.745,19.568
19.661,19.662,0.174,0.052,19.742,19.568
19.652,19.652,0.155,0.054,19.742,19.587
19.643,19.643,0.171,0.051,19.741,19.57
19.647,19.647,0.169,0.058,19.739,19.57
19.647,19.647,0.169,0.059,19.739,19.57
19.657,19.657,0.165,0.062,19.739,19.574
19.664,19.665,0.173,0.059,19.744,19.571
19.678,19.678,0.173,0.05,19.744,19.571
19.676,19.676,0.173,0.047,19.744,19.571
19.665,19.665,0.179,0.053,19.758,19.579
19.661,19.661,0.179,0.054,19.758,19.579
19.648,19.648,0.173,0.054,19.758,19.585
19.647,19.647,0.164,0.044,19.749,19.585
19.641,19.641,0.158,0.046,19.727,19.569
19.653,19.653,0.189,0.051,19.758,19.569
19.659,19.659,0.189,0.055,19.758,19.569
19.675,19.675,0.174,0.045,19.758,19.584
19.67,19.67,0.159,0.044,19.737,19.578
19.668,19.668,0.181,0.052,19.739,19.558
19.663,19.663,0.181,0.061,19.739,19.558
19.656,19.656,0.181,0.062,19.739,19.558
19.647,19.647,0.17,0.058,19.739,19.569
19.64,19.64,0.179,0.058,19.748,19.569
19.639,19.639,0.179,0.061,19.748,19.569
19.641,19.641,0.173,0.061,19.748,19.575
19.641,19.641,0.195,0.057,19.743,19.548
19.644,19.644,0.188,0.053,19.736,19.548
19.639,19.639,0.182,0.052,19.73,19.548
19.633,19.633,0.161,0.041,19.718,19.557
19.645,19.645,0.174,0.046,19.731,19.557
19.649,19.649,0.143,0.044,19.731,19.588
19.649,19.649,0.163,0.052,19.731,19.568
19.641,19.641,0.165,0.053,19.733,19.568
19.648,19.648,0.165,0.052,19.733,19.568
19.651,19.652,0.167,0.052,19.745,19.578
19.65,19.65,0.167,0.049,19.745,19.578
19.648,19.648,0.167,0.051,19.745,19.578
19.657,19.657,0.154,0.051,19.732,19.578
19.647,19.647,0.153,0.053,19.732,19.579
19.646,19.647,0.153,0.053,19.732,19.579
19.633,19.633,0.158,0.051,19.737,19.579
19.649,19.649,0.154,0.056,19.737,19.583
19.651,19.651,0.154,0.055,19.737,19.583
19.656,19.656,0.151,0.051,19.737,19.586
19.668,19.668,0.145,0.05,19.731,19.586
19.667,19.667,0.143,0.053,19.731,19.588
19.666,19.666,0.154,0.053,19.74,19.586
19.654,19.654,0.154,0.053,19.74,19.586
19.654,19.654,0.16,0.051,19.74,19.58
19.654,19.654,0.15,0.05,19.73,19.58
19.659,19.659,0.166,0.047,19.746,19.58
19.655,19.655,0.158,0.043,19.746,19.588
19.656,19.656,0.169,0.039,19.746,19.577
19.656,19.656,0.159,0.039,19.736,19.577
19.654,19.654,0.15,0.039,19.727,19.577
19.658,19.658,0.159,0.044,19.744,19.585
19.659,19.659,0.152,0.045,19.744,19.592
19.661,19.661,0.152,0.047,19.744,19.592
19.666,19.666,0.137,0.042,19.728,19.591
19.657,19.657,0.181,0.045,19.755,19.574
19.657,19.657,0.181,0.044,19.755,19.574
19.653,19.653,0.181,0.044,19.755,19.574
19.653,19.653,0.154,0.037,19.738,19.584
19.654,19.655,0.158,0.039,19.738,19.58
19.649,19.649,0.154,0.042,19.734,19.58
19.652,19.652,0.155,0.049,19.734,19.579
19.654,19.654,0.164,0.051,19.734,19.57
19.659,19.659,0.174,0.048,19.744,19.57
19.646,19.646,0.174,0.045,19.744,19.57
19.647,19.647,0.188,0.052,19.77,19.582
19.651,19.651,0.188,0.052,19.77,19.582
19.655,19.655,0.192,0.055,19.77,19.578
19.648,19.648,0.158,0.049,19.736,19.578
19.645,19.645,0.185,0.055,19.763,19.578
19.666,19.666,0.175,0.056,19.763,19.588
19.669,19.669,0.167,0.052,19.763,19.596
19.67,19.67,0.153,0.047,19.749,19.596
19.655,19.655,0.152,0.044,19.748,19.596
19.652,19.652,0.152,0.043,19.748,19.596
19.663,19.663,0.163,0.046,19.767,19.604
19.66,19.66,0.184,0.046,19.767,19.583
19.671,19.671,0.184,0.054,19.767,19.583
19.662,19.662,0.16,0.049,19.743,19.583
19.67,19.67,0.154,0.049,19.751,19.597
19.672,19.672,0.165,0.051,19.759,19.594
19.674,19.674,0.167,0.051,19.759,19.592
19.683,19.683,0.167,0.052,19.759,19.592
19.674,19.674,0.16,0.049,19.752,19.592
19.669,19.669,0.143,0.05,19.752,19.609
19.651,19.651,0.151,0.047,19.741,19.59
19.652,19.652,0.144,0.045,19.734,19.59
19.649,19.649,0.144,0.046,19.734,19.59
19.661,19.661,0.184,0.049,19.774,19.59
19.663,19.663,0.178,0.048,19.774,19.596
19.666,19.666,0.171,0.047,19.774,19.603
19.65,19.65,0.107,0.038,19.71,19.603
19.651,19.651,0.112,0.038,19.715,19.603
19.655,19.655,0.114,0.038,19.715,19.601
19.66,19.66,0.119,0.039,19.715,19.596
19.657,19.657,0.159,0.042,19.755,19.596
19.661,19.661,0.159,0.041,19.755,19.596
19.657,19.657,0.171,0.044,19.755,19.584
19.659,19.659,0.19,0.045,19.774,19.584
19.646,19.646,0.19,0.045,19.774,19.584
19.656,19.657,0.178,0.047,19.774,19.596
19.658,19.659,0.145,0.042,19.741,19.596
19.669,19.669,0.159,0.047,19.755,19.596
19.674,19.674,0.152,0.046,19.755,19.603
19.672,19.672,0.155,0.052,19.755,19.6
19.674,19.674,0.157,0.045,19.753,19.596
19.673,19.673,0.16,0.043,19.753,19.593
19.671,19.671,0.16,0.041,19.751,19.591
19.663,19.663,0.16,0.042,19.751,19.591
19.667,19.667,0.132,0.043,19.723,19.591
19.671,19.671,0.135,0.047,19.728,19.593
19.679,19.679,0.15,0.049,19.743,19.593
19.663,19.663,0.15,0.05,19.743,19.593
19.661,19.661,0.158,0.048,19.75,19.592
19.652,19.652,0.169,0.047,19.761,19.592
19.652,19.652,0.181,0.051,19.773,19.592
19.658,19.658,0.171,0.054,19.773,19.602
19.671,19.671,0.171,0.051,19.773,19.602
19.685,19.685,0.16,0.043,19.767,19.607
19.685,19.685,0.162,0.046,19.764,19.602
19.682,19.682,0.162,0.047,19.764,19.602
19.68,19.68,0.162,0.053,19.764,19.602
19.669,19.669,0.17,0.049,19.757,19.587
19.66,19.66,0.202,0.059,19.771,19.569
19.647,19.647,0.202,0.051,19.771,19.569
19.646,19.646,0.202,0.052,19.771,19.569
19.649,19.649,0.156,0.049,19.743,19.587
19.647,19.647,0.156,0.049,19.743,19.587
19.649,19.649,0.156,0.047,19.743,19.587
19.655,19.655,0.164,0.043,19.752,19.588
19.657,19.657,0.157,0.044,19.752,19.595
19.651,19.651,0.161,0.047,19.752,19.591
19.644,19.644,0.156,0.043,19.747,19.591
19.656,19.656,0.156,0.042,19.747,19.591
19.662,19.662,0.151,0.041,19.747,19.596
19.664,19.664,0.136,0.041,19.732,19.596
19.66,19.66,0.138,0.042,19.732,19.594
19.657,19.657,0.125,0.038,19.719,19.594
19.654,19.655,0.118,0.036,19.712,19.594
19.658,19.658,0.177,0.046,19.774,19.597
19.658,19.658,0.177,0.047,19.774,19.597
19.652,19.652,0.177,0.05,19.774,19.597
19.649,19.649,0.136,0.043,19.734,19.598
19.654,19.654,0.174,0.048,19.772,19.598
19.653,19.653,0.178,0.049,19.772,19.594
19.646,19.646,0.189,0.047,19.772,19.583
19.652,19.652,0.17,0.047,19.753,19.583
19.66,19.66,0.172,0.046,19.755,19.583
19.667,19.667,0.17,0.052,19.765,19.595
19.665,19.665,0.182,0.053,19.779,19.597
19.662,19.662,0.202,0.051,19.779,19.577
19.66,19.66,0.202,0.05,19.779,19.577
19.652,19.652,0.202,0.048,19.779,19.577
19.656,19.656,0.196,0.046,19.779,19.583
19.658,19.658,0.126,0.04,19.709,19.583
19.662,19.662,0.15,0.039,19.741,19.591
19.647,19.647,0.15,0.041,19.741,19.591
19.654,19.654,0.15,0.046,19.749,19.599
19.656,19.656,0.15,0.047,19.749,19.599
19.689,19.689,0.169,0.051,19.769,19.6
19.685,19.685,0.169,0.054,19.769,19.6
19.678,19.678,0.169,0.058,19.769,19.6
19.659,19.659,0.17,0.054,19.77,19.6
19.658,19.658,0.169,0.052,19.77,19.601
19.664,19.664,0.165,0.048,19.77,19.605
19.66,19.66,0.163,0.046,19.759,19.596
19.659,19.659,0.161,0.045,19.757,19.596
19.656,19.656,0.161,0.044,19.757,19.596
19.664,19.664,0.151,0.047,19.753,19.602
19.652,19.652,0.151,0.047,19.753,19.602
19.655,19.655,0.152,0.046,19.753,19.601
19.64,19.64,0.165,0.043,19.753,19.588
19.649,19.649,0.165,0.047,19.753,19.588
19.647,19.647,0.165,0.049,19.753,19.588
19.655,19.655,0.155,0.045,19.758,19.603
19.655,19.655,0.156,0.048,19.759,19.603
19.656,19.656,0.17,0.048,19.759,19.589
19.653,19.653,0.17,0.044,19.759,19.589
19.654,19.654,0.134,0.037,19.723,19.589
19.647,19.647,0.134,0.036,19.723,19.589
19.642,19.642,0.121,0.035,19.71,19.589
19.639,19.639,0.168,0.044,19.757,19.589
19.642,19.642,0.169,0.048,19.757,19.588
19.652,19.652,0.183,0.055,19.771,19.588
19.645,19.645,0.189,0.049,19.771,19.582
19.643,19.643,0.189,0.042,19.771,19.582
19.632,19.632,0.098,0.027,19.68,19.582
19.651,19.651,0.172,0.042,19.761,19.589
19.647,19.647,0.172,0.042,19.761,19.589
19.648,19.648,0.174,0.043,19.761,19.587
19.643,19.643,0.153,0.032,19.74,19.587
19.645,19.645,0.159,0.034,19.74,19.581
19.652,19.652,0.181,0.039,19.762,19.581
19.642,19.642,0.181,0.039,19.762,19.581
19.646,19.646,0.174,0.038,19.762,19.588
19.644,19.644,0.122,0.027,19.713,19.591
19.649,19.649,0.119,0.024,19.727,19.608
19.659,19.659,0.113,0.032,19.73,19.617
19.662,19.663,0.125,0.034,19.73,19.605
19.656,19.656,0.16,0.038,19.73,19.57
19.649,19.649,0.155,0.036,19.725,19.57
19.642,19.642,0.155,0.035,19.725,19.57
19.646,19.646,0.149,0.032,19.725,19.576
19.65,19.65,0.155,0.028,19.731,19.576
19.651,19.651,0.14,0.027,19.731,19.591
19.649,19.649,0.14,0.03,19.731,19.591
19.645,19.645,0.177,0.033,19.768,19.591
19.643,19.643,0.173,0.034,19.768,19.595
19.648,19.648,0.186,0.036,19.768,19.582
19.645,19.645,0.131,0.034,19.709,19.578
19.648,19.648,0.131,0.034,19.709,19.578
19.643,19.643,0.154,0.036,19.732,19.578
19.644,19.644,0.143,0.033,19.732,19.589
19.65,19.65,0.142,0.035,19.741,19.599
19.659,19.659,0.142,0.028,19.741,19.599
19.66,19.66,0.141,0.027,19.741,19.6
19.66,19.66,0.126,0.028,19.726,19.6
19.654,19.654,0.147,0.029,19.726,19.579
19.652,19.652,0.147,0.026,19.726,19.579
19.649,19.649,0.135,0.023,19.714,19.579
19.651,19.651,0.143,0.027,19.733,19.59
19.652,19.652,0.143,0.028,19.733,19.59
19.652,19.652,0.148,0.031,19.733,19.585
19.655,19.655,0.144,0.027,19.729,19.585
19.653,19.653,0.144,0.026,19.729,19.585
19.649,19.649,0.14,0.024,19.729,19.589
19.646,19.646,0.154,0.027,19.743,19.589
19.646,19.646,0.16,0.031,19.743,19.583
19.652,19.652,0.16,0.037,19.743,19.583
19.65,19.65,0.156,0.033,19.739,19.583
19.65,19.65,0.159,0.033,19.739,19.58
19.649,19.649,0.122,0.024,19.702,19.58
19.647,19.647,0.122,0.025,19.702,19.58
19.652,19.652,0.144,0.03,19.733,19.589
19.651,19.651,0.144,0.032,19.733,19.589
19.65,19.65,0.134,0.032,19.733,19.599
19.656,19.656,0.165,0.039,19.759,19.594
19.661,19.661,0.177,0.043,19.759,19.582
19.663,19.663,0.177,0.045,19.759,19.582
19.655,19.655,0.148,0.035,19.73,19.582
19.643,19.643,0.148,0.03,19.722,19.574
19.641,19.641,0.128,0.023,19.702,19.574
19.638,19.638,0.137,0.023,19.711,19.574
19.638,19.638,0.121,0.026,19.711,19.59
19.641,19.641,0.141,0.033,19.731,19.59
19.638,19.638,0.144,0.031,19.731,19.587
19.652,19.652,0.151,0.033,19.738,19.587
19.654,19.654,0.151,0.031,19.738,19.587
19.657,19.657,0.125,0.034,19.738,19.613
19.645,19.645,0.133,0.033,19.736,19.603
19.638,19.638,0.126,0.03,19.719,19.593
19.636,19.636,0.147,0.029,19.74,19.593
19.644,19.644,0.147,0.033,19.74,19.593
19.642,19.642,0.162,0.035,19.74,19.578
19.641,19.641,0.149,0.03,19.727,19.578
19.634,19.634,0.091,0.021,19.669,19.578
19.639,19.639,0.126,0.025,19.669,19.543
19.636,19.636,0.123,0.029,19.666,19.543
19.639,19.639,0.123,0.032,19.666,19.543
19.637,19.637,0.095,0.028,19.666,19.571
19.644,19.644,0.101,0.025,19.672,19.571
19.635,19.635,0.109,0.032,19.672,19.563
19.638,19.638,0.109,0.03,19.672,19.563
19.639,19.639,0.116,0.033,19.679,19.563
19.648,19.648,0.118,0.029,19.691,19.573
19.647,19.647,0.118,0.032,19.691,19.573
19.645,19.645,0.104,0.027,19.691,19.587
19.646,19.646,0.108,0.024,19.676,19.568
19.641,19.641,0.156,0.038,19.676,19.52
19.64,19.64,0.156,0.04,19.676,19.52
19.637,19.637,0.156,0.041,19.676,19.52
19.643,19.643,0.121,0.028,19.678,19.557
19.646,19.646,0.121,0.026,19.678,19.557
19.649,19.649,0.103,0.022,19.68,19.577
19.649,19.649,0.103,0.023,19.68,19.577
19.646,19.646,0.103,0.025,19.68,19.577
19.642,19.642,0.085,0.025,19.669,19.584
19.633,19.633,0.156,0.035,19.674,19.518
19.624,19.624,0.156,0.042,19.674,19.518
19.626,19.626,0.156,0.042,19.674,19.518
19.633,19.633,0.155,0.035,19.673,19.518
19.644,19.644,0.104,0.022,19.673,19.569
19.646,19.646,0.1,0.024,19.669,19.569
19.649,19.649,0.083,0.019,19.669,19.586
19.64,19.64,0.095,0.029,19.669,19.574
19.637,19.637,0.108,0.03,19.667,19.559
19.627,19.627,0.108,0.036,19.667,19.559
19.627,19.627,0.116,0.035,19.666,19.55
19.627,19.628,0.12,0.034,19.67,19.55
19.629,19.629,0.12,0.033,19.67,19.55
19.635,19.635,0.116,0.03,19.67,19.554
19.633,19.633,0.111,0.029,19.665,19.554
19.64,19.64,0.115,0.025,19.68,19.565
19.636,19.636,0.111,0.029,19.68,19.569
19.637,19.637,0.111,0.033,19.68,19.569
19.64,19.64,0.105,0.032,19.674,19.569
19.647,19.647,0.105,0.023,19.674,19.569
19.646,19.646,0.094,0.016,19.673,19.579
19.638,19.638,0.12,0.029,19.661,19.541
19.625,19.625,0.12,0.037,19.661,19.541
19.623,19.623,0.12,0.038,19.661,19.541
19.626,19.626,0.098,0.031,19.658,19.56
19.635,19.635,0.105,0.025,19.664,19.559
19.642,19.642,0.12,0.024,19.679,19.559
19.642,19.642,0.12,0.027,19.679,19.559
19.635,19.635,0.111,0.033,19.679,19.568
19.626,19.626,0.148,0.039,19.677,19.529
19.63,19.63,0.148,0.038,19.677,19.529
19.636,19.636,0.138,0.031,19.667,19.529
19.638,19.638,0.11,0.025,19.679,19.569
19.635,19.635,0.11,0.026,19.679,19.569
19.635,19.635,0.135,0.032,19.679,19.544
19.641,19.641,0.122,0.023,19.666,19.544
19.641,19.641,0.122,0.024,19.666,19.544
19.637,19.637,0.114,0.023,19.661,19.547
19.63,19.631,0.111,0.027,19.658,19.547
19.63,19.63,0.115,0.025,19.662,19.547
19.634,19.634,0.107,0.02,19.669,19.562
19.633,19.633,0.107,0.023,19.669,19.562
19.633,19.633,0.107,0.021,19.669,19.562
19.635,19.635,0.101,0.021,19.663,19.562
19.637,19.637,0.115,0.02,19.663,19.548
19.635,19.635,0.123,0.025,19.671,19.548
19.634,19.634,0.123,0.024,19.671,19.548
19.641,19.641,0.103,0.02,19.671,19.568
19.643,19.643,0.101,0.019,19.667,19.566
19.635,19.635,0.101,0.029,19.667,19.566
19.634,19.634,0.1,0.032,19.666,19.566
19.635,19.635,0.106,0.029,19.673,19.567
19.645,19.645,0.111,0.026,19.678,19.567
19.646,19.646,0.099,0.025,19.678,19.579
19.645,19.645,0.099,0.028,19.678,19.579
19.636,19.636,0.152,0.039,19.67,19.518
19.631,19.631,0.167,0.044,19.67,19.503
19.633,19.633,0.167,0.042,19.67,19.503
19.642,19.642,0.177,0.028,19.68,19.503
19.648,19.648,0.111,0.018,19.726,19.615
19.644,19.644,0.161,0.025,19.726,19.565
19.64,19.64,0.178,0.029,19.726,19.548
19.635,19.635,0.122,0.025,19.67,19.548
19.635,19.635,0.206,0.036,19.716,19.51
19.633,19.633,0.206,0.035,19.716,19.51
19.64,19.64,0.206,0.044,19.716,19.51
19.646,19.647,0.167,0.036,19.719,19.552
19.651,19.651,0.167,0.038,19.719,19.552
19.647,19.647,0.162,0.036,19.719,19.557
19.643,19.643,0.153,0.037,19.71,19.557
19.64,19.64,0.157,0.045,19.71,19.553
19.645,19.645,0.164,0.048,19.717,19.553
19.648,19.648,0.169,0.053,19.722,19.553
19.652,19.652,0.168,0.044,19.722,19.554
19.649,19.649,0.168,0.04,19.722,19.554
19.643,19.643,0.133,0.031,19.708,19.575
19.638,19.638,0.133,0.027,19.708,19.575
19.63,19.63,0.119,0.019,19.694,19.575
19.629,19.629,0.174,0.025,19.711,19.537
19.638,19.638,0.185,0.036,19.722,19.537
19.638,19.638,0.185,0.038,19.722,19.537
19.641,19.641,0.119,0.033,19.722,19.603
19.627,19.627,0.098,0.023,19.701,19.603
19.635,19.635,0.11,0.032,19.713,19.603
19.634,19.634,0.11,0.03,19.713,19.603
19.636,19.636,0.11,0.031,19.713,19.603
19.636,19.636,0.121,0.028,19.726,19.605
19.637,19.637,0.123,0.035,19.726,19.603
19.639,19.639,0.123,0.033,19.726,19.603
19.638,19.638,0.122,0.032,19.725,19.603
19.64,19.64,0.109,0.031,19.72,19.611
19.641,19.641,0.116,0.034,19.72,19.604
19.633,19.633,0.114,0.031,19.718,19.604
19.64,19.64,0.112,0.036,19.716,19.604
19.641,19.641,0.11,0.032,19.716,19.606
19.641,19.641,0.154,0.034,19.716,19.562
19.635,19.635,0.148,0.031,19.71,19.562
19.636,19.636,0.148,0.037,19.71,19.562
19.638,19.638,0.137,0.038,19.71,19.573
19.637,19.637,0.137,0.037,19.71,19.573
19.633,19.633,0.137,0.03,19.71,19.573
19.64,19.641,0.143,0.039,19.722,19.579
19.634,19.634,0.143,0.034,19.722,19.579
19.632,19.632,0.143,0.033,19.722,19.579
19.622,19.622,0.139,0.024,19.711,19.572
19.62,19.62,0.139,0.023,19.711,19.572
19.62,19.62,0.139,0.028,19.711,19.572
19.621,19.621,0.114,0.023,19.71,19.596
19.624,19.624,0.114,0.026,19.71,19.596
19.623,19.623,0.085,0.02,19.683,19.598
19.625,19.625,0.09,0.022,19.688,19.598
19.63,19.63,0.122,0.028,19.72,19.598
19.649,19.649,0.138,0.042,19.747,19.609
19.646,19.646,0.148,0.041,19.747,19.599
19.645,19.645,0.148,0.041,19.747,19.599
19.628,19.628,0.154,0.034,19.753,19.599
19.631,19.631,0.155,0.035,19.753,19.598
19.627,19.627,0.155,0.03,19.753,19.598
19.625,19.625,0.089,0.019,19.687,19.598
19.623,19.623,0.084,0.015,19.687,19.603
19.625,19.625,0.038,0.011,19.646,19.608
19.63,19.63,0.095,0.017,19.703,19.608
19.63,19.63,0.098,0.017,19.703,19.605
19.63,19.63,0.109,0.023,19.703,19.594
19.629,19.629,0.097,0.026,19.691,19.594
19.628,19.629,0.106,0.032,19.691,19.585
19.627,19.627,0.111,0.033,19.696,19.585
19.629,19.629,0.111,0.031,19.696,19.585
19.633,19.633,0.111,0.027,19.696,19.585
19.634,19.634,0.082,0.023,19.677,19.595
19.63,19.63,0.082,0.021,19.677,19.595
19.627,19.627,0.06,0.018,19.658,19.598
19.624,19.624,0.056,0.015,19.654,19.598
19.628,19.628,0.096,0.02,19.697,19.601
19.632,19.632,0.096,0.02,19.697,19.601
19.637,19.637,0.1,0.022,19.701,19.601
19.636,19.636,0.111,0.019,19.701,19.59
19.637,19.638,0.111,0.022,19.701,19.59
19.635,19.635,0.096,0.022,19.686,19.59
19.634,19.634,0.087,0.02,19.686,19.599
19.63,19.63,0.081,0.017,19.68,19.599
19.634,19.634,0.129,0.026,19.699,19.57
19.641,19.641,0.158,0.034,19.728,19.57
19.643,19.643,0.158,0.036,19.728,19.57
19.64,19.64,0.14,0.031,19.728,19.588
19.64,19.64,0.123,0.028,19.711,19.588
19.642,19.642,0.112,0.031,19.712,19.6
19.639,19.639,0.155,0.036,19.712,19.557
19.637,19.637,0.155,0.032,19.712,19.557
19.637,19.637,0.152,0.029,19.709,19.557
19.635,19.635,0.147,0.027,19.709,19.562
19.635,19.635,0.147,0.031,19.709,19.562
19.631,19.631,0.122,0.026,19.684,19.562
19.632,19.632,0.117,0.026,19.684,19.567
19.623,19.623,0.141,0.028,19.672,19.531
19.625,19.625,0.156,0.036,19.687,19.531
19.625,19.625,0.156,0.034,19.687,19.531
19.622,19.622,0.139,0.04,19.697,19.558
19.624,19.624,0.148,0.037,19.706,19.558
19.634,19.634,0.148,0.039,19.706,19.558
19.642,19.642,0.153,0.029,19.706,19.553
19.633,19.633,0.131,0.03,19.684,19.553
19.627,19.627,0.152,0.038,19.701,19.549
19.624,19.624,0.152,0.042,19.701,19.549
19.629,19.629,0.155,0.047,19.704,19.549
19.633,19.633,0.161,0.046,19.714,19.553
19.634,19.634,0.174,0.053,19.727,19.553
19.64,19.64,0.166,0.048,19.727,19.561
19.641,19.641,0.165,0.04,19.727,19.562
19.648,19.648,0.07,0.014,19.693,19.623
19.641,19.641,0.166,0.031,19.727,19.561
19.643,19.643,0.166,0.04,19.727,19.561
19.643,19.643,0.166,0.043,19.727,19.561
19.643,19.643,0.166,0.04,19.715,19.549
19.646,19.646,0.167,0.035,19.716,19.549
19.646,19.646,0.173,0.046,19.722,19.549
19.651,19.651,0.16,0.039,19.722,19.562
19.64,19.64,0.173,0.045,19.722,19.549
19.639,19.639,0.139,0.031,19.688,19.549
19.639,19.639,0.152,0.036,19.701,19.549
19.642,19.642,0.137,0.032,19.701,19.564
19.644,19.644,0.137,0.039,19.701,19.564
19.638,19.638,0.162,0.043,19.705,19.543
19.64,19.64,0.162,0.045,19.705,19.543
19.636,19.636,0.162,0.043,19.705,19.543
19.635,19.635,0.16,0.042,19.705,19.545
19.627,19.627,0.163,0.04,19.705,19.542
19.628,19.628,0.152,0.035,19.694,19.542
19.631,19.631,0.121,0.03,19.663,19.542
19.643,19.643,0.109,0.023,19.67,19.561
19.645,19.645,0.109,0.02,19.67,19.561
19.649,19.649,0.096,0.019,19.677,19.581
19.644,19.644,0.096,0.017,19.677,19.581
19.648,19.648,0.096,0.019,19.677,19.581
19.649,19.649,0.047,0.013,19.672,19.625
19.655,19.655,0.048,0.013,19.675,19.627
19.652,19.652,0.077,0.016,19.675,19.598
19.65,19.65,0.077,0.018,19.675,19.598
19.648,19.648,0.077,0.017,19.675,19.598
19.647,19.647,0.061,0.014,19.675,19.614
19.645,19.645,0.073,0.018,19.673,19.6
19.641,19.641,0.09,0.021,19.675,19.585
19.637,19.637,0.104,0.024,19.689,19.585
19.635,19.635,0.104,0.022,19.689,19.585
19.636,19.636,0.119,0.021,19.707,19.588
19.647,19.647,0.132,0.034,19.729,19.597
19.655,19.655,0.142,0.04,19.729,19.587
19.661,19.661,0.142,0.041,19.729,19.587
19.66,19.66,0.129,0.034,19.716,19.587
19.661,19.661,0.088,0.029,19.716,19.628
19.665,19.665,0.152,0.037,19.726,19.574
19.663,19.663,0.158,0.041,19.732,19.574
19.66,19.66,0.158,0.043,19.732,19.574
19.66,19.66,0.177,0.046,19.751,19.574
19.647,19.647,0.194,0.049,19.751,19.557
19.639,19.639,0.194,0.049,19.751,19.557
19.644,19.644,0.178,0.047,19.735,19.557
19.656,19.656,0.177,0.043,19.735,19.558
19.666,19.666,0.184,0.049,19.74,19.556
19.657,19.657,0.184,0.05,19.74,19.556
19.651,19.651,0.184,0.051,19.74,19.556
19.65,19.65,0.171,0.045,19.726,19.555
19.645,19.645,0.165,0.044,19.72,19.555
19.653,19.653,0.165,0.044,19.72,19.555
19.638,19.638,0.159,0.044,19.716,19.557
19.651,19.651,0.141,0.044,19.708,19.567
19.651,19.651,0.175,0.049,19.742,19.567
19.664,19.664,0.177,0.044,19.742,19.565
19.657,19.657,0.177,0.052,19.742,19.565
19.661,19.661,0.164,0.05,19.724,19.56
19.662,19.662,0.185,0.053,19.745,19.56
19.66,19.66,0.185,0.053,19.745,19.56
19.652,19.652,0.194,0.053,19.745,19.551
19.651,19.651,0.18,0.048,19.731,19.551
19.654,19.654,0.211,0.048,19.715,19.504
19.655,19.655,0.211,0.045,19.715,19.504
19.651,19.651,0.211,0.042,19.715,19.504
19.645,19.645,0.108,0.022,19.701,19.593
19.64,19.64,0.099,0.019,19.677,19.578
19.641,19.641,0.088,0.02,19.666,19.578
19.645,19.645,0.143,0.029,19.721,19.578
19.656,19.656,0.13,0.031,19.727,19.597
19.668,19.668,0.123,0.04,19.742,19.619
19.662,19.662,0.155,0.042,19.742,19.587
19.661,19.661,0.155,0.043,19.742,19.587
19.649,19.649,0.145,0.036,19.732,19.587
19.657,19.657,0.145,0.041,19.741,19.596
19.658,19.658,0.145,0.046,19.741,19.596
19.661,19.661,0.145,0.046,19.741,19.596
19.659,19.66,0.17,0.047,19.748,19.578
19.657,19.657,0.171,0.045,19.748,19.577
19.659,19.659,0.171,0.046,19.748,19.577
19.652,19.652,0.146,0.04,19.723,19.577
19.651,19.651,0.118,0.038,19.723,19.605
19.643,19.643,0.118,0.034,19.723,19.605
19.65,19.65,0.106,0.033,19.711,19.605
19.645,19.645,0.112,0.03,19.718,19.606
19.65,19.65,0.105,0.028,19.718,19.613
19.646,19.646,0.105,0.027,19.718,19.613
19.657,19.657,0.09,0.029,19.709,19.619
19.662,19.662,0.094,0.035,19.713,19.619
19.662,19.662,0.121,0.039,19.726,19.605
19.665,19.666,0.127,0.045,19.732,19.605
19.662,19.662,0.127,0.046,19.732,19.605
19.669,19.669,0.125,0.044,19.737,19.612
19.655,19.655,0.127,0.04,19.737,19.61
19.652,19.652,0.156,0.038,19.761,19.605
19.65,19.65,0.174,0.042,19.779,19.605
19.651,19.651,0.174,0.046,19.779,19.605
19.655,19.655,0.174,0.051,19.779,19.605
19.656,19.656,0.163,0.049,19.775,19.612
19.663,19.663,0.174,0.052,19.775,19.601
19.658,19.658,0.156,0.046,19.757,19.601
19.657,19.657,0.156,0.044,19.757,19.601
19.66,19.66,0.12,0.037,19.737,19.617
19.666,19.666,0.123,0.034,19.74,19.617
19.665,19.665,0.123,0.031,19.74,19.617
19.663,19.663,0.159,0.04,19.742,19.583
19.657,19.657,0.168,0.043,19.742,19.574
19.656,19.656,0.17,0.048,19.744,19.574
19.649,19.649,0.174,0.045,19.744,19.57
19.651,19.651,0.174,0.046,19.744,19.57
19.656,19.656,0.172,0.047,19.742,19.57
19.666,19.666,0.16,0.05,19.742,19.582
19.667,19.667,0.17,0.053,19.743,19.573
19.667,19.668,0.18,0.055,19.753,19.573
19.664,19.664,0.18,0.05,19.753,19.573
19.668,19.668,0.175,0.041,19.753,19.578
19.665,19.665,0.154,0.045,19.732,19.578
19.661,19.661,0.151,0.046,19.732,19.581
19.659,19.659,0.149,0.05,19.73,19.581
19.656,19.656,0.155,0.047,19.736,19.581
19.656,19.656,0.159,0.044,19.743,19.584
19.661,19.661,0.158,0.042,19.743,19.585
19.67,19.67,0.157,0.044,19.744,19.587
19.678,19.678,0.162,0.049,19.749,19.587
19.664,19.664,0.174,0.052,19.749,19.575
19.668,19.668,0.174,0.052,19.749,19.575
19.664,19.664,0.164,0.049,19.739,19.575
19.67,19.67,0.149,0.05,19.739,19.59
19.654,19.654,0.149,0.05,19.738,19.589
19.658,19.658,0.181,0.052,19.77,19.589
19.659,19.659,0.181,0.053,19.77,19.589
19.672,19.672,0.178,0.048,19.77,19.592
19.673,19.673,0.16,0.042,19.752,19.592
19.681,19.681,0.119,0.034,19.737,19.618
19.666,19.666,0.129,0.037,19.735,19.606
19.655,19.655,0.143,0.036,19.73,19.587
19.648,19.648,0.141,0.036,19.728,19.587
19.659,19.659,0.149,0.041,19.736,19.587
19.665,19.665,0.141,0.039,19.736,19.595
19.669,19.669,0.136,0.035,19.736,19.6
19.655,19.656,0.145,0.037,19.725,19.58
19.658,19.658,0.145,0.036,19.725,19.58
19.656,19.657,0.163,0.038,19.743,19.58
19.665,19.665,0.156,0.031,19.743,19.587
19.659,19.659,0.156,0.039,19.743,19.587
19.652,19.652,0.137,0.036,19.731,19.594
19.648,19.648,0.151,0.041,19.731,19.58
19.65,19.65,0.135,0.036,19.715,19.58
19.653,19.653,0.146,0.039,19.726,19.58
19.655,19.655,0.154,0.044,19.727,19.573
19.664,19.664,0.159,0.047,19.732,19.573
19.671,19.671,0.159,0.045,19.732,19.573
19.676,19.676,0.136,0.033,19.732,19.596
19.667,19.667,0.171,0.038,19.748,19.577
19.671,19.671,0.171,0.037,19.748,19.577
19.671,19.671,0.171,0.038,19.748,19.577
19.672,19.673,0.127,0.029,19.731,19.604
19.663,19.663,0.13,0.036,19.718,19.588
19.658,19.658,0.144,0.037,19.732,19.588
19.656,19.656,0.147,0.04,19.735,19.588
19.66,19.66,0.132,0.036,19.738,19.606
19.665,19.665,0.143,0.037,19.747,19.604
19.666,19.666,0.143,0.038,19.747,19.604
19.66,19.66,0.159,0.045,19.747,19.588
19.657,19.657,0.149,0.046,19.737,19.588
19.661,19.661,0.149,0.047,19.737,19.588
19.655,19.655,0.157,0.045,19.737,19.58
19.657,19.657,0.144,0.043,19.724,19.58
19.653,19.653,0.144,0.038,19.724,19.58
19.66,19.66,0.13,0.037,19.722,19.592
19.651,19.651,0.13,0.033,19.722,19.592
19.654,19.654,0.13,0.034,19.722,19.592
19.656,19.656,0.126,0.028,19.718,19.592
19.668,19.668,0.138,0.031,19.734,19.596
19.664,19.664,0.138,0.03,19.734,19.596
19.663,19.663,0.129,0.028,19.734,19.605
19.656,19.656,0.142,0.029,19.735,19.593
19.651,19.651,0.142,0.032,19.735,19.593
19.647,19.647,0.144,0.033,19.735,19.591
19.645,19.645,0.153,0.036,19.744,19.591
19.646,19.646,0.153,0.039,19.744,19.591
19.649,19.649,0.159,0.039,19.744,19.585
19.647,19.647,0.165,0.04,19.75,19.585
19.659,19.659,0.165,0.045,19.75,19.585
19.66,19.66,0.157,0.043,19.75,19.593
19.655,19.655,0.158,0.049,19.73,19.572
19.643,19.643,0.176,0.044,19.748,19.572
19.647,19.647,0.176,0.052,19.748,19.572
19.657,19.657,0.165,0.039,19.748,19.583
19.66,19.66,0.157,0.046,19.74,19.583
19.671,19.671,0.158,0.045,19.745,19.587
19.674,19.674,0.181,0.059,19.757,19.576
19.675,19.675,0.181,0.057,19.757,19.576
19.649,19.649,0.181,0.059,19.757,19.576
19.639,19.639,0.155,0.055,19.734,19.579
19.631,19.631,0.155,0.05,19.734,19.579
19.654,19.654,0.163,0.056,19.743,19.58
19.653,19.654,0.169,0.054,19.743,19.574
19.67,19.67,0.173,0.058,19.747,19.574
19.651,19.651,0.183,0.061,19.747,19.564
19.655,19.655,0.183,0.061,19.747,19.564
19.641,19.641,0.173,0.056,19.737,19.564
19.647,19.648,0.181,0.057,19.745,19.564
19.655,19.655,0.163,0.051,19.745,19.582
19.665,19.666,0.173,0.052,19.755,19.582
19.661,19.661,0.193,0.049,19.755,19.562
19.647,19.647,0.193,0.055,19.755,19.562
19.642,19.642,0.174,0.053,19.736,19.562
19.647,19.648,0.152,0.047,19.727,19.575
19.657,19.657,0.152,0.045,19.74,19.588
19.656,19.656,0.15,0.044,19.74,19.59
19.676,19.676,0.168,0.054,19.758,19.59
19.682,19.682,0.164,0.055,19.758,19.594
19.679,19.679,0.168,0.058,19.758,19.59
19.657,19.657,0.175,0.06,19.75,19.575
19.665,19.665,0.181,0.061,19.756,19.575
19.661,19.661,0.181,0.061,19.756,19.575
19.665,19.665,0.176,0.054,19.756,19.58
19.639,19.639,0.173,0.05,19.753,19.58
19.639,19.639,0.173,0.051,19.753,19.58
19.655,19.655,0.163,0.058,19.743,19.58
19.66,19.661,0.166,0.056,19.743,19.577
19.671,19.671,0.183,0.058,19.743,19.56
19.644,19.645,0.163,0.056,19.723,19.56
19.65,19.651,0.181,0.057,19.741,19.56
19.646,19.646,0.189,0.057,19.751,19.562
19.662,19.662,0.189,0.058,19.751,19.562
19.667,19.667,0.189,0.053,19.751,19.562
19.678,19.678,0.156,0.047,19.746,19.59
19.685,19.685,0.168,0.05,19.748,19.58
19.686,19.686,0.175,0.056,19.755,19.58
19.692,19.692,0.175,0.053,19.755,19.58
19.672,19.672,0.171,0.055,19.755,19.584
19.662,19.662,0.165,0.057,19.747,19.582
19.64,19.64,0.162,0.052,19.744,19.582
19.642,19.642,0.164,0.056,19.746,19.582
19.652,19.652,0.164,0.054,19.746,19.582
19.652,19.652,0.164,0.052,19.746,19.582
19.66,19.66,0.16,0.047,19.754,19.594
19.652,19.652,0.16,0.046,19.754,19.594
19.669,19.669,0.159,0.047,19.754,19.595
19.648,19.649,0.162,0.054,19.741,19.579
19.667,19.667,0.167,0.056,19.746,19.579
19.664,19.664,0.167,0.058,19.746,19.579
19.69,19.69,0.175,0.047,19.757,19.582
19.668,19.668,0.175,0.053,19.757,19.582
19.668,19.668,0.182,0.056,19.761,19.579
19.664,19.664,0.19,0.058,19.769,19.579
19.676,19.676,0.19,0.062,19.769,19.579
19.659,19.659,0.181,0.062,19.769,19.588
19.657,19.657,0.178,0.059,19.765,19.587
19.652,19.652,0.166,0.05,19.753,19.587
19.656,19.656,0.152,0.048,19.739,19.587
19.662,19.662,0.166,0.054,19.752,19.586
19.657,19.657,0.172,0.053,19.752,19.58
19.664,19.664,0.172,0.052,19.752,19.58
19.648,19.648,0.158,0.049,19.738,19.58
19.647,19.647,0.16,0.05,19.746,19.586
19.652,19.652,0.16,0.056,19.746,19.586
19.662,19.662,0.159,0.057,19.746,19.587
19.653,19.654,0.155,0.058,19.742,19.587
19.646,19.646,0.164,0.053,19.751,19.587
19.649,19.649,0.168,0.052,19.751,19.583
19.667,19.667,0.168,0.053,19.751,19.583
19.664,19.664,0.168,0.049,19.751,19.583
19.649,19.65,0.163,0.046,19.751,19.588
19.647,19.647,0.169,0.041,19.757,19.588
19.643,19.643,0.169,0.045,19.757,19.588
19.664,19.664,0.171,0.051,19.757,19.586
19.666,19.666,0.171,0.056,19.757,19.586
19.678,19.678,0.171,0.053,19.757,19.586
19.657,19.658,0.162,0.053,19.746,19.584
19.657,19.658,0.158,0.054,19.742,19.584
19.646,19.646,0.168,0.054,19.751,19.583
19.652,19.652,0.168,0.056,19.751,19.583
19.651,19.652,0.172,0.051,19.755,19.583
19.665,19.665,0.167,0.053,19.755,19.588
19.665,19.665,0.16,0.047,19.755,19.595
19.655,19.655,0.154,0.045,19.749,19.595
19.635,19.635,0.162,0.04,19.732,19.57
19.644,19.644,0.168,0.047,19.738,19.57
19.641,19.641,0.168,0.051,19.738,19.57
19.66,19.66,0.156,0.053,19.741,19.585
19.669,19.67,0.169,0.06,19.754,19.585
19.677,19.677,0.186,0.058,19.754,19.568
19.675,19.675,0.186,0.055,19.754,19.568
19.65,19.65,0.18,0.053,19.748,19.568
19.646,19.646,0.159,0.048,19.742,19.583
19.641,19.641,0.174,0.051,19.742,19.568
19.655,19.656,0.199,0.06,19.767,19.568
19.662,19.662,0.202,0.068,19.767,19.565
19.656,19.656,0.202,0.063,19.767,19.565
19.651,19.651,0.179,0.054,19.744,19.565
19.642,19.642,0.153,0.039,19.744,19.591
19.641,19.641,0.153,0.039,19.744,19.591
19.644,19.644,0.16,0.044,19.75,19.59
19.646,19.646,0.16,0.052,19.75,19.59
19.666,19.666,0.173,0.058,19.75,19.577
19.658,19.658,0.166,0.057,19.743,19.577
19.65,19.65,0.167,0.056,19.743,19.576
19.636,19.636,0.158,0.043,19.734,19.576
19.646,19.646,0.163,0.043,19.739,19.576
19.662,19.662,0.15,0.043,19.739,19.589
19.671,19.671,0.149,0.044,19.739,19.59
19.665,19.666,0.146,0.046,19.739,19.593
19.656,19.656,0.151,0.047,19.738,19.587
19.653,19.653,0.151,0.047,19.738,19.587
19.643,19.643,0.173,0.047,19.738,19.565
19.648,19.648,0.171,0.048,19.736,19.565
19.638,19.638,0.161,0.046,19.726,19.565
19.652,19.652,0.181,0.05,19.762,19.581
19.655,19.655,0.181,0.05,19.762,19.581
19.651,19.651,0.181,0.05,19.762,19.581
19.649,19.65,0.161,0.047,19.742,19.581
19.65,19.65,0.157,0.049,19.742,19.585
19.664,19.664,0.153,0.047,19.742,19.589
19.646,19.646,0.163,0.052,19.742,19.579
19.64,19.64,0.155,0.048,19.733,19.578
19.643,19.643,0.151,0.048,19.729,19.578
19.658,19.658,0.151,0.042,19.729,19.578
19.664,19.664,0.153,0.045,19.749,19.596
19.663,19.663,0.153,0.046,19.749,19.596
19.666,19.666,0.162,0.045,19.749,19.587
19.664,19.664,0.155,0.042,19.742,19.587
19.652,19.652,0.178,0.052,19.731,19.553
19.645,19.645,0.178,0.056,19.731,19.553
19.637,19.637,0.177,0.057,19.73,19.553
19.637,19.637,0.157,0.053,19.716,19.559
19.647,19.647,0.153,0.051,19.721,19.568
19.656,19.656,0.162,0.05,19.722,19.56
19.663,19.663,0.162,0.042,19.722,19.56
19.647,19.647,0.162,0.046,19.722,19.56
19.649,19.649,0.155,0.044,19.73,19.575
19.644,19.644,0.157,0.047,19.73,19.573
19.649,19.649,0.18,0.046,19.73,19.55
19.647,19.647,0.193,0.047,19.743,19.55
19.654,19.654,0.193,0.046,19.743,19.55
19.652,19.652,0.179,0.045,19.743,19.564
19.643,19.643,0.162,0.039,19.734,19.572
19.638,19.638,0.17,0.042,19.734,19.564
19.65,19.65,0.17,0.044,19.734,19.564
19.651,19.651,0.16,0.043,19.724,19.564
19.647,19.647,0.138,0.039,19.712,19.574
19.642,19.642,0.172,0.04,19.721,19.549
19.641,19.641,0.172,0.038,19.721,19.549
19.645,19.645,0.172,0.035,19.721,19.549
19.635,19.635,0.148,0.035,19.716,19.568
19.639,19.639,0.162,0.043,19.73,19.568
19.639,19.639,0.162,0.045,19.73,19.568
19.638,19.639,0.15,0.043,19.73,19.58
19.639,19.639,0.15,0.044,19.725,19.575
19.631,19.631,0.167,0.044,19.719,19.552
19.641,19.641,0.177,0.042,19.729,19.552
19.633,19.633,0.177,0.036,19.729,19.552
19.638,19.638,0.152,0.034,19.729,19.577
19.636,19.636,0.096,0.03,19.673,19.577
19.636,19.636,0.102,0.028,19.673,19.571
19.635,19.635,0.099,0.027,19.67,19.571
19.636,19.636,0.116,0.027,19.687,19.571
19.641,19.641,0.1,0.024,19.687,19.587
19.638,19.638,0.179,0.037,19.687,19.508
19.637,19.637,0.176,0.041,19.684,19.508
19.627,19.627,0.176,0.047,19.684,19.508
19.634,19.635,0.166,0.044,19.701,19.535
19.628,19.628,0.166,0.043,19.701,19.535
19.637,19.637,0.185,0.043,19.701,19.516
19.628,19.628,0.16,0.039,19.676,19.516
19.627,19.628,0.165,0.039,19.681,19.516
19.63,19.63,0.117,0.035,19.683,19.566
19.64,19.64,0.117,0.032,19.683,19.566
19.649,19.649,0.117,0.025,19.683,19.566
19.647,19.647,0.12,0.026,19.69,19.57
19.643,19.643,0.12,0.029,19.69,19.57
19.633,19.633,0.121,0.033,19.69,19.569
19.627,19.627,0.153,0.037,19.677,19.524
19.628,19.628,0.139,0.036,19.663,19.524
19.635,19.635,0.142,0.034,19.666,19.524
19.644,19.644,0.097,0.02,19.684,19.587
19.638,19.638,0.122,0.031,19.684,19.562
19.638,19.638,0.181,0.038,19.684,19.503
19.633,19.633,0.165,0.046,19.668,19.503
19.637,19.637,0.164,0.04,19.667,19.503
19.635,19.635,0.157,0.033,19.667,19.51
19.634,19.634,0.167,0.034,19.672,19.505
19.631,19.631,0.167,0.037,19.672,19.505
19.635,19.635,0.179,0.039,19.684,19.505
19.642,19.642,0.11,0.029,19.684,19.574
19.649,19.649,0.102,0.022,19.684,19.582
19.646,19.646,0.169,0.034,19.69,19.521
19.64,19.64,0.172,0.041,19.69,19.518
19.639,19.639,0.172,0.042,19.69,19.518
19.648,19.648,0.161,0.031,19.679,19.518
19.64,19.64,0.175,0.043,19.679,19.504
19.632,19.632,0.17,0.045,19.674,19.504
19.611,19.612,0.163,0.047,19.667,19.504
19.627,19.627,0.137,0.038,19.667,19.53
19.629,19.629,0.139,0.039,19.669,19.53
19.631,19.631,0.125,0.035,19.669,19.544
19.628,19.628,0.125,0.034,19.669,19.544
19.625,19.625,0.116,0.034,19.66,19.544
19.631,19.631,0.119,0.035,19.663,19.544
19.624,19.625,0.13,0.04,19.674,19.544
19.626,19.626,0.13,0.04,19.674,19.544
19.623,19.623,0.143,0.045,19.674,19.531
19.63,19.63,0.146,0.044,19.677,19.531
19.629,19.629,0.149,0.046,19.677,19.528
19.646,19.646,0.161,0.037,19.689,19.528
19.636,19.636,0.216,0.052,19.689,19.473
19.64,19.64,0.216,0.051,19.689,19.473
19.621,19.621,0.216,0.062,19.689,19.473
19.629,19.629,0.199,0.052,19.689,19.49
19.619,19.619,0.183,0.057,19.673,19.49
19.626,19.626,0.169,0.043,19.67,19.501
19.626,19.626,0.169,0.042,19.67,19.501
19.642,19.642,0.107,0.023,19.67,19.563
19.646,19.646,0.067,0.015,19.665,19.598
19.647,19.647,0.104,0.023,19.675,19.571
19.651,19.651,0.104,0.025,19.675,19.571
19.654,19.655,0.104,0.024,19.675,19.571
19.644,19.644,0.119,0.035,19.671,19.552
19.639,19.639,0.12,0.036,19.672,19.552
19.64,19.64,0.12,0.036,19.672,19.552
19.645,19.645,0.107,0.027,19.672,19.565
19.645,19.645,0.107,0.024,19.672,19.565
19.636,19.636,0.104,0.028,19.668,19.564
19.638,19.638,0.108,0.027,19.668,19.56
19.639,19.639,0.12,0.033,19.68,19.56
19.642,19.642,0.12,0.027,19.68,19.56
19.645,19.645,0.12,0.023,19.68,19.56
19.64,19.64,0.186,0.031,19.675,19.489
19.643,19.643,0.186,0.033,19.675,19.489
19.642,19.642,0.179,0.032,19.668,19.489
19.644,19.644,0.083,0.018,19.668,19.585
19.643,19.643,0.078,0.017,19.663,19.585
19.643,19.643,0.077,0.015,19.662,19.585
19.646,19.646,0.055,0.013,19.666,19.611
19.648,19.648,0.062,0.014,19.673,19.611
19.651,19.651,0.062,0.014,19.673,19.611
19.651,19.651,0.047,0.012,19.673,19.626
19.648,19.648,0.058,0.014,19.67,19.612
19.647,19.647,0.058,0.012,19.67,19.612
19.643,19.643,0.058,0.013,19.67,19.612
19.644,19.645,0.099,0.018,19.719,19.62
19.645,19.645,0.099,0.018,19.719,19.62
19.65,19.65,0.088,0.017,19.719,19.631
19.645,19.645,0.086,0.016,19.675,19.589
19.644,19.644,0.086,0.017,19.675,19.589
19.644,19.644,0.15,0.029,19.739,19.589
19.65,19.65,0.131,0.027,19.739,19.608
19.647,19.647,0.161,0.031,19.739,19.578
19.641,19.641,0.096,0.022,19.674,19.578
19.638,19.638,0.094,0.024,19.672,19.578
19.644,19.644,0.128,0.025,19.719,19.591
19.648,19.648,0.128,0.022,19.719,19.591
19.653,19.653,0.099,0.021,19.719,19.62
19.648,19.648,0.093,0.02,19.679,19.586
19.653,19.653,0.105,0.023,19.691,19.586
19.654,19.654,0.164,0.031,19.75,19.586
19.663,19.663,0.174,0.038,19.75,19.576
19.658,19.658,0.18,0.043,19.756,19.576
19.657,19.657,0.18,0.044,19.756,19.576
19.65,19.65,0.182,0.039,19.756,19.574
19.653,19.653,0.157,0.037,19.731,19.574
19.651,19.651,0.142,0.035,19.716,19.574
19.643,19.643,0.146,0.04,19.716,19.57
19.639,19.639,0.153,0.04,19.723,19.57
19.632,19.632,0.153,0.036,19.723,19.57
19.643,19.643,0.154,0.032,19.728,19.574
19.641,19.641,0.155,0.032,19.729,19.574
19.647,19.647,0.152,0.032,19.732,19.58
19.655,19.655,0.152,0.037,19.732,19.58
19.662,19.662,0.11,0.035,19.732,19.622
19.663,19.663,0.144,0.036,19.737,19.593
19.656,19.656,0.144,0.03,19.737,19.593
19.65,19.65,0.144,0.024,19.737,19.593
19.639,19.639,0.125,0.025,19.7,19.575
19.635,19.635,0.131,0.027,19.698,19.567
19.635,19.635,0.153,0.034,19.72,19.567
19.634,19.634,0.153,0.035,19.72,19.567
19.64,19.64,0.148,0.038,19.728,19.58
19.64,19.64,0.172,0.045,19.752,19.58
19.649,19.649,0.172,0.045,19.752,19.58
19.643,19.643,0.172,0.041,19.752,19.58
19.639,19.639,0.176,0.042,19.733,19.557
19.647,19.647,0.176,0.044,19.733,19.557
19.653,19.653,0.176,0.045,19.733,19.557
19.644,19.644,0.172,0.045,19.728,19.556
19.627,19.627,0.16,0.045,19.716,19.556
19.619,19.619,0.153,0.04,19.709,19.556
19.627,19.627,0.139,0.032,19.709,19.57
19.637,19.637,0.13,0.027,19.717,19.587
19.635,19.635,0.153,0.038,19.717,19.564
19.639,19.639,0.164,0.042,19.728,19.564
19.637,19.637,0.176,0.046,19.737,19.561
19.641,19.641,0.176,0.038,19.737,19.561
19.65,19.65,0.184,0.046,19.745,19.561
19.652,19.652,0.18,0.05,19.745,19.565
19.648,19.648,0.18,0.052,19.745,19.565
19.635,19.635,0.169,0.041,19.734,19.565
19.639,19.639,0.177,0.031,19.744,19.567
19.641,19.641,0.181,0.038,19.744,19.563
19.65,19.65,0.181,0.045,19.744,19.563
19.652,19.653,0.178,0.048,19.741,19.563
19.655,19.655,0.186,0.047,19.737,19.551
19.654,19.654,0.186,0.04,19.737,19.551
19.649,19.649,0.182,0.041,19.733,19.551
19.657,19.657,0.162,0.043,19.733,19.571
19.652,19.652,0.162,0.043,19.733,19.571
19.643,19.643,0.16,0.04,19.722,19.562
19.638,19.638,0.167,0.039,19.729,19.562
19.633,19.633,0.167,0.043,19.729,19.562
19.645,19.645,0.155,0.047,19.732,19.577
19.648,19.648,0.17,0.045,19.747,19.577
19.659,19.659,0.156,0.039,19.747,19.591
19.645,19.645,0.171,0.044,19.747,19.576
19.636,19.636,0.176,0.039,19.736,19.56
19.626,19.626,0.176,0.039,19.736,19.56
19.634,19.634,0.114,0.029,19.674,19.56
19.641,19.641,0.16,0.03,19.738,19.578
19.649,19.649,0.134,0.026,19.738,19.604
19.644,19.645,0.155,0.031,19.738,19.583
19.651,19.651,0.166,0.042,19.749,19.583
19.651,19.651,0.174,0.046,19.749,19.575
19.666,19.666,0.174,0.05,19.749,19.575
19.663,19.663,0.17,0.05,19.745,19.575
19.66,19.66,0.163,0.046,19.745,19.582
19.645,19.645,0.171,0.043,19.745,19.574
19.649,19.649,0.154,0.04,19.728,19.574
19.656,19.656,0.154,0.041,19.728,19.574
19.654,19.654,0.153,0.043,19.728,19.575
19.641,19.641,0.199,0.046,19.748,19.549
19.649,19.649,0.199,0.05,19.748,19.549
19.66,19.66,0.199,0.044,19.748,19.549
19.665,19.665,0.102,0.031,19.732,19.63
19.649,19.649,0.15,0.029,19.732,19.582
19.643,19.643,0.15,0.031,19.732,19.582
19.634,19.634,0.153,0.036,19.731,19.578
19.64,19.641,0.16,0.043,19.738,19.578
19.651,19.651,0.16,0.05,19.738,19.578
19.656,19.656,0.159,0.044,19.738,19.579
19.652,19.652,0.145,0.04,19.73,19.585
19.645,19.645,0.157,0.038,19.739,19.582
19.651,19.651,0.16,0.046,19.739,19.579
19.646,19.646,0.171,0.052,19.741,19.57
19.637,19.637,0.18,0.048,19.741,19.561
19.631,19.631,0.18,0.043,19.741,19.561
19.639,19.639,0.181,0.046,19.742,19.561
19.648,19.648,0.154,0.046,19.742,19.588
19.642,19.643,0.155,0.046,19.742,19.587
19.64,19.64,0.159,0.039,19.738,19.579
19.637,19.637,0.141,0.036,19.72,19.579
19.645,19.645,0.141,0.031,19.72,19.579
19.652,19.652,0.145,0.029,19.736,19.591
19.647,19.647,0.149,0.029,19.736,19.587
19.644,19.644,0.15,0.037,19.736,19.586
19.64,19.64,0.144,0.036,19.729,19.585
19.653,19.653,0.175,0.044,19.756,19.581
19.654,19.654,0.175,0.043,19.756,19.581
19.651,19.651,0.183,0.043,19.756,19.573
19.65,19.65,0.174,0.037,19.747,19.573
19.648,19.648,0.142,0.035,19.715,19.573
19.649,19.649,0.128,0.031,19.715,19.587
19.648,19.648,0.162,0.042,19.729,19.567
19.646,19.646,0.162,0.042,19.729,19.567
19.643,19.643,0.162,0.042,19.729,19.567
19.639,19.639,0.129,0.028,19.716,19.587
19.647,19.647,0.123,0.026,19.716,19.593
19.654,19.655,0.171,0.035,19.739,19.568
19.656,19.656,0.171,0.032,19.739,19.568
19.644,19.644,0.172,0.039,19.739,19.567
19.647,19.647,0.168,0.046,19.735,19.567
19.634,19.634,0.168,0.052,19.735,19.567
19.634,19.634,0.16,0.049,19.735,19.575
19.624,19.624,0.153,0.036,19.728,19.575
19.634,19.634,0.157,0.044,19.728,19.571
19.643,19.643,0.172,0.051,19.743,19.571
19.648,19.648,0.174,0.05,19.743,19.569
19.648,19.648,0.18,0.051,19.743,19.563
19.643,19.643,0.177,0.045,19.74,19.563
19.651,19.651,0.177,0.048,19.74,19.563
19.65,19.65,0.159,0.045,19.726,19.567
19.643,19.643,0.159,0.045,19.726,19.567
19.633,19.633,0.159,0.034,19.726,19.567
19.643,19.643,0.147,0.034,19.726,19.579
19.654,19.654,0.146,0.028,19.726,19.58
19.651,19.651,0.148,0.04,19.728,19.58
19.644,19.644,0.153,0.034,19.735,19.582
19.644,19.644,0.153,0.035,19.735,19.582
19.645,19.645,0.138,0.024,19.735,19.597
19.643,19.643,0.11,0.021,19.707,19.597
19.643,19.643,0.111,0.026,19.708,19.597
19.644,19.644,0.138,0.03,19.729,19.591
19.64,19.64,0.154,0.037,19.729,19.575
19.645,19.645,0.155,0.042,19.73,19.575
19.655,19.655,0.164,0.048,19.739,19.575
19.664,19.664,0.139,0.041,19.739,19.6
19.657,19.657,0.153,0.042,19.739,19.586
19.643,19.643,0.158,0.034,19.736,19.578
19.635,19.635,0.144,0.039,19.72,19.576
19.634,19.634,0.136,0.034,19.712,19.576
19.638,19.638,0.136,0.036,19.712,19.576
19.647,19.647,0.13,0.034,19.736,19.606
19.647,19.647,0.158,0.036,19.736,19.578
19.641,19.641,0.165,0.039,19.736,19.571
19.64,19.64,0.166,0.037,19.737,19.571
19.643,19.643,0.166,0.031,19.737,19.571
19.648,19.648,0.144,0.027,19.737,19.593
19.641,19.641,0.133,0.022,19.722,19.589
19.639,19.639,0.133,0.023,19.722,19.589
19.643,19.643,0.151,0.026,19.74,19.589
19.645,19.645,0.143,0.025,19.74,19.597
19.645,19.645,0.122,0.023,19.74,19.618
19.643,19.643,0.117,0.024,19.731,19.614
19.645,19.645,0.117,0.026,19.731,19.614
19.647,19.647,0.153,0.029,19.731,19.578
19.645,19.645,0.172,0.033,19.732,19.56
19.64,19.64,0.172,0.032,19.732,19.56
19.642,19.642,0.172,0.032,19.732,19.56
19.64,19.64,0.1,0.02,19.719,19.619
19.641,19.641,0.1,0.019,19.719,19.619
19.638,19.638,0.049,0.012,19.668,19.619
19.638,19.638,0.034,0.009,19.655,19.621
19.64,19.64,0.118,0.019,19.724,19.606
19.642,19.642,0.124,0.026,19.73,19.606
19.642,19.642,0.124,0.027,19.73,19.606
19.641,19.641,0.118,0.021,19.73,19.612
19.641,19.641,0.078,0.018,19.694,19.616
19.64,19.64,0.105,0.024,19.715,19.61
19.638,19.638,0.115,0.026,19.715,19.6
19.635,19.635,0.115,0.025,19.715,19.6
19.637,19.637,0.114,0.018,19.714,19.6
19.643,19.643,0.108,0.024,19.714,19.606
19.646,19.646,0.095,0.024,19.701,19.606
19.655,19.655,0.105,0.03,19.711,19.606
19.654,19.654,0.094,0.027,19.711,19.617
19.647,19.647,0.099,0.026,19.711,19.612
19.636,19.636,0.086,0.016,19.698,19.612
19.636,19.636,0.073,0.015,19.685,19.612
19.641,19.641,0.104,0.023,19.707,19.603
19.644,19.644,0.104,0.025,19.707,19.603
19.644,19.644,0.104,0.029,19.707,19.603
19.643,19.643,0.102,0.026,19.706,19.604
19.64,19.64,0.093,0.024,19.706,19.613
19.635,19.635,0.094,0.018,19.702,19.608
19.631,19.631,0.084,0.018,19.689,19.605
19.63,19.63,0.084,0.02,19.689,19.605
19.633,19.633,0.084,0.023,19.689,19.605
19.637,19.637,0.101,0.025,19.711,19.61
19.639,19.639,0.098,0.024,19.711,19.613
19.639,19.639,0.103,0.025,19.711,19.608
19.637,19.637,0.135,0.025,19.707,19.572
19.644,19.644,0.141,0.029,19.713,19.572
19.65,19.65,0.15,0.036,19.715,19.565
19.646,19.646,0.163,0.045,19.717,19.554
19.639,19.639,0.165,0.049,19.717,19.552
19.631,19.631,0.165,0.046,19.717,19.552
19.64,19.64,0.159,0.045,19.711,19.552
19.642,19.642,0.156,0.043,19.711,19.555
19.654,19.654,0.151,0.044,19.711,19.56
19.657,19.657,0.137,0.041,19.708,19.571
19.664,19.664,0.105,0.037,19.708,19.603
19.665,19.665,0.136,0.041,19.739,19.603
19.657,19.658,0.173,0.045,19.739,19.566
19.644,19.644,0.193,0.05,19.739,19.546
19.629,19.629,0.165,0.04,19.711,19.546
19.634,19.634,0.168,0.042,19.714,19.546
19.644,19.645,0.127,0.04,19.721,19.594
19.644,19.644,0.127,0.036,19.721,19.594
19.639,19.639,0.124,0.032,19.721,19.597
19.635,19.635,0.094,0.03,19.7,19.606
19.651,19.651,0.159,0.045,19.762,19.603
19.649,19.649,0.161,0.048,19.762,19.601
19.643,19.643,0.181,0.049,19.762,19.581
19.629,19.629,0.169,0.034,19.75,19.581
19.623,19.623,0.118,0.027,19.699,19.581
19.627,19.627,0.106,0.027,19.699,19.593
19.632,19.632,0.125,0.035,19.712,19.587
19.632,19.632,0.125,0.033,19.712,19.587
19.635,19.635,0.125,0.036,19.712,19.587
19.63,19.631,0.131,0.03,19.713,19.582
19.647,19.647,0.179,0.042,19.761,19.582
19.64,19.64,0.179,0.04,19.761,19.582
19.639,19.639,0.166,0.039,19.761,19.595
19.633,19.633,0.167,0.036,19.761,19.594
19.641,19.641,0.168,0.042,19.761,19.593
19.652,19.652,0.176,0.048,19.769,19.593
19.642,19.642,0.176,0.043,19.769,19.593
19.643,19.643,0.162,0.039,19.769,19.607
19.634,19.634,0.11,0.029,19.712,19.602
19.643,19.643,0.11,0.032,19.712,19.602
19.638,19.638,0.122,0.029,19.712,19.59
19.639,19.639,0.118,0.029,19.708,19.59
19.637,19.637,0.132,0.033,19.722,19.59
19.636,19.636,0.125,0.037,19.725,19.6
19.631,19.631,0.123,0.033,19.725,19.602
19.624,19.624,0.125,0.024,19.725,19.6
19.622,19.622,0.065,0.016,19.665,19.6
19.621,19.621,0.047,0.013,19.647,19.6
19.629,19.629,0.107,0.024,19.708,19.601
19.637,19.637,0.115,0.031,19.716,19.601
19.636,19.636,0.114,0.031,19.716,19.602
19.643,19.643,0.121,0.037,19.723,19.602
19.646,19.646,0.12,0.037,19.724,19.604
19.649,19.65,0.121,0.036,19.724,19.603
19.646,19.646,0.135,0.033,19.731,19.596
19.643,19.643,0.135,0.033,19.731,19.596
19.648,19.648,0.135,0.038,19.731,19.596
19.648,19.648,0.119,0.036,19.717,19.598
19.652,19.652,0.158,0.038,19.763,19.605
19.653,19.653,0.158,0.042,19.763,19.605
19.646,19.647,0.158,0.039,19.763,19.605
19.645,19.645,0.167,0.04,19.767,19.6
19.64,19.64,0.167,0.037,19.767,19.6
19.638,19.638,0.167,0.038,19.767,19.6
19.632,19.632,0.129,0.025,19.734,19.605
19.631,19.631,0.054,0.011,19.67,19.616
19.631,19.631,0.055,0.011,19.67,19.615
19.634,19.634,0.085,0.016,19.698,19.613
19.648,19.648,0.154,0.042,19.767,19.613
19.648,19.648,0.175,0.043,19.767,19.592
19.658,19.659,0.175,0.045,19.767,19.592
19.648,19.648,0.126,0.033,19.718,19.592
19.653,19.653,0.108,0.033,19.718,19.61
19.643,19.643,0.105,0.025,19.715,19.61
19.641,19.641,0.075,0.018,19.685,19.61
19.638,19.638,0.105,0.019,19.712,19.607
19.641,19.641,0.105,0.022,19.712,19.607
19.639,19.639,0.105,0.022,19.712,19.607
19.643,19.643,0.104,0.024,19.713,19.609
19.64,19.64,0.1,0.022,19.713,19.613
19.64,19.64,0.107,0.022,19.713,19.606
19.641,19.641,0.1,0.021,19.706,19.606
19.64,19.64,0.1,0.022,19.706,19.606
19.644,19.644,0.096,0.024,19.706,19.61
19.641,19.641,0.066,0.02,19.676,19.61
19.643,19.643,0.066,0.021,19.676,19.61
19.643,19.643,0.064,0.019,19.676,19.612
19.647,19.647,0.06,0.017,19.672,19.612
19.649,19.649,0.046,0.015,19.672,19.626
19.652,19.652,0.055,0.016,19.683,19.628
19.65,19.65,0.128,0.028,19.704,19.576
19.643,19.643,0.146,0.036,19.704,19.558
19.643,19.643,0.146,0.034,19.704,19.558
19.635,19.635,0.109,0.032,19.667,19.558
19.638,19.638,0.114,0.029,19.666,19.552
19.634,19.634,0.114,0.033,19.666,19.552
19.641,19.641,0.124,0.032,19.676,19.552
19.65,19.65,0.174,0.031,19.726,19.552
19.657,19.657,0.172,0.025,19.726,19.554
19.663,19.663,0.089,0.019,19.726,19.637
19.655,19.655,0.13,0.025,19.719,19.589
19.655,19.655,0.13,0.026,19.719,19.589
19.65,19.65,0.108,0.023,19.697,19.589
19.659,19.659,0.065,0.017,19.698,19.633
19.658,19.658,0.064,0.018,19.698,19.634
19.658,19.658,0.108,0.021,19.698,19.59
19.652,19.653,0.099,0.019,19.689,19.59
19.652,19.652,0.096,0.017,19.686,19.59
19.653,19.653,0.044,0.012,19.673,19.629
19.654,19.654,0.116,0.019,19.696,19.58
19.651,19.651,0.116,0.02,19.696,19.58
19.65,19.65,0.116,0.025,19.696,19.58
19.644,19.644,0.107,0.029,19.707,19.6
19.647,19.647,0.111,0.033,19.711,19.6
19.646,19.646,0.118,0.033,19.718,19.6
19.652,19.652,0.125,0.03,19.736,19.611
19.65,19.65,0.125,0.03,19.736,19.611
19.648,19.648,0.125,0.03,19.736,19.611
19.65,19.65,0.112,0.033,19.725,19.613
19.646,19.646,0.109,0.035,19.725,19.616
19.654,19.654,0.126,0.04,19.737,19.611
19.651,19.651,0.126,0.039,19.737,19.611
19.654,19.654,0.126,0.038,19.737,19.611
19.646,19.646,0.109,0.027,19.723,19.614
19.65,19.65,0.115,0.031,19.729,19.614
19.65,19.65,0.12,0.031,19.729,19.609
19.659,19.659,0.12,0.037,19.729,19.609
19.647,19.647,0.163,0.041,19.729,19.566
19.646,19.647,0.163,0.042,19.729,19.566
19.646,19.646,0.163,0.042,19.729,19.566
19.657,19.657,0.177,0.045,19.735,19.558
19.676,19.676,0.177,0.048,19.735,19.558
19.674,19.674,0.177,0.049,19.735,19.558
19.673,19.673,0.184,0.044,19.734,19.55
19.662,19.662,0.184,0.043,19.734,19.55
19.666,19.666,0.195,0.045,19.745,19.55
19.672,19.672,0.154,0.045,19.745,19.591
19.677,19.677,0.15,0.043,19.745,19.595
19.672,19.672,0.136,0.042,19.731,19.595
19.669,19.669,0.137,0.044,19.731,19.594
19.647,19.647,0.137,0.043,19.731,19.594
19.643,19.643,0.14,0.047,19.731,19.591
19.648,19.648,0.14,0.044,19.731,19.591
19.656,19.656,0.166,0.047,19.731,19.565
19.668,19.668,0.155,0.042,19.72,19.565
19.663,19.663,0.161,0.045,19.726,19.565
19.67,19.67,0.175,0.047,19.726,19.551
19.669,19.669,0.175,0.051,19.726,19.551
19.669,19.669,0.175,0.05,19.726,19.551
19.669,19.669,0.17,0.047,19.725,19.555
19.656,19.656,0.176,0.046,19.725,19.549
19.655,19.655,0.215,0.049,19.764,19.549
19.649,19.649,0.235,0.05,19.764,19.529
19.659,19.659,0.235,0.048,19.764,19.529
19.666,19.666,0.19,0.045,19.719,19.529
19.67,19.67,0.111,0.035,19.722,19.611
19.658,19.658,0.117,0.035,19.722,19.605
19.65,19.65,0.117,0.028,19.722,19.605
19.646,19.646,0.172,0.035,19.766,19.594
19.655,19.655,0.172,0.043,19.766,19.594
19.646,19.646,0.172,0.04,19.766,19.594
19.65,19.65,0.112,0.038,19.723,19.611
19.644,19.644,0.112,0.032,19.723,19.611
19.664,19.664,0.153,0.045,19.76,19.607
19.674,19.674,0.153,0.046,19.76,19.607
19.69,19.69,0.153,0.044,19.76,19.607
19.688,19.688,0.117,0.039,19.75,19.633
19.685,19.685,0.125,0.042,19.742,19.617
19.674,19.674,0.125,0.042,19.742,19.617
19.659,19.66,0.137,0.043,19.742,19.605
19.661,19.661,0.124,0.04,19.729,19.605
19.659,19.659,0.126,0.04,19.731,19.605
19.67,19.67,0.119,0.04,19.731,19.612
19.667,19.667,0.13,0.041,19.742,19.612
19.67,19.67,0.128,0.039,19.742,19.614
19.664,19.664,0.119,0.039,19.742,19.623
19.654,19.654,0.127,0.035,19.737,19.61
19.654,19.654,0.127,0.037,19.737,19.61
19.656,19.656,0.118,0.035,19.728,19.61
19.668,19.668,0.128,0.04,19.749,19.621
19.673,19.673,0.128,0.039,19.749,19.621
19.676,19.676,0.135,0.042,19.749,19.614
19.666,19.666,0.134,0.041,19.748,19.614
19.663,19.663,0.134,0.039,19.748,19.614
19.658,19.658,0.124,0.036,19.738,19.614
19.662,19.662,0.112,0.035,19.731,19.619
19.662,19.662,0.118,0.038,19.731,19.613
19.669,19.669,0.123,0.04,19.736,19.613
19.671,19.671,0.123,0.041,19.736,19.613
19.675,19.675,0.115,0.04,19.739,19.624
19.672,19.672,0.121,0.04,19.739,19.618
19.67,19.671,0.121,0.042,19.739,19.618
19.661,19.662,0.153,0.046,19.728,19.575
19.666,19.666,0.153,0.046,19.728,19.575
19.668,19.668,0.151,0.046,19.726,19.575
19.662,19.662,0.118,0.04,19.726,19.608
19.663,19.663,0.148,0.044,19.741,19.593
19.666,19.666,0.148,0.046,19.741,19.593
19.672,19.673,0.175,0.054,19.741,19.566
19.661,19.661,0.173,0.051,19.739,19.566
19.652,19.652,0.173,0.052,19.739,19.566
19.659,19.659,0.18,0.047,19.748,19.568
19.653,19.653,0.18,0.046,19.748,19.568
19.66,19.66,0.162,0.044,19.748,19.586
19.658,19.658,0.159,0.042,19.745,19.586
19.675,19.675,0.159,0.043,19.745,19.586
19.662,19.662,0.156,0.044,19.735,19.579
19.653,19.653,0.163,0.042,19.73,19.567
19.634,19.634,0.151,0.041,19.718,19.567
19.642,19.642,0.168,0.041,19.735,19.567
19.646,19.646,0.154,0.045,19.735,19.581
19.668,19.668,0.168,0.049,19.751,19.583
19.668,19.668,0.168,0.047,19.751,19.583
19.678,19.678,0.168,0.045,19.751,19.583
19.664,19.664,0.127,0.039,19.738,19.611
19.674,19.674,0.138,0.042,19.749,19.611
19.659,19.659,0.138,0.04,19.749,19.611
19.668,19.668,0.133,0.04,19.749,19.616
19.659,19.659,0.125,0.038,19.741,19.616
19.659,19.659,0.169,0.044,19.741,19.572
19.647,19.647,0.159,0.039,19.731,19.572
19.649,19.649,0.159,0.038,19.731,19.572
19.654,19.654,0.1,0.03,19.716,19.616
19.658,19.658,0.151,0.032,19.738,19.587
19.661,19.661,0.151,0.034,19.738,19.587
19.657,19.657,0.151,0.035,19.738,19.587
19.661,19.661,0.155,0.038,19.737,19.582
19.662,19.662,0.157,0.039,19.739,19.582
19.672,19.672,0.172,0.045,19.754,19.582
19.671,19.671,0.168,0.044,19.754,19.586
19.668,19.668,0.168,0.045,19.754,19.586
19.667,19.667,0.142,0.037,19.741,19.599
19.671,19.671,0.142,0.036,19.741,19.599
19.665,19.665,0.158,0.036,19.736,19.578
19.664,19.664,0.162,0.04,19.736,19.574
19.658,19.658,0.145,0.04,19.719,19.574
19.661,19.661,0.149,0.037,19.723,19.574
19.658,19.658,0.127,0.032,19.739,19.612
19.66,19.66,0.113,0.033,19.739,19.626
19.655,19.655,0.108,0.03,19.739,19.631
19.662,19.662,0.103,0.035,19.734,19.631
19.664,19.664,0.105,0.033,19.735,19.63
19.665,19.665,0.152,0.036,19.735,19.583
19.665,19.665,0.152,0.033,19.735,19.583
19.657,19.657,0.137,0.034,19.72,19.583
19.655,19.655,0.144,0.033,19.72,19.576
19.644,19.644,0.147,0.037,19.716,19.569
19.654,19.654,0.157,0.044,19.726,19.569
19.664,19.664,0.157,0.049,19.726,19.569
19.679,19.679,0.154,0.046,19.726,19.572
19.673,19.673,0.143,0.042,19.726,19.583
19.665,19.665,0.135,0.037,19.723,19.588
19.656,19.656,0.106,0.03,19.728,19.622
19.658,19.658,0.122,0.032,19.728,19.606
19.669,19.669,0.126,0.037,19.732,19.606
19.668,19.668,0.126,0.035,19.732,19.606
19.666,19.666,0.111,0.034,19.732,19.621
19.656,19.656,0.095,0.028,19.716,19.621
19.652,19.652,0.088,0.025,19.709,19.621
19.652,19.652,0.088,0.023,19.715,19.627
19.655,19.655,0.098,0.026,19.715,19.617
19.667,19.667,0.098,0.031,19.715,19.617
19.669,19.669,0.097,0.031,19.714,19.617
19.676,19.676,0.092,0.031,19.726,19.634
19.672,19.672,0.102,0.034,19.726,19.624
19.667,19.667,0.102,0.033,19.726,19.624
19.658,19.658,0.121,0.031,19.716,19.595
19.661,19.661,0.124,0.03,19.719,19.595
19.668,19.668,0.124,0.035,19.719,19.595
19.671,19.671,0.113,0.033,19.719,19.606
19.673,19.673,0.115,0.032,19.721,19.606
19.674,19.674,0.104,0.032,19.722,19.618
19.678,19.678,0.104,0.029,19.722,19.618
19.668,19.668,0.149,0.036,19.722,19.573
19.657,19.657,0.145,0.032,19.718,19.573
19.66,19.66,0.143,0.033,19.716,19.573
19.662,19.662,0.147,0.033,19.717,19.57
19.663,19.663,0.154,0.043,19.724,19.57
19.658,19.658,0.154,0.042,19.724,19.57
19.66,19.66,0.156,0.038,19.73,19.574
19.67,19.67,0.099,0.029,19.73,19.631
19.678,19.678,0.115,0.032,19.736,19.621
19.685,19.685,0.115,0.031,19.736,19.621
19.676,19.676,0.128,0.032,19.736,19.608
19.668,19.668,0.134,0.033,19.729,19.595
19.661,19.661,0.133,0.029,19.728,19.595
19.665,19.665,0.146,0.035,19.728,19.582
19.667,19.667,0.15,0.04,19.732,19.582
19.666,19.666,0.15,0.041,19.732,19.582
19.668,19.668,0.135,0.037,19.732,19.597
19.667,19.667,0.142,0.033,19.733,19.591
19.662,19.662,0.142,0.032,19.733,19.591
19.659,19.659,0.142,0.033,19.733,19.591
19.661,19.661,0.139,0.03,19.734,19.595
19.663,19.663,0.139,0.031,19.734,19.595
19.665,19.665,0.145,0.032,19.734,19.589
19.669,19.669,0.135,0.033,19.724,19.589
19.672,19.672,0.146,0.037,19.735,19.589
19.68,19.68,0.136,0.037,19.735,19.599
19.671,19.671,0.136,0.036,19.735,19.599
19.669,19.669,0.114,0.029,19.729,19.615
19.654,19.654,0.132,0.032,19.719,19.587
19.66,19.66,0.152,0.038,19.739,19.587
19.659,19.659,0.174,0.044,19.739,19.565
19.665,19.665,0.174,0.042,19.739,19.565
19.659,19.659,0.149,0.043,19.714,19.565
19.664,19.664,0.129,0.038,19.716,19.587
19.66,19.66,0.129,0.033,19.716,19.587
19.661,19.661,0.113,0.025,19.716,19.603
19.654,19.654,0.134,0.025,19.735,19.601
19.661,19.661,0.139,0.033,19.735,19.596
19.655,19.655,0.139,0.037,19.735,19.596
19.661,19.661,0.136,0.035,19.732,19.596
19.653,19.653,0.148,0.037,19.729,19.581
19.652,19.652,0.148,0.036,19.729,19.581
19.647,19.647,0.148,0.035,19.729,19.581
19.643,19.643,0.127,0.034,19.71,19.583
19.66,19.66,0.141,0.04,19.724,19.583
19.664,19.664,0.141,0.039,19.724,19.583
19.675,19.675,0.14,0.033,19.734,19.594
19.664,19.664,0.142,0.033,19.734,19.592
19.659,19.66,0.142,0.036,19.734,19.592
19.662,19.662,0.128,0.031,19.72,19.592
19.664,19.664,0.125,0.031,19.72,19.595
19.667,19.667,0.117,0.028,19.72,19.603
19.662,19.662,0.15,0.033,19.717,19.567
19.663,19.663,0.157,0.034,19.724,19.567
19.66,19.66,0.157,0.037,19.724,19.567
19.663,19.663,0.156,0.036,19.744,19.588
19.662,19.662,0.163,0.042,19.744,19.581
19.669,19.669,0.163,0.039,19.744,19.581
19.664,19.664,0.16,0.038,19.741,19.581
19.664,19.664,0.115,0.031,19.721,19.606
19.664,19.664,0.127,0.035,19.734,19.607
19.669,19.669,0.119,0.031,19.734,19.615
19.663,19.663,0.138,0.032,19.734,19.596
19.656,19.656,0.137,0.03,19.733,19.596
19.657,19.657,0.137,0.033,19.733,19.596
19.667,19.667,0.141,0.035,19.742,19.601
19.672,19.672,0.129,0.032,19.742,19.613
19.666,19.666,0.14,0.038,19.742,19.602
19.658,19.658,0.142,0.042,19.744,19.602
19.656,19.656,0.142,0.043,19.744,19.602
19.659,19.659,0.138,0.041,19.744,19.606
19.654,19.654,0.149,0.04,19.732,19.583
19.654,19.654,0.153,0.045,19.736,19.583
19.652,19.652,0.155,0.046,19.738,19.583
19.668,19.668,0.175,0.048,19.759,19.584
19.668,19.668,0.161,0.045,19.759,19.598
19.679,19.679,0.181,0.047,19.759,19.578
19.676,19.676,0.178,0.048,19.756,19.578
19.668,19.668,0.178,0.05,19.756,19.578
19.667,19.668,0.148,0.05,19.742,19.594
19.658,19.658,0.151,0.05,19.742,19.591
19.656,19.656,0.151,0.049,19.742,19.591
19.651,19.651,0.151,0.047,19.742,19.591
19.66,19.66,0.167,0.051,19.753,19.586
19.656,19.656,0.169,0.056,19.753,19.584
19.652,19.653,0.169,0.056,19.753,19.584
19.655,19.655,0.166,0.055,19.75,19.584
19.672,19.672,0.171,0.052,19.75,19.579
19.676,19.676,0.171,0.052,19.75,19.579
19.665,19.665,0.169,0.047,19.748,19.579
19.655,19.655,0.15,0.05,19.731,19.581
19.669,19.669,0.168,0.052,19.749,19.581
19.675,19.675,0.168,0.057,19.749,19.581
19.676,19.676,0.162,0.05,19.749,19.587
19.667,19.667,0.158,0.046,19.748,19.59
19.675,19.675,0.155,0.042,19.745,19.59
19.665,19.666,0.168,0.052,19.745,19.577
19.653,19.653,0.178,0.057,19.752,19.574
19.647,19.647,0.178,0.054,19.752,19.574
19.652,19.653,0.178,0.056,19.752,19.574
19.668,19.668,0.16,0.052,19.737,19.577
19.661,19.661,0.154,0.05,19.731,19.577
19.671,19.671,0.166,0.049,19.731,19.565
19.66,19.66,0.161,0.046,19.726,19.565
19.677,19.677,0.186,0.053,19.751,19.565
19.676,19.676,0.169,0.055,19.751,19.582
19.675,19.675,0.169,0.061,19.751,19.582
19.653,19.653,0.171,0.058,19.753,19.582
19.66,19.66,0.17,0.056,19.753,19.583
19.669,19.669,0.186,0.055,19.753,19.567
19.681,19.681,0.184,0.051,19.751,19.567
19.667,19.667,0.183,0.057,19.75,19.567
19.662,19.662,0.167,0.059,19.75,19.583
19.656,19.656,0.179,0.061,19.762,19.583
19.649,19.649,0.18,0.059,19.762,19.582
19.635,19.635,0.186,0.053,19.762,19.576
19.64,19.64,0.153,0.051,19.729,19.576
19.654,19.654,0.167,0.057,19.743,19.576
19.668,19.668,0.161,0.055,19.743,19.582
19.662,19.662,0.161,0.055,19.743,19.582
19.659,19.659,0.172,0.05,19.747,19.575
19.657,19.657,0.172,0.05,19.747,19.575
19.658,19.658,0.172,0.049,19.747,19.575
19.659,19.659,0.19,0.056,19.763,19.573
19.666,19.666,0.19,0.057,19.763,19.573
19.675,19.675,0.19,0.061,19.763,19.573
19.678,19.678,0.169,0.055,19.755,19.586
19.672,19.672,0.184,0.056,19.755,19.571
19.678,19.678,0.175,0.051,19.746,19.571
19.671,19.671,0.175,0.057,19.746,19.571
19.664,19.664,0.167,0.055,19.746,19.579
19.657,19.657,0.167,0.051,19.746,19.579
19.668,19.668,0.155,0.051,19.741,19.586
19.677,19.677,0.155,0.053,19.741,19.586
19.674,19.674,0.151,0.05,19.741,19.59
19.665,19.665,0.158,0.047,19.748,19.59
19.663,19.664,0.166,0.051,19.752,19.586
19.665,19.665,0.166,0.057,19.752,19.586
19.668,19.668,0.166,0.055,19.752,19.586
19.672,19.672,0.153,0.051,19.74,19.587
19.66,19.66,0.179,0.057,19.747,19.568
19.669,19.669,0.19,0.061,19.758,19.568
19.67,19.67,0.205,0.059,19.773,19.568
19.679,19.679,0.178,0.052,19.773,19.595
19.675,19.675,0.186,0.047,19.773,19.587
19.679,19.679,0.157,0.048,19.744,19.587
19.687,19.687,0.154,0.047,19.741,19.587
19.675,19.675,0.16,0.052,19.738,19.578
19.666,19.666,0.16,0.047,19.738,19.578
19.658,19.659,0.169,0.048,19.747,19.578
19.666,19.666,0.153,0.053,19.75,19.597
19.67,19.67,0.153,0.056,19.75,19.597
19.66,19.66,0.154,0.052,19.75,19.596
19.649,19.649,0.154,0.044,19.75,19.596
19.646,19.646,0.166,0.044,19.762,19.596
19.656,19.656,0.163,0.05,19.762,19.599
19.667,19.667,0.166,0.056,19.762,19.596
19.666,19.666,0.172,0.057,19.768,19.596
19.666,19.666,0.172,0.055,19.768,19.596
19.661,19.662,0.167,0.052,19.768,19.601
19.668,19.668,0.152,0.05,19.751,19.599
19.668,19.669,0.153,0.051,19.751,19.598
19.672,19.672,0.152,0.048,19.75,19.598
19.665,19.665,0.149,0.045,19.746,19.597
19.667,19.667,0.154,0.046,19.751,19.597
19.682,19.682,0.154,0.049,19.751,19.597
19.679,19.679,0.154,0.054,19.751,19.597
19.678,19.678,0.151,0.049,19.748,19.597
19.666,19.666,0.149,0.045,19.746,19.597
19.668,19.668,0.153,0.043,19.75,19.597
19.67,19.67,0.153,0.045,19.75,19.597
19.661,19.662,0.152,0.044,19.75,19.598
19.654,19.654,0.144,0.039,19.746,19.602
19.647,19.647,0.102,0.037,19.702,19.6
19.646,19.646,0.145,0.039,19.745,19.6
19.644,19.644,0.147,0.042,19.745,19.598
19.644,19.644,0.154,0.047,19.752,19.598
19.657,19.657,0.154,0.048,19.752,19.598
19.66,19.66,0.164,0.05,19.752,19.588
19.648,19.648,0.163,0.048,19.751,19.588
19.652,19.652,0.164,0.049,19.752,19.588
19.655,19.655,0.18,0.048,19.752,19.572
19.672,19.672,0.18,0.045,19.752,19.572
19.662,19.662,0.174,0.046,19.746,19.572
19.668,19.668,0.175,0.047,19.746,19.571
19.659,19.659,0.175,0.046,19.746,19.571
19.663,19.663,0.18,0.048,19.751,19.571
19.665,19.665,0.158,0.045,19.751,19.593
19.678,19.678,0.158,0.047,19.751,19.593
19.673,19.673,0.157,0.045,19.75,19.593
19.664,19.664,0.154,0.045,19.75,19.596
19.655,19.655,0.147,0.041,19.734,19.587
19.656,19.656,0.119,0.038,19.706,19.587
19.654,19.654,0.135,0.041,19.722,19.587
19.665,19.665,0.157,0.045,19.747,19.59
19.653,19.653,0.165,0.05,19.747,19.582
19.653,19.653,0.165,0.048,19.747,19.582
19.638,19.638,0.151,0.045,19.733,19.582
19.648,19.648,0.146,0.045,19.733,19.587
19.659,19.659,0.146,0.045,19.733,19.587
19.658,19.658,0.142,0.041,19.729,19.587
19.659,19.659,0.131,0.043,19.721,19.59
19.655,19.655,0.153,0.048,19.737,19.584
19.655,19.655,0.153,0.055,19.737,19.584
19.653,19.653,0.16,0.059,19.741,19.581
19.662,19.662,0.171,0.061,19.752,19.581
19.684,19.684,0.171,0.054,19.752,19.581
19.687,19.687,0.168,0.047,19.752,19.584
19.683,19.683,0.148,0.046,19.75,19.602
19.671,19.671,0.131,0.045,19.74,19.609
19.657,19.657,0.165,0.049,19.74,19.575
19.645,19.645,0.167,0.047,19.742,19.575
19.643,19.643,0.17,0.048,19.745,19.575
19.651,19.651,0.171,0.049,19.755,19.584
19.655,19.655,0.152,0.047,19.755,19.603
19.646,19.647,0.167,0.047,19.755,19.588
19.657,19.657,0.167,0.053,19.755,19.588
19.662,19.662,0.167,0.053,19.755,19.588
19.667,19.667,0.161,0.051,19.755,19.594
19.662,19.662,0.154,0.046,19.748,19.594
19.66,19.66,0.157,0.05,19.751,19.594
19.659,19.659,0.167,0.049,19.751,19.584
19.653,19.653,0.167,0.045,19.751,19.584
19.654,19.654,0.171,0.046,19.755,19.584
19.655,19.655,0.172,0.048,19.755,19.583
19.655,19.656,0.172,0.054,19.755,19.583
19.654,19.654,0.161,0.049,19.744,19.583
19.65,19.65,0.149,0.045,19.744,19.595
19.652,19.652,0.147,0.042,19.742,19.595
19.655,19.655,0.152,0.049,19.747,19.595
19.657,19.657,0.159,0.052,19.747,19.588
19.663,19.663,0.186,0.057,19.763,19.577
19.641,19.641,0.186,0.054,19.763,19.577
19.652,19.652,0.186,0.058,19.763,19.577
19.644,19.644,0.17,0.048,19.748,19.578
19.661,19.661,0.176,0.045,19.76,19.584
19.662,19.662,0.164,0.044,19.76,19.596
19.666,19.666,0.164,0.046,19.76,19.596
19.675,19.675,0.164,0.048,19.76,19.596
19.663,19.663,0.157,0.049,19.76,19.603
19.67,19.67,0.169,0.052,19.763,19.594
19.65,19.65,0.169,0.047,19.763,19.594
19.647,19.647,0.169,0.049,19.763,19.594
19.64,19.64,0.147,0.038,19.746,19.599
19.648,19.648,0.151,0.042,19.75,19.599
19.667,19.667,0.163,0.046,19.766,19.603
19.669,19.669,0.162,0.053,19.766,19.604
19.661,19.662,0.168,0.052,19.766,19.598
19.648,19.648,0.158,0.043,19.756,19.598
19.641,19.641,0.168,0.036,19.766,19.598
19.644,19.644,0.17,0.043,19.766,19.596
19.659,19.659,0.17,0.052,19.766,19.596
19.653,19.654,0.165,0.049,19.76,19.595
19.663,19.663,0.169,0.049,19.764,19.595
19.655,19.655,0.169,0.048,19.764,19.595
19.672,19.672,0.157,0.053,19.767,19.61
19.68,19.68,0.154,0.054,19.767,19.613
19.674,19.674,0.156,0.051,19.767,19.611
19.668,19.668,0.159,0.053,19.77,19.611
19.664,19.664,0.159,0.046,19.77,19.611
19.668,19.668,0.165,0.051,19.77,19.605
19.671,19.671,0.15,0.047,19.755,19.605
19.669,19.669,0.17,0.052,19.755,19.585
19.66,19.66,0.17,0.051,19.755,19.585
19.659,19.659,0.171,0.051,19.756,19.585
19.653,19.653,0.159,0.049,19.756,19.597
19.651,19.651,0.154,0.045,19.756,19.602
19.655,19.655,0.162,0.049,19.764,19.602
19.664,19.664,0.171,0.054,19.764,19.593
19.685,19.685,0.171,0.053,19.764,19.593
19.677,19.677,0.166,0.052,19.759,19.593
19.679,19.679,0.155,0.042,19.751,19.596
19.664,19.664,0.144,0.037,19.745,19.601
19.651,19.651,0.158,0.039,19.743,19.585
19.644,19.644,0.132,0.038,19.717,19.585
19.651,19.651,0.19,0.046,19.775,19.585
19.671,19.671,0.175,0.048,19.781,19.606
19.663,19.663,0.173,0.048,19.781,19.608
19.648,19.648,0.182,0.043,19.781,19.599
19.644,19.644,0.166,0.043,19.765,19.599
19.652,19.652,0.166,0.048,19.765,19.599
19.667,19.667,0.179,0.058,19.765,19.586
19.668,19.668,0.17,0.052,19.756,19.586
19.668,19.668,0.17,0.052,19.756,19.586
19.671,19.671,0.187,0.047,19.777,19.59
19.667,19.667,0.187,0.046,19.777,19.59
19.666,19.666,0.187,0.045,19.777,19.59
19.658,19.658,0.183,0.043,19.769,19.586
19.67,19.67,0.183,0.055,19.769,19.586
19.676,19.676,0.187,0.056,19.773,19.586
19.682,19.682,0.179,0.058,19.773,19.594
19.668,19.668,0.2,0.057,19.779,19.579
19.663,19.663,0.2,0.053,19.779,19.579
19.66,19.66,0.2,0.046,19.779,19.579
19.666,19.666,0.167,0.047,19.768,19.601
19.675,19.675,0.167,0.051,19.768,19.601
19.667,19.667,0.162,0.051,19.768,19.606
19.663,19.663,0.16,0.046,19.763,19.603
19.659,19.659,0.153,0.047,19.756,19.603
19.673,19.673,0.154,0.049,19.757,19.603
19.678,19.678,0.176,0.052,19.779,19.603
19.675,19.675,0.176,0.046,19.779,19.603
19.665,19.665,0.186,0.05,19.779,19.593
19.665,19.665,0.179,0.052,19.772,19.593
19.663,19.663,0.179,0.054,19.772,19.593
19.677,19.677,0.165,0.054,19.773,19.608
19.681,19.681,0.165,0.048,19.773,19.608
19.673,19.673,0.179,0.053,19.773,19.594
19.66,19.66,0.153,0.044,19.747,19.594
19.642,19.642,0.151,0.037,19.743,19.592
19.646,19.646,0.137,0.036,19.729,19.592
19.65,19.65,0.144,0.041,19.736,19.592
19.659,19.659,0.174,0.043,19.771,19.597
19.661,19.661,0.178,0.049,19.771,19.593
19.655,19.655,0.178,0.044,19.771,19.593
19.651,19.651,0.168,0.043,19.761,19.593
19.668,19.668,0.158,0.048,19.757,19.599
19.666,19.666,0.166,0.053,19.757,19.591
19.669,19.669,0.171,0.058,19.757,19.586
19.638,19.638,0.162,0.046,19.748,19.586
19.644,19.644,0.162,0.046,19.748,19.586
19.636,19.636,0.131,0.037,19.715,19.584
19.656,19.656,0.174,0.044,19.758,19.584
19.67,19.67,0.174,0.051,19.758,19.584
19.68,19.68,0.168,0.046,19.758,19.59
19.671,19.671,0.177,0.05,19.757,19.58
19.658,19.658,0.154,0.048,19.734,19.58
19.655,19.655,0.162,0.047,19.742,19.58
19.656,19.656,0.156,0.048,19.742,19.586
19.65,19.65,0.161,0.044,19.742,19.581
19.649,19.649,0.153,0.041,19.734,19.581
19.649,19.649,0.157,0.039,19.738,19.581
19.649,19.649,0.171,0.041,19.753,19.582
19.655,19.655,0.171,0.049,19.753,19.582
19.664,19.664,0.181,0.053,19.77,19.589
19.679,19.679,0.161,0.052,19.77,19.609
19.661,19.661,0.178,0.055,19.77,19.592
19.648,19.648,0.158,0.05,19.75,19.592
19.636,19.636,0.164,0.041,19.75,19.586
19.651,19.651,0.181,0.055,19.767,19.586
19.652,19.652,0.181,0.05,19.767,19.586
19.659,19.659,0.177,0.052,19.767,19.59
19.657,19.657,0.157,0.041,19.752,19.595
19.66,19.66,0.16,0.048,19.755,19.595
19.649,19.649,0.16,0.045,19.755,19.595
19.655,19.655,0.156,0.045,19.755,19.599
19.652,19.652,0.135,0.042,19.734,19.599
19.655,19.655,0.134,0.043,19.734,19.6
19.652,19.652,0.139,0.046,19.739,19.6
19.647,19.647,0.156,0.046,19.739,19.583
19.643,19.643,0.156,0.043,19.739,19.583
19.642,19.642,0.12,0.034,19.703,19.583
19.644,19.644,0.111,0.033,19.703,19.592
19.648,19.648,0.163,0.036,19.755,19.592
19.652,19.652,0.163,0.045,19.755,19.592
19.652,19.652,0.185,0.052,19.755,19.57
19.65,19.65,0.175,0.051,19.745,19.57
19.642,19.642,0.169,0.045,19.739,19.57
19.65,19.65,0.141,0.04,19.739,19.598
19.667,19.667,0.178,0.051,19.764,19.586
19.669,19.669,0.184,0.055,19.764,19.58
19.672,19.672,0.186,0.061,19.766,19.58
19.659,19.659,0.186,0.051,19.766,19.58
19.662,19.662,0.179,0.046,19.766,19.587
19.666,19.666,0.151,0.035,19.744,19.593
19.67,19.67,0.169,0.042,19.762,19.593
19.673,19.673,0.166,0.04,19.762,19.596
19.667,19.667,0.177,0.047,19.762,19.585
19.658,19.658,0.176,0.045,19.761,19.585
19.656,19.656,0.176,0.049,19.761,19.585
19.656,19.656,0.165,0.051,19.756,19.591
19.662,19.663,0.164,0.053,19.756,19.592
19.658,19.658,0.165,0.048,19.756,19.591
19.663,19.663,0.159,0.044,19.75,19.591
19.665,19.665,0.155,0.041,19.746,19.591
19.67,19.671,0.138,0.04,19.746,19.608
19.663,19.663,0.151,0.041,19.744,19.593
19.656,19.656,0.181,0.044,19.772,19.591
19.651,19.651,0.181,0.045,19.772,19.591
19.649,19.649,0.193,0.048,19.772,19.579
19.658,19.658,0.181,0.051,19.76,19.579
19.661,19.661,0.178,0.051,19.757,19.579
19.666,19.666,0.176,0.053,19.757,19.581
19.663,19.663,0.186,0.052,19.767,19.581
19.668,19.668,0.21,0.059,19.791,19.581
19.667,19.668,0.207,0.051,19.791,19.584
19.672,19.672,0.19,0.049,19.791,19.601
19.671,19.671,0.149,0.042,19.75,19.601
19.671,19.671,0.161,0.047,19.761,19.6
19.655,19.655,0.168,0.047,19.761,19.593
19.66,19.66,0.168,0.055,19.761,19.593
19.654,19.654,0.169,0.054,19.753,19.584
19.664,19.664,0.169,0.051,19.753,19.584
19.663,19.663,0.191,0.047,19.775,19.584
19.667,19.667,0.177,0.049,19.775,19.598
19.667,19.667,0.177,0.051,19.775,19.598
19.653,19.653,0.16,0.052,19.742,19.582
19.658,19.658,0.161,0.053,19.743,19.582
19.653,19.653,0.161,0.05,19.743,19.582
19.661,19.661,0.166,0.051,19.746,19.58
19.657,19.657,0.181,0.053,19.761,19.58
19.664,19.664,0.181,0.059,19.761,19.58
19.662,19.662,0.178,0.057,19.761,19.583
19.666,19.666,0.185,0.056,19.768,19.583
19.664,19.664,0.18,0.054,19.768,19.588
19.673,19.673,0.172,0.052,19.768,19.596
19.677,19.677,0.151,0.049,19.749,19.598
19.67,19.67,0.152,0.049,19.749,19.597
19.655,19.655,0.151,0.052,19.744,19.593
19.652,19.653,0.152,0.05,19.741,19.589
19.657,19.657,0.157,0.048,19.746,19.589
19.654,19.654,0.161,0.041,19.746,19.585
19.655,19.655,0.161,0.045,19.746,19.585
19.663,19.663,0.16,0.047,19.745,19.585
19.672,19.672,0.157,0.044,19.745,19.588
19.684,19.684,0.143,0.045,19.753,19.61
19.676,19.676,0.168,0.051,19.753,19.585
19.661,19.661,0.168,0.06,19.753,19.585
19.637,19.637,0.167,0.048,19.752,19.585
19.641,19.641,0.157,0.048,19.744,19.587
