mean,RMS,ptp,std,max,min
19.637,19.637,0.141,0.041,19.709,19.568
19.638,19.638,0.121,0.039,19.7,19.579
19.644,19.644,0.126,0.042,19.714,19.588
19.645,19.645,0.126,0.042,19.714,19.588
19.647,19.647,0.127,0.04,19.715,19.588
19.647,19.647,0.129,0.038,19.715,19.586
19.642,19.642,0.131,0.04,19.717,19.586
19.632,19.632,0.126,0.038,19.719,19.593
19.632,19.632,0.129,0.036,19.719,19.59
19.631,19.632,0.124,0.031,19.714,19.59
19.641,19.641,0.138,0.037,19.726,19.588
19.646,19.646,0.156,0.042,19.732,19.576
19.646,19.646,0.17,0.042,19.732,19.562
19.638,19.638,0.167,0.04,19.726,19.559
19.641,19.641,0.169,0.04,19.728,19.559
19.641,19.641,0.169,0.039,19.728,19.559
19.637,19.637,0.154,0.037,19.724,19.57
19.641,19.641,0.164,0.038,19.734,19.57
19.636,19.636,0.19,0.043,19.734,19.544
19.635,19.636,0.19,0.044,19.734,19.544
19.634,19.634,0.166,0.04,19.723,19.557
19.643,19.643,0.169,0.043,19.73,19.561
19.643,19.643,0.169,0.044,19.73,19.561
19.649,19.649,0.155,0.041,19.725,19.57
19.647,19.647,0.167,0.039,19.756,19.589
19.641,19.641,0.181,0.036,19.756,19.575
19.641,19.641,0.151,0.037,19.726,19.575
19.643,19.643,0.18,0.037,19.726,19.546
19.634,19.634,0.164,0.035,19.706,19.542
19.636,19.636,0.164,0.039,19.706,19.542
19.639,19.639,0.166,0.042,19.708,19.542
19.644,19.644,0.144,0.041,19.708,19.564
19.644,19.644,0.134,0.042,19.708,19.574
19.639,19.639,0.127,0.041,19.701,19.574
19.631,19.631,0.13,0.039,19.704,19.574
19.639,19.639,0.13,0.038,19.704,19.574
19.644,19.644,0.158,0.04,19.748,19.59
19.632,19.632,0.163,0.04,19.748,19.585
19.63,19.63,0.159,0.041,19.732,19.573
19.636,19.636,0.159,0.043,19.732,19.573
19.641,19.641,0.151,0.043,19.732,19.581
19.638,19.638,0.151,0.043,19.731,19.58
19.636,19.636,0.151,0.042,19.731,19.58
19.641,19.642,0.166,0.044,19.75,19.584
19.64,19.64,0.178,0.043,19.75,19.572
19.641,19.641,0.178,0.042,19.75,19.572
19.642,19.642,0.173,0.04,19.745,19.572
19.64,19.64,0.177,0.043,19.762,19.585
19.639,19.639,0.183,0.044,19.762,19.579
19.637,19.637,0.183,0.043,19.762,19.579
19.635,19.635,0.196,0.044,19.753,19.557
19.637,19.637,0.196,0.044,19.753,19.557
19.64,19.64,0.175,0.04,19.765,19.59
19.641,19.641,0.175,0.037,19.765,19.59
19.638,19.638,0.144,0.039,19.725,19.581
19.639,19.639,0.164,0.041,19.745,19.581
19.643,19.643,0.161,0.042,19.745,19.584
19.644,19.644,0.161,0.042,19.745,19.584
19.658,19.658,0.134,0.043,19.732,19.598
19.657,19.657,0.16,0.044,19.72,19.56
19.646,19.646,0.174,0.047,19.727,19.553
19.634,19.634,0.18,0.049,19.727,19.547
19.647,19.647,0.18,0.051,19.727,19.547
19.649,19.649,0.187,0.052,19.725,19.538
19.647,19.647,0.179,0.048,19.717,19.538
19.652,19.652,0.158,0.044,19.718,19.56
19.637,19.637,0.195,0.046,19.718,19.523
19.637,19.637,0.268,0.05,19.791,19.523
19.653,19.653,0.268,0.052,19.791,19.523
19.654,19.654,0.186,0.043,19.736,19.55
19.661,19.661,0.169,0.044,19.722,19.553
19.661,19.661,0.169,0.045,19.722,19.553
19.651,19.651,0.157,0.043,19.723,19.566
19.649,19.649,0.157,0.041,19.723,19.566
19.65,19.65,0.178,0.044,19.723,19.545
19.654,19.654,0.191,0.047,19.736,19.545
19.663,19.663,0.164,0.046,19.736,19.572
19.665,19.665,0.169,0.05,19.736,19.567
19.663,19.663,0.175,0.051,19.734,19.559
19.662,19.662,0.175,0.05,19.734,19.559
19.658,19.658,0.18,0.05,19.739,19.559
19.648,19.648,0.18,0.047,19.739,19.559
19.649,19.649,0.198,0.046,19.749,19.551
19.656,19.656,0.198,0.048,19.749,19.551
19.657,19.657,0.196,0.049,19.74,19.544
19.657,19.657,0.196,0.048,19.74,19.544
19.657,19.657,0.191,0.051,19.747,19.556
19.654,19.654,0.191,0.05,19.747,19.556
19.656,19.656,0.17,0.047,19.739,19.569
19.664,19.664,0.178,0.043,19.751,19.573
19.66,19.66,0.178,0.041,19.751,19.573
19.652,19.653,0.191,0.045,19.751,19.56
19.648,19.648,0.17,0.043,19.73,19.56
19.654,19.654,0.162,0.04,19.73,19.568
19.657,19.657,0.146,0.04,19.72,19.574
19.655,19.655,0.156,0.043,19.72,19.564
19.654,19.654,0.158,0.041,19.722,19.564
19.657,19.657,0.17,0.042,19.722,19.552
19.654,19.654,0.17,0.04,19.722,19.552
19.659,19.659,0.189,0.041,19.741,19.552
19.662,19.662,0.162,0.036,19.741,19.579
19.66,19.661,0.157,0.037,19.733,19.576
19.654,19.654,0.175,0.041,19.743,19.568
19.658,19.658,0.175,0.04,19.743,19.568
19.656,19.656,0.175,0.039,19.743,19.568
19.652,19.653,0.142,0.039,19.718,19.576
19.647,19.647,0.146,0.041,19.721,19.575
19.648,19.648,0.164,0.043,19.727,19.563
19.654,19.654,0.164,0.042,19.727,19.563
19.648,19.648,0.156,0.043,19.719,19.563
19.648,19.648,0.154,0.038,19.719,19.565
19.649,19.649,0.154,0.035,19.719,19.565
19.65,19.65,0.164,0.035,19.734,19.57
19.653,19.653,0.164,0.038,19.734,19.57
19.66,19.66,0.158,0.043,19.734,19.576
19.66,19.66,0.174,0.047,19.733,19.559
19.662,19.662,0.174,0.048,19.733,19.559
19.66,19.66,0.186,0.051,19.752,19.566
19.654,19.654,0.199,0.055,19.752,19.553
19.656,19.656,0.199,0.054,19.752,19.553
19.653,19.653,0.177,0.055,19.745,19.568
19.655,19.655,0.174,0.056,19.744,19.57
19.665,19.665,0.187,0.058,19.758,19.571
19.659,19.659,0.187,0.052,19.758,19.571
19.656,19.656,0.189,0.052,19.758,19.569
19.666,19.666,0.2,0.052,19.758,19.558
19.658,19.658,0.181,0.056,19.739,19.558
19.646,19.647,0.2,0.062,19.748,19.548
19.639,19.639,0.2,0.055,19.748,19.548
19.644,19.644,0.188,0.049,19.736,19.548
19.648,19.648,0.188,0.049,19.745,19.557
19.651,19.651,0.177,0.052,19.745,19.568
19.648,19.648,0.167,0.052,19.745,19.578
19.651,19.651,0.158,0.054,19.737,19.579
19.657,19.657,0.157,0.054,19.74,19.583
19.659,19.659,0.16,0.051,19.74,19.58
19.654,19.654,0.169,0.048,19.746,19.577
19.656,19.656,0.169,0.044,19.746,19.577
19.658,19.658,0.167,0.041,19.744,19.577
19.657,19.657,0.181,0.045,19.755,19.574
19.652,19.652,0.181,0.042,19.755,19.574
19.653,19.653,0.168,0.044,19.738,19.57
19.653,19.653,0.2,0.05,19.77,19.57
19.648,19.648,0.2,0.049,19.77,19.57
19.659,19.659,0.192,0.053,19.77,19.578
19.661,19.661,0.179,0.049,19.767,19.588
19.659,19.659,0.184,0.047,19.767,19.583
19.667,19.667,0.184,0.051,19.767,19.583
19.674,19.674,0.167,0.05,19.759,19.592
19.664,19.664,0.169,0.05,19.759,19.59
19.658,19.658,0.184,0.047,19.774,19.59
19.659,19.659,0.184,0.043,19.774,19.59
19.657,19.657,0.159,0.04,19.755,19.596
19.659,19.659,0.19,0.043,19.774,19.584
19.661,19.661,0.19,0.046,19.774,19.584
19.667,19.667,0.178,0.047,19.774,19.596
19.67,19.67,0.164,0.045,19.755,19.591
19.672,19.672,0.162,0.046,19.753,19.591
19.665,19.665,0.17,0.048,19.761,19.591
19.663,19.663,0.181,0.051,19.773,19.592
19.67,19.67,0.181,0.051,19.773,19.592
19.676,19.676,0.184,0.051,19.771,19.587
19.659,19.659,0.202,0.054,19.771,19.569
19.651,19.651,0.202,0.048,19.771,19.569
19.65,19.65,0.165,0.046,19.752,19.587
19.657,19.657,0.161,0.044,19.752,19.591
19.655,19.655,0.156,0.04,19.747,19.591
19.654,19.654,0.18,0.043,19.774,19.594
19.653,19.653,0.177,0.045,19.774,19.597
19.651,19.652,0.189,0.047,19.772,19.583
19.658,19.659,0.196,0.05,19.779,19.583
19.662,19.662,0.202,0.049,19.779,19.577
19.656,19.657,0.202,0.045,19.779,19.577
19.662,19.662,0.186,0.047,19.769,19.583
19.666,19.666,0.17,0.052,19.769,19.599
19.67,19.67,0.174,0.054,19.77,19.596
19.658,19.658,0.174,0.046,19.77,19.596
19.652,19.653,0.169,0.045,19.757,19.588
19.651,19.651,0.17,0.047,19.758,19.588
19.653,19.653,0.171,0.046,19.759,19.588
19.651,19.651,0.17,0.042,19.759,19.589
19.65,19.65,0.183,0.046,19.771,19.588
19.641,19.641,0.189,0.043,19.771,19.582
19.644,19.645,0.189,0.043,19.771,19.582
19.648,19.648,0.181,0.039,19.762,19.581
19.644,19.644,0.181,0.033,19.762,19.581
19.65,19.65,0.181,0.035,19.762,19.581
19.651,19.651,0.16,0.034,19.73,19.57
19.652,19.652,0.161,0.035,19.731,19.57
19.648,19.648,0.192,0.032,19.768,19.576
19.648,19.648,0.19,0.033,19.768,19.578
19.648,19.648,0.19,0.036,19.768,19.578
19.652,19.652,0.163,0.032,19.741,19.578
19.655,19.655,0.162,0.028,19.741,19.579
19.651,19.651,0.154,0.028,19.733,19.579
19.65,19.65,0.148,0.027,19.733,19.585
19.652,19.652,0.16,0.03,19.743,19.583
19.649,19.649,0.163,0.029,19.743,19.58
19.65,19.65,0.159,0.031,19.739,19.58
19.653,19.653,0.179,0.035,19.759,19.58
19.654,19.654,0.177,0.037,19.759,19.582
19.65,19.65,0.185,0.036,19.759,19.574
19.643,19.643,0.157,0.028,19.731,19.574
19.646,19.646,0.151,0.034,19.738,19.587
19.646,19.646,0.153,0.032,19.74,19.587
19.639,19.639,0.162,0.03,19.74,19.578
19.639,19.639,0.197,0.031,19.74,19.543
19.639,19.639,0.129,0.027,19.672,19.543
19.64,19.64,0.128,0.03,19.691,19.563
19.644,19.644,0.128,0.028,19.691,19.563
19.644,19.644,0.171,0.034,19.691,19.52
19.645,19.645,0.16,0.031,19.68,19.52
19.644,19.644,0.123,0.026,19.68,19.557
19.639,19.639,0.162,0.034,19.68,19.518
19.635,19.635,0.156,0.033,19.674,19.518
19.639,19.639,0.155,0.031,19.673,19.518
19.635,19.635,0.119,0.032,19.669,19.55
19.63,19.63,0.12,0.033,19.67,19.55
19.632,19.632,0.13,0.031,19.68,19.55
19.64,19.64,0.115,0.027,19.68,19.565
19.633,19.633,0.133,0.034,19.674,19.541
19.635,19.635,0.138,0.03,19.679,19.541
19.633,19.633,0.12,0.031,19.679,19.559
19.636,19.636,0.15,0.032,19.679,19.529
19.634,19.634,0.15,0.032,19.679,19.529
19.636,19.636,0.135,0.026,19.679,19.544
19.634,19.634,0.125,0.026,19.669,19.544
19.632,19.632,0.122,0.024,19.669,19.547
19.635,19.635,0.123,0.022,19.671,19.548
19.636,19.636,0.123,0.027,19.671,19.548
19.641,19.641,0.112,0.027,19.678,19.566
19.636,19.636,0.175,0.037,19.678,19.503
19.641,19.641,0.223,0.034,19.726,19.503
19.638,19.638,0.223,0.033,19.726,19.503
19.64,19.64,0.216,0.032,19.726,19.51
19.64,19.64,0.209,0.037,19.719,19.51
19.645,19.645,0.167,0.042,19.719,19.552
19.645,19.645,0.169,0.043,19.722,19.553
19.642,19.642,0.169,0.04,19.722,19.553
19.639,19.639,0.185,0.032,19.722,19.537
19.634,19.634,0.185,0.031,19.722,19.537
19.636,19.636,0.119,0.031,19.722,19.603
19.635,19.635,0.123,0.03,19.726,19.603
19.637,19.637,0.123,0.032,19.726,19.603
19.637,19.637,0.158,0.032,19.72,19.562
19.637,19.637,0.154,0.035,19.716,19.562
19.637,19.637,0.16,0.034,19.722,19.562
19.632,19.632,0.149,0.032,19.722,19.573
19.626,19.626,0.15,0.029,19.722,19.572
19.622,19.622,0.139,0.023,19.711,19.572
19.633,19.633,0.151,0.034,19.747,19.596
19.635,19.635,0.155,0.037,19.753,19.598
19.633,19.633,0.155,0.034,19.753,19.598
19.627,19.627,0.155,0.023,19.753,19.598
19.629,19.629,0.118,0.023,19.703,19.585
19.63,19.63,0.118,0.027,19.703,19.585
19.629,19.629,0.111,0.026,19.696,19.585
19.631,19.631,0.102,0.021,19.697,19.595
19.632,19.633,0.111,0.021,19.701,19.59
19.635,19.635,0.111,0.021,19.701,19.59
19.638,19.638,0.158,0.027,19.728,19.57
19.639,19.639,0.158,0.03,19.728,19.57
19.64,19.641,0.171,0.031,19.728,19.557
19.638,19.638,0.155,0.031,19.712,19.557
19.633,19.633,0.178,0.029,19.709,19.531
19.628,19.628,0.175,0.035,19.706,19.531
19.629,19.629,0.175,0.036,19.706,19.531
19.629,19.629,0.157,0.04,19.706,19.549
19.631,19.631,0.178,0.045,19.727,19.549
19.638,19.638,0.174,0.042,19.727,19.553
19.641,19.641,0.178,0.04,19.727,19.549
19.646,19.646,0.178,0.04,19.727,19.549
19.642,19.643,0.173,0.039,19.722,19.549
19.642,19.642,0.179,0.04,19.722,19.543
19.641,19.641,0.162,0.038,19.705,19.543
19.634,19.634,0.163,0.04,19.705,19.542
19.638,19.638,0.163,0.031,19.705,19.542
19.646,19.646,0.116,0.02,19.677,19.561
19.649,19.649,0.096,0.016,19.677,19.581
19.65,19.65,0.077,0.016,19.675,19.598
19.642,19.642,0.104,0.02,19.689,19.585
19.645,19.645,0.144,0.031,19.729,19.585
19.651,19.651,0.142,0.033,19.729,19.587
19.663,19.663,0.158,0.04,19.732,19.574
19.654,19.654,0.194,0.043,19.751,19.557
19.654,19.654,0.194,0.046,19.751,19.557
19.649,19.649,0.184,0.046,19.74,19.556
19.65,19.65,0.185,0.045,19.74,19.555
19.65,19.65,0.187,0.045,19.742,19.555
19.657,19.657,0.185,0.049,19.745,19.56
19.657,19.657,0.194,0.051,19.745,19.551
19.655,19.655,0.241,0.048,19.745,19.504
19.646,19.646,0.211,0.036,19.715,19.504
19.647,19.647,0.149,0.027,19.727,19.578
19.654,19.654,0.164,0.038,19.742,19.578
19.66,19.66,0.155,0.043,19.742,19.587
19.658,19.658,0.171,0.044,19.748,19.577
19.654,19.654,0.171,0.043,19.748,19.577
19.649,19.649,0.146,0.036,19.723,19.577
19.654,19.654,0.113,0.033,19.718,19.605
19.658,19.658,0.127,0.038,19.732,19.605
19.662,19.662,0.156,0.042,19.761,19.605
19.658,19.658,0.174,0.047,19.779,19.605
19.653,19.653,0.178,0.046,19.779,19.601
19.661,19.661,0.174,0.045,19.775,19.601
19.662,19.662,0.174,0.042,19.757,19.583
19.659,19.659,0.174,0.043,19.744,19.57
19.66,19.66,0.174,0.05,19.744,19.57
19.663,19.663,0.183,0.049,19.753,19.57
19.663,19.663,0.18,0.05,19.753,19.573
19.661,19.661,0.165,0.045,19.743,19.578
19.664,19.664,0.168,0.047,19.749,19.581
19.668,19.668,0.174,0.049,19.749,19.575
19.662,19.662,0.195,0.051,19.77,19.575
19.667,19.667,0.181,0.048,19.77,19.589
19.665,19.665,0.183,0.043,19.77,19.587
19.662,19.662,0.149,0.038,19.736,19.587
19.659,19.659,0.163,0.038,19.743,19.58
19.657,19.657,0.163,0.037,19.743,19.58
19.656,19.656,0.163,0.037,19.743,19.58
19.657,19.657,0.159,0.042,19.732,19.573
19.665,19.665,0.175,0.04,19.748,19.573
19.669,19.669,0.171,0.037,19.748,19.577
19.664,19.664,0.171,0.037,19.748,19.577
19.661,19.661,0.159,0.039,19.747,19.588
19.66,19.66,0.167,0.043,19.747,19.58
19.656,19.657,0.157,0.042,19.737,19.58
19.655,19.655,0.144,0.036,19.724,19.58
19.658,19.658,0.142,0.03,19.734,19.592
19.659,19.659,0.142,0.03,19.735,19.593
19.65,19.65,0.153,0.033,19.744,19.591
19.652,19.652,0.165,0.04,19.75,19.585
19.651,19.651,0.178,0.046,19.75,19.572
19.659,19.659,0.176,0.047,19.748,19.572
19.66,19.66,0.181,0.052,19.757,19.576
19.654,19.654,0.181,0.058,19.757,19.576
19.65,19.65,0.183,0.057,19.747,19.564
19.655,19.655,0.183,0.058,19.747,19.564
19.657,19.657,0.193,0.057,19.755,19.562
19.653,19.653,0.193,0.052,19.755,19.562
19.656,19.657,0.196,0.052,19.758,19.562
19.663,19.663,0.183,0.054,19.758,19.575
19.668,19.668,0.183,0.059,19.758,19.575
19.654,19.654,0.181,0.058,19.756,19.575
19.652,19.652,0.193,0.054,19.753,19.56
19.658,19.658,0.191,0.058,19.751,19.56
19.663,19.663,0.191,0.056,19.751,19.56
19.678,19.678,0.193,0.054,19.755,19.562
19.667,19.667,0.175,0.057,19.755,19.58
19.654,19.654,0.165,0.053,19.747,19.582
19.654,19.654,0.175,0.051,19.754,19.579
19.664,19.664,0.178,0.052,19.757,19.579
19.669,19.669,0.19,0.056,19.769,19.579
19.666,19.666,0.19,0.057,19.769,19.579
19.659,19.659,0.19,0.057,19.769,19.579
19.655,19.656,0.173,0.051,19.753,19.58
19.654,19.655,0.172,0.053,19.752,19.58
19.653,19.653,0.165,0.055,19.751,19.586
19.656,19.656,0.168,0.053,19.751,19.583
19.656,19.657,0.174,0.049,19.757,19.583
19.656,19.656,0.173,0.05,19.757,19.584
19.658,19.658,0.174,0.055,19.757,19.583
19.657,19.657,0.172,0.052,19.755,19.583
19.649,19.649,0.185,0.048,19.755,19.57
19.655,19.655,0.184,0.052,19.754,19.57
19.658,19.658,0.186,0.056,19.754,19.568
19.663,19.663,0.199,0.058,19.767,19.568
19.651,19.651,0.202,0.056,19.767,19.565
19.65,19.651,0.202,0.054,19.767,19.565
19.651,19.651,0.173,0.05,19.75,19.577
19.648,19.648,0.174,0.051,19.75,19.576
19.657,19.657,0.167,0.049,19.743,19.576
19.659,19.659,0.154,0.044,19.739,19.585
19.65,19.65,0.173,0.047,19.738,19.565
19.649,19.649,0.197,0.048,19.762,19.565
19.652,19.652,0.181,0.049,19.762,19.581
19.648,19.648,0.164,0.047,19.742,19.578
19.655,19.655,0.171,0.047,19.749,19.578
19.658,19.658,0.196,0.048,19.749,19.553
19.648,19.648,0.189,0.051,19.742,19.553
19.645,19.645,0.177,0.052,19.73,19.553
19.65,19.65,0.17,0.046,19.73,19.56
19.647,19.647,0.193,0.045,19.743,19.55
19.646,19.647,0.193,0.044,19.743,19.55
19.646,19.646,0.185,0.043,19.734,19.549
19.644,19.644,0.175,0.041,19.724,19.549
19.639,19.639,0.181,0.04,19.73,19.549
19.638,19.638,0.178,0.042,19.73,19.552
19.636,19.636,0.177,0.039,19.729,19.552
19.635,19.635,0.177,0.032,19.729,19.552
19.636,19.636,0.179,0.033,19.687,19.508
19.637,19.637,0.193,0.038,19.701,19.508
19.632,19.632,0.193,0.043,19.701,19.508
19.637,19.637,0.185,0.036,19.701,19.516
19.638,19.638,0.124,0.031,19.69,19.566
19.638,19.638,0.166,0.031,19.69,19.524
19.634,19.634,0.181,0.036,19.684,19.503
19.639,19.639,0.181,0.033,19.684,19.503
19.635,19.635,0.181,0.038,19.684,19.503
19.639,19.639,0.185,0.034,19.69,19.505
19.644,19.644,0.172,0.033,19.69,19.518
19.634,19.634,0.186,0.044,19.69,19.504
19.63,19.63,0.175,0.042,19.679,19.504
19.626,19.626,0.139,0.037,19.669,19.53
19.628,19.628,0.13,0.037,19.674,19.544
19.629,19.629,0.161,0.042,19.689,19.528
19.633,19.633,0.216,0.048,19.689,19.473
19.628,19.628,0.216,0.053,19.689,19.473
19.631,19.631,0.199,0.043,19.689,19.49
19.641,19.641,0.174,0.033,19.675,19.501
19.647,19.647,0.123,0.029,19.675,19.552
19.645,19.645,0.12,0.029,19.672,19.552
19.643,19.643,0.12,0.027,19.68,19.56
19.641,19.641,0.191,0.029,19.68,19.489
19.643,19.643,0.191,0.026,19.68,19.489
19.644,19.644,0.179,0.023,19.668,19.489
19.648,19.648,0.088,0.014,19.673,19.585
19.649,19.649,0.108,0.016,19.719,19.611
19.646,19.646,0.115,0.015,19.719,19.604
19.646,19.646,0.15,0.023,19.739,19.589
19.645,19.645,0.161,0.024,19.739,19.578
19.647,19.647,0.161,0.026,19.739,19.578
19.651,19.651,0.164,0.026,19.75,19.586
19.653,19.653,0.18,0.032,19.756,19.576
19.657,19.657,0.182,0.038,19.756,19.574
19.645,19.646,0.186,0.038,19.756,19.57
19.644,19.644,0.162,0.037,19.732,19.57
19.651,19.651,0.158,0.034,19.732,19.574
19.653,19.653,0.157,0.032,19.737,19.58
19.643,19.643,0.17,0.033,19.737,19.567
19.64,19.64,0.185,0.037,19.752,19.567
19.641,19.641,0.195,0.042,19.752,19.557
19.638,19.638,0.196,0.047,19.752,19.556
19.636,19.636,0.177,0.042,19.733,19.556
19.631,19.631,0.181,0.041,19.737,19.556
19.643,19.643,0.184,0.044,19.745,19.561
19.643,19.643,0.184,0.044,19.745,19.561
19.646,19.646,0.182,0.046,19.745,19.563
19.648,19.648,0.193,0.041,19.744,19.551
19.651,19.651,0.186,0.043,19.737,19.551
19.646,19.646,0.171,0.044,19.733,19.562
19.642,19.642,0.185,0.041,19.747,19.562
19.64,19.64,0.187,0.041,19.747,19.56
19.639,19.639,0.178,0.034,19.738,19.56
19.648,19.648,0.174,0.039,19.749,19.575
19.653,19.653,0.174,0.044,19.749,19.575
19.653,19.653,0.171,0.045,19.745,19.574
19.652,19.652,0.199,0.043,19.748,19.549
19.65,19.65,0.199,0.039,19.748,19.549
19.649,19.649,0.16,0.038,19.738,19.578
19.644,19.644,0.161,0.042,19.739,19.578
19.649,19.649,0.171,0.045,19.741,19.57
19.642,19.642,0.181,0.046,19.742,19.561
19.638,19.638,0.181,0.043,19.742,19.561
19.645,19.645,0.163,0.038,19.742,19.579
19.645,19.645,0.157,0.034,19.736,19.579
19.649,19.649,0.183,0.039,19.756,19.573
19.652,19.652,0.183,0.039,19.756,19.573
19.645,19.645,0.162,0.036,19.729,19.567
19.648,19.648,0.172,0.036,19.739,19.567
19.645,19.645,0.172,0.04,19.739,19.567
19.639,19.639,0.172,0.046,19.739,19.567
19.641,19.641,0.18,0.051,19.743,19.563
19.648,19.648,0.18,0.048,19.743,19.563
19.646,19.646,0.177,0.043,19.74,19.563
19.648,19.648,0.168,0.04,19.735,19.567
19.648,19.648,0.155,0.031,19.735,19.58
19.642,19.642,0.16,0.032,19.735,19.575
19.649,19.649,0.164,0.039,19.739,19.575
19.647,19.647,0.164,0.041,19.739,19.575
19.646,19.646,0.163,0.039,19.739,19.576
19.64,19.64,0.166,0.037,19.737,19.571
19.644,19.644,0.166,0.033,19.737,19.571
19.643,19.643,0.169,0.028,19.74,19.571
19.644,19.644,0.151,0.026,19.74,19.589
19.644,19.645,0.18,0.029,19.74,19.56
19.643,19.643,0.172,0.028,19.732,19.56
19.639,19.639,0.172,0.022,19.732,19.56
19.639,19.639,0.124,0.019,19.73,19.606
19.64,19.64,0.124,0.023,19.73,19.606
19.639,19.639,0.115,0.022,19.715,19.6
19.644,19.644,0.115,0.027,19.715,19.6
19.644,19.644,0.105,0.023,19.711,19.606
19.644,19.644,0.108,0.025,19.711,19.603
19.64,19.64,0.104,0.023,19.707,19.603
19.636,19.636,0.102,0.022,19.706,19.604
19.635,19.635,0.106,0.022,19.711,19.605
19.641,19.641,0.15,0.029,19.715,19.565
19.64,19.64,0.165,0.038,19.717,19.552
19.644,19.644,0.165,0.044,19.717,19.552
19.651,19.651,0.164,0.043,19.716,19.552
19.651,19.651,0.193,0.045,19.739,19.546
19.645,19.645,0.193,0.043,19.739,19.546
19.638,19.638,0.175,0.038,19.721,19.546
19.639,19.639,0.181,0.039,19.762,19.581
19.636,19.636,0.181,0.039,19.762,19.581
19.629,19.629,0.131,0.031,19.712,19.581
19.636,19.636,0.179,0.036,19.761,19.582
19.643,19.643,0.179,0.041,19.761,19.582
19.638,19.638,0.176,0.039,19.769,19.593
19.64,19.64,0.179,0.036,19.769,19.59
19.638,19.638,0.135,0.032,19.725,19.59
19.628,19.628,0.135,0.027,19.725,19.59
19.628,19.628,0.125,0.026,19.725,19.6
19.638,19.638,0.123,0.032,19.724,19.601
19.644,19.644,0.135,0.036,19.731,19.596
19.647,19.647,0.167,0.036,19.763,19.596
19.647,19.647,0.169,0.039,19.767,19.598
19.64,19.64,0.167,0.035,19.767,19.6
19.639,19.639,0.167,0.034,19.767,19.6
19.644,19.644,0.175,0.034,19.767,19.592
19.648,19.648,0.175,0.035,19.767,19.592
19.645,19.645,0.111,0.027,19.718,19.607
19.64,19.64,0.107,0.021,19.713,19.606
19.642,19.642,0.107,0.022,19.713,19.606
19.641,19.641,0.1,0.02,19.706,19.606
19.645,19.645,0.066,0.019,19.676,19.61
19.646,19.646,0.146,0.026,19.704,19.558
19.641,19.641,0.152,0.032,19.704,19.552
19.643,19.643,0.174,0.031,19.726,19.552
19.65,19.65,0.174,0.029,19.726,19.552
19.658,19.658,0.137,0.022,19.726,19.589
19.654,19.654,0.109,0.021,19.698,19.589
19.655,19.655,0.118,0.019,19.698,19.58
19.649,19.649,0.127,0.023,19.707,19.58
19.649,19.649,0.156,0.029,19.736,19.58
19.647,19.647,0.136,0.032,19.736,19.6
19.651,19.651,0.126,0.036,19.737,19.611
19.652,19.653,0.126,0.036,19.737,19.611
19.648,19.648,0.163,0.035,19.729,19.566
19.656,19.656,0.177,0.044,19.735,19.558
19.659,19.659,0.185,0.047,19.735,19.55
19.671,19.671,0.195,0.047,19.745,19.55
19.665,19.665,0.195,0.045,19.745,19.55
19.659,19.659,0.166,0.046,19.731,19.565
19.657,19.657,0.166,0.046,19.731,19.565
19.668,19.668,0.175,0.046,19.726,19.551
19.659,19.659,0.235,0.051,19.764,19.529
19.662,19.662,0.235,0.046,19.764,19.529
19.657,19.657,0.237,0.043,19.766,19.529
19.653,19.653,0.172,0.037,19.766,19.594
19.656,19.656,0.172,0.042,19.766,19.594
19.67,19.67,0.153,0.044,19.76,19.607
19.676,19.677,0.155,0.044,19.76,19.605
19.668,19.668,0.137,0.042,19.742,19.605
19.662,19.662,0.137,0.04,19.742,19.605
19.661,19.661,0.132,0.038,19.742,19.61
19.663,19.663,0.139,0.039,19.749,19.61
19.665,19.665,0.135,0.039,19.749,19.614
19.665,19.665,0.135,0.039,19.748,19.613
19.667,19.667,0.126,0.04,19.739,19.613
19.67,19.67,0.164,0.043,19.739,19.575
19.664,19.664,0.166,0.045,19.741,19.575
19.662,19.662,0.175,0.049,19.741,19.566
19.663,19.663,0.182,0.051,19.748,19.566
19.661,19.661,0.18,0.044,19.748,19.568
19.652,19.652,0.178,0.044,19.745,19.567
19.655,19.655,0.184,0.046,19.751,19.567
19.662,19.662,0.17,0.047,19.751,19.581
19.671,19.671,0.168,0.043,19.751,19.583
19.658,19.658,0.177,0.04,19.749,19.572
19.657,19.657,0.169,0.037,19.741,19.572
19.659,19.659,0.157,0.035,19.739,19.582
19.664,19.664,0.172,0.041,19.754,19.582
19.669,19.669,0.172,0.04,19.754,19.582
19.664,19.664,0.167,0.038,19.741,19.574
19.66,19.66,0.165,0.036,19.739,19.574
19.66,19.66,0.127,0.033,19.739,19.612
19.659,19.659,0.159,0.035,19.735,19.576
19.658,19.658,0.166,0.04,19.735,19.569
19.661,19.661,0.157,0.042,19.726,19.569
19.669,19.669,0.156,0.04,19.728,19.572
19.661,19.661,0.126,0.032,19.732,19.606
19.66,19.66,0.126,0.031,19.732,19.606
19.661,19.661,0.104,0.029,19.721,19.617
19.666,19.666,0.131,0.032,19.726,19.595
19.666,19.666,0.131,0.033,19.726,19.595
19.668,19.668,0.127,0.032,19.722,19.595
19.667,19.667,0.149,0.033,19.722,19.573
19.663,19.663,0.154,0.038,19.724,19.57
19.665,19.665,0.16,0.036,19.73,19.57
19.669,19.669,0.162,0.036,19.736,19.574
19.67,19.67,0.154,0.035,19.736,19.582
19.663,19.664,0.15,0.035,19.732,19.582
19.663,19.663,0.151,0.036,19.733,19.582
19.663,19.663,0.145,0.031,19.734,19.589
19.669,19.669,0.146,0.034,19.735,19.589
19.666,19.666,0.148,0.036,19.735,19.587
19.664,19.664,0.174,0.038,19.739,19.565
19.659,19.659,0.174,0.039,19.739,19.565
19.66,19.66,0.148,0.034,19.735,19.587
19.654,19.654,0.154,0.033,19.735,19.581
19.653,19.653,0.151,0.038,19.732,19.581
19.657,19.657,0.153,0.038,19.734,19.581
19.662,19.662,0.151,0.036,19.734,19.583
19.664,19.664,0.167,0.035,19.734,19.567
19.664,19.664,0.177,0.035,19.744,19.567
19.663,19.663,0.177,0.037,19.744,19.567
19.665,19.665,0.163,0.035,19.744,19.581
19.661,19.661,0.138,0.032,19.734,19.596
19.663,19.663,0.148,0.035,19.744,19.596
19.66,19.66,0.142,0.039,19.744,19.602
19.658,19.658,0.176,0.046,19.759,19.583
19.667,19.667,0.181,0.048,19.759,19.578
19.67,19.67,0.181,0.048,19.759,19.578
19.664,19.664,0.178,0.051,19.756,19.578
19.656,19.656,0.169,0.051,19.753,19.584
19.663,19.663,0.174,0.054,19.753,19.579
19.669,19.669,0.171,0.052,19.75,19.579
19.669,19.669,0.168,0.05,19.749,19.581
19.666,19.666,0.178,0.052,19.752,19.574
19.662,19.662,0.178,0.053,19.752,19.574
19.665,19.665,0.187,0.053,19.752,19.565
19.668,19.668,0.186,0.053,19.751,19.565
19.67,19.67,0.186,0.055,19.753,19.567
19.663,19.663,0.186,0.057,19.753,19.567
19.655,19.655,0.195,0.057,19.762,19.567
19.653,19.653,0.186,0.057,19.762,19.576
19.656,19.656,0.172,0.052,19.747,19.575
19.665,19.665,0.19,0.054,19.763,19.573
19.67,19.67,0.192,0.056,19.763,19.571
19.67,19.67,0.184,0.054,19.755,19.571
19.669,19.669,0.175,0.054,19.746,19.571
19.666,19.666,0.166,0.052,19.752,19.586
19.666,19.666,0.184,0.053,19.752,19.568
19.67,19.67,0.205,0.056,19.773,19.568
19.677,19.677,0.205,0.054,19.773,19.568
19.675,19.675,0.195,0.048,19.773,19.578
19.67,19.67,0.172,0.051,19.75,19.578
19.658,19.658,0.166,0.049,19.762,19.596
19.66,19.66,0.172,0.051,19.768,19.596
19.666,19.666,0.172,0.053,19.768,19.596
19.668,19.668,0.171,0.05,19.768,19.597
19.673,19.673,0.154,0.049,19.751,19.597
19.672,19.672,0.154,0.047,19.751,19.597
19.659,19.659,0.153,0.044,19.75,19.597
19.652,19.652,0.154,0.044,19.752,19.598
19.648,19.648,0.164,0.045,19.752,19.588
19.656,19.656,0.18,0.049,19.752,19.572
19.657,19.657,0.181,0.048,19.752,19.571
19.665,19.665,0.18,0.047,19.751,19.571
19.664,19.664,0.18,0.047,19.751,19.571
19.663,19.663,0.163,0.045,19.75,19.587
19.653,19.653,0.165,0.045,19.747,19.582
19.654,19.654,0.165,0.046,19.747,19.582
19.656,19.656,0.153,0.047,19.737,19.584
19.665,19.666,0.171,0.054,19.752,19.581
19.672,19.672,0.171,0.053,19.752,19.581
19.669,19.669,0.177,0.05,19.752,19.575
19.653,19.653,0.18,0.047,19.755,19.575
19.658,19.658,0.171,0.049,19.755,19.584
19.66,19.66,0.167,0.05,19.755,19.588
19.659,19.659,0.171,0.047,19.755,19.584
19.654,19.654,0.172,0.048,19.755,19.583
19.656,19.656,0.172,0.05,19.755,19.583
19.653,19.653,0.186,0.052,19.763,19.577
19.654,19.654,0.186,0.052,19.763,19.577
19.658,19.658,0.182,0.049,19.76,19.578
19.66,19.66,0.169,0.048,19.763,19.594
19.658,19.658,0.172,0.049,19.766,19.594
19.65,19.65,0.168,0.045,19.766,19.598
19.655,19.655,0.17,0.048,19.766,19.596
19.651,19.651,0.171,0.047,19.766,19.595
19.666,19.666,0.172,0.052,19.767,19.595
19.674,19.674,0.16,0.052,19.77,19.61
19.668,19.668,0.185,0.05,19.77,19.585
19.661,19.661,0.171,0.049,19.756,19.585
19.662,19.663,0.179,0.053,19.764,19.585
19.669,19.669,0.171,0.048,19.764,19.593
19.663,19.663,0.174,0.046,19.759,19.585
19.656,19.656,0.196,0.043,19.781,19.585
19.659,19.659,0.195,0.048,19.781,19.586
19.657,19.657,0.179,0.048,19.765,19.586
19.667,19.667,0.191,0.049,19.777,19.586
19.67,19.67,0.191,0.051,19.777,19.586
19.669,19.67,0.2,0.053,19.779,19.579
19.668,19.668,0.2,0.052,19.779,19.579
19.667,19.667,0.167,0.047,19.768,19.601
19.669,19.669,0.176,0.048,19.779,19.603
19.673,19.673,0.186,0.052,19.779,19.593
19.665,19.666,0.18,0.051,19.773,19.593
19.66,19.66,0.181,0.046,19.773,19.592
19.651,19.651,0.179,0.043,19.771,19.592
19.66,19.66,0.18,0.048,19.771,19.591
19.655,19.655,0.175,0.05,19.761,19.586
19.659,19.659,0.174,0.052,19.758,19.584
19.655,19.655,0.178,0.048,19.758,19.58
19.663,19.663,0.178,0.05,19.758,19.58
19.653,19.653,0.173,0.046,19.753,19.58
19.657,19.657,0.189,0.048,19.77,19.581
19.655,19.655,0.188,0.052,19.77,19.582
19.656,19.656,0.184,0.052,19.77,19.586
19.654,19.654,0.181,0.048,19.767,19.586
19.654,19.654,0.16,0.043,19.755,19.595
19.649,19.649,0.172,0.044,19.755,19.583
19.644,19.644,0.156,0.039,19.739,19.583
19.644,19.644,0.185,0.042,19.755,19.57
19.651,19.651,0.194,0.047,19.764,19.57
19.658,19.658,0.196,0.052,19.766,19.57
19.669,19.669,0.186,0.05,19.766,19.58
19.666,19.666,0.181,0.044,19.766,19.585
19.665,19.665,0.177,0.047,19.762,19.585
19.662,19.662,0.176,0.048,19.761,19.585
19.664,19.664,0.181,0.045,19.772,19.591
19.659,19.659,0.193,0.045,19.772,19.579
19.657,19.657,0.193,0.049,19.772,19.579
19.667,19.667,0.212,0.053,19.791,19.579
19.665,19.665,0.21,0.051,19.791,19.581
19.661,19.661,0.177,0.048,19.761,19.584
19.662,19.662,0.191,0.051,19.775,19.584
19.659,19.659,0.193,0.05,19.775,19.582
19.659,19.659,0.181,0.054,19.761,19.58
19.66,19.66,0.188,0.054,19.768,19.58
19.666,19.666,0.185,0.054,19.768,19.583
19.665,19.665,0.179,0.052,19.768,19.589
19.659,19.659,0.161,0.048,19.746,19.585
19.669,19.669,0.168,0.049,19.753,19.585
19.664,19.664,0.168,0.052,19.753,19.585
