mean,RMS,ptp,std,max,min
21.161,21.161,0.192,0.062,21.26,21.068
21.178,21.178,0.044,0.015,21.199,21.155
21.127,21.127,0.107,0.043,21.186,21.079
21.171,21.171,0.1,0.037,21.2,21.1
21.132,21.132,0.177,0.069,21.19,21.013
21.177,21.177,0.034,0.011,21.196,21.162
21.164,21.164,0.095,0.035,21.198,21.103
21.176,21.176,0.067,0.024,21.209,21.142
21.193,21.193,0.076,0.026,21.229,21.153
21.177,21.177,0.058,0.021,21.203,21.145
21.182,21.182,0.08,0.034,21.226,21.146
21.128,21.128,0.204,0.092,21.212,21.008
21.14,21.14,0.231,0.075,21.25,21.019
21.167,21.167,0.079,0.031,21.197,21.118
21.145,21.145,0.061,0.026,21.18,21.119
21.134,21.135,0.197,0.073,21.197,21.0
21.185,21.185,0.103,0.045,21.232,21.129
21.168,21.168,0.151,0.061,21.256,21.105
21.177,21.177,0.193,0.072,21.23,21.037
21.155,21.155,0.187,0.063,21.23,21.043
21.165,21.165,0.212,0.089,21.246,21.034
21.177,21.177,0.158,0.05,21.255,21.097
21.14,21.14,0.215,0.082,21.212,20.997
21.177,21.177,0.156,0.055,21.242,21.086
21.159,21.159,0.139,0.052,21.218,21.079
21.188,21.188,0.167,0.059,21.245,21.078
21.128,21.128,0.212,0.081,21.195,20.983
21.13,21.13,0.192,0.07,21.186,20.994
21.173,21.173,0.117,0.037,21.23,21.113
21.151,21.151,0.125,0.055,21.209,21.084
21.158,21.158,0.129,0.05,21.216,21.087
21.167,21.167,0.087,0.029,21.206,21.119
21.178,21.178,0.028,0.01,21.188,21.16
21.099,21.1,0.189,0.089,21.179,20.99
21.137,21.137,0.098,0.036,21.175,21.077
21.103,21.103,0.167,0.061,21.16,20.993
21.142,21.142,0.116,0.051,21.188,21.072
21.109,21.109,0.175,0.072,21.171,20.996
21.108,21.108,0.208,0.081,21.187,20.979
21.125,21.125,0.156,0.059,21.169,21.013
21.088,21.088,0.178,0.057,21.179,21.001
21.17,21.17,0.021,0.008,21.181,21.16
21.056,21.056,0.136,0.048,21.132,20.996
21.152,21.152,0.223,0.08,21.218,20.995
21.129,21.129,0.22,0.082,21.207,20.987
21.062,21.062,0.176,0.064,21.16,20.984
21.14,21.14,0.121,0.046,21.203,21.082
21.132,21.133,0.204,0.075,21.188,20.984
21.1,21.1,0.224,0.085,21.204,20.98
21.126,21.126,0.11,0.045,21.179,21.069
21.119,21.119,0.175,0.068,21.199,21.024
21.077,21.077,0.236,0.079,21.2,20.964
21.075,21.075,0.146,0.066,21.156,21.01
21.146,21.146,0.085,0.03,21.184,21.099
21.135,21.135,0.052,0.019,21.163,21.111
21.151,21.151,0.126,0.049,21.196,21.07
21.115,21.116,0.222,0.082,21.206,20.984
21.135,21.135,0.151,0.053,21.182,21.031
21.103,21.103,0.201,0.085,21.198,20.997
21.055,21.055,0.177,0.07,21.148,20.971
21.089,21.089,0.222,0.077,21.165,20.943
21.091,21.091,0.129,0.045,21.162,21.033
21.104,21.104,0.143,0.055,21.176,21.033
21.126,21.126,0.084,0.032,21.166,21.082
21.06,21.06,0.084,0.031,21.113,21.029
21.08,21.08,0.108,0.041,21.136,21.028
21.066,21.066,0.103,0.044,21.121,21.018
21.059,21.059,0.112,0.042,21.139,21.027
21.09,21.09,0.124,0.05,21.142,21.018
21.075,21.075,0.121,0.05,21.14,21.019
21.105,21.105,0.111,0.037,21.151,21.04
21.065,21.065,0.189,0.068,21.143,20.954
21.081,21.081,0.157,0.06,21.137,20.98
21.079,21.079,0.139,0.052,21.118,20.979
21.102,21.102,0.098,0.032,21.149,21.051
21.128,21.128,0.167,0.072,21.194,21.027
21.095,21.095,0.143,0.057,21.156,21.013
21.111,21.111,0.058,0.021,21.142,21.084
21.105,21.105,0.172,0.065,21.164,20.992
21.122,21.122,0.087,0.031,21.151,21.064
21.113,21.113,0.144,0.054,21.175,21.031
21.079,21.079,0.114,0.04,21.128,21.014
21.096,21.096,0.127,0.052,21.152,21.025
21.107,21.107,0.163,0.059,21.155,20.992
21.077,21.077,0.115,0.04,21.139,21.024
21.122,21.122,0.088,0.029,21.176,21.088
21.092,21.092,0.163,0.059,21.174,21.011
21.069,21.069,0.186,0.07,21.148,20.962
21.099,21.099,0.164,0.065,21.182,21.018
21.098,21.098,0.137,0.048,21.161,21.024
21.042,21.042,0.117,0.04,21.114,20.997
21.115,21.115,0.103,0.038,21.146,21.043
21.09,21.09,0.148,0.062,21.164,21.016
21.012,21.012,0.196,0.071,21.108,20.912
21.07,21.071,0.189,0.072,21.118,20.929
21.087,21.087,0.089,0.037,21.124,21.035
21.048,21.048,0.041,0.015,21.066,21.025
21.082,21.082,0.12,0.042,21.135,21.015
21.009,21.009,0.175,0.069,21.104,20.929
21.059,21.059,0.172,0.072,21.13,20.958
21.112,21.112,0.05,0.02,21.138,21.088
21.055,21.055,0.105,0.047,21.11,21.005
21.052,21.052,0.17,0.061,21.124,20.954
21.06,21.06,0.137,0.049,21.126,20.989
21.095,21.095,0.134,0.044,21.162,21.028
21.037,21.037,0.232,0.083,21.129,20.897
21.05,21.05,0.195,0.07,21.123,20.928
21.078,21.078,0.105,0.044,21.138,21.033
21.095,21.095,0.104,0.04,21.15,21.046
21.108,21.108,0.077,0.027,21.132,21.055
21.064,21.064,0.169,0.066,21.127,20.958
21.063,21.063,0.193,0.067,21.189,20.996
21.067,21.067,0.189,0.069,21.153,20.964
21.114,21.114,0.126,0.043,21.176,21.05
21.041,21.041,0.194,0.084,21.143,20.949
21.09,21.09,0.063,0.023,21.111,21.048
21.055,21.055,0.188,0.07,21.128,20.94
21.064,21.064,0.192,0.068,21.191,20.999
21.099,21.099,0.147,0.052,21.156,21.009
21.089,21.089,0.147,0.054,21.139,20.992
21.037,21.038,0.226,0.082,21.129,20.903
21.045,21.045,0.147,0.055,21.118,20.971
21.085,21.085,0.121,0.045,21.125,21.004
21.029,21.029,0.19,0.082,21.106,20.916
21.058,21.058,0.148,0.055,21.118,20.97
21.055,21.055,0.14,0.052,21.151,21.011
21.062,21.062,0.162,0.058,21.143,20.981
21.058,21.058,0.101,0.044,21.113,21.012
21.07,21.07,0.122,0.044,21.127,21.005
21.07,21.07,0.142,0.048,21.147,21.005
21.08,21.08,0.132,0.049,21.127,20.995
21.088,21.088,0.121,0.047,21.137,21.016
21.049,21.049,0.192,0.074,21.114,20.922
21.047,21.047,0.163,0.062,21.118,20.955
21.01,21.01,0.172,0.061,21.109,20.937
21.104,21.104,0.021,0.008,21.116,21.095
21.057,21.057,0.11,0.044,21.112,21.002
21.06,21.06,0.209,0.081,21.124,20.915
21.101,21.101,0.04,0.015,21.12,21.08
21.091,21.091,0.111,0.039,21.131,21.02
21.083,21.083,0.162,0.054,21.142,20.98
21.059,21.059,0.202,0.085,21.146,20.944
21.056,21.056,0.2,0.075,21.109,20.909
21.093,21.094,0.203,0.078,21.141,20.938
21.08,21.08,0.078,0.029,21.135,21.057
21.103,21.103,0.142,0.059,21.166,21.024
21.125,21.125,0.103,0.038,21.179,21.076
21.092,21.092,0.176,0.058,21.179,21.003
21.122,21.122,0.153,0.067,21.181,21.028
21.067,21.067,0.207,0.071,21.144,20.937
21.106,21.106,0.084,0.029,21.149,21.065
21.082,21.082,0.173,0.057,21.167,20.994
21.052,21.052,0.075,0.031,21.09,21.015
21.081,21.081,0.198,0.071,21.15,20.952
21.049,21.049,0.214,0.085,21.148,20.934
21.127,21.127,0.2,0.072,21.189,20.989
21.085,21.085,0.125,0.047,21.119,20.994
21.036,21.036,0.115,0.042,21.111,20.996
21.024,21.024,0.137,0.047,21.077,20.94
21.088,21.088,0.147,0.052,21.168,21.021
21.116,21.116,0.153,0.054,21.175,21.022
21.037,21.037,0.191,0.062,21.141,20.95
21.074,21.075,0.184,0.071,21.144,20.96
21.069,21.069,0.141,0.053,21.125,20.984
21.022,21.022,0.171,0.055,21.099,20.928
21.044,21.044,0.1,0.036,21.101,21.001
21.088,21.088,0.123,0.046,21.142,21.019
21.052,21.052,0.073,0.026,21.095,21.022
21.059,21.059,0.13,0.043,21.119,20.989
21.062,21.062,0.097,0.037,21.109,21.012
21.067,21.067,0.183,0.072,21.122,20.939
21.044,21.044,0.116,0.043,21.127,21.011
21.054,21.054,0.145,0.056,21.119,20.974
21.088,21.088,0.161,0.056,21.16,20.999
21.131,21.131,0.112,0.04,21.188,21.076
21.105,21.105,0.159,0.064,21.162,21.003
21.108,21.108,0.14,0.049,21.165,21.025
21.042,21.042,0.19,0.078,21.141,20.951
21.022,21.022,0.155,0.054,21.106,20.951
21.062,21.062,0.117,0.045,21.118,21.001
21.121,21.121,0.106,0.035,21.169,21.063
21.033,21.033,0.229,0.085,21.118,20.889
21.042,21.042,0.17,0.069,21.127,20.957
21.063,21.063,0.108,0.042,21.133,21.025
21.085,21.085,0.11,0.038,21.124,21.014
21.072,21.072,0.146,0.065,21.163,21.017
21.042,21.043,0.239,0.083,21.149,20.91
21.063,21.063,0.128,0.057,21.116,20.988
21.065,21.065,0.097,0.042,21.109,21.012
21.04,21.04,0.103,0.038,21.114,21.011
21.096,21.096,0.128,0.049,21.141,21.013
21.042,21.042,0.164,0.054,21.115,20.951
21.046,21.046,0.187,0.07,21.13,20.943
21.03,21.03,0.14,0.046,21.09,20.95
21.064,21.064,0.078,0.034,21.109,21.031
21.093,21.093,0.095,0.037,21.145,21.05
21.051,21.051,0.202,0.075,21.123,20.921
21.036,21.037,0.198,0.069,21.109,20.911
21.1,21.1,0.04,0.015,21.122,21.082
21.092,21.092,0.07,0.024,21.126,21.056
21.036,21.036,0.193,0.084,21.135,20.942
21.105,21.105,0.038,0.013,21.123,21.085
21.039,21.039,0.213,0.094,21.124,20.911
21.073,21.073,0.151,0.055,21.159,21.008
21.092,21.092,0.178,0.067,21.137,20.959
21.086,21.086,0.221,0.075,21.166,20.945
21.028,21.028,0.189,0.064,21.122,20.933
21.066,21.066,0.18,0.068,21.112,20.932
21.117,21.117,0.119,0.043,21.152,21.033
21.123,21.123,0.147,0.056,21.159,21.012
21.064,21.064,0.145,0.049,21.144,20.999
21.116,21.116,0.155,0.055,21.166,21.011
21.087,21.087,0.216,0.074,21.171,20.955
21.149,21.149,0.081,0.03,21.172,21.091
21.123,21.123,0.124,0.044,21.178,21.054
21.116,21.116,0.106,0.043,21.16,21.054
21.084,21.084,0.118,0.04,21.127,21.009
21.057,21.057,0.197,0.086,21.164,20.967
21.054,21.054,0.139,0.053,21.093,20.954
21.098,21.098,0.199,0.073,21.155,20.956
21.074,21.074,0.164,0.06,21.144,20.98
21.021,21.021,0.095,0.037,21.07,20.975
21.089,21.09,0.227,0.081,21.191,20.964
21.069,21.069,0.084,0.028,21.118,21.034
21.05,21.05,0.147,0.048,21.115,20.968
21.077,21.077,0.212,0.079,21.164,20.952
21.083,21.083,0.12,0.042,21.143,21.023
21.023,21.023,0.167,0.069,21.104,20.937
21.108,21.108,0.151,0.061,21.181,21.03
21.099,21.099,0.222,0.081,21.174,20.952
21.035,21.035,0.177,0.075,21.141,20.964
21.123,21.123,0.082,0.03,21.154,21.072
21.048,21.048,0.198,0.063,21.151,20.953
21.024,21.024,0.247,0.088,21.183,20.936
21.046,21.046,0.205,0.068,21.155,20.95
21.021,21.021,0.124,0.047,21.089,20.965
21.042,21.043,0.234,0.086,21.162,20.928
21.102,21.103,0.159,0.067,21.165,21.006
21.034,21.034,0.182,0.068,21.134,20.952
21.119,21.119,0.088,0.037,21.162,21.074
21.085,21.085,0.166,0.059,21.15,20.984
21.134,21.134,0.133,0.042,21.198,21.065
21.043,21.043,0.15,0.054,21.129,20.979
21.047,21.047,0.165,0.053,21.137,20.972
21.104,21.104,0.215,0.084,21.169,20.954
21.082,21.083,0.177,0.066,21.165,20.988
21.045,21.045,0.189,0.061,21.147,20.958
21.074,21.074,0.117,0.048,21.136,21.019
21.109,21.109,0.108,0.042,21.153,21.045
21.1,21.101,0.19,0.066,21.169,20.979
21.016,21.017,0.219,0.095,21.141,20.922
21.081,21.081,0.141,0.053,21.125,20.984
21.05,21.05,0.183,0.08,21.122,20.939
21.046,21.046,0.262,0.097,21.169,20.907
21.076,21.076,0.162,0.057,21.131,20.969
21.059,21.059,0.115,0.043,21.114,20.999
21.079,21.079,0.217,0.076,21.155,20.938
21.045,21.045,0.221,0.086,21.162,20.941
21.038,21.038,0.155,0.057,21.139,20.984
21.091,21.091,0.202,0.069,21.184,20.982
21.065,21.065,0.119,0.043,21.1,20.981
21.044,21.044,0.243,0.093,21.18,20.937
21.076,21.076,0.203,0.079,21.164,20.961
21.049,21.049,0.161,0.056,21.117,20.956
21.081,21.081,0.195,0.068,21.173,20.978
21.065,21.066,0.176,0.07,21.151,20.975
21.093,21.094,0.207,0.071,21.164,20.957
21.035,21.035,0.173,0.056,21.118,20.945
21.014,21.014,0.156,0.057,21.125,20.969
21.072,21.072,0.164,0.067,21.134,20.97
21.025,21.025,0.195,0.062,21.127,20.932
21.099,21.099,0.109,0.039,21.133,21.024
21.093,21.093,0.115,0.046,21.149,21.034
21.028,21.028,0.182,0.072,21.126,20.944
21.045,21.046,0.21,0.083,21.141,20.931
20.985,20.985,0.113,0.042,21.035,20.922
21.055,21.055,0.182,0.065,21.109,20.927
21.087,21.087,0.115,0.042,21.119,21.004
21.014,21.014,0.193,0.075,21.099,20.906
21.074,21.074,0.197,0.068,21.141,20.944
21.095,21.095,0.081,0.028,21.124,21.043
21.035,21.036,0.166,0.074,21.106,20.94
21.0,21.0,0.159,0.059,21.093,20.934
21.072,21.072,0.114,0.042,21.11,20.996
21.071,21.071,0.175,0.066,21.116,20.941
21.072,21.072,0.091,0.033,21.115,21.024
21.019,21.019,0.197,0.09,21.128,20.931
21.069,21.069,0.196,0.07,21.128,20.932
21.025,21.026,0.203,0.085,21.122,20.919
21.042,21.042,0.181,0.076,21.123,20.942
21.039,21.039,0.187,0.077,21.125,20.938
21.109,21.109,0.156,0.059,21.202,21.046
21.094,21.094,0.094,0.041,21.137,21.043
21.065,21.065,0.248,0.087,21.2,20.952
21.141,21.141,0.145,0.053,21.196,21.051
21.073,21.074,0.211,0.083,21.168,20.957
21.076,21.076,0.169,0.059,21.155,20.986
21.093,21.093,0.208,0.078,21.204,20.996
21.078,21.078,0.189,0.068,21.164,20.975
21.125,21.126,0.221,0.077,21.197,20.976
21.11,21.111,0.243,0.087,21.203,20.96
21.084,21.084,0.187,0.065,21.156,20.969
21.115,21.115,0.158,0.062,21.214,21.056
21.087,21.087,0.171,0.061,21.175,21.004
21.108,21.108,0.159,0.056,21.175,21.016
21.117,21.117,0.187,0.071,21.203,21.016
21.142,21.142,0.101,0.036,21.18,21.079
21.146,21.146,0.142,0.055,21.201,21.059
21.161,21.161,0.165,0.061,21.207,21.042
21.113,21.113,0.122,0.043,21.193,21.071
21.145,21.145,0.112,0.042,21.183,21.071
21.103,21.103,0.18,0.065,21.173,20.993
21.132,21.132,0.136,0.05,21.222,21.086
21.075,21.075,0.16,0.052,21.142,20.982
21.087,21.087,0.176,0.059,21.168,20.992
21.089,21.089,0.085,0.031,21.147,21.062
21.097,21.097,0.122,0.052,21.163,21.041
21.069,21.069,0.133,0.045,21.123,20.99
21.111,21.111,0.131,0.052,21.178,21.047
21.093,21.093,0.161,0.058,21.154,20.993
21.079,21.079,0.177,0.08,21.156,20.979
21.1,21.1,0.126,0.045,21.154,21.028
21.098,21.098,0.169,0.07,21.16,20.991
21.117,21.117,0.13,0.047,21.188,21.058
21.064,21.064,0.192,0.082,21.183,20.991
21.088,21.088,0.172,0.067,21.166,20.994
21.095,21.095,0.155,0.057,21.196,21.041
21.076,21.076,0.066,0.025,21.095,21.029
21.15,21.15,0.114,0.047,21.203,21.089
21.091,21.091,0.13,0.047,21.129,20.999
21.155,21.155,0.039,0.014,21.18,21.141
21.177,21.177,0.143,0.059,21.236,21.093
21.09,21.09,0.069,0.027,21.127,21.058
21.14,21.14,0.203,0.076,21.225,21.022
21.176,21.176,0.201,0.071,21.238,21.037
21.15,21.151,0.179,0.068,21.229,21.05
21.131,21.131,0.156,0.061,21.216,21.06
21.12,21.121,0.207,0.067,21.237,21.03
21.11,21.11,0.185,0.067,21.223,21.038
21.143,21.143,0.202,0.072,21.241,21.039
21.123,21.123,0.119,0.038,21.175,21.056
21.124,21.124,0.205,0.072,21.235,21.03
21.11,21.11,0.197,0.076,21.219,21.022
21.145,21.145,0.211,0.085,21.236,21.025
21.132,21.132,0.168,0.064,21.208,21.04
21.13,21.13,0.2,0.077,21.221,21.021
21.129,21.129,0.198,0.064,21.214,21.016
21.112,21.112,0.134,0.049,21.186,21.052
21.089,21.089,0.161,0.064,21.186,21.025
21.068,21.068,0.107,0.042,21.135,21.028
21.174,21.174,0.118,0.051,21.238,21.12
21.143,21.143,0.15,0.054,21.203,21.053
21.094,21.094,0.188,0.068,21.207,21.019
21.157,21.157,0.185,0.064,21.268,21.083
21.131,21.131,0.223,0.081,21.283,21.06
21.154,21.154,0.135,0.043,21.224,21.089
21.16,21.16,0.136,0.047,21.208,21.072
21.157,21.157,0.168,0.059,21.225,21.057
21.163,21.163,0.23,0.082,21.279,21.049
21.108,21.108,0.156,0.058,21.221,21.065
21.126,21.126,0.238,0.094,21.242,21.004
21.199,21.199,0.107,0.045,21.246,21.139
21.153,21.154,0.18,0.075,21.248,21.068
21.147,21.147,0.162,0.054,21.25,21.088
21.163,21.163,0.186,0.078,21.258,21.072
21.158,21.159,0.159,0.066,21.241,21.082
21.151,21.151,0.157,0.065,21.238,21.081
21.142,21.142,0.143,0.054,21.214,21.071
21.097,21.097,0.148,0.052,21.171,21.023
21.129,21.129,0.145,0.061,21.203,21.058
21.157,21.157,0.114,0.04,21.207,21.093
21.165,21.166,0.17,0.066,21.224,21.054
21.142,21.142,0.168,0.077,21.215,21.047
21.125,21.125,0.171,0.066,21.202,21.031
21.176,21.176,0.075,0.028,21.21,21.135
21.111,21.111,0.217,0.076,21.235,21.018
21.115,21.115,0.128,0.045,21.168,21.04
21.158,21.158,0.147,0.051,21.229,21.082
21.19,21.19,0.098,0.035,21.252,21.154
21.186,21.186,0.162,0.059,21.235,21.073
21.145,21.145,0.06,0.022,21.167,21.107
21.197,21.197,0.126,0.046,21.276,21.15
21.208,21.208,0.171,0.061,21.263,21.092
21.187,21.187,0.075,0.025,21.23,21.155
21.134,21.134,0.134,0.054,21.198,21.064
21.145,21.145,0.095,0.031,21.183,21.088
21.195,21.195,0.226,0.076,21.298,21.072
21.164,21.164,0.146,0.048,21.247,21.101
21.205,21.206,0.232,0.084,21.275,21.043
21.175,21.175,0.249,0.093,21.29,21.041
21.166,21.166,0.151,0.057,21.26,21.109
21.24,21.24,0.137,0.054,21.308,21.171
21.229,21.229,0.184,0.065,21.291,21.107
21.204,21.204,0.145,0.055,21.266,21.121
21.196,21.196,0.146,0.052,21.285,21.139
21.187,21.187,0.106,0.038,21.239,21.133
21.198,21.198,0.073,0.026,21.249,21.176
21.189,21.189,0.223,0.087,21.299,21.076
21.174,21.174,0.164,0.059,21.27,21.106
21.126,21.126,0.106,0.035,21.192,21.086
21.202,21.202,0.152,0.06,21.261,21.109
21.18,21.18,0.124,0.04,21.248,21.124
21.191,21.191,0.174,0.063,21.261,21.087
21.152,21.152,0.125,0.042,21.212,21.087
21.188,21.188,0.194,0.067,21.271,21.077
21.152,21.152,0.103,0.04,21.201,21.098
21.186,21.187,0.2,0.08,21.291,21.091
21.194,21.194,0.149,0.052,21.293,21.144
21.219,21.219,0.156,0.056,21.312,21.156
21.211,21.211,0.17,0.073,21.277,21.107
21.221,21.221,0.159,0.053,21.285,21.126
21.186,21.186,0.204,0.081,21.288,21.084
21.213,21.213,0.241,0.076,21.33,21.089
21.177,21.177,0.184,0.066,21.265,21.081
21.205,21.205,0.17,0.064,21.276,21.106
21.233,21.233,0.097,0.036,21.267,21.17
21.26,21.26,0.066,0.023,21.285,21.219
21.214,21.214,0.229,0.084,21.367,21.138
21.225,21.225,0.185,0.076,21.313,21.128
21.271,21.271,0.205,0.071,21.362,21.157
21.219,21.219,0.144,0.051,21.289,21.145
21.257,21.257,0.194,0.064,21.334,21.14
21.199,21.199,0.203,0.079,21.344,21.141
21.27,21.27,0.127,0.043,21.346,21.219
21.32,21.32,0.174,0.066,21.363,21.189
21.218,21.218,0.235,0.085,21.368,21.133
21.236,21.236,0.173,0.062,21.308,21.135
21.23,21.231,0.195,0.075,21.312,21.117
21.226,21.226,0.168,0.067,21.314,21.146
21.253,21.253,0.153,0.065,21.317,21.164
21.25,21.25,0.163,0.06,21.321,21.158
21.261,21.261,0.182,0.07,21.324,21.142
21.229,21.229,0.165,0.057,21.294,21.129
21.278,21.278,0.093,0.034,21.318,21.225
21.233,21.233,0.164,0.064,21.319,21.155
21.247,21.247,0.18,0.063,21.338,21.158
21.233,21.233,0.16,0.052,21.307,21.147
21.26,21.26,0.181,0.076,21.338,21.157
21.254,21.254,0.163,0.059,21.314,21.151
21.267,21.267,0.178,0.08,21.347,21.169
21.249,21.249,0.132,0.046,21.301,21.169
21.27,21.271,0.197,0.084,21.34,21.143
21.284,21.284,0.107,0.035,21.339,21.232
21.308,21.308,0.157,0.057,21.354,21.197
21.265,21.265,0.035,0.013,21.288,21.253
21.295,21.295,0.048,0.017,21.318,21.27
21.306,21.306,0.155,0.061,21.384,21.229
21.295,21.295,0.109,0.041,21.359,21.25
21.299,21.299,0.221,0.074,21.387,21.166
21.303,21.303,0.089,0.033,21.352,21.263
21.266,21.267,0.198,0.068,21.378,21.18
21.321,21.321,0.134,0.045,21.394,21.26
21.252,21.252,0.16,0.059,21.346,21.186
21.317,21.317,0.14,0.051,21.37,21.23
21.292,21.293,0.189,0.075,21.4,21.211
21.291,21.291,0.115,0.039,21.349,21.234
21.334,21.334,0.158,0.056,21.403,21.245
21.339,21.339,0.076,0.031,21.381,21.305
21.362,21.362,0.058,0.022,21.391,21.333
21.333,21.333,0.182,0.065,21.41,21.228
21.327,21.327,0.206,0.075,21.427,21.221
21.414,21.414,0.085,0.027,21.452,21.367
21.372,21.372,0.138,0.05,21.427,21.289
21.384,21.384,0.17,0.059,21.463,21.293
21.332,21.332,0.163,0.055,21.4,21.237
21.345,21.345,0.142,0.057,21.441,21.299
21.342,21.342,0.187,0.067,21.405,21.218
21.358,21.358,0.178,0.066,21.425,21.247
21.273,21.273,0.131,0.044,21.319,21.188
21.267,21.268,0.195,0.08,21.364,21.169
21.283,21.284,0.188,0.07,21.371,21.183
21.319,21.319,0.065,0.023,21.345,21.28
21.276,21.276,0.111,0.039,21.337,21.226
21.335,21.335,0.158,0.059,21.392,21.234
21.32,21.32,0.119,0.039,21.386,21.267
21.317,21.317,0.155,0.06,21.387,21.232
21.321,21.322,0.174,0.066,21.401,21.227
21.279,21.279,0.176,0.066,21.367,21.191
21.303,21.303,0.098,0.032,21.362,21.264
21.277,21.277,0.178,0.065,21.338,21.16
21.323,21.323,0.089,0.032,21.372,21.283
21.318,21.318,0.086,0.028,21.36,21.274
21.271,21.271,0.16,0.06,21.316,21.156
21.324,21.324,0.093,0.037,21.375,21.282
21.272,21.272,0.219,0.071,21.363,21.144
21.24,21.24,0.152,0.053,21.324,21.172
21.305,21.305,0.08,0.029,21.348,21.268
21.279,21.279,0.19,0.069,21.333,21.143
21.266,21.266,0.068,0.029,21.297,21.229
21.223,21.223,0.164,0.072,21.298,21.134
21.215,21.215,0.201,0.086,21.314,21.113
21.28,21.28,0.064,0.028,21.306,21.242
21.313,21.313,0.103,0.038,21.35,21.247
21.265,21.265,0.136,0.047,21.315,21.179
21.307,21.307,0.098,0.033,21.347,21.249
21.291,21.291,0.154,0.061,21.372,21.218
21.245,21.245,0.188,0.076,21.34,21.152
21.264,21.264,0.219,0.077,21.332,21.113
21.213,21.213,0.139,0.062,21.265,21.126
21.249,21.249,0.081,0.032,21.298,21.217
21.22,21.22,0.152,0.051,21.296,21.144
21.248,21.248,0.14,0.055,21.309,21.169
21.285,21.285,0.094,0.04,21.344,21.25
21.214,21.214,0.151,0.061,21.267,21.116
21.211,21.211,0.192,0.075,21.288,21.096
21.202,21.202,0.032,0.014,21.216,21.184
21.237,21.237,0.105,0.04,21.287,21.182
21.227,21.228,0.214,0.073,21.312,21.098
21.201,21.201,0.17,0.063,21.284,21.114
21.205,21.205,0.161,0.062,21.274,21.113
21.207,21.207,0.129,0.055,21.273,21.144
21.263,21.263,0.117,0.046,21.308,21.191
21.242,21.242,0.154,0.051,21.333,21.179
21.286,21.286,0.102,0.039,21.332,21.23
21.211,21.211,0.143,0.051,21.28,21.137
21.249,21.25,0.21,0.077,21.358,21.148
21.212,21.212,0.235,0.091,21.336,21.101
21.199,21.2,0.223,0.093,21.333,21.11
21.255,21.255,0.142,0.051,21.301,21.159
21.215,21.216,0.188,0.074,21.313,21.125
21.266,21.266,0.141,0.047,21.321,21.18
21.176,21.177,0.189,0.073,21.288,21.099
21.249,21.249,0.158,0.06,21.288,21.13
21.197,21.197,0.105,0.041,21.255,21.15
21.159,21.159,0.164,0.055,21.261,21.097
21.163,21.163,0.165,0.067,21.241,21.076
21.206,21.206,0.12,0.047,21.27,21.15
21.208,21.208,0.165,0.057,21.276,21.111
21.227,21.227,0.175,0.068,21.313,21.138
21.214,21.214,0.191,0.071,21.345,21.154
21.211,21.211,0.176,0.062,21.299,21.123
21.241,21.241,0.129,0.055,21.31,21.181
21.223,21.224,0.194,0.075,21.303,21.109
21.214,21.214,0.144,0.057,21.308,21.164
21.213,21.213,0.243,0.081,21.319,21.076
21.131,21.131,0.141,0.057,21.198,21.057
21.203,21.203,0.094,0.034,21.231,21.137
21.118,21.118,0.099,0.043,21.162,21.063
21.189,21.189,0.192,0.062,21.283,21.091
21.199,21.199,0.163,0.056,21.282,21.119
21.244,21.244,0.104,0.042,21.282,21.178
21.166,21.166,0.086,0.033,21.219,21.133
21.16,21.16,0.202,0.073,21.237,21.035
21.159,21.159,0.087,0.034,21.227,21.14
21.228,21.228,0.081,0.031,21.272,21.191
21.14,21.14,0.095,0.034,21.204,21.109
21.153,21.153,0.17,0.063,21.275,21.105
21.201,21.201,0.133,0.044,21.254,21.121
21.151,21.151,0.083,0.03,21.207,21.124
21.127,21.127,0.017,0.006,21.135,21.118
21.193,21.194,0.173,0.07,21.265,21.092
21.192,21.192,0.111,0.041,21.271,21.16
21.18,21.18,0.196,0.063,21.285,21.089
21.2,21.2,0.142,0.056,21.28,21.138
21.154,21.154,0.145,0.049,21.237,21.092
21.191,21.191,0.168,0.065,21.253,21.085
21.141,21.141,0.109,0.038,21.183,21.074
21.169,21.169,0.093,0.039,21.212,21.119
21.121,21.121,0.111,0.045,21.18,21.069
21.128,21.128,0.161,0.058,21.218,21.057
21.1,21.1,0.127,0.048,21.184,21.057
21.131,21.131,0.091,0.033,21.16,21.069
21.121,21.121,0.117,0.044,21.173,21.056
21.113,21.113,0.091,0.034,21.161,21.07
21.084,21.084,0.121,0.042,21.153,21.032
21.123,21.123,0.108,0.049,21.165,21.057
21.145,21.145,0.15,0.052,21.218,21.068
21.095,21.095,0.076,0.027,21.148,21.072
21.096,21.097,0.205,0.079,21.254,21.049
21.119,21.119,0.164,0.061,21.228,21.064
21.09,21.09,0.097,0.036,21.162,21.065
21.07,21.07,0.061,0.02,21.104,21.043
21.124,21.124,0.089,0.038,21.159,21.07
21.123,21.123,0.104,0.042,21.183,21.079
21.14,21.14,0.114,0.038,21.21,21.096
21.139,21.139,0.107,0.041,21.221,21.114
21.151,21.151,0.103,0.045,21.21,21.107
21.117,21.117,0.017,0.008,21.125,21.108
21.109,21.109,0.061,0.02,21.133,21.072
21.091,21.091,0.042,0.018,21.111,21.069
21.098,21.098,0.114,0.042,21.176,21.062
21.069,21.069,0.042,0.016,21.094,21.052
21.056,21.056,0.099,0.034,21.096,20.997
21.082,21.082,0.123,0.041,21.159,21.036
21.085,21.085,0.099,0.036,21.153,21.054
21.07,21.07,0.102,0.037,21.138,21.036
21.033,21.033,0.045,0.016,21.064,21.019
21.039,21.039,0.025,0.01,21.049,21.024
21.054,21.054,0.1,0.034,21.12,21.02
21.037,21.037,0.052,0.019,21.072,21.02
21.063,21.063,0.086,0.029,21.115,21.029
21.039,21.039,0.128,0.043,21.115,20.987
21.037,21.037,0.1,0.033,21.095,20.995
21.035,21.035,0.072,0.025,21.082,21.01
21.01,21.01,0.027,0.009,21.025,20.998
21.022,21.022,0.088,0.03,21.077,20.989
21.047,21.047,0.091,0.037,21.092,21.001
21.03,21.03,0.088,0.03,21.085,20.997
21.04,21.04,0.098,0.037,21.112,21.014
21.005,21.005,0.043,0.016,21.017,20.974
21.013,21.013,0.149,0.048,21.086,20.937
20.996,20.996,0.078,0.029,21.016,20.938
21.013,21.013,0.049,0.019,21.036,20.987
21.059,21.059,0.145,0.051,21.141,20.996
21.065,21.065,0.108,0.049,21.124,21.016
21.0,21.0,0.154,0.049,21.078,20.924
21.076,21.076,0.12,0.049,21.136,21.016
21.054,21.054,0.157,0.058,21.116,20.959
21.031,21.031,0.019,0.007,21.042,21.023
21.032,21.032,0.106,0.036,21.077,20.971
21.078,21.078,0.115,0.039,21.124,21.009
21.069,21.069,0.099,0.037,21.118,21.019
21.073,21.073,0.091,0.031,21.106,21.015
21.073,21.073,0.159,0.063,21.159,21.0
21.04,21.04,0.202,0.066,21.126,20.924
21.059,21.059,0.077,0.029,21.099,21.022
21.041,21.041,0.156,0.056,21.115,20.959
21.006,21.006,0.039,0.015,21.028,20.989
21.012,21.012,0.053,0.02,21.038,20.985
21.028,21.028,0.128,0.047,21.086,20.958
21.012,21.012,0.089,0.033,21.076,20.987
20.985,20.985,0.016,0.005,20.991,20.975
20.995,20.995,0.155,0.05,21.079,20.924
20.999,20.999,0.071,0.026,21.05,20.979
20.986,20.986,0.152,0.059,21.08,20.928
21.025,21.025,0.106,0.04,21.085,20.979
21.047,21.047,0.066,0.024,21.069,21.003
20.988,20.988,0.051,0.018,21.023,20.972
21.047,21.047,0.135,0.048,21.112,20.977
20.994,20.994,0.054,0.018,21.023,20.969
21.051,21.051,0.164,0.064,21.141,20.977
21.044,21.044,0.12,0.048,21.104,20.984
21.052,21.052,0.116,0.048,21.105,20.989
21.025,21.025,0.075,0.028,21.07,20.995
21.022,21.022,0.076,0.028,21.072,20.996
21.081,21.081,0.08,0.032,21.123,21.043
21.063,21.063,0.143,0.054,21.123,20.98
21.042,21.042,0.192,0.075,21.12,20.928
21.035,21.035,0.133,0.046,21.085,20.952
20.994,20.994,0.109,0.039,21.026,20.917
21.014,21.014,0.162,0.06,21.079,20.917
20.985,20.985,0.141,0.046,21.066,20.925
21.034,21.034,0.115,0.042,21.095,20.98
21.007,21.007,0.158,0.059,21.053,20.895
21.038,21.038,0.071,0.025,21.068,20.997
20.974,20.974,0.133,0.048,21.063,20.93
20.973,20.973,0.128,0.047,21.009,20.881
20.978,20.978,0.059,0.021,20.999,20.94
21.026,21.026,0.138,0.057,21.109,20.971
21.03,21.03,0.135,0.045,21.093,20.958
21.005,21.005,0.153,0.06,21.087,20.934
21.037,21.037,0.146,0.049,21.12,20.974
21.013,21.013,0.205,0.084,21.118,20.913
21.036,21.036,0.132,0.044,21.089,20.957
20.988,20.988,0.109,0.039,21.056,20.947
21.038,21.038,0.169,0.061,21.099,20.93
21.044,21.044,0.125,0.048,21.085,20.96
21.047,21.048,0.184,0.065,21.104,20.92
20.993,20.993,0.141,0.046,21.069,20.928
20.986,20.986,0.13,0.041,21.05,20.92
21.022,21.022,0.179,0.071,21.107,20.928
21.022,21.022,0.065,0.024,21.069,21.004
21.018,21.018,0.149,0.052,21.081,20.932
21.004,21.005,0.168,0.069,21.083,20.915
20.984,20.984,0.129,0.054,21.046,20.917
21.038,21.038,0.141,0.051,21.089,20.948
21.046,21.046,0.112,0.042,21.098,20.986
21.065,21.066,0.19,0.072,21.155,20.965
21.028,21.028,0.093,0.034,21.065,20.972
21.073,21.073,0.169,0.059,21.127,20.958
21.078,21.078,0.17,0.059,21.153,20.983
21.017,21.017,0.2,0.073,21.149,20.949
21.08,21.08,0.116,0.041,21.125,21.009
21.075,21.075,0.15,0.057,21.142,20.992
20.98,20.98,0.106,0.038,21.053,20.947
21.01,21.01,0.186,0.08,21.111,20.925
21.013,21.013,0.159,0.064,21.109,20.95
21.021,21.021,0.139,0.046,21.079,20.94
21.038,21.038,0.164,0.063,21.11,20.946
20.999,20.999,0.152,0.058,21.102,20.95
21.032,21.032,0.148,0.054,21.083,20.935
20.972,20.973,0.186,0.068,21.101,20.915
20.995,20.995,0.165,0.063,21.119,20.954
21.031,21.032,0.236,0.086,21.179,20.943
21.014,21.014,0.159,0.058,21.123,20.964
20.996,20.996,0.116,0.043,21.078,20.962
21.023,21.023,0.179,0.065,21.128,20.949
21.027,21.027,0.215,0.087,21.172,20.957
21.103,21.103,0.22,0.082,21.197,20.977
21.092,21.092,0.176,0.06,21.186,21.01
21.102,21.102,0.173,0.056,21.188,21.015
21.059,21.059,0.167,0.059,21.163,20.996
21.05,21.05,0.123,0.041,21.119,20.996
21.055,21.055,0.18,0.063,21.152,20.972
21.024,21.024,0.155,0.063,21.124,20.969
21.037,21.037,0.144,0.052,21.128,20.984
21.05,21.05,0.106,0.038,21.083,20.977
21.045,21.045,0.202,0.069,21.16,20.958
21.11,21.11,0.193,0.074,21.209,21.016
21.062,21.062,0.075,0.028,21.116,21.041
21.061,21.061,0.172,0.065,21.138,20.966
21.039,21.04,0.168,0.072,21.125,20.957
21.07,21.07,0.16,0.051,21.145,20.985
21.065,21.065,0.161,0.062,21.142,20.981
21.046,21.047,0.199,0.078,21.152,20.953
21.064,21.064,0.155,0.053,21.122,20.967
21.074,21.074,0.173,0.078,21.142,20.969
21.057,21.057,0.165,0.053,21.128,20.963
21.031,21.031,0.143,0.054,21.121,20.978
21.124,21.124,0.148,0.052,21.171,21.023
21.058,21.058,0.065,0.022,21.083,21.018
21.095,21.095,0.159,0.052,21.161,21.002
21.088,21.088,0.176,0.067,21.163,20.987
21.101,21.101,0.125,0.052,21.175,21.05
21.087,21.087,0.107,0.044,21.137,21.03
21.141,21.141,0.13,0.045,21.213,21.083
21.107,21.107,0.046,0.017,21.129,21.083
21.099,21.1,0.167,0.065,21.154,20.987
21.14,21.14,0.12,0.052,21.185,21.065
21.125,21.125,0.118,0.052,21.176,21.058
21.072,21.072,0.17,0.065,21.185,21.015
21.058,21.058,0.112,0.042,21.108,20.996
21.16,21.16,0.098,0.036,21.205,21.107
21.109,21.109,0.043,0.017,21.129,21.086
21.113,21.113,0.118,0.042,21.171,21.053
21.092,21.092,0.146,0.063,21.166,21.02
21.113,21.113,0.167,0.053,21.196,21.029
21.122,21.122,0.168,0.074,21.194,21.026
21.118,21.118,0.122,0.045,21.165,21.043
21.104,21.104,0.174,0.069,21.188,21.014
21.093,21.093,0.109,0.039,21.127,21.018
21.084,21.084,0.182,0.061,21.184,21.002
21.142,21.142,0.087,0.035,21.185,21.098
21.159,21.159,0.092,0.036,21.201,21.109
21.09,21.09,0.142,0.051,21.166,21.024
21.159,21.159,0.07,0.024,21.186,21.116
21.171,21.171,0.096,0.036,21.217,21.121
21.136,21.136,0.17,0.063,21.235,21.065
21.171,21.171,0.147,0.053,21.249,21.102
21.14,21.14,0.167,0.061,21.21,21.043
21.134,21.134,0.16,0.056,21.195,21.035
21.138,21.138,0.126,0.041,21.202,21.076
21.151,21.151,0.098,0.034,21.207,21.109
21.175,21.175,0.121,0.043,21.245,21.124
21.172,21.172,0.174,0.064,21.266,21.092
21.182,21.182,0.149,0.055,21.248,21.099
21.19,21.19,0.167,0.054,21.275,21.108
21.141,21.141,0.189,0.068,21.267,21.078
21.16,21.16,0.143,0.061,21.231,21.088
21.185,21.185,0.123,0.042,21.255,21.132
21.224,21.224,0.116,0.04,21.286,21.17
21.23,21.23,0.065,0.023,21.252,21.187
21.162,21.162,0.151,0.052,21.239,21.088
21.236,21.236,0.098,0.038,21.259,21.161
21.191,21.191,0.102,0.04,21.251,21.149
21.175,21.175,0.06,0.019,21.203,21.143
21.199,21.199,0.129,0.047,21.235,21.106
21.216,21.216,0.091,0.034,21.283,21.192
21.226,21.226,0.09,0.032,21.261,21.171
21.222,21.222,0.16,0.059,21.322,21.162
21.242,21.242,0.166,0.07,21.326,21.16
21.167,21.167,0.16,0.057,21.246,21.086
21.19,21.19,0.09,0.037,21.235,21.145
21.161,21.161,0.03,0.011,21.171,21.141
21.213,21.213,0.181,0.064,21.276,21.095
21.186,21.186,0.176,0.059,21.268,21.092
21.215,21.216,0.178,0.068,21.29,21.112
21.214,21.214,0.194,0.081,21.293,21.099
21.183,21.183,0.111,0.036,21.236,21.125
21.18,21.18,0.163,0.066,21.289,21.126
21.263,21.263,0.149,0.062,21.319,21.17
21.219,21.219,0.188,0.064,21.324,21.136
21.208,21.208,0.161,0.059,21.313,21.152
21.227,21.227,0.195,0.077,21.314,21.119
21.212,21.212,0.13,0.049,21.269,21.139
21.168,21.168,0.147,0.056,21.257,21.11
21.229,21.229,0.105,0.034,21.28,21.175
21.172,21.172,0.084,0.031,21.218,21.134
21.189,21.189,0.169,0.065,21.249,21.08
21.172,21.172,0.204,0.086,21.274,21.07
21.204,21.204,0.171,0.062,21.273,21.102
21.149,21.149,0.135,0.061,21.202,21.067
21.188,21.188,0.144,0.055,21.223,21.079
21.123,21.123,0.183,0.068,21.256,21.073
21.171,21.172,0.172,0.066,21.264,21.092
21.142,21.143,0.171,0.065,21.272,21.101
21.215,21.215,0.179,0.066,21.277,21.098
21.167,21.167,0.164,0.061,21.268,21.104
21.195,21.195,0.105,0.047,21.251,21.146
21.19,21.19,0.166,0.066,21.28,21.114
21.158,21.158,0.168,0.056,21.254,21.086
21.177,21.177,0.119,0.044,21.242,21.123
21.205,21.205,0.109,0.035,21.263,21.154
21.124,21.124,0.117,0.04,21.195,21.078
21.171,21.171,0.187,0.065,21.266,21.079
21.161,21.161,0.223,0.073,21.284,21.061
21.156,21.156,0.187,0.07,21.204,21.017
21.151,21.151,0.095,0.042,21.202,21.107
21.183,21.183,0.121,0.043,21.224,21.103
21.096,21.096,0.211,0.078,21.202,20.991
21.152,21.152,0.133,0.055,21.201,21.068
21.142,21.142,0.146,0.054,21.224,21.078
21.171,21.171,0.063,0.024,21.219,21.156
21.213,21.213,0.18,0.062,21.276,21.096
21.198,21.198,0.073,0.034,21.228,21.155
21.124,21.124,0.227,0.075,21.231,21.004
21.103,21.103,0.165,0.058,21.191,21.026
21.126,21.126,0.224,0.08,21.27,21.046
21.146,21.146,0.177,0.066,21.239,21.062
21.153,21.153,0.112,0.046,21.209,21.097
21.138,21.139,0.207,0.071,21.241,21.034
21.067,21.067,0.171,0.056,21.16,20.989
21.146,21.146,0.149,0.056,21.199,21.05
21.056,21.056,0.096,0.039,21.101,21.005
21.081,21.081,0.241,0.089,21.22,20.979
21.084,21.084,0.173,0.063,21.188,21.015
21.14,21.14,0.116,0.039,21.183,21.067
21.012,21.012,0.043,0.016,21.035,20.992
21.031,21.031,0.137,0.052,21.104,20.967
21.096,21.096,0.184,0.065,21.178,20.994
21.111,21.111,0.212,0.074,21.227,21.015
21.118,21.118,0.179,0.061,21.224,21.045
21.155,21.156,0.167,0.067,21.223,21.056
21.148,21.148,0.119,0.045,21.236,21.117
21.096,21.096,0.103,0.034,21.152,21.049
21.09,21.09,0.185,0.073,21.177,20.992
21.109,21.109,0.212,0.075,21.198,20.986
21.162,21.162,0.089,0.03,21.193,21.104
20.995,20.995,0.125,0.047,21.048,20.923
21.063,21.063,0.156,0.065,21.133,20.977
21.062,21.062,0.191,0.072,21.135,20.944
21.074,21.074,0.203,0.079,21.173,20.97
21.071,21.072,0.23,0.092,21.177,20.947
21.021,21.021,0.148,0.058,21.091,20.943
21.064,21.065,0.228,0.085,21.173,20.945
21.066,21.066,0.201,0.075,21.153,20.952
21.06,21.06,0.215,0.083,21.187,20.972
21.048,21.048,0.195,0.075,21.152,20.957
21.032,21.032,0.147,0.054,21.113,20.966
21.048,21.048,0.12,0.039,21.105,20.985
21.037,21.037,0.2,0.087,21.129,20.929
21.028,21.028,0.209,0.083,21.149,20.94
21.054,21.054,0.172,0.063,21.12,20.948
21.004,21.004,0.147,0.054,21.097,20.95
20.988,20.988,0.135,0.051,21.066,20.931
20.984,20.984,0.17,0.063,21.107,20.937
21.075,21.075,0.166,0.077,21.144,20.978
21.075,21.075,0.179,0.059,21.182,21.003
21.044,21.044,0.19,0.075,21.136,20.946
21.042,21.042,0.205,0.073,21.175,20.97
21.038,21.038,0.188,0.074,21.139,20.951
21.023,21.023,0.211,0.08,21.123,20.912
21.019,21.019,0.124,0.043,21.074,20.95
21.02,21.02,0.202,0.085,21.124,20.922
21.039,21.039,0.227,0.083,21.135,20.908
21.034,21.034,0.178,0.069,21.108,20.93
21.019,21.019,0.205,0.067,21.134,20.929
21.008,21.008,0.099,0.037,21.034,20.935
21.0,21.0,0.109,0.041,21.062,20.953
21.035,21.035,0.139,0.05,21.091,20.952
21.05,21.05,0.092,0.032,21.112,21.02
21.024,21.024,0.109,0.047,21.073,20.964
20.968,20.968,0.082,0.028,20.999,20.917
20.978,20.978,0.052,0.018,20.999,20.947
20.995,20.995,0.057,0.021,21.023,20.966
20.971,20.971,0.093,0.037,21.016,20.923
20.99,20.99,0.099,0.043,21.045,20.946
20.96,20.96,0.188,0.062,21.045,20.857
20.971,20.971,0.069,0.028,21.005,20.936
21.004,21.004,0.094,0.037,21.054,20.96
20.99,20.99,0.123,0.05,21.052,20.929
20.944,20.944,0.02,0.007,20.958,20.938
20.953,20.953,0.186,0.06,21.061,20.875
20.955,20.955,0.081,0.029,21.011,20.93
20.96,20.96,0.079,0.033,20.998,20.919
21.011,21.011,0.16,0.056,21.062,20.902
20.98,20.98,0.079,0.026,21.023,20.944
20.985,20.985,0.139,0.048,21.05,20.911
20.99,20.99,0.136,0.047,21.079,20.943
20.995,20.995,0.116,0.053,21.06,20.944
20.932,20.932,0.05,0.019,20.963,20.913
20.971,20.971,0.122,0.045,21.056,20.934
20.961,20.961,0.084,0.032,21.021,20.937
20.972,20.972,0.167,0.058,21.076,20.909
20.94,20.94,0.114,0.038,21.001,20.887
20.931,20.931,0.118,0.043,20.974,20.856
20.954,20.954,0.221,0.082,21.045,20.824
20.968,20.968,0.118,0.045,21.019,20.901
20.959,20.959,0.154,0.059,21.025,20.871
20.93,20.93,0.151,0.051,20.997,20.846
20.95,20.95,0.1,0.037,20.983,20.883
20.959,20.959,0.149,0.055,21.011,20.862
20.958,20.958,0.108,0.045,20.997,20.889
20.962,20.962,0.142,0.053,21.026,20.884
20.955,20.955,0.099,0.04,21.003,20.904
20.973,20.973,0.127,0.045,21.022,20.895
20.958,20.958,0.099,0.033,21.016,20.917
20.956,20.956,0.119,0.052,21.022,20.903
20.927,20.927,0.092,0.034,20.976,20.884
20.912,20.912,0.101,0.035,20.949,20.848
20.911,20.911,0.093,0.031,20.967,20.874
20.927,20.927,0.162,0.055,21.007,20.845
20.908,20.908,0.141,0.047,20.961,20.82
20.941,20.941,0.053,0.022,20.97,20.917
20.897,20.897,0.168,0.054,20.983,20.815
20.921,20.921,0.142,0.05,21.01,20.868
20.916,20.916,0.153,0.056,21.015,20.862
20.918,20.918,0.19,0.064,21.038,20.848
20.905,20.905,0.072,0.026,20.945,20.873
20.951,20.951,0.079,0.031,20.991,20.912
20.944,20.944,0.129,0.049,20.999,20.87
20.908,20.908,0.028,0.011,20.915,20.887
20.967,20.967,0.108,0.039,21.001,20.893
20.915,20.915,0.108,0.037,20.967,20.859
20.882,20.882,0.067,0.026,20.926,20.859
20.931,20.931,0.098,0.036,20.985,20.887
20.942,20.942,0.123,0.047,20.998,20.875
20.905,20.905,0.128,0.051,20.988,20.86
20.891,20.892,0.205,0.069,21.004,20.799
20.956,20.956,0.139,0.06,21.019,20.88
20.911,20.911,0.077,0.03,20.958,20.881
20.922,20.922,0.142,0.063,21.001,20.859
20.852,20.852,0.126,0.042,20.918,20.792
20.89,20.89,0.033,0.011,20.906,20.873
20.921,20.921,0.143,0.052,20.996,20.853
20.883,20.883,0.114,0.041,20.959,20.845
20.871,20.871,0.123,0.048,20.925,20.802
20.905,20.905,0.129,0.047,20.982,20.853
20.949,20.949,0.087,0.032,20.988,20.901
20.857,20.857,0.159,0.056,20.959,20.8
20.856,20.856,0.182,0.066,20.952,20.77
20.856,20.856,0.123,0.042,20.917,20.794
20.858,20.858,0.071,0.025,20.907,20.836
20.917,20.917,0.131,0.043,20.994,20.863
20.898,20.898,0.126,0.045,20.959,20.833
20.868,20.868,0.142,0.053,20.907,20.765
20.851,20.851,0.201,0.068,20.972,20.771
20.826,20.826,0.116,0.052,20.89,20.774
20.879,20.879,0.064,0.023,20.901,20.837
20.876,20.876,0.114,0.039,20.932,20.818
20.874,20.874,0.139,0.047,20.928,20.789
20.86,20.86,0.147,0.052,20.918,20.771
20.844,20.844,0.133,0.048,20.896,20.763
20.921,20.921,0.054,0.02,20.944,20.89
20.843,20.844,0.192,0.079,20.95,20.758
20.846,20.846,0.109,0.036,20.908,20.799
20.855,20.855,0.132,0.045,20.93,20.798
20.837,20.837,0.143,0.05,20.934,20.791
20.814,20.814,0.189,0.063,20.929,20.74
20.779,20.779,0.048,0.019,20.799,20.751
20.82,20.82,0.178,0.07,20.894,20.716
20.808,20.809,0.17,0.076,20.902,20.732
20.779,20.779,0.143,0.055,20.883,20.74
20.846,20.846,0.092,0.038,20.884,20.792
20.794,20.794,0.086,0.029,20.848,20.762
20.804,20.804,0.133,0.049,20.877,20.744
20.809,20.809,0.132,0.043,20.866,20.734
20.785,20.785,0.119,0.039,20.836,20.717
20.778,20.778,0.133,0.048,20.858,20.725
20.842,20.842,0.189,0.073,20.928,20.739
20.829,20.829,0.078,0.026,20.869,20.791
20.836,20.836,0.236,0.082,20.938,20.702
20.809,20.809,0.14,0.046,20.875,20.735
20.801,20.801,0.099,0.033,20.84,20.741
20.817,20.817,0.205,0.076,20.91,20.705
20.838,20.838,0.232,0.084,20.94,20.708
20.807,20.807,0.108,0.041,20.887,20.779
20.828,20.828,0.146,0.055,20.918,20.772
20.808,20.808,0.104,0.034,20.865,20.761
20.824,20.824,0.143,0.053,20.877,20.734
20.816,20.816,0.152,0.052,20.894,20.742
20.86,20.86,0.087,0.032,20.886,20.799
20.822,20.822,0.166,0.062,20.885,20.719
20.766,20.766,0.114,0.043,20.832,20.718
20.76,20.76,0.131,0.046,20.831,20.7
20.746,20.746,0.129,0.048,20.822,20.693
20.786,20.786,0.129,0.053,20.864,20.735
20.776,20.776,0.159,0.058,20.834,20.675
20.75,20.75,0.16,0.052,20.827,20.667
20.788,20.788,0.113,0.039,20.836,20.723
20.754,20.754,0.169,0.064,20.841,20.672
20.79,20.79,0.105,0.041,20.825,20.72
20.778,20.778,0.097,0.034,20.844,20.747
20.741,20.741,0.058,0.021,20.778,20.72
20.771,20.771,0.172,0.061,20.871,20.699
20.74,20.74,0.223,0.078,20.884,20.661
20.753,20.753,0.166,0.064,20.845,20.679
20.738,20.738,0.15,0.054,20.814,20.664
20.781,20.781,0.23,0.076,20.887,20.657
20.772,20.772,0.206,0.074,20.852,20.646
20.778,20.778,0.129,0.048,20.865,20.736
20.743,20.743,0.185,0.074,20.843,20.658
20.718,20.718,0.088,0.032,20.765,20.677
20.785,20.785,0.076,0.031,20.824,20.748
20.71,20.71,0.143,0.057,20.779,20.636
20.767,20.767,0.175,0.066,20.824,20.649
20.671,20.671,0.085,0.035,20.717,20.632
20.753,20.753,0.155,0.057,20.798,20.643
20.746,20.746,0.085,0.031,20.792,20.707
20.727,20.727,0.138,0.054,20.768,20.63
20.775,20.775,0.082,0.027,20.812,20.73
20.706,20.706,0.177,0.076,20.796,20.619
20.715,20.715,0.115,0.04,20.792,20.677
20.735,20.736,0.199,0.073,20.802,20.603
20.708,20.708,0.196,0.062,20.805,20.609
20.705,20.705,0.156,0.057,20.801,20.645
20.732,20.732,0.106,0.04,20.781,20.675
20.762,20.762,0.084,0.032,20.803,20.719
20.792,20.792,0.076,0.029,20.823,20.747
20.668,20.668,0.162,0.062,20.782,20.62
20.689,20.689,0.131,0.054,20.74,20.609
20.735,20.735,0.133,0.044,20.797,20.664
20.747,20.747,0.062,0.021,20.787,20.725
20.738,20.738,0.198,0.07,20.823,20.625
20.774,20.774,0.103,0.041,20.831,20.728
20.778,20.778,0.068,0.022,20.812,20.744
20.706,20.706,0.174,0.062,20.82,20.646
20.751,20.752,0.2,0.071,20.842,20.642
20.737,20.737,0.184,0.064,20.824,20.64
20.712,20.712,0.159,0.057,20.815,20.656
20.743,20.743,0.189,0.068,20.833,20.644
20.754,20.755,0.168,0.066,20.831,20.663
20.765,20.765,0.124,0.053,20.828,20.704
20.695,20.695,0.21,0.076,20.836,20.626
20.69,20.69,0.096,0.037,20.731,20.635
20.776,20.776,0.093,0.037,20.815,20.722
20.734,20.734,0.183,0.059,20.816,20.633
20.751,20.751,0.052,0.021,20.785,20.733
20.691,20.691,0.202,0.079,20.824,20.622
20.68,20.68,0.152,0.063,20.777,20.625
20.687,20.687,0.203,0.083,20.79,20.587
20.689,20.689,0.184,0.075,20.799,20.615
20.688,20.688,0.223,0.088,20.803,20.58
20.67,20.67,0.137,0.045,20.728,20.591
20.669,20.669,0.138,0.053,20.734,20.596
20.713,20.713,0.192,0.07,20.773,20.581
20.69,20.69,0.161,0.063,20.778,20.617
20.724,20.724,0.142,0.049,20.788,20.646
20.691,20.691,0.185,0.079,20.783,20.598
20.688,20.688,0.181,0.075,20.778,20.597
20.666,20.666,0.187,0.063,20.766,20.579
20.68,20.68,0.204,0.072,20.766,20.562
20.655,20.655,0.067,0.023,20.679,20.612
20.74,20.74,0.081,0.032,20.765,20.684
20.597,20.597,0.077,0.026,20.643,20.566
20.621,20.622,0.233,0.082,20.766,20.533
20.624,20.624,0.161,0.057,20.697,20.536
20.689,20.689,0.103,0.042,20.733,20.63
20.662,20.662,0.123,0.04,20.73,20.607
20.622,20.622,0.087,0.035,20.666,20.579
20.678,20.678,0.054,0.02,20.711,20.657
20.619,20.619,0.172,0.07,20.726,20.554
20.652,20.652,0.099,0.038,20.701,20.602
20.636,20.636,0.186,0.081,20.712,20.526
20.71,20.71,0.105,0.038,20.744,20.639
20.624,20.624,0.119,0.048,20.682,20.563
20.668,20.668,0.075,0.025,20.704,20.629
20.623,20.623,0.129,0.046,20.695,20.566
20.676,20.676,0.017,0.006,20.683,20.666
20.632,20.632,0.196,0.075,20.697,20.501
20.605,20.605,0.136,0.048,20.671,20.535
20.552,20.552,0.127,0.047,20.615,20.488
20.604,20.604,0.171,0.068,20.698,20.527
20.617,20.617,0.161,0.056,20.672,20.511
20.627,20.627,0.101,0.043,20.683,20.582
20.526,20.526,0.093,0.036,20.575,20.482
20.619,20.619,0.077,0.032,20.666,20.589
20.614,20.614,0.071,0.03,20.646,20.575
20.575,20.575,0.181,0.063,20.652,20.471
20.611,20.611,0.084,0.037,20.654,20.57
20.58,20.58,0.116,0.042,20.616,20.5
20.627,20.627,0.201,0.075,20.699,20.498
20.633,20.633,0.091,0.03,20.681,20.59
20.644,20.644,0.085,0.032,20.692,20.607
20.66,20.66,0.113,0.042,20.692,20.579
20.644,20.644,0.128,0.041,20.711,20.583
20.643,20.643,0.107,0.045,20.69,20.583
20.61,20.61,0.138,0.048,20.687,20.549
20.626,20.626,0.075,0.024,20.662,20.587
20.665,20.665,0.111,0.04,20.709,20.598
20.575,20.575,0.183,0.063,20.692,20.509
20.581,20.581,0.131,0.054,20.649,20.518
20.656,20.656,0.147,0.055,20.697,20.55
20.65,20.65,0.065,0.026,20.68,20.615
20.641,20.641,0.205,0.071,20.737,20.532
20.66,20.66,0.109,0.041,20.716,20.607
20.598,20.598,0.188,0.064,20.699,20.511
20.631,20.631,0.203,0.075,20.691,20.488
20.569,20.569,0.154,0.057,20.635,20.481
20.633,20.633,0.193,0.062,20.722,20.529
20.613,20.613,0.04,0.014,20.635,20.595
20.643,20.643,0.117,0.045,20.719,20.602
20.607,20.608,0.251,0.094,20.719,20.468
20.619,20.619,0.143,0.055,20.704,20.561
20.63,20.63,0.086,0.036,20.68,20.594
20.635,20.635,0.139,0.063,20.713,20.574
20.6,20.6,0.142,0.064,20.662,20.52
20.623,20.623,0.115,0.048,20.684,20.569
20.651,20.651,0.101,0.036,20.709,20.608
20.634,20.634,0.043,0.017,20.653,20.61
20.553,20.553,0.117,0.043,20.594,20.477
20.629,20.629,0.121,0.048,20.692,20.571
20.64,20.64,0.117,0.043,20.691,20.574
20.548,20.548,0.173,0.068,20.652,20.479
20.612,20.612,0.183,0.063,20.677,20.494
20.588,20.588,0.145,0.053,20.642,20.497
20.586,20.586,0.214,0.082,20.697,20.483
20.576,20.576,0.171,0.056,20.653,20.482
20.591,20.591,0.069,0.023,20.634,20.565
20.572,20.572,0.212,0.085,20.678,20.466
20.615,20.615,0.169,0.062,20.69,20.521
20.591,20.591,0.065,0.024,20.638,20.573
20.573,20.573,0.159,0.067,20.657,20.498
20.616,20.616,0.162,0.058,20.675,20.513
20.601,20.602,0.174,0.065,20.695,20.521
20.638,20.638,0.204,0.079,20.717,20.513
20.646,20.646,0.095,0.039,20.694,20.599
20.596,20.596,0.158,0.054,20.65,20.492
20.665,20.665,0.149,0.055,20.738,20.589
20.607,20.607,0.182,0.062,20.689,20.507
20.665,20.665,0.182,0.068,20.712,20.53
20.661,20.661,0.093,0.039,20.709,20.616
20.631,20.631,0.187,0.066,20.7,20.513
20.675,20.675,0.222,0.078,20.762,20.54
20.664,20.664,0.241,0.09,20.727,20.486
20.622,20.622,0.077,0.029,20.674,20.597
20.635,20.635,0.184,0.073,20.707,20.523
20.624,20.624,0.19,0.075,20.725,20.535
20.606,20.606,0.172,0.058,20.713,20.541
20.602,20.602,0.172,0.06,20.712,20.54
20.632,20.632,0.198,0.069,20.753,20.555
20.676,20.677,0.204,0.075,20.733,20.529
20.673,20.674,0.243,0.09,20.763,20.52
20.729,20.729,0.078,0.03,20.77,20.692
20.636,20.636,0.172,0.063,20.707,20.535
20.706,20.706,0.081,0.028,20.74,20.659
20.672,20.672,0.148,0.058,20.742,20.594
20.69,20.69,0.117,0.041,20.731,20.614
20.642,20.643,0.192,0.065,20.735,20.543
20.648,20.648,0.149,0.051,20.727,20.578
20.718,20.718,0.133,0.052,20.776,20.643
20.68,20.68,0.205,0.081,20.783,20.578
20.647,20.647,0.209,0.079,20.765,20.556
20.658,20.659,0.246,0.09,20.832,20.586
20.667,20.667,0.248,0.087,20.794,20.546
20.67,20.671,0.253,0.092,20.798,20.545
20.715,20.715,0.146,0.056,20.75,20.604
20.643,20.643,0.211,0.076,20.792,20.581
20.631,20.631,0.228,0.08,20.774,20.546
20.707,20.707,0.131,0.05,20.74,20.609
20.673,20.673,0.186,0.061,20.768,20.582
20.729,20.729,0.14,0.056,20.798,20.658
20.698,20.698,0.154,0.059,20.766,20.612
20.692,20.692,0.226,0.089,20.821,20.595
20.702,20.702,0.197,0.075,20.814,20.617
20.658,20.658,0.15,0.058,20.733,20.583
20.678,20.678,0.207,0.079,20.777,20.57
20.749,20.749,0.208,0.074,20.817,20.609
20.734,20.734,0.089,0.031,20.764,20.675
20.719,20.719,0.204,0.076,20.8,20.596
20.704,20.704,0.141,0.054,20.768,20.627
20.747,20.747,0.145,0.049,20.811,20.666
20.657,20.657,0.192,0.077,20.782,20.59
20.685,20.685,0.134,0.047,20.746,20.612
20.692,20.692,0.206,0.086,20.774,20.568
20.735,20.735,0.209,0.079,20.84,20.631
20.681,20.682,0.178,0.068,20.792,20.614
20.753,20.753,0.141,0.066,20.813,20.672
20.755,20.755,0.166,0.06,20.842,20.676
20.729,20.729,0.182,0.066,20.817,20.635
20.753,20.753,0.1,0.04,20.803,20.703
20.7,20.7,0.201,0.072,20.83,20.629
20.702,20.702,0.164,0.058,20.814,20.65
20.71,20.71,0.125,0.043,20.779,20.654
20.764,20.764,0.171,0.061,20.839,20.668
20.735,20.735,0.192,0.068,20.85,20.658
20.745,20.745,0.184,0.074,20.839,20.655
20.668,20.668,0.105,0.038,20.734,20.629
20.713,20.713,0.189,0.063,20.8,20.611
20.742,20.742,0.21,0.081,20.861,20.651
20.817,20.817,0.063,0.02,20.852,20.789
20.741,20.741,0.228,0.08,20.845,20.617
20.759,20.759,0.19,0.069,20.817,20.627
20.712,20.713,0.216,0.083,20.846,20.63
20.75,20.75,0.16,0.064,20.809,20.649
20.809,20.809,0.082,0.03,20.834,20.752
20.744,20.744,0.244,0.103,20.876,20.632
20.762,20.762,0.15,0.064,20.856,20.706
20.773,20.773,0.149,0.053,20.82,20.671
20.692,20.692,0.183,0.069,20.809,20.626
20.802,20.802,0.236,0.084,20.883,20.647
20.764,20.764,0.184,0.079,20.843,20.659
20.801,20.801,0.126,0.041,20.858,20.732
20.797,20.797,0.263,0.099,20.898,20.635
20.688,20.688,0.182,0.073,20.808,20.626
20.764,20.765,0.185,0.072,20.846,20.661
20.799,20.799,0.245,0.082,20.89,20.645
20.743,20.743,0.206,0.077,20.836,20.63
20.824,20.824,0.105,0.038,20.862,20.757
20.777,20.777,0.148,0.055,20.846,20.698
20.79,20.79,0.145,0.055,20.841,20.696
20.762,20.762,0.159,0.056,20.828,20.669
20.834,20.834,0.13,0.045,20.882,20.752
20.745,20.745,0.138,0.048,20.803,20.665
20.831,20.831,0.186,0.069,20.881,20.695
20.825,20.825,0.171,0.056,20.893,20.722
20.81,20.81,0.177,0.061,20.886,20.709
20.824,20.824,0.199,0.065,20.917,20.718
20.779,20.779,0.19,0.072,20.879,20.689
20.801,20.801,0.197,0.075,20.86,20.663
20.814,20.814,0.193,0.073,20.914,20.721
20.808,20.809,0.163,0.069,20.878,20.715
20.834,20.834,0.216,0.087,20.937,20.721
20.812,20.812,0.133,0.048,20.87,20.737
20.802,20.802,0.186,0.075,20.893,20.707
20.827,20.827,0.109,0.039,20.895,20.786
20.767,20.767,0.212,0.078,20.909,20.697
20.847,20.847,0.119,0.042,20.907,20.788
20.818,20.819,0.196,0.078,20.918,20.722
20.809,20.809,0.172,0.073,20.896,20.724
20.833,20.833,0.106,0.039,20.869,20.763
20.785,20.785,0.164,0.067,20.879,20.715
20.857,20.857,0.105,0.039,20.887,20.782
20.84,20.84,0.157,0.051,20.928,20.771
20.793,20.793,0.188,0.068,20.924,20.736
20.852,20.853,0.242,0.085,20.933,20.691
20.854,20.854,0.101,0.042,20.914,20.813
20.816,20.816,0.191,0.068,20.924,20.733
20.812,20.812,0.207,0.094,20.894,20.687
20.783,20.783,0.17,0.07,20.876,20.706
20.826,20.826,0.223,0.081,20.908,20.685
20.853,20.853,0.142,0.063,20.937,20.795
20.878,20.878,0.164,0.058,20.941,20.777
20.792,20.792,0.151,0.054,20.863,20.712
20.872,20.872,0.206,0.079,20.92,20.714
20.833,20.833,0.202,0.077,20.913,20.711
20.813,20.813,0.163,0.061,20.889,20.726
20.793,20.793,0.169,0.058,20.876,20.707
20.898,20.898,0.039,0.014,20.922,20.883
20.843,20.843,0.164,0.061,20.956,20.792
20.814,20.814,0.136,0.05,20.865,20.729
20.843,20.843,0.245,0.097,20.993,20.748
20.83,20.83,0.176,0.059,20.921,20.745
20.862,20.862,0.195,0.063,20.952,20.757
20.83,20.83,0.177,0.063,20.901,20.724
20.856,20.856,0.218,0.084,20.969,20.751
20.845,20.845,0.195,0.069,20.938,20.743
20.846,20.846,0.204,0.085,20.958,20.754
20.839,20.839,0.18,0.076,20.917,20.737
20.921,20.921,0.193,0.069,20.982,20.789
20.928,20.928,0.041,0.016,20.954,20.913
20.829,20.829,0.135,0.048,20.869,20.734
20.881,20.881,0.122,0.041,20.95,20.828
20.832,20.832,0.209,0.077,20.982,20.773
20.889,20.889,0.177,0.078,20.97,20.793
20.853,20.854,0.169,0.07,20.931,20.762
20.921,20.921,0.108,0.037,20.962,20.854
20.874,20.874,0.162,0.061,20.969,20.807
20.873,20.873,0.199,0.086,20.96,20.761
20.851,20.851,0.096,0.032,20.901,20.805
20.842,20.842,0.115,0.04,20.916,20.801
20.904,20.905,0.18,0.068,21.001,20.821
20.946,20.946,0.125,0.041,21.002,20.877
20.911,20.911,0.171,0.065,20.963,20.792
20.92,20.92,0.145,0.053,20.971,20.826
20.851,20.851,0.217,0.095,20.969,20.752
20.898,20.898,0.211,0.074,20.984,20.773
20.88,20.88,0.19,0.074,20.982,20.792
20.951,20.951,0.065,0.022,20.989,20.924
20.809,20.809,0.201,0.076,20.96,20.759
20.915,20.915,0.093,0.033,20.948,20.855
20.899,20.899,0.209,0.073,20.965,20.756
20.936,20.936,0.084,0.031,20.981,20.897
20.951,20.951,0.1,0.037,21.001,20.901
20.867,20.867,0.133,0.056,20.927,20.794
20.929,20.93,0.246,0.083,21.039,20.793
20.944,20.944,0.145,0.051,21.008,20.863
20.975,20.975,0.137,0.055,21.036,20.899
20.871,20.871,0.131,0.046,20.935,20.804
20.86,20.86,0.117,0.039,20.907,20.79
20.879,20.88,0.177,0.071,20.953,20.776
20.944,20.944,0.087,0.03,20.985,20.898
20.921,20.921,0.205,0.079,21.022,20.817
20.95,20.95,0.171,0.058,21.044,20.873
20.938,20.938,0.169,0.056,21.007,20.838
20.967,20.967,0.153,0.057,21.055,20.902
20.93,20.93,0.099,0.033,20.979,20.88
20.935,20.935,0.155,0.059,21.032,20.877
20.954,20.954,0.189,0.065,21.062,20.873
20.96,20.96,0.136,0.046,21.019,20.883
20.966,20.966,0.128,0.043,21.017,20.889
20.949,20.949,0.112,0.042,20.994,20.882
20.93,20.93,0.136,0.057,21.013,20.877
20.956,20.957,0.192,0.08,21.05,20.858
20.922,20.922,0.097,0.042,20.962,20.865
20.949,20.949,0.189,0.069,21.064,20.875
20.932,20.932,0.098,0.036,20.959,20.861
20.948,20.948,0.179,0.062,21.057,20.878
20.915,20.915,0.152,0.059,20.998,20.846
20.942,20.942,0.049,0.016,20.966,20.917
20.926,20.926,0.091,0.031,20.959,20.868
20.974,20.974,0.102,0.037,21.021,20.919
20.889,20.889,0.101,0.046,20.948,20.847
20.937,20.937,0.058,0.023,20.966,20.908
20.939,20.939,0.173,0.064,21.039,20.866
21.014,21.014,0.083,0.035,21.051,20.968
20.952,20.952,0.154,0.05,21.015,20.861
20.944,20.944,0.115,0.041,20.98,20.865
20.998,20.998,0.104,0.046,21.054,20.95
20.987,20.987,0.165,0.059,21.061,20.896
20.987,20.987,0.161,0.052,21.077,20.916
20.974,20.974,0.142,0.045,21.042,20.9
20.957,20.957,0.103,0.04,20.993,20.89
20.995,20.995,0.124,0.044,21.07,20.946
21.043,21.043,0.079,0.028,21.068,20.989
21.05,21.05,0.055,0.02,21.075,21.02
21.012,21.012,0.076,0.03,21.057,20.981
21.004,21.004,0.085,0.032,21.065,20.98
21.016,21.016,0.188,0.065,21.099,20.911
21.021,21.021,0.22,0.081,21.106,20.886
20.996,20.996,0.124,0.044,21.05,20.926
20.977,20.977,0.105,0.037,21.017,20.912
21.088,21.088,0.095,0.034,21.122,21.027
21.03,21.03,0.096,0.04,21.075,20.979
21.004,21.004,0.173,0.057,21.079,20.906
21.02,21.02,0.169,0.056,21.088,20.919
20.986,20.986,0.136,0.045,21.047,20.911
21.029,21.029,0.183,0.06,21.122,20.939
21.01,21.01,0.195,0.064,21.128,20.933
21.044,21.044,0.171,0.062,21.122,20.951
21.005,21.005,0.054,0.021,21.029,20.975
21.087,21.087,0.177,0.06,21.17,20.993
21.06,21.06,0.145,0.053,21.13,20.985
21.084,21.084,0.108,0.042,21.133,21.025
21.093,21.093,0.067,0.023,21.127,21.06
21.075,21.075,0.256,0.089,21.203,20.947
21.051,21.051,0.162,0.061,21.112,20.95
21.098,21.098,0.117,0.043,21.151,21.034
21.1,21.1,0.06,0.022,21.122,21.062
21.031,21.031,0.177,0.072,21.127,20.95
21.053,21.053,0.168,0.056,21.154,20.986
21.089,21.089,0.089,0.037,21.143,21.054
21.084,21.084,0.149,0.064,21.148,20.999
21.146,21.146,0.026,0.01,21.158,21.132
21.09,21.09,0.143,0.052,21.185,21.042
21.101,21.101,0.115,0.044,21.173,21.058
21.112,21.112,0.123,0.046,21.186,21.063
21.067,21.067,0.138,0.049,21.162,21.024
21.061,21.061,0.178,0.058,21.15,20.972
21.061,21.061,0.185,0.059,21.154,20.969
21.083,21.084,0.177,0.068,21.155,20.978
21.135,21.135,0.093,0.035,21.183,21.09
21.11,21.11,0.118,0.046,21.169,21.051
21.129,21.129,0.169,0.057,21.203,21.034
21.129,21.129,0.132,0.047,21.189,21.057
21.098,21.098,0.101,0.036,21.131,21.03
21.091,21.091,0.183,0.062,21.206,21.023
21.154,21.154,0.149,0.053,21.2,21.051
21.091,21.091,0.191,0.067,21.196,21.005
21.091,21.092,0.198,0.067,21.201,21.003
21.098,21.098,0.183,0.074,21.197,21.014
21.134,21.134,0.119,0.045,21.209,21.09
21.104,21.104,0.182,0.07,21.211,21.029
21.121,21.121,0.134,0.059,21.171,21.037
21.148,21.148,0.172,0.061,21.243,21.071
21.095,21.096,0.218,0.089,21.219,21.001
21.11,21.11,0.163,0.061,21.172,21.009
21.113,21.113,0.155,0.061,21.185,21.03
21.138,21.138,0.163,0.056,21.197,21.034
21.105,21.105,0.134,0.043,21.166,21.032
21.104,21.104,0.128,0.045,21.184,21.056
21.16,21.16,0.194,0.077,21.201,21.007
21.148,21.148,0.161,0.064,21.203,21.042
21.139,21.139,0.143,0.051,21.235,21.092
21.13,21.13,0.191,0.061,21.228,21.037
21.122,21.122,0.203,0.072,21.199,20.996
21.106,21.106,0.147,0.05,21.168,21.021
21.139,21.139,0.129,0.052,21.217,21.088
21.168,21.168,0.079,0.029,21.204,21.125
21.169,21.169,0.08,0.031,21.208,21.128
21.142,21.142,0.104,0.04,21.199,21.095
21.142,21.142,0.122,0.048,21.213,21.091
21.109,21.109,0.171,0.055,21.192,21.021
21.136,21.136,0.088,0.033,21.188,21.1
21.112,21.112,0.148,0.051,21.176,21.028
21.142,21.142,0.093,0.037,21.186,21.093
21.062,21.062,0.162,0.057,21.147,20.985
21.162,21.162,0.127,0.047,21.197,21.07
21.145,21.145,0.085,0.03,21.183,21.098
21.103,21.103,0.157,0.063,21.178,21.021
21.134,21.134,0.084,0.038,21.168,21.084
21.114,21.114,0.192,0.068,21.192,21.0
21.116,21.116,0.09,0.03,21.153,21.063
21.122,21.122,0.173,0.065,21.197,21.024
21.047,21.047,0.1,0.036,21.097,20.997
21.079,21.079,0.131,0.042,21.148,21.017
21.097,21.097,0.169,0.059,21.168,20.999
21.076,21.076,0.144,0.05,21.15,21.006
21.121,21.121,0.106,0.04,21.19,21.084
21.06,21.06,0.199,0.071,21.182,20.983
21.061,21.061,0.186,0.072,21.145,20.959
21.058,21.058,0.166,0.068,21.145,20.979
21.068,21.068,0.204,0.083,21.167,20.963
21.076,21.076,0.149,0.055,21.137,20.988
21.078,21.078,0.158,0.053,21.164,21.006
21.121,21.121,0.069,0.029,21.147,21.078
21.084,21.084,0.152,0.053,21.156,21.004
21.09,21.09,0.09,0.042,21.142,21.052
21.129,21.129,0.136,0.051,21.164,21.028
21.101,21.101,0.123,0.046,21.153,21.03
21.07,21.07,0.177,0.064,21.143,20.966
21.119,21.119,0.084,0.032,21.14,21.056
21.143,21.143,0.06,0.021,21.164,21.104
21.1,21.1,0.176,0.068,21.155,20.979
21.045,21.045,0.17,0.062,21.142,20.972
21.15,21.15,0.025,0.009,21.163,21.138
21.135,21.135,0.024,0.008,21.145,21.121
21.124,21.124,0.05,0.017,21.143,21.093
21.09,21.09,0.182,0.072,21.16,20.978
21.039,21.039,0.189,0.079,21.145,20.956
21.081,21.081,0.192,0.088,21.158,20.966
21.089,21.089,0.183,0.07,21.151,20.968
21.141,21.141,0.03,0.012,21.156,21.126
21.113,21.113,0.108,0.042,21.16,21.052
21.115,21.115,0.08,0.026,21.15,21.07
21.085,21.086,0.181,0.068,21.143,20.962
21.089,21.089,0.126,0.043,21.158,21.032
21.036,21.036,0.182,0.07,21.132,20.95
21.059,21.059,0.174,0.065,21.13,20.956
21.122,21.122,0.063,0.025,21.153,21.09
21.087,21.087,0.177,0.067,21.148,20.971
21.116,21.116,0.093,0.035,21.153,21.06
21.071,21.071,0.168,0.062,21.145,20.977
21.081,21.081,0.094,0.038,21.13,21.036
21.062,21.062,0.121,0.041,21.137,21.016
21.114,21.114,0.137,0.049,21.204,21.067
21.056,21.056,0.209,0.067,21.168,20.959
21.094,21.094,0.132,0.052,21.147,21.015
21.136,21.136,0.13,0.046,21.176,21.046
21.089,21.089,0.179,0.067,21.177,20.998
21.131,21.131,0.117,0.043,21.212,21.095
21.108,21.108,0.062,0.024,21.139,21.077
21.121,21.121,0.113,0.042,21.17,21.057
21.045,21.045,0.171,0.071,21.135,20.964
21.08,21.08,0.179,0.065,21.174,20.995
21.06,21.06,0.155,0.058,21.131,20.976
21.055,21.055,0.148,0.068,21.14,20.992
21.103,21.103,0.163,0.061,21.154,20.991
21.092,21.092,0.071,0.03,21.13,21.059
21.111,21.111,0.084,0.035,21.155,21.071
21.138,21.138,0.032,0.013,21.155,21.123
21.098,21.098,0.179,0.062,21.168,20.989
21.096,21.096,0.195,0.074,21.162,20.967
21.052,21.052,0.173,0.066,21.164,20.991
21.129,21.129,0.166,0.072,21.208,21.042
21.135,21.135,0.182,0.058,21.231,21.049
21.153,21.153,0.188,0.07,21.202,21.014
21.152,21.152,0.108,0.048,21.199,21.091
21.14,21.14,0.137,0.055,21.19,21.053
21.119,21.119,0.195,0.063,21.202,21.007
21.134,21.134,0.186,0.066,21.191,21.005
21.156,21.156,0.086,0.03,21.191,21.105
21.144,21.144,0.175,0.062,21.213,21.038
21.143,21.143,0.166,0.057,21.221,21.055
21.104,21.104,0.063,0.024,21.148,21.085
21.186,21.186,0.128,0.047,21.223,21.095
21.147,21.147,0.142,0.049,21.227,21.085
21.088,21.088,0.115,0.046,21.133,21.018
21.148,21.148,0.162,0.057,21.211,21.049
21.146,21.146,0.11,0.044,21.209,21.099
21.148,21.148,0.18,0.063,21.211,21.031
21.169,21.169,0.09,0.034,21.195,21.105
21.098,21.098,0.206,0.076,21.217,21.011
21.193,21.193,0.067,0.025,21.218,21.151
21.091,21.091,0.172,0.075,21.193,21.021
21.145,21.145,0.18,0.078,21.215,21.035
21.135,21.135,0.191,0.084,21.21,21.019
21.154,21.155,0.197,0.072,21.227,21.03
21.136,21.136,0.158,0.061,21.211,21.053
21.181,21.181,0.117,0.042,21.236,21.119
21.139,21.139,0.176,0.076,21.213,21.037
21.126,21.126,0.208,0.069,21.237,21.029
21.173,21.173,0.106,0.038,21.208,21.102
21.113,21.113,0.173,0.072,21.206,21.033
21.128,21.128,0.173,0.06,21.195,21.022
21.147,21.147,0.102,0.036,21.195,21.093
21.11,21.11,0.204,0.065,21.217,21.013
21.176,21.176,0.125,0.047,21.207,21.082
21.188,21.188,0.099,0.039,21.239,21.14
21.133,21.133,0.129,0.044,21.187,21.058
21.183,21.183,0.129,0.054,21.25,21.121
21.127,21.127,0.119,0.04,21.197,21.078
21.188,21.188,0.107,0.037,21.242,21.135
21.176,21.176,0.082,0.029,21.232,21.15
21.12,21.12,0.239,0.088,21.246,21.007
21.126,21.126,0.103,0.044,21.179,21.076
21.123,21.124,0.18,0.076,21.219,21.039
21.126,21.126,0.153,0.063,21.201,21.048
21.12,21.12,0.143,0.06,21.2,21.057
21.16,21.16,0.195,0.068,21.227,21.032
21.114,21.114,0.132,0.05,21.19,21.058
21.129,21.13,0.178,0.066,21.204,21.026
21.111,21.111,0.199,0.084,21.21,21.011
21.121,21.121,0.088,0.034,21.158,21.07
21.081,21.081,0.158,0.062,21.17,21.012
21.13,21.13,0.105,0.041,21.182,21.077
21.102,21.103,0.21,0.068,21.218,21.008
21.102,21.102,0.125,0.046,21.191,21.066
21.095,21.095,0.166,0.061,21.163,20.997
21.152,21.152,0.132,0.055,21.218,21.086
21.147,21.147,0.109,0.047,21.198,21.089
21.099,21.099,0.201,0.069,21.191,20.99
21.121,21.121,0.197,0.078,21.199,21.002
21.075,21.075,0.147,0.061,21.151,21.004
21.057,21.057,0.076,0.03,21.092,21.016
21.163,21.163,0.18,0.064,21.235,21.055
21.159,21.159,0.147,0.049,21.228,21.081
21.118,21.118,0.171,0.061,21.217,21.046
21.2,21.2,0.074,0.029,21.241,21.167
21.145,21.145,0.139,0.046,21.224,21.085
21.115,21.115,0.161,0.053,21.181,21.02
21.157,21.157,0.087,0.028,21.202,21.115
21.125,21.125,0.112,0.036,21.187,21.075
21.145,21.145,0.258,0.09,21.252,20.994
21.154,21.154,0.09,0.033,21.2,21.11
21.101,21.101,0.104,0.034,21.153,21.049
21.076,21.077,0.2,0.077,21.167,20.967
21.113,21.113,0.051,0.019,21.127,21.076
21.155,21.155,0.128,0.056,21.226,21.098
21.091,21.091,0.117,0.042,21.151,21.034
21.108,21.108,0.074,0.028,21.147,21.073
21.105,21.105,0.213,0.072,21.21,20.997
21.124,21.124,0.189,0.073,21.191,21.002
21.127,21.127,0.181,0.075,21.2,21.019
21.068,21.068,0.109,0.04,21.105,20.996
21.102,21.102,0.123,0.044,21.155,21.032
21.081,21.081,0.196,0.067,21.175,20.979
21.056,21.056,0.137,0.047,21.132,20.995
21.104,21.104,0.143,0.052,21.158,21.015
21.062,21.062,0.086,0.033,21.103,21.017
21.074,21.074,0.134,0.048,21.16,21.026
21.116,21.116,0.201,0.068,21.208,21.007
21.131,21.131,0.202,0.071,21.202,21.0
21.094,21.095,0.184,0.08,21.198,21.014
21.092,21.093,0.22,0.074,21.199,20.979
21.106,21.106,0.169,0.069,21.168,20.999
21.142,21.142,0.118,0.048,21.197,21.079
21.131,21.131,0.083,0.03,21.173,21.09
21.109,21.109,0.083,0.033,21.156,21.073
21.049,21.049,0.091,0.034,21.077,20.986
21.075,21.075,0.19,0.061,21.169,20.979
21.135,21.135,0.165,0.062,21.187,21.022
21.071,21.071,0.194,0.084,21.164,20.97
21.167,21.167,0.086,0.037,21.207,21.121
21.107,21.107,0.186,0.067,21.219,21.033
21.16,21.16,0.13,0.047,21.201,21.071
21.175,21.175,0.098,0.042,21.211,21.113
21.081,21.081,0.2,0.073,21.205,21.005
21.092,21.092,0.164,0.052,21.176,21.012
21.171,21.171,0.077,0.025,21.202,21.125
21.11,21.11,0.141,0.048,21.173,21.032
21.104,21.104,0.162,0.056,21.205,21.043
21.14,21.14,0.102,0.033,21.186,21.084
21.081,21.081,0.144,0.062,21.147,21.003
21.156,21.156,0.112,0.046,21.219,21.107
21.1,21.1,0.204,0.078,21.215,21.011
21.07,21.07,0.156,0.053,21.159,21.003
21.092,21.092,0.188,0.07,21.173,20.985
21.065,21.065,0.198,0.066,21.167,20.969
21.112,21.112,0.124,0.041,21.181,21.057
21.118,21.118,0.146,0.049,21.171,21.025
21.073,21.073,0.114,0.039,21.137,21.023
21.084,21.085,0.227,0.077,21.167,20.94
21.032,21.032,0.078,0.03,21.076,20.998
21.105,21.105,0.181,0.066,21.196,21.015
21.079,21.079,0.138,0.053,21.149,21.011
21.031,21.031,0.123,0.043,21.076,20.953
21.035,21.035,0.168,0.06,21.126,20.958
21.089,21.089,0.208,0.075,21.201,20.993
21.085,21.085,0.178,0.066,21.141,20.963
21.019,21.02,0.217,0.076,21.166,20.949
21.094,21.094,0.188,0.068,21.187,20.999
21.042,21.042,0.12,0.047,21.106,20.986
21.046,21.046,0.206,0.075,21.168,20.962
21.098,21.098,0.175,0.076,21.187,21.012
21.111,21.111,0.154,0.049,21.193,21.039
21.078,21.078,0.171,0.063,21.19,21.019
21.064,21.064,0.122,0.047,21.124,21.002
21.079,21.079,0.216,0.094,21.207,20.991
21.078,21.078,0.182,0.061,21.176,20.994
21.09,21.091,0.196,0.075,21.197,21.001
21.117,21.117,0.185,0.078,21.22,21.035
21.037,21.037,0.203,0.072,21.153,20.95
21.092,21.092,0.104,0.037,21.14,21.036
21.064,21.064,0.196,0.073,21.18,20.984
21.062,21.062,0.179,0.062,21.131,20.952
21.104,21.104,0.151,0.063,21.169,21.018
21.038,21.039,0.181,0.07,21.135,20.954
21.051,21.051,0.117,0.04,21.109,20.992
21.032,21.032,0.174,0.066,21.125,20.951
21.059,21.059,0.192,0.064,21.177,20.985
21.013,21.013,0.079,0.031,21.057,20.978
21.052,21.052,0.094,0.039,21.108,21.014
21.056,21.056,0.186,0.065,21.126,20.94
21.096,21.096,0.146,0.056,21.147,21.001
21.092,21.092,0.095,0.035,21.162,21.067
21.133,21.133,0.115,0.046,21.193,21.078
21.064,21.064,0.051,0.018,21.1,21.049
21.048,21.048,0.096,0.038,21.107,21.011
21.048,21.048,0.104,0.041,21.118,21.014
21.068,21.068,0.119,0.039,21.139,21.02
21.059,21.059,0.116,0.04,21.107,20.991
21.042,21.042,0.108,0.039,21.118,21.01
21.089,21.089,0.143,0.055,21.153,21.01
21.071,21.071,0.109,0.043,21.124,21.015
21.028,21.028,0.023,0.008,21.04,21.017
21.077,21.077,0.179,0.068,21.159,20.98
21.035,21.035,0.076,0.029,21.087,21.011
21.037,21.037,0.078,0.028,21.082,21.004
21.065,21.065,0.124,0.042,21.129,21.005
21.065,21.065,0.115,0.041,21.105,20.99
21.03,21.03,0.169,0.062,21.135,20.966
21.056,21.056,0.089,0.032,21.092,21.003
21.078,21.078,0.164,0.058,21.17,21.006
21.064,21.064,0.101,0.036,21.107,21.006
21.019,21.019,0.059,0.026,21.046,20.987
21.057,21.057,0.151,0.054,21.132,20.981
21.005,21.005,0.11,0.038,21.068,20.958
21.04,21.04,0.14,0.045,21.117,20.977
21.054,21.054,0.145,0.061,21.138,20.993
21.013,21.013,0.069,0.026,21.048,20.979
21.053,21.053,0.118,0.039,21.121,21.003
21.018,21.018,0.15,0.051,21.114,20.964
21.056,21.056,0.124,0.041,21.105,20.981
21.017,21.017,0.133,0.047,21.07,20.937
21.02,21.02,0.119,0.051,21.067,20.948
21.011,21.011,0.146,0.053,21.101,20.955
21.014,21.014,0.052,0.02,21.043,20.991
21.036,21.036,0.173,0.066,21.116,20.943
21.041,21.041,0.106,0.038,21.104,20.998
21.006,21.006,0.133,0.051,21.076,20.943
21.005,21.006,0.186,0.069,21.097,20.911
20.998,20.998,0.154,0.056,21.105,20.951
20.965,20.965,0.108,0.039,21.013,20.905
20.962,20.962,0.15,0.049,21.046,20.896
20.951,20.951,0.031,0.011,20.968,20.937
20.977,20.977,0.18,0.068,21.03,20.85
20.916,20.916,0.073,0.032,20.947,20.874
20.994,20.994,0.086,0.041,21.03,20.944
20.979,20.979,0.103,0.045,21.038,20.935
20.993,20.993,0.089,0.035,21.035,20.946
20.942,20.942,0.135,0.049,21.001,20.866
20.96,20.96,0.168,0.074,21.032,20.864
20.952,20.952,0.157,0.051,21.04,20.883
20.948,20.948,0.129,0.048,21.0,20.871
20.966,20.966,0.163,0.059,21.069,20.906
21.026,21.026,0.042,0.014,21.045,21.003
20.978,20.978,0.117,0.043,21.056,20.939
20.988,20.988,0.152,0.06,21.051,20.899
20.973,20.973,0.04,0.014,20.986,20.946
20.993,20.993,0.06,0.026,21.02,20.96
20.976,20.976,0.142,0.046,21.042,20.9
20.947,20.947,0.176,0.083,21.049,20.873
20.996,20.996,0.112,0.036,21.05,20.938
20.979,20.979,0.11,0.045,21.039,20.929
20.933,20.933,0.168,0.064,21.017,20.849
20.94,20.94,0.176,0.077,21.012,20.836
20.951,20.951,0.121,0.044,21.025,20.904
20.95,20.95,0.151,0.062,21.021,20.87
20.937,20.937,0.097,0.039,20.996,20.899
20.968,20.968,0.077,0.034,21.011,20.934
20.94,20.94,0.129,0.045,20.99,20.861
20.925,20.925,0.111,0.048,20.978,20.867
20.966,20.966,0.154,0.055,21.042,20.888
20.953,20.953,0.097,0.032,20.992,20.895
20.983,20.983,0.141,0.053,21.052,20.911
20.997,20.997,0.098,0.033,21.036,20.938
20.98,20.98,0.103,0.034,21.023,20.92
21.003,21.003,0.147,0.053,21.052,20.905
20.951,20.951,0.072,0.025,20.985,20.913
20.92,20.92,0.126,0.053,20.997,20.871
20.972,20.972,0.097,0.041,21.018,20.921
20.944,20.944,0.108,0.039,21.013,20.905
20.92,20.92,0.103,0.037,20.968,20.865
20.964,20.964,0.082,0.03,21.021,20.939
20.968,20.968,0.19,0.067,21.051,20.861
20.919,20.919,0.097,0.034,20.969,20.872
20.975,20.975,0.127,0.041,21.038,20.911
20.935,20.935,0.198,0.08,21.036,20.838
20.934,20.934,0.224,0.088,21.058,20.834
20.984,20.984,0.13,0.054,21.038,20.908
20.951,20.951,0.165,0.061,21.014,20.849
20.94,20.94,0.149,0.048,21.021,20.872
20.932,20.932,0.095,0.034,20.969,20.874
20.956,20.956,0.101,0.032,21.013,20.912
20.945,20.945,0.217,0.081,21.066,20.849
20.959,20.959,0.201,0.078,21.037,20.836
20.961,20.961,0.194,0.073,21.038,20.844
21.025,21.025,0.149,0.05,21.079,20.93
21.01,21.01,0.215,0.081,21.064,20.849
21.004,21.004,0.18,0.065,21.083,20.903
20.966,20.966,0.17,0.067,21.056,20.886
20.95,20.95,0.136,0.044,21.01,20.874
20.993,20.993,0.117,0.047,21.038,20.921
20.881,20.881,0.086,0.032,20.945,20.859
20.906,20.906,0.083,0.034,20.948,20.865
20.912,20.912,0.088,0.033,20.957,20.869
20.977,20.977,0.166,0.061,21.045,20.879
20.987,20.987,0.171,0.064,21.046,20.875
20.933,20.933,0.144,0.048,20.999,20.855
20.972,20.972,0.197,0.071,21.048,20.851
20.978,20.978,0.158,0.059,21.091,20.933
21.003,21.003,0.116,0.042,21.046,20.93
21.0,21.001,0.176,0.065,21.089,20.913
20.978,20.978,0.133,0.052,21.042,20.909
20.98,20.98,0.178,0.061,21.066,20.888
21.01,21.01,0.136,0.046,21.064,20.928
20.987,20.987,0.173,0.063,21.106,20.933
20.99,20.99,0.188,0.081,21.083,20.895
20.969,20.969,0.18,0.077,21.071,20.891
20.953,20.953,0.181,0.065,21.05,20.869
20.945,20.946,0.207,0.069,21.064,20.857
20.945,20.945,0.178,0.059,21.033,20.855
20.94,20.94,0.192,0.079,21.046,20.854
20.983,20.983,0.179,0.077,21.069,20.89
20.967,20.967,0.209,0.069,21.091,20.882
20.955,20.955,0.207,0.075,21.086,20.879
20.981,20.981,0.083,0.027,21.029,20.946
20.977,20.978,0.201,0.073,21.101,20.9
20.977,20.977,0.188,0.062,21.072,20.884
20.949,20.949,0.096,0.033,20.988,20.892
20.969,20.969,0.199,0.072,21.088,20.889
20.969,20.969,0.155,0.057,21.024,20.869
20.99,20.99,0.222,0.078,21.12,20.898
21.024,21.024,0.137,0.048,21.077,20.94
21.031,21.031,0.186,0.07,21.115,20.929
21.031,21.031,0.193,0.066,21.103,20.91
20.996,20.996,0.133,0.045,21.076,20.943
21.044,21.044,0.062,0.026,21.071,21.009
20.984,20.984,0.172,0.055,21.065,20.893
21.058,21.058,0.078,0.028,21.084,21.006
20.975,20.975,0.156,0.053,21.06,20.904
21.021,21.021,0.188,0.071,21.088,20.9
20.995,20.995,0.165,0.061,21.061,20.896
20.996,20.996,0.171,0.072,21.079,20.908
21.013,21.013,0.143,0.053,21.075,20.932
21.0,21.0,0.166,0.073,21.08,20.914
21.04,21.04,0.126,0.049,21.118,20.992
21.003,21.003,0.132,0.054,21.07,20.938
21.007,21.007,0.195,0.069,21.114,20.919
20.981,20.982,0.16,0.066,21.056,20.896
21.045,21.045,0.073,0.029,21.085,21.012
21.075,21.075,0.116,0.042,21.121,21.005
21.034,21.034,0.106,0.038,21.083,20.977
20.95,20.95,0.159,0.06,21.027,20.868
21.095,21.095,0.043,0.015,21.113,21.07
20.946,20.946,0.162,0.055,21.036,20.874
20.997,20.997,0.079,0.03,21.043,20.964
21.035,21.035,0.186,0.07,21.126,20.94
21.023,21.023,0.131,0.048,21.116,20.985
21.016,21.016,0.225,0.08,21.123,20.898
21.042,21.042,0.108,0.039,21.088,20.98
21.064,21.064,0.153,0.057,21.104,20.951
21.012,21.012,0.185,0.076,21.104,20.919
21.015,21.015,0.146,0.055,21.08,20.934
21.027,21.027,0.154,0.059,21.09,20.936
21.007,21.007,0.151,0.056,21.094,20.943
20.988,20.988,0.15,0.051,21.051,20.901
20.963,20.963,0.14,0.061,21.042,20.902
20.983,20.983,0.121,0.046,21.074,20.953
20.999,20.999,0.11,0.037,21.064,20.954
20.988,20.988,0.084,0.034,21.032,20.948
20.979,20.979,0.219,0.083,21.052,20.833
20.969,20.969,0.166,0.07,21.052,20.886
20.958,20.958,0.14,0.051,21.01,20.87
20.888,20.888,0.108,0.047,20.953,20.845
20.965,20.965,0.226,0.08,21.069,20.843
20.99,20.99,0.094,0.037,21.029,20.935
20.94,20.94,0.187,0.079,21.02,20.833
21.013,21.013,0.061,0.02,21.038,20.977
20.974,20.974,0.217,0.077,21.072,20.855
20.912,20.912,0.201,0.088,21.038,20.837
20.948,20.948,0.178,0.059,21.022,20.844
20.945,20.945,0.146,0.052,20.992,20.846
20.965,20.966,0.177,0.065,21.016,20.839
20.893,20.893,0.098,0.041,20.937,20.839
20.944,20.944,0.19,0.074,20.986,20.796
20.931,20.931,0.17,0.06,20.994,20.824
20.941,20.941,0.096,0.04,20.99,20.894
20.918,20.918,0.175,0.057,21.002,20.827
20.959,20.959,0.117,0.048,21.002,20.885
20.952,20.952,0.165,0.064,21.007,20.842
20.904,20.904,0.145,0.051,20.993,20.848
20.955,20.955,0.163,0.06,21.036,20.873
20.878,20.878,0.219,0.077,21.008,20.789
20.977,20.977,0.109,0.038,21.017,20.908
20.855,20.855,0.23,0.081,21.0,20.77
20.913,20.913,0.113,0.038,20.98,20.867
20.896,20.896,0.088,0.033,20.92,20.832
20.926,20.926,0.137,0.05,20.98,20.843
20.971,20.971,0.052,0.018,20.991,20.939
20.883,20.883,0.223,0.08,21.008,20.785
20.913,20.913,0.187,0.082,20.999,20.812
20.899,20.899,0.19,0.084,21.002,20.812
20.923,20.923,0.128,0.046,20.988,20.86
20.913,20.913,0.165,0.059,21.008,20.843
20.89,20.89,0.14,0.054,20.962,20.822
20.928,20.929,0.195,0.068,21.019,20.824
20.867,20.867,0.213,0.077,20.978,20.765
20.878,20.878,0.188,0.07,20.975,20.787
20.927,20.927,0.22,0.083,20.999,20.779
20.866,20.866,0.168,0.069,20.976,20.808
20.945,20.945,0.073,0.024,20.982,20.909
20.911,20.911,0.197,0.074,20.98,20.783
20.939,20.939,0.097,0.036,20.973,20.876
20.893,20.893,0.178,0.059,20.96,20.782
20.922,20.922,0.112,0.047,20.97,20.858
20.841,20.841,0.185,0.068,20.94,20.755
20.906,20.906,0.104,0.042,20.942,20.838
20.897,20.897,0.178,0.066,20.966,20.788
20.903,20.903,0.117,0.046,20.954,20.837
20.938,20.938,0.13,0.051,20.999,20.869
20.895,20.895,0.148,0.055,20.97,20.822
20.872,20.872,0.179,0.063,20.938,20.759
20.874,20.874,0.107,0.048,20.936,20.829
20.797,20.797,0.094,0.034,20.836,20.742
20.913,20.913,0.141,0.056,20.979,20.838
20.869,20.869,0.149,0.052,20.927,20.778
20.877,20.877,0.155,0.051,20.947,20.792
20.825,20.825,0.155,0.055,20.916,20.761
20.857,20.857,0.195,0.068,20.952,20.757
20.852,20.852,0.188,0.07,20.921,20.733
20.818,20.818,0.226,0.081,20.928,20.702
20.854,20.854,0.24,0.079,20.971,20.731
20.882,20.882,0.113,0.04,20.917,20.804
20.789,20.789,0.19,0.075,20.901,20.711
20.81,20.81,0.216,0.086,20.922,20.706
20.856,20.856,0.092,0.037,20.899,20.807
20.861,20.861,0.119,0.041,20.932,20.813
20.838,20.838,0.126,0.054,20.887,20.761
20.862,20.862,0.079,0.028,20.887,20.808
20.783,20.784,0.234,0.09,20.9,20.666
20.783,20.784,0.216,0.096,20.912,20.696
20.856,20.856,0.117,0.045,20.884,20.767
20.805,20.805,0.168,0.068,20.886,20.718
20.834,20.834,0.154,0.061,20.919,20.765
20.818,20.818,0.163,0.063,20.896,20.733
20.867,20.867,0.05,0.017,20.885,20.835
20.804,20.804,0.149,0.056,20.864,20.715
20.79,20.79,0.217,0.086,20.892,20.675
20.806,20.806,0.215,0.089,20.905,20.69
20.825,20.825,0.186,0.066,20.889,20.703
20.776,20.776,0.196,0.073,20.918,20.722
20.882,20.882,0.05,0.019,20.915,20.865
20.753,20.753,0.151,0.056,20.847,20.696
20.794,20.795,0.23,0.099,20.919,20.689
20.772,20.773,0.17,0.069,20.843,20.673
20.814,20.814,0.214,0.073,20.893,20.679
20.866,20.866,0.161,0.052,20.943,20.782
20.811,20.811,0.086,0.034,20.849,20.763
20.755,20.755,0.173,0.072,20.856,20.683
20.81,20.81,0.127,0.046,20.855,20.728
20.771,20.771,0.096,0.035,20.82,20.724
20.806,20.806,0.227,0.09,20.898,20.671
20.831,20.831,0.096,0.04,20.891,20.795
20.795,20.795,0.198,0.087,20.911,20.713
20.783,20.784,0.199,0.083,20.884,20.685
20.824,20.824,0.113,0.041,20.882,20.769
20.812,20.812,0.143,0.064,20.87,20.727
20.862,20.862,0.09,0.033,20.89,20.8
20.757,20.757,0.118,0.044,20.81,20.692
20.748,20.748,0.17,0.064,20.83,20.66
20.852,20.852,0.133,0.052,20.902,20.769
20.832,20.832,0.163,0.059,20.907,20.744
20.789,20.789,0.127,0.047,20.836,20.709
20.782,20.782,0.253,0.101,20.937,20.684
20.817,20.817,0.167,0.072,20.888,20.721
20.844,20.844,0.052,0.018,20.869,20.817
20.759,20.759,0.171,0.067,20.873,20.702
20.786,20.786,0.181,0.076,20.875,20.694
20.781,20.781,0.123,0.044,20.858,20.735
20.796,20.796,0.183,0.059,20.877,20.694
20.787,20.787,0.213,0.089,20.885,20.672
20.774,20.774,0.146,0.049,20.84,20.694
20.745,20.745,0.196,0.069,20.867,20.671
20.813,20.813,0.194,0.074,20.876,20.682
20.814,20.814,0.171,0.065,20.875,20.704
20.751,20.751,0.167,0.063,20.846,20.679
20.742,20.742,0.1,0.039,20.786,20.686
20.827,20.827,0.09,0.038,20.861,20.771
20.821,20.821,0.19,0.067,20.885,20.695
20.786,20.786,0.181,0.079,20.875,20.694
20.853,20.853,0.088,0.033,20.884,20.796
20.826,20.826,0.151,0.057,20.89,20.739
20.86,20.86,0.095,0.032,20.896,20.801
20.839,20.839,0.156,0.059,20.884,20.728
20.846,20.846,0.193,0.07,20.948,20.755
20.89,20.89,0.063,0.024,20.925,20.862
20.846,20.846,0.198,0.074,20.898,20.7
20.822,20.822,0.246,0.1,20.947,20.701
20.822,20.822,0.151,0.056,20.882,20.731
20.844,20.844,0.184,0.062,20.922,20.738
20.856,20.856,0.203,0.068,20.944,20.741
20.858,20.858,0.105,0.045,20.913,20.808
20.804,20.804,0.198,0.085,20.888,20.69
20.838,20.838,0.101,0.038,20.875,20.774
20.841,20.841,0.156,0.059,20.88,20.724
20.852,20.852,0.094,0.03,20.895,20.801
20.837,20.837,0.104,0.037,20.894,20.79
20.835,20.835,0.068,0.027,20.867,20.799
20.81,20.811,0.216,0.085,20.906,20.69
20.852,20.852,0.069,0.023,20.89,20.821
20.812,20.812,0.096,0.031,20.865,20.769
20.758,20.758,0.175,0.061,20.86,20.685
20.839,20.839,0.103,0.039,20.883,20.78
20.846,20.846,0.131,0.05,20.908,20.777
20.84,20.84,0.133,0.051,20.912,20.779
20.839,20.84,0.213,0.079,20.9,20.687
20.814,20.814,0.128,0.042,20.879,20.751
20.851,20.851,0.078,0.028,20.874,20.796
20.804,20.804,0.175,0.057,20.878,20.703
20.842,20.842,0.129,0.045,20.904,20.775
20.831,20.831,0.111,0.041,20.883,20.772
20.846,20.846,0.122,0.047,20.902,20.78
20.845,20.845,0.17,0.057,20.946,20.776
20.846,20.846,0.229,0.079,20.946,20.717
20.799,20.799,0.178,0.069,20.886,20.708
20.86,20.86,0.11,0.043,20.919,20.809
20.824,20.824,0.087,0.032,20.869,20.782
20.851,20.851,0.109,0.036,20.902,20.793
20.861,20.861,0.162,0.052,20.937,20.775
20.827,20.827,0.141,0.057,20.906,20.765
20.805,20.805,0.187,0.069,20.889,20.702
20.843,20.843,0.053,0.017,20.868,20.815
20.804,20.804,0.188,0.063,20.883,20.695
20.83,20.83,0.126,0.051,20.89,20.764
20.852,20.852,0.124,0.045,20.905,20.781
20.88,20.88,0.11,0.039,20.952,20.842
20.794,20.794,0.128,0.041,20.851,20.723
20.823,20.824,0.183,0.067,20.9,20.717
20.865,20.865,0.115,0.038,20.912,20.797
20.818,20.818,0.179,0.06,20.899,20.72
20.778,20.778,0.159,0.051,20.864,20.705
20.832,20.832,0.09,0.037,20.878,20.788
20.813,20.813,0.064,0.021,20.849,20.785
20.808,20.808,0.203,0.072,20.892,20.689
20.812,20.812,0.136,0.05,20.909,20.773
20.83,20.83,0.093,0.034,20.867,20.774
20.819,20.819,0.215,0.073,20.896,20.681
20.861,20.861,0.123,0.045,20.919,20.796
20.905,20.905,0.065,0.022,20.944,20.879
20.932,20.932,0.035,0.012,20.945,20.91
20.834,20.834,0.207,0.077,20.959,20.752
20.895,20.895,0.076,0.031,20.93,20.854
20.826,20.826,0.183,0.059,20.927,20.744
20.812,20.812,0.211,0.068,20.918,20.707
20.801,20.801,0.123,0.043,20.883,20.76
20.828,20.829,0.226,0.079,20.927,20.701
20.815,20.815,0.116,0.045,20.869,20.753
20.808,20.808,0.152,0.052,20.881,20.729
20.758,20.758,0.145,0.047,20.821,20.676
20.86,20.86,0.108,0.041,20.897,20.789
20.78,20.78,0.223,0.077,20.893,20.67
20.785,20.785,0.133,0.053,20.842,20.709
20.747,20.747,0.179,0.064,20.86,20.681
20.789,20.789,0.179,0.061,20.863,20.684
20.743,20.743,0.134,0.047,20.796,20.662
20.824,20.824,0.176,0.058,20.9,20.724
20.824,20.824,0.195,0.075,20.887,20.692
20.789,20.789,0.162,0.052,20.88,20.718
20.777,20.777,0.156,0.05,20.863,20.707
20.755,20.755,0.227,0.082,20.85,20.623
20.753,20.753,0.245,0.093,20.891,20.646
20.693,20.693,0.179,0.069,20.822,20.643
20.707,20.707,0.135,0.043,20.772,20.637
20.76,20.76,0.188,0.073,20.824,20.636
20.73,20.73,0.178,0.057,20.814,20.636
20.686,20.686,0.122,0.045,20.729,20.607
20.731,20.731,0.163,0.058,20.789,20.626
20.777,20.777,0.222,0.078,20.861,20.639
20.737,20.737,0.183,0.074,20.824,20.641
20.784,20.784,0.16,0.056,20.865,20.705
20.818,20.818,0.104,0.039,20.846,20.742
20.723,20.724,0.211,0.079,20.844,20.633
20.675,20.675,0.197,0.075,20.771,20.574
20.673,20.673,0.247,0.08,20.817,20.57
20.655,20.656,0.205,0.087,20.783,20.578
20.697,20.698,0.187,0.068,20.762,20.575
20.764,20.764,0.025,0.009,20.772,20.747
20.675,20.675,0.198,0.068,20.755,20.557
20.657,20.657,0.095,0.034,20.723,20.628
20.675,20.675,0.093,0.032,20.73,20.637
20.7,20.7,0.147,0.057,20.771,20.624
20.692,20.692,0.177,0.056,20.779,20.602
20.662,20.662,0.161,0.056,20.762,20.601
20.686,20.686,0.067,0.023,20.716,20.649
20.728,20.728,0.125,0.057,20.782,20.657
20.645,20.645,0.095,0.043,20.682,20.587
20.632,20.632,0.164,0.054,20.726,20.562
20.684,20.684,0.118,0.043,20.742,20.624
20.611,20.611,0.036,0.015,20.631,20.595
20.634,20.635,0.195,0.072,20.739,20.544
20.617,20.617,0.198,0.078,20.705,20.507
20.615,20.615,0.179,0.065,20.689,20.51
20.596,20.597,0.194,0.071,20.693,20.499
20.642,20.642,0.201,0.069,20.757,20.556
20.589,20.589,0.219,0.07,20.709,20.49
20.626,20.626,0.091,0.038,20.665,20.574
20.534,20.534,0.15,0.063,20.602,20.452
20.583,20.583,0.144,0.048,20.667,20.523
20.583,20.584,0.201,0.065,20.676,20.475
20.565,20.565,0.073,0.024,20.608,20.535
20.621,20.621,0.125,0.043,20.702,20.577
20.655,20.655,0.107,0.048,20.701,20.594
20.676,20.676,0.144,0.051,20.722,20.578
20.629,20.629,0.082,0.031,20.689,20.607
20.553,20.553,0.152,0.055,20.619,20.467
20.598,20.598,0.21,0.078,20.691,20.481
20.577,20.577,0.153,0.053,20.657,20.504
20.617,20.617,0.156,0.056,20.686,20.53
20.558,20.558,0.19,0.069,20.642,20.452
20.508,20.508,0.062,0.023,20.529,20.467
20.585,20.585,0.137,0.045,20.656,20.519
20.542,20.542,0.177,0.06,20.646,20.469
20.569,20.569,0.165,0.056,20.673,20.508
20.56,20.56,0.166,0.06,20.666,20.5
20.585,20.585,0.127,0.049,20.644,20.517
20.542,20.542,0.115,0.046,20.603,20.488
20.548,20.548,0.11,0.037,20.596,20.486
20.573,20.573,0.111,0.036,20.618,20.507
20.561,20.561,0.123,0.044,20.603,20.48
20.443,20.443,0.096,0.037,20.499,20.403
20.543,20.543,0.075,0.025,20.572,20.497
20.531,20.531,0.115,0.045,20.586,20.471
20.489,20.489,0.157,0.05,20.57,20.413
20.495,20.495,0.029,0.01,20.512,20.483
20.496,20.496,0.036,0.014,20.52,20.484
20.594,20.594,0.104,0.036,20.647,20.543
20.54,20.54,0.163,0.056,20.621,20.458
20.543,20.543,0.179,0.057,20.636,20.457
20.547,20.547,0.152,0.055,20.608,20.456
20.511,20.511,0.186,0.066,20.639,20.453
20.553,20.553,0.067,0.024,20.579,20.512
20.507,20.507,0.17,0.062,20.592,20.422
20.531,20.531,0.14,0.047,20.589,20.449
20.492,20.492,0.212,0.076,20.622,20.41
20.493,20.493,0.226,0.081,20.562,20.336
20.506,20.506,0.13,0.048,20.584,20.454
20.478,20.478,0.183,0.064,20.566,20.383
20.505,20.505,0.146,0.054,20.61,20.464
20.496,20.496,0.076,0.034,20.539,20.463
20.495,20.495,0.14,0.054,20.578,20.438
20.466,20.466,0.115,0.038,20.537,20.422
20.502,20.502,0.092,0.031,20.535,20.443
20.444,20.444,0.091,0.036,20.505,20.414
20.439,20.439,0.048,0.017,20.467,20.419
20.459,20.459,0.039,0.014,20.474,20.435
20.518,20.518,0.174,0.055,20.607,20.433
20.457,20.457,0.092,0.034,20.502,20.41
20.436,20.436,0.127,0.044,20.519,20.392
20.433,20.433,0.109,0.043,20.519,20.41
20.453,20.453,0.092,0.043,20.508,20.416
20.472,20.472,0.131,0.043,20.535,20.404
20.493,20.493,0.068,0.027,20.536,20.468
20.502,20.502,0.106,0.042,20.554,20.448
20.495,20.495,0.086,0.032,20.554,20.468
20.498,20.498,0.101,0.036,20.568,20.467
20.475,20.475,0.083,0.03,20.53,20.447
20.473,20.473,0.129,0.045,20.532,20.403
20.467,20.467,0.124,0.042,20.543,20.419
20.448,20.448,0.061,0.022,20.471,20.41
20.481,20.481,0.104,0.035,20.53,20.426
20.466,20.466,0.071,0.03,20.504,20.433
20.455,20.455,0.122,0.043,20.53,20.408
20.47,20.471,0.203,0.074,20.613,20.41
20.509,20.509,0.188,0.071,20.623,20.435
20.694,20.695,0.433,0.2,20.875,20.442
20.777,20.777,0.129,0.048,20.87,20.741
20.45,20.45,0.167,0.063,20.574,20.407
20.474,20.474,0.176,0.058,20.583,20.407
20.437,20.437,0.106,0.037,20.497,20.391
20.457,20.457,0.151,0.058,20.553,20.402
20.454,20.454,0.111,0.041,20.517,20.406
20.456,20.456,0.088,0.03,20.501,20.413
20.419,20.419,0.079,0.027,20.47,20.391
20.43,20.43,0.092,0.039,20.483,20.391
20.46,20.46,0.122,0.041,20.516,20.394
20.547,20.548,0.351,0.145,20.74,20.389
20.76,20.76,0.028,0.012,20.773,20.745
20.792,20.792,0.15,0.054,20.88,20.73
20.766,20.766,0.086,0.031,20.82,20.734
20.744,20.744,0.044,0.017,20.768,20.724
20.409,20.409,0.052,0.017,20.438,20.386
20.489,20.489,0.215,0.07,20.608,20.393
20.442,20.442,0.028,0.01,20.461,20.433
20.432,20.432,0.12,0.044,20.517,20.397
20.431,20.431,0.048,0.016,20.451,20.403
20.396,20.396,0.025,0.011,20.412,20.387
20.777,20.777,0.095,0.04,20.833,20.738
20.74,20.74,0.059,0.02,20.771,20.712
20.817,20.817,0.088,0.032,20.866,20.778
20.747,20.747,0.081,0.033,20.79,20.709
20.755,20.755,0.078,0.033,20.804,20.726
20.75,20.75,0.103,0.038,20.825,20.722
20.425,20.425,0.152,0.055,20.533,20.381
20.418,20.418,0.029,0.01,20.433,20.404
20.405,20.405,0.07,0.025,20.444,20.374
20.494,20.494,0.416,0.146,20.769,20.353
20.751,20.751,0.171,0.065,20.812,20.641
20.753,20.753,0.06,0.024,20.787,20.727
20.789,20.789,0.101,0.037,20.839,20.738
20.767,20.767,0.117,0.042,20.832,20.715
20.733,20.733,0.063,0.022,20.766,20.703
20.632,20.632,0.36,0.159,20.791,20.431
20.74,20.74,0.148,0.054,20.844,20.696
20.752,20.752,0.078,0.034,20.792,20.714
20.747,20.747,0.133,0.055,20.808,20.675
20.74,20.74,0.135,0.045,20.809,20.674
20.729,20.729,0.105,0.036,20.793,20.688
20.72,20.72,0.13,0.049,20.787,20.657
20.752,20.752,0.113,0.04,20.81,20.697
20.737,20.737,0.12,0.046,20.799,20.679
20.739,20.739,0.084,0.033,20.777,20.693
20.742,20.742,0.156,0.053,20.81,20.654
20.732,20.732,0.142,0.048,20.788,20.646
20.714,20.714,0.153,0.051,20.806,20.653
20.764,20.764,0.194,0.075,20.848,20.654
20.724,20.724,0.068,0.023,20.754,20.686
20.715,20.715,0.137,0.048,20.771,20.634
20.714,20.714,0.091,0.033,20.764,20.673
20.753,20.753,0.132,0.044,20.809,20.677
20.767,20.767,0.121,0.045,20.832,20.711
20.732,20.732,0.159,0.064,20.829,20.67
20.73,20.73,0.165,0.062,20.811,20.646
20.718,20.718,0.178,0.064,20.825,20.647
20.702,20.702,0.087,0.032,20.757,20.67
20.703,20.703,0.208,0.078,20.824,20.616
20.754,20.754,0.134,0.051,20.812,20.678
20.711,20.711,0.116,0.042,20.79,20.674
20.745,20.745,0.16,0.051,20.816,20.656
20.725,20.725,0.159,0.054,20.819,20.66
20.752,20.752,0.152,0.055,20.799,20.647
20.724,20.724,0.197,0.081,20.821,20.624
20.746,20.746,0.085,0.038,20.798,20.713
20.735,20.735,0.104,0.042,20.803,20.699
20.7,20.7,0.152,0.062,20.776,20.624
20.724,20.724,0.08,0.028,20.768,20.688
20.734,20.734,0.134,0.048,20.8,20.666
20.667,20.667,0.12,0.044,20.738,20.618
20.636,20.636,0.094,0.036,20.681,20.587
20.712,20.712,0.126,0.046,20.774,20.648
20.707,20.707,0.13,0.059,20.781,20.651
20.647,20.647,0.039,0.016,20.668,20.629
20.708,20.708,0.13,0.053,20.779,20.649
20.673,20.673,0.14,0.052,20.75,20.61
20.687,20.687,0.13,0.052,20.751,20.621
20.684,20.684,0.181,0.066,20.779,20.598
20.677,20.677,0.175,0.075,20.762,20.587
20.698,20.698,0.183,0.069,20.762,20.579
20.668,20.668,0.148,0.062,20.743,20.595
