mean,RMS,ptp,std,max,min
19.528,19.528,0.214,0.057,19.632,19.418
19.529,19.529,0.214,0.056,19.632,19.418
19.528,19.528,0.214,0.056,19.632,19.418
19.529,19.53,0.207,0.055,19.632,19.425
19.531,19.531,0.207,0.054,19.632,19.425
19.53,19.53,0.207,0.053,19.632,19.425
19.531,19.531,0.207,0.053,19.632,19.425
19.529,19.529,0.207,0.052,19.632,19.425
19.532,19.532,0.207,0.053,19.632,19.425
19.533,19.533,0.207,0.053,19.632,19.425
19.534,19.535,0.207,0.054,19.632,19.425
19.535,19.535,0.207,0.054,19.632,19.425
19.534,19.534,0.207,0.053,19.632,19.425
19.533,19.533,0.207,0.054,19.632,19.425
19.533,19.533,0.207,0.054,19.632,19.425
19.533,19.533,0.207,0.053,19.632,19.425
19.533,19.533,0.207,0.053,19.632,19.425
19.533,19.534,0.207,0.052,19.632,19.425
19.534,19.534,0.207,0.053,19.632,19.425
19.535,19.535,0.207,0.052,19.632,19.425
19.535,19.535,0.207,0.052,19.632,19.425
19.534,19.534,0.207,0.052,19.632,19.425
19.534,19.534,0.207,0.052,19.632,19.425
19.535,19.535,0.207,0.051,19.632,19.425
19.535,19.535,0.207,0.051,19.632,19.425
19.536,19.536,0.207,0.051,19.632,19.425
19.536,19.536,0.207,0.051,19.632,19.425
19.535,19.535,0.207,0.05,19.632,19.425
19.536,19.536,0.207,0.05,19.632,19.425
19.535,19.536,0.207,0.05,19.632,19.425
19.536,19.536,0.207,0.05,19.632,19.425
19.537,19.537,0.207,0.049,19.632,19.425
19.537,19.537,0.207,0.049,19.632,19.425
19.538,19.538,0.207,0.049,19.632,19.425
19.538,19.538,0.207,0.049,19.632,19.425
19.539,19.539,0.207,0.048,19.632,19.425
19.539,19.539,0.207,0.048,19.632,19.425
19.538,19.538,0.207,0.048,19.632,19.425
19.541,19.541,0.179,0.047,19.632,19.453
19.54,19.54,0.179,0.046,19.632,19.453
19.54,19.54,0.179,0.046,19.632,19.453
19.54,19.54,0.179,0.047,19.632,19.453
19.54,19.541,0.183,0.048,19.636,19.453
19.54,19.54,0.183,0.047,19.636,19.453
19.54,19.54,0.183,0.047,19.636,19.453
19.539,19.539,0.183,0.047,19.636,19.453
19.54,19.54,0.202,0.048,19.655,19.453
19.539,19.539,0.202,0.047,19.655,19.453
19.537,19.537,0.202,0.046,19.655,19.453
19.538,19.538,0.202,0.045,19.655,19.453
19.537,19.537,0.202,0.045,19.655,19.453
19.535,19.535,0.202,0.045,19.655,19.453
19.535,19.535,0.202,0.045,19.655,19.453
19.535,19.535,0.202,0.045,19.655,19.453
19.536,19.536,0.202,0.044,19.655,19.453
19.537,19.537,0.202,0.044,19.655,19.453
19.537,19.537,0.202,0.044,19.655,19.453
19.537,19.537,0.202,0.044,19.655,19.453
19.538,19.538,0.2,0.043,19.655,19.455
19.538,19.538,0.2,0.043,19.655,19.455
19.538,19.538,0.2,0.043,19.655,19.455
19.538,19.538,0.2,0.043,19.655,19.455
19.537,19.537,0.2,0.042,19.655,19.455
19.538,19.538,0.2,0.043,19.655,19.455
19.538,19.538,0.2,0.043,19.655,19.455
19.538,19.538,0.2,0.043,19.655,19.455
19.54,19.54,0.2,0.043,19.655,19.455
19.54,19.54,0.2,0.042,19.655,19.455
19.541,19.541,0.2,0.041,19.655,19.455
19.542,19.542,0.2,0.042,19.655,19.455
19.542,19.542,0.2,0.042,19.655,19.455
19.542,19.542,0.2,0.043,19.655,19.455
19.543,19.543,0.2,0.042,19.655,19.455
19.543,19.543,0.188,0.041,19.655,19.467
19.544,19.544,0.188,0.041,19.655,19.467
19.544,19.544,0.188,0.041,19.655,19.467
19.545,19.545,0.188,0.041,19.655,19.467
19.545,19.545,0.188,0.041,19.655,19.467
19.545,19.545,0.188,0.041,19.655,19.467
19.545,19.545,0.188,0.041,19.655,19.467
19.544,19.544,0.188,0.041,19.655,19.467
19.544,19.544,0.188,0.041,19.655,19.467
19.544,19.544,0.188,0.041,19.655,19.467
19.542,19.542,0.188,0.04,19.655,19.467
19.541,19.541,0.188,0.04,19.655,19.467
19.54,19.54,0.188,0.039,19.655,19.467
19.54,19.54,0.188,0.039,19.655,19.467
19.54,19.54,0.188,0.039,19.655,19.467
19.541,19.541,0.188,0.038,19.655,19.467
19.541,19.542,0.188,0.037,19.655,19.467
19.542,19.542,0.188,0.037,19.655,19.467
19.542,19.542,0.188,0.037,19.655,19.467
19.543,19.543,0.188,0.037,19.655,19.467
19.542,19.542,0.188,0.036,19.655,19.467
19.542,19.542,0.188,0.036,19.655,19.467
19.542,19.542,0.188,0.036,19.655,19.467
19.543,19.543,0.188,0.036,19.655,19.467
19.542,19.542,0.188,0.035,19.655,19.467
19.543,19.543,0.188,0.035,19.655,19.467
19.542,19.542,0.188,0.035,19.655,19.467
19.542,19.542,0.188,0.035,19.655,19.467
19.542,19.542,0.188,0.035,19.655,19.467
19.542,19.542,0.188,0.035,19.655,19.467
19.542,19.542,0.188,0.036,19.655,19.467
19.542,19.542,0.188,0.036,19.655,19.467
19.542,19.542,0.188,0.036,19.655,19.467
19.542,19.542,0.188,0.036,19.655,19.467
19.542,19.542,0.188,0.036,19.655,19.467
19.543,19.543,0.18,0.035,19.655,19.475
19.542,19.542,0.18,0.035,19.655,19.475
19.543,19.543,0.18,0.035,19.655,19.475
19.542,19.543,0.18,0.035,19.655,19.475
19.542,19.542,0.18,0.035,19.655,19.475
19.541,19.541,0.18,0.034,19.655,19.475
19.541,19.541,0.18,0.034,19.655,19.475
19.541,19.541,0.18,0.034,19.655,19.475
19.542,19.542,0.18,0.034,19.655,19.475
19.54,19.54,0.18,0.032,19.655,19.475
19.54,19.54,0.18,0.032,19.655,19.475
19.54,19.54,0.18,0.032,19.655,19.475
19.54,19.54,0.18,0.033,19.655,19.475
19.538,19.538,0.155,0.03,19.63,19.475
19.538,19.538,0.155,0.03,19.63,19.475
19.538,19.539,0.155,0.029,19.63,19.475
19.539,19.539,0.155,0.029,19.63,19.475
19.54,19.54,0.155,0.03,19.63,19.475
19.54,19.54,0.149,0.029,19.63,19.481
19.541,19.541,0.149,0.029,19.63,19.481
19.54,19.54,0.141,0.027,19.622,19.481
19.539,19.539,0.141,0.028,19.622,19.481
19.539,19.539,0.141,0.028,19.622,19.481
19.539,19.539,0.141,0.028,19.622,19.481
19.539,19.539,0.141,0.028,19.622,19.481
19.539,19.539,0.141,0.028,19.622,19.481
19.538,19.538,0.141,0.028,19.622,19.481
19.538,19.538,0.141,0.028,19.622,19.481
19.538,19.538,0.141,0.028,19.622,19.481
19.539,19.539,0.141,0.028,19.622,19.481
19.538,19.538,0.141,0.027,19.622,19.481
19.538,19.538,0.141,0.027,19.622,19.481
19.539,19.539,0.141,0.027,19.622,19.481
19.539,19.539,0.141,0.028,19.622,19.481
19.54,19.54,0.141,0.028,19.622,19.481
19.541,19.541,0.141,0.029,19.622,19.481
19.54,19.541,0.128,0.027,19.609,19.481
19.54,19.54,0.128,0.028,19.609,19.481
19.54,19.54,0.128,0.027,19.609,19.481
19.541,19.541,0.128,0.027,19.609,19.481
19.542,19.542,0.128,0.027,19.609,19.481
19.541,19.541,0.128,0.027,19.609,19.481
19.542,19.542,0.128,0.028,19.609,19.481
19.543,19.543,0.128,0.028,19.609,19.481
19.543,19.543,0.128,0.028,19.609,19.481
19.543,19.543,0.128,0.028,19.609,19.481
19.543,19.543,0.128,0.028,19.609,19.481
19.544,19.544,0.128,0.028,19.609,19.481
19.544,19.544,0.128,0.028,19.609,19.481
19.546,19.546,0.179,0.031,19.66,19.481
19.546,19.547,0.179,0.03,19.66,19.481
19.547,19.547,0.179,0.031,19.66,19.481
19.547,19.547,0.179,0.031,19.66,19.481
19.547,19.547,0.179,0.031,19.66,19.481
19.547,19.547,0.179,0.031,19.66,19.481
19.547,19.547,0.179,0.032,19.66,19.481
19.546,19.546,0.179,0.032,19.66,19.481
19.546,19.546,0.179,0.032,19.66,19.481
19.546,19.546,0.179,0.032,19.66,19.481
19.546,19.546,0.179,0.032,19.66,19.481
19.545,19.545,0.179,0.032,19.66,19.481
19.545,19.545,0.179,0.032,19.66,19.481
19.545,19.545,0.179,0.032,19.66,19.481
19.545,19.545,0.179,0.032,19.66,19.481
19.545,19.545,0.179,0.032,19.66,19.481
19.545,19.545,0.179,0.033,19.66,19.481
19.545,19.545,0.179,0.033,19.66,19.481
19.546,19.546,0.179,0.033,19.66,19.481
19.547,19.547,0.179,0.034,19.66,19.481
19.546,19.546,0.179,0.034,19.66,19.481
19.547,19.547,0.179,0.033,19.66,19.481
19.547,19.547,0.179,0.034,19.66,19.481
19.548,19.548,0.179,0.035,19.66,19.481
19.548,19.548,0.179,0.036,19.66,19.481
19.549,19.549,0.179,0.036,19.66,19.481
19.548,19.548,0.179,0.036,19.66,19.481
19.549,19.549,0.179,0.036,19.66,19.481
19.549,19.549,0.179,0.036,19.66,19.481
19.55,19.55,0.179,0.036,19.66,19.481
19.55,19.55,0.179,0.036,19.66,19.481
19.551,19.551,0.179,0.037,19.66,19.481
19.551,19.551,0.179,0.037,19.66,19.481
19.551,19.551,0.179,0.037,19.66,19.481
19.552,19.552,0.179,0.037,19.66,19.481
19.552,19.552,0.179,0.037,19.66,19.481
19.552,19.552,0.179,0.037,19.66,19.481
19.551,19.551,0.179,0.037,19.66,19.481
19.551,19.551,0.179,0.037,19.66,19.481
19.551,19.551,0.179,0.037,19.66,19.481
19.551,19.551,0.179,0.038,19.66,19.481
19.551,19.551,0.179,0.037,19.66,19.481
19.551,19.551,0.179,0.037,19.66,19.481
19.552,19.552,0.179,0.038,19.66,19.481
19.551,19.551,0.179,0.038,19.66,19.481
19.55,19.551,0.179,0.038,19.66,19.481
19.55,19.55,0.179,0.039,19.66,19.481
19.55,19.55,0.179,0.038,19.66,19.481
19.551,19.551,0.179,0.038,19.66,19.481
19.552,19.552,0.179,0.039,19.66,19.481
19.552,19.552,0.179,0.038,19.66,19.481
19.553,19.553,0.179,0.038,19.66,19.481
19.554,19.554,0.179,0.038,19.66,19.481
19.555,19.555,0.179,0.038,19.66,19.481
19.555,19.555,0.179,0.038,19.66,19.481
19.555,19.555,0.179,0.038,19.66,19.481
19.555,19.555,0.179,0.038,19.66,19.481
19.555,19.555,0.179,0.038,19.66,19.481
19.554,19.554,0.179,0.039,19.66,19.481
19.554,19.554,0.179,0.038,19.66,19.481
19.553,19.553,0.179,0.038,19.66,19.481
19.553,19.553,0.179,0.038,19.66,19.481
19.553,19.553,0.179,0.037,19.66,19.481
19.553,19.553,0.179,0.037,19.66,19.481
19.554,19.554,0.179,0.037,19.66,19.481
19.553,19.553,0.179,0.037,19.66,19.481
19.553,19.553,0.179,0.037,19.66,19.481
19.553,19.553,0.179,0.037,19.66,19.481
19.552,19.552,0.179,0.037,19.66,19.481
19.551,19.551,0.179,0.037,19.66,19.481
19.551,19.551,0.179,0.037,19.66,19.481
19.55,19.55,0.179,0.038,19.66,19.481
19.551,19.551,0.179,0.037,19.66,19.481
19.55,19.55,0.179,0.037,19.66,19.481
19.551,19.551,0.179,0.037,19.66,19.481
19.549,19.549,0.164,0.035,19.645,19.481
19.549,19.549,0.164,0.035,19.645,19.481
19.549,19.549,0.164,0.035,19.645,19.481
19.549,19.549,0.164,0.035,19.645,19.481
19.549,19.549,0.164,0.035,19.645,19.481
19.549,19.549,0.164,0.035,19.645,19.481
19.549,19.549,0.159,0.035,19.645,19.486
19.548,19.548,0.168,0.036,19.645,19.477
19.549,19.549,0.168,0.036,19.645,19.477
19.549,19.549,0.168,0.036,19.645,19.477
19.548,19.548,0.168,0.036,19.645,19.477
19.549,19.549,0.168,0.036,19.645,19.477
19.55,19.55,0.168,0.036,19.645,19.477
19.55,19.55,0.168,0.036,19.645,19.477
19.55,19.55,0.168,0.036,19.645,19.477
19.55,19.55,0.168,0.036,19.645,19.477
19.55,19.55,0.168,0.036,19.645,19.477
19.55,19.55,0.168,0.036,19.645,19.477
19.549,19.549,0.168,0.036,19.645,19.477
19.548,19.548,0.168,0.035,19.645,19.477
19.548,19.549,0.168,0.035,19.645,19.477
19.548,19.548,0.168,0.035,19.645,19.477
19.549,19.549,0.168,0.035,19.645,19.477
19.547,19.547,0.168,0.033,19.645,19.477
19.548,19.548,0.168,0.033,19.645,19.477
19.547,19.547,0.168,0.033,19.645,19.477
19.548,19.548,0.168,0.033,19.645,19.477
19.548,19.548,0.168,0.033,19.645,19.477
19.547,19.547,0.168,0.033,19.645,19.477
19.547,19.547,0.168,0.033,19.645,19.477
19.547,19.547,0.168,0.033,19.645,19.477
19.546,19.546,0.149,0.031,19.626,19.477
19.546,19.546,0.149,0.031,19.626,19.477
19.547,19.547,0.149,0.031,19.626,19.477
19.546,19.546,0.149,0.031,19.626,19.477
19.546,19.546,0.149,0.032,19.626,19.477
19.546,19.546,0.149,0.031,19.626,19.477
19.546,19.546,0.149,0.031,19.626,19.477
19.547,19.547,0.149,0.031,19.626,19.477
19.548,19.548,0.149,0.031,19.626,19.477
19.548,19.548,0.149,0.031,19.626,19.477
19.547,19.547,0.149,0.032,19.626,19.477
19.546,19.546,0.149,0.032,19.626,19.477
19.545,19.545,0.106,0.031,19.583,19.477
19.545,19.545,0.106,0.031,19.583,19.477
19.545,19.545,0.106,0.031,19.583,19.477
19.546,19.546,0.116,0.031,19.593,19.477
19.546,19.546,0.116,0.031,19.593,19.477
19.545,19.545,0.116,0.031,19.593,19.477
19.545,19.545,0.116,0.031,19.593,19.477
19.545,19.545,0.116,0.031,19.593,19.477
19.545,19.545,0.116,0.031,19.593,19.477
19.544,19.544,0.116,0.031,19.593,19.477
19.543,19.543,0.116,0.031,19.593,19.477
19.543,19.543,0.116,0.031,19.593,19.477
19.543,19.543,0.116,0.031,19.593,19.477
19.542,19.542,0.116,0.031,19.593,19.477
19.542,19.542,0.116,0.031,19.593,19.477
19.543,19.543,0.116,0.031,19.593,19.477
19.544,19.544,0.116,0.031,19.593,19.477
19.543,19.543,0.116,0.031,19.593,19.477
19.543,19.543,0.116,0.031,19.593,19.477
19.543,19.543,0.116,0.031,19.593,19.477
19.542,19.542,0.116,0.031,19.593,19.477
19.541,19.541,0.116,0.031,19.593,19.477
19.541,19.541,0.116,0.031,19.593,19.477
19.541,19.541,0.116,0.031,19.593,19.477
19.541,19.541,0.116,0.031,19.593,19.477
19.54,19.54,0.116,0.032,19.593,19.477
19.541,19.541,0.116,0.031,19.593,19.477
19.541,19.541,0.116,0.032,19.593,19.477
19.543,19.543,0.136,0.032,19.613,19.477
19.543,19.543,0.136,0.033,19.613,19.477
19.543,19.543,0.136,0.033,19.613,19.477
19.543,19.543,0.136,0.033,19.613,19.477
19.545,19.545,0.183,0.035,19.66,19.477
19.546,19.546,0.183,0.037,19.66,19.477
19.546,19.546,0.183,0.037,19.66,19.477
19.547,19.547,0.183,0.036,19.66,19.477
19.546,19.547,0.183,0.036,19.66,19.477
19.548,19.548,0.183,0.038,19.66,19.477
19.549,19.549,0.183,0.038,19.66,19.477
19.549,19.549,0.172,0.037,19.66,19.488
19.549,19.55,0.172,0.037,19.66,19.488
19.551,19.551,0.172,0.037,19.66,19.488
19.552,19.552,0.172,0.037,19.66,19.488
19.551,19.551,0.172,0.037,19.66,19.488
19.551,19.551,0.172,0.037,19.66,19.488
19.55,19.55,0.172,0.037,19.66,19.488
19.551,19.551,0.172,0.037,19.66,19.488
19.551,19.551,0.172,0.037,19.66,19.488
19.551,19.551,0.172,0.037,19.66,19.488
19.55,19.55,0.172,0.037,19.66,19.488
19.549,19.549,0.172,0.037,19.66,19.488
19.549,19.549,0.172,0.037,19.66,19.488
19.548,19.549,0.172,0.037,19.66,19.488
19.549,19.549,0.172,0.037,19.66,19.488
19.549,19.549,0.172,0.037,19.66,19.488
19.549,19.549,0.172,0.037,19.66,19.488
19.551,19.551,0.193,0.04,19.681,19.488
19.551,19.551,0.193,0.04,19.681,19.488
19.55,19.551,0.193,0.04,19.681,19.488
19.55,19.55,0.203,0.041,19.681,19.478
19.549,19.55,0.203,0.041,19.681,19.478
19.549,19.549,0.203,0.041,19.681,19.478
19.548,19.548,0.203,0.041,19.681,19.478
19.548,19.548,0.203,0.041,19.681,19.478
19.547,19.547,0.203,0.041,19.681,19.478
19.546,19.546,0.203,0.041,19.681,19.478
19.548,19.548,0.203,0.043,19.681,19.478
19.548,19.548,0.203,0.043,19.681,19.478
19.547,19.547,0.203,0.043,19.681,19.478
19.547,19.547,0.203,0.043,19.681,19.478
19.546,19.546,0.203,0.044,19.681,19.478
19.546,19.546,0.203,0.043,19.681,19.478
19.546,19.546,0.203,0.044,19.681,19.478
19.546,19.546,0.203,0.043,19.681,19.478
19.547,19.547,0.203,0.043,19.681,19.478
19.547,19.547,0.203,0.043,19.681,19.478
19.547,19.547,0.203,0.043,19.681,19.478
19.547,19.547,0.203,0.043,19.681,19.478
19.546,19.546,0.203,0.043,19.681,19.478
19.546,19.546,0.203,0.043,19.681,19.478
19.547,19.547,0.203,0.043,19.681,19.478
19.545,19.545,0.203,0.043,19.681,19.478
19.546,19.546,0.203,0.043,19.681,19.478
19.545,19.545,0.203,0.043,19.681,19.478
19.545,19.545,0.203,0.043,19.681,19.478
19.545,19.545,0.203,0.043,19.681,19.478
19.544,19.545,0.203,0.043,19.681,19.478
19.543,19.543,0.203,0.043,19.681,19.478
19.543,19.543,0.203,0.043,19.681,19.478
19.542,19.543,0.203,0.043,19.681,19.478
19.542,19.542,0.203,0.043,19.681,19.478
19.541,19.542,0.203,0.043,19.681,19.478
19.541,19.541,0.203,0.043,19.681,19.478
19.541,19.541,0.203,0.043,19.681,19.478
19.541,19.541,0.203,0.043,19.681,19.478
19.542,19.542,0.203,0.043,19.681,19.478
19.541,19.541,0.203,0.044,19.681,19.478
19.541,19.541,0.203,0.044,19.681,19.478
19.542,19.542,0.203,0.044,19.681,19.478
19.542,19.542,0.203,0.044,19.681,19.478
19.543,19.543,0.203,0.043,19.681,19.478
19.543,19.543,0.203,0.043,19.681,19.478
19.543,19.543,0.203,0.043,19.681,19.478
19.542,19.542,0.203,0.043,19.681,19.478
19.541,19.541,0.203,0.042,19.681,19.478
19.542,19.542,0.203,0.042,19.681,19.478
19.541,19.541,0.203,0.043,19.681,19.478
19.54,19.54,0.203,0.04,19.681,19.478
19.539,19.539,0.203,0.039,19.681,19.478
19.537,19.537,0.203,0.039,19.681,19.478
19.537,19.537,0.203,0.039,19.681,19.478
19.538,19.538,0.203,0.039,19.681,19.478
19.536,19.536,0.203,0.037,19.681,19.478
19.535,19.535,0.203,0.036,19.681,19.478
19.535,19.535,0.203,0.036,19.681,19.478
19.534,19.534,0.203,0.036,19.681,19.478
19.533,19.533,0.203,0.036,19.681,19.478
19.532,19.532,0.203,0.035,19.681,19.478
19.532,19.532,0.203,0.035,19.681,19.478
19.532,19.532,0.203,0.035,19.681,19.478
19.531,19.531,0.203,0.035,19.681,19.478
19.53,19.53,0.203,0.035,19.681,19.478
19.53,19.53,0.203,0.035,19.681,19.478
19.53,19.53,0.203,0.035,19.681,19.478
19.53,19.53,0.203,0.035,19.681,19.478
19.529,19.529,0.203,0.035,19.681,19.478
19.53,19.53,0.203,0.035,19.681,19.478
19.53,19.53,0.203,0.036,19.681,19.478
19.529,19.529,0.203,0.035,19.681,19.478
19.529,19.529,0.203,0.035,19.681,19.478
19.529,19.529,0.203,0.035,19.681,19.478
19.528,19.528,0.163,0.031,19.641,19.478
19.527,19.527,0.163,0.03,19.641,19.478
19.526,19.526,0.163,0.031,19.641,19.478
19.526,19.526,0.167,0.031,19.641,19.474
19.526,19.526,0.167,0.031,19.641,19.474
19.526,19.526,0.167,0.031,19.641,19.474
19.526,19.526,0.167,0.031,19.641,19.474
19.526,19.526,0.167,0.031,19.641,19.474
19.525,19.525,0.167,0.031,19.641,19.474
19.526,19.526,0.167,0.031,19.641,19.474
19.524,19.524,0.106,0.029,19.58,19.474
19.525,19.525,0.106,0.028,19.58,19.474
19.525,19.525,0.106,0.028,19.58,19.474
19.525,19.525,0.106,0.028,19.58,19.474
19.525,19.525,0.106,0.028,19.58,19.474
19.524,19.524,0.106,0.028,19.58,19.474
19.525,19.525,0.106,0.028,19.58,19.474
19.526,19.526,0.106,0.028,19.58,19.474
19.525,19.525,0.106,0.028,19.58,19.474
19.525,19.525,0.106,0.028,19.58,19.474
19.523,19.523,0.153,0.029,19.58,19.427
19.523,19.523,0.153,0.029,19.58,19.427
19.522,19.522,0.162,0.032,19.58,19.418
19.522,19.522,0.162,0.032,19.58,19.418
19.521,19.521,0.157,0.031,19.575,19.418
19.522,19.522,0.157,0.031,19.575,19.418
19.521,19.521,0.157,0.031,19.575,19.418
19.521,19.521,0.157,0.031,19.575,19.418
19.521,19.521,0.157,0.031,19.575,19.418
19.521,19.521,0.157,0.031,19.575,19.418
19.521,19.521,0.157,0.031,19.575,19.418
19.521,19.521,0.157,0.031,19.575,19.418
19.521,19.522,0.157,0.031,19.575,19.418
19.521,19.521,0.157,0.031,19.575,19.418
19.521,19.521,0.157,0.031,19.575,19.418
19.521,19.521,0.157,0.03,19.575,19.418
19.521,19.521,0.157,0.03,19.575,19.418
19.521,19.521,0.157,0.03,19.575,19.418
19.521,19.521,0.157,0.03,19.575,19.418
19.52,19.52,0.157,0.029,19.575,19.418
19.519,19.519,0.157,0.03,19.575,19.418
19.519,19.519,0.157,0.03,19.575,19.418
19.518,19.518,0.157,0.03,19.575,19.418
19.518,19.518,0.157,0.03,19.575,19.418
19.517,19.517,0.157,0.03,19.575,19.418
19.516,19.516,0.157,0.029,19.575,19.418
19.515,19.515,0.157,0.029,19.575,19.418
19.515,19.515,0.157,0.029,19.575,19.418
19.514,19.514,0.157,0.029,19.575,19.418
19.514,19.514,0.157,0.028,19.575,19.418
19.514,19.514,0.157,0.028,19.575,19.418
19.513,19.513,0.157,0.027,19.575,19.418
19.513,19.513,0.157,0.027,19.575,19.418
19.513,19.513,0.157,0.027,19.575,19.418
19.512,19.512,0.157,0.027,19.575,19.418
19.512,19.512,0.152,0.026,19.57,19.418
19.512,19.512,0.152,0.026,19.57,19.418
19.512,19.512,0.152,0.026,19.57,19.418
19.51,19.51,0.152,0.027,19.57,19.418
19.51,19.51,0.152,0.027,19.57,19.418
19.51,19.51,0.152,0.027,19.57,19.418
19.51,19.51,0.152,0.027,19.57,19.418
19.51,19.51,0.152,0.027,19.57,19.418
19.509,19.509,0.152,0.028,19.57,19.418
19.509,19.509,0.152,0.029,19.57,19.418
19.51,19.51,0.152,0.029,19.57,19.418
19.51,19.51,0.152,0.029,19.57,19.418
19.511,19.511,0.152,0.03,19.57,19.418
19.512,19.512,0.152,0.03,19.57,19.418
19.512,19.512,0.152,0.03,19.57,19.418
19.512,19.512,0.152,0.03,19.57,19.418
19.512,19.512,0.152,0.03,19.57,19.418
19.512,19.512,0.152,0.03,19.57,19.418
19.512,19.512,0.152,0.03,19.57,19.418
19.512,19.512,0.152,0.03,19.57,19.418
19.512,19.512,0.152,0.029,19.57,19.418
19.512,19.512,0.152,0.03,19.57,19.418
19.513,19.513,0.152,0.03,19.57,19.418
19.514,19.514,0.152,0.029,19.57,19.418
19.514,19.514,0.152,0.029,19.57,19.418
19.514,19.515,0.152,0.03,19.57,19.418
19.515,19.515,0.152,0.03,19.57,19.418
19.516,19.516,0.152,0.03,19.57,19.418
19.516,19.516,0.152,0.03,19.57,19.418
19.515,19.515,0.152,0.029,19.57,19.418
19.516,19.516,0.152,0.03,19.57,19.418
19.515,19.515,0.152,0.03,19.57,19.418
19.516,19.516,0.152,0.031,19.57,19.418
19.516,19.516,0.152,0.031,19.57,19.418
19.517,19.517,0.152,0.031,19.57,19.418
19.517,19.517,0.152,0.031,19.57,19.418
19.516,19.516,0.152,0.031,19.57,19.418
19.516,19.516,0.15,0.03,19.568,19.418
19.516,19.516,0.15,0.03,19.568,19.418
19.516,19.516,0.15,0.031,19.568,19.418
19.518,19.518,0.15,0.029,19.568,19.418
19.518,19.518,0.15,0.029,19.568,19.418
19.52,19.52,0.138,0.027,19.568,19.43
19.52,19.52,0.138,0.027,19.568,19.43
19.519,19.519,0.138,0.027,19.568,19.43
19.518,19.518,0.147,0.029,19.568,19.421
19.519,19.519,0.157,0.03,19.578,19.421
19.518,19.518,0.157,0.031,19.578,19.421
19.517,19.517,0.157,0.031,19.578,19.421
19.517,19.517,0.157,0.031,19.578,19.421
19.518,19.518,0.157,0.032,19.578,19.421
19.517,19.517,0.157,0.033,19.578,19.421
19.518,19.518,0.16,0.034,19.581,19.421
19.519,19.519,0.16,0.034,19.581,19.421
19.519,19.519,0.16,0.034,19.581,19.421
19.519,19.519,0.16,0.034,19.581,19.421
19.519,19.519,0.16,0.034,19.581,19.421
19.519,19.519,0.16,0.034,19.581,19.421
19.519,19.519,0.16,0.034,19.581,19.421
19.519,19.519,0.16,0.034,19.581,19.421
19.519,19.519,0.16,0.033,19.581,19.421
19.519,19.519,0.16,0.033,19.581,19.421
19.519,19.519,0.16,0.034,19.581,19.421
19.518,19.518,0.16,0.034,19.581,19.421
19.52,19.52,0.16,0.035,19.581,19.421
19.52,19.52,0.16,0.035,19.581,19.421
19.52,19.52,0.16,0.034,19.581,19.421
19.521,19.521,0.16,0.034,19.581,19.421
19.521,19.521,0.16,0.034,19.581,19.421
19.521,19.521,0.16,0.034,19.581,19.421
19.521,19.521,0.16,0.034,19.581,19.421
19.522,19.522,0.16,0.035,19.581,19.421
19.522,19.522,0.16,0.035,19.581,19.421
19.522,19.522,0.16,0.035,19.581,19.421
19.522,19.522,0.16,0.035,19.581,19.421
19.521,19.521,0.16,0.035,19.581,19.421
19.522,19.522,0.16,0.035,19.581,19.421
19.522,19.522,0.16,0.035,19.581,19.421
19.523,19.523,0.16,0.033,19.581,19.421
19.524,19.524,0.16,0.033,19.581,19.421
19.524,19.524,0.16,0.033,19.581,19.421
19.525,19.525,0.16,0.033,19.581,19.421
19.525,19.525,0.16,0.033,19.581,19.421
19.526,19.526,0.16,0.032,19.581,19.421
19.525,19.525,0.16,0.032,19.581,19.421
19.525,19.525,0.16,0.032,19.581,19.421
19.525,19.525,0.16,0.031,19.581,19.421
19.524,19.524,0.16,0.031,19.581,19.421
19.524,19.524,0.16,0.031,19.581,19.421
19.524,19.524,0.16,0.031,19.581,19.421
19.523,19.523,0.16,0.031,19.581,19.421
19.523,19.523,0.16,0.031,19.581,19.421
19.522,19.522,0.16,0.031,19.581,19.421
19.522,19.522,0.16,0.031,19.581,19.421
19.522,19.522,0.16,0.031,19.581,19.421
19.52,19.52,0.16,0.032,19.581,19.421
19.519,19.519,0.16,0.033,19.581,19.421
19.519,19.519,0.16,0.033,19.581,19.421
19.518,19.518,0.16,0.033,19.581,19.421
19.519,19.519,0.16,0.034,19.581,19.421
19.519,19.519,0.16,0.033,19.581,19.421
19.518,19.518,0.16,0.034,19.581,19.421
19.517,19.517,0.16,0.034,19.581,19.421
19.518,19.518,0.16,0.033,19.581,19.421
19.517,19.517,0.16,0.033,19.581,19.421
19.516,19.516,0.16,0.034,19.581,19.421
19.516,19.516,0.16,0.034,19.581,19.421
19.515,19.515,0.16,0.034,19.581,19.421
19.516,19.516,0.16,0.034,19.581,19.421
19.514,19.514,0.16,0.035,19.581,19.421
19.513,19.513,0.16,0.035,19.581,19.421
19.514,19.514,0.16,0.035,19.581,19.421
19.513,19.513,0.16,0.036,19.581,19.421
19.513,19.514,0.172,0.037,19.593,19.421
19.512,19.512,0.172,0.038,19.593,19.421
19.512,19.512,0.172,0.038,19.593,19.421
19.511,19.511,0.172,0.038,19.593,19.421
19.51,19.51,0.172,0.038,19.593,19.421
19.511,19.511,0.172,0.039,19.593,19.421
19.511,19.511,0.172,0.04,19.593,19.421
19.514,19.514,0.157,0.039,19.593,19.436
19.512,19.512,0.157,0.039,19.593,19.436
19.512,19.512,0.157,0.039,19.593,19.436
19.514,19.514,0.169,0.04,19.605,19.436
19.513,19.513,0.17,0.041,19.605,19.435
19.511,19.511,0.176,0.042,19.605,19.429
19.512,19.512,0.176,0.041,19.605,19.429
19.511,19.511,0.176,0.04,19.605,19.429
19.51,19.51,0.176,0.04,19.605,19.429
19.51,19.51,0.176,0.04,19.605,19.429
19.51,19.51,0.176,0.04,19.605,19.429
19.51,19.51,0.176,0.04,19.605,19.429
19.509,19.509,0.176,0.04,19.605,19.429
19.509,19.509,0.176,0.04,19.605,19.429
19.509,19.509,0.176,0.04,19.605,19.429
19.508,19.508,0.176,0.041,19.605,19.429
19.508,19.508,0.176,0.041,19.605,19.429
19.51,19.51,0.176,0.04,19.605,19.429
19.51,19.51,0.176,0.041,19.605,19.429
19.509,19.509,0.176,0.04,19.605,19.429
19.51,19.51,0.176,0.04,19.605,19.429
19.509,19.509,0.176,0.041,19.605,19.429
19.509,19.509,0.176,0.041,19.605,19.429
19.508,19.508,0.176,0.042,19.605,19.429
19.508,19.508,0.176,0.041,19.605,19.429
19.508,19.508,0.176,0.041,19.605,19.429
19.506,19.506,0.176,0.041,19.605,19.429
19.506,19.506,0.176,0.041,19.605,19.429
19.507,19.507,0.176,0.041,19.605,19.429
19.508,19.508,0.176,0.042,19.605,19.429
19.508,19.509,0.176,0.043,19.605,19.429
19.508,19.508,0.176,0.043,19.605,19.429
19.508,19.508,0.176,0.043,19.605,19.429
19.508,19.509,0.176,0.043,19.605,19.429
19.508,19.508,0.176,0.043,19.605,19.429
19.508,19.508,0.176,0.043,19.605,19.429
19.508,19.508,0.176,0.043,19.605,19.429
19.508,19.508,0.176,0.043,19.605,19.429
19.509,19.509,0.176,0.044,19.605,19.429
19.508,19.509,0.176,0.044,19.605,19.429
19.508,19.508,0.176,0.044,19.605,19.429
19.509,19.509,0.176,0.045,19.605,19.429
19.509,19.509,0.176,0.045,19.605,19.429
19.509,19.509,0.176,0.045,19.605,19.429
19.509,19.51,0.176,0.046,19.605,19.429
19.51,19.511,0.176,0.047,19.605,19.429
19.511,19.511,0.176,0.046,19.605,19.429
19.511,19.512,0.176,0.046,19.605,19.429
19.512,19.512,0.176,0.046,19.605,19.429
19.513,19.513,0.178,0.048,19.607,19.429
19.513,19.513,0.178,0.047,19.607,19.429
19.512,19.513,0.178,0.048,19.607,19.429
19.512,19.512,0.178,0.048,19.607,19.429
19.512,19.512,0.178,0.048,19.607,19.429
19.511,19.511,0.178,0.047,19.607,19.429
19.511,19.511,0.178,0.047,19.607,19.429
19.512,19.512,0.178,0.048,19.607,19.429
19.511,19.511,0.191,0.049,19.607,19.416
19.512,19.512,0.191,0.049,19.607,19.416
19.512,19.512,0.191,0.049,19.607,19.416
19.513,19.513,0.191,0.049,19.607,19.416
19.514,19.515,0.191,0.049,19.607,19.416
19.514,19.514,0.191,0.049,19.607,19.416
19.514,19.514,0.191,0.049,19.607,19.416
19.514,19.514,0.191,0.049,19.607,19.416
19.516,19.516,0.191,0.048,19.607,19.416
19.516,19.516,0.191,0.049,19.607,19.416
19.517,19.517,0.191,0.048,19.607,19.416
19.516,19.516,0.191,0.047,19.607,19.416
19.517,19.517,0.191,0.046,19.607,19.416
19.517,19.517,0.191,0.046,19.607,19.416
19.519,19.519,0.191,0.046,19.607,19.416
19.518,19.518,0.191,0.047,19.607,19.416
19.517,19.517,0.191,0.047,19.607,19.416
19.515,19.516,0.191,0.047,19.607,19.416
19.515,19.515,0.191,0.047,19.607,19.416
19.517,19.517,0.191,0.047,19.607,19.416
19.518,19.518,0.191,0.046,19.607,19.416
19.517,19.517,0.191,0.046,19.607,19.416
19.518,19.518,0.191,0.045,19.607,19.416
19.519,19.519,0.191,0.043,19.607,19.416
19.518,19.518,0.191,0.044,19.607,19.416
19.519,19.519,0.191,0.044,19.607,19.416
19.518,19.518,0.191,0.045,19.607,19.416
19.519,19.519,0.191,0.045,19.607,19.416
19.518,19.518,0.191,0.046,19.607,19.416
19.518,19.518,0.191,0.046,19.607,19.416
19.519,19.519,0.191,0.046,19.607,19.416
19.518,19.518,0.191,0.046,19.607,19.416
19.519,19.519,0.191,0.046,19.607,19.416
19.52,19.52,0.191,0.045,19.607,19.416
19.52,19.52,0.191,0.045,19.607,19.416
19.52,19.52,0.191,0.045,19.607,19.416
19.519,19.519,0.191,0.045,19.607,19.416
19.519,19.519,0.191,0.045,19.607,19.416
19.518,19.518,0.191,0.045,19.607,19.416
19.519,19.519,0.191,0.045,19.607,19.416
19.52,19.52,0.191,0.045,19.607,19.416
19.52,19.52,0.191,0.046,19.607,19.416
19.52,19.52,0.191,0.046,19.607,19.416
19.52,19.52,0.191,0.046,19.607,19.416
19.52,19.52,0.191,0.045,19.607,19.416
19.52,19.52,0.191,0.045,19.607,19.416
19.52,19.52,0.191,0.045,19.607,19.416
19.52,19.52,0.191,0.045,19.607,19.416
19.519,19.52,0.191,0.045,19.607,19.416
19.521,19.521,0.191,0.046,19.607,19.416
19.521,19.521,0.191,0.046,19.607,19.416
19.521,19.521,0.191,0.047,19.607,19.416
19.521,19.521,0.191,0.047,19.607,19.416
19.52,19.52,0.191,0.047,19.607,19.416
19.519,19.519,0.191,0.047,19.607,19.416
19.519,19.519,0.191,0.047,19.607,19.416
19.517,19.517,0.215,0.049,19.607,19.392
19.517,19.517,0.215,0.049,19.607,19.392
19.518,19.518,0.215,0.049,19.607,19.392
19.516,19.516,0.215,0.049,19.607,19.392
19.515,19.515,0.215,0.049,19.607,19.392
19.515,19.516,0.215,0.049,19.607,19.392
19.515,19.515,0.215,0.049,19.607,19.392
19.515,19.515,0.215,0.048,19.607,19.392
19.515,19.515,0.215,0.048,19.607,19.392
19.515,19.515,0.215,0.048,19.607,19.392
19.514,19.514,0.215,0.048,19.607,19.392
19.513,19.513,0.202,0.047,19.594,19.392
19.512,19.512,0.202,0.047,19.594,19.392
19.514,19.514,0.202,0.047,19.594,19.392
19.515,19.515,0.202,0.047,19.594,19.392
19.515,19.515,0.202,0.047,19.594,19.392
19.516,19.516,0.202,0.047,19.594,19.392
19.516,19.516,0.202,0.047,19.594,19.392
19.516,19.516,0.202,0.046,19.594,19.392
19.516,19.516,0.202,0.046,19.594,19.392
19.516,19.516,0.202,0.046,19.594,19.392
19.517,19.517,0.202,0.046,19.594,19.392
19.516,19.516,0.202,0.046,19.594,19.392
19.515,19.515,0.202,0.047,19.594,19.392
19.516,19.516,0.202,0.047,19.594,19.392
19.515,19.515,0.202,0.048,19.594,19.392
19.514,19.515,0.202,0.048,19.594,19.392
19.514,19.514,0.202,0.048,19.594,19.392
19.514,19.514,0.202,0.048,19.594,19.392
19.513,19.513,0.202,0.048,19.594,19.392
19.514,19.514,0.202,0.049,19.594,19.392
19.514,19.514,0.202,0.049,19.594,19.392
19.514,19.514,0.202,0.049,19.594,19.392
19.514,19.514,0.202,0.049,19.594,19.392
19.516,19.516,0.202,0.048,19.594,19.392
19.516,19.516,0.202,0.048,19.594,19.392
19.517,19.517,0.202,0.048,19.594,19.392
19.517,19.517,0.202,0.048,19.594,19.392
19.516,19.516,0.202,0.048,19.594,19.392
19.516,19.516,0.202,0.048,19.594,19.392
19.515,19.515,0.202,0.047,19.594,19.392
19.515,19.515,0.202,0.047,19.594,19.392
19.515,19.515,0.202,0.047,19.594,19.392
19.515,19.515,0.202,0.047,19.594,19.392
19.516,19.516,0.202,0.047,19.594,19.392
19.518,19.518,0.204,0.047,19.596,19.392
19.518,19.518,0.204,0.048,19.596,19.392
19.519,19.519,0.204,0.047,19.596,19.392
19.519,19.519,0.204,0.047,19.596,19.392
19.517,19.517,0.204,0.048,19.596,19.392
19.518,19.518,0.204,0.048,19.596,19.392
19.518,19.518,0.204,0.048,19.596,19.392
19.518,19.518,0.204,0.048,19.596,19.392
19.517,19.517,0.204,0.048,19.596,19.392
19.517,19.517,0.204,0.048,19.596,19.392
19.519,19.519,0.204,0.048,19.596,19.392
19.518,19.519,0.204,0.048,19.596,19.392
19.519,19.519,0.204,0.047,19.596,19.392
19.518,19.518,0.204,0.047,19.596,19.392
19.518,19.518,0.204,0.047,19.596,19.392
19.52,19.52,0.204,0.046,19.596,19.392
19.52,19.52,0.204,0.046,19.596,19.392
19.521,19.521,0.204,0.046,19.596,19.392
19.521,19.521,0.204,0.046,19.596,19.392
19.52,19.52,0.204,0.048,19.596,19.392
19.521,19.521,0.204,0.048,19.596,19.392
19.521,19.521,0.204,0.048,19.596,19.392
19.522,19.522,0.204,0.048,19.596,19.392
19.521,19.521,0.204,0.047,19.596,19.392
19.519,19.519,0.204,0.049,19.596,19.392
19.519,19.519,0.204,0.048,19.596,19.392
19.519,19.519,0.204,0.048,19.596,19.392
19.519,19.519,0.204,0.048,19.596,19.392
19.52,19.52,0.204,0.047,19.596,19.392
19.519,19.52,0.204,0.047,19.596,19.392
19.521,19.521,0.182,0.045,19.596,19.414
19.522,19.522,0.182,0.045,19.596,19.414
19.521,19.522,0.182,0.044,19.596,19.414
19.522,19.522,0.182,0.044,19.596,19.414
19.523,19.523,0.182,0.044,19.596,19.414
19.523,19.524,0.182,0.044,19.596,19.414
19.524,19.524,0.182,0.044,19.596,19.414
19.523,19.523,0.182,0.044,19.596,19.414
19.524,19.524,0.182,0.044,19.596,19.414
19.525,19.525,0.182,0.045,19.596,19.414
19.526,19.526,0.182,0.045,19.596,19.414
19.527,19.527,0.182,0.045,19.596,19.414
19.528,19.528,0.182,0.044,19.596,19.414
19.528,19.528,0.182,0.043,19.596,19.414
19.528,19.528,0.182,0.044,19.596,19.414
19.529,19.529,0.182,0.044,19.596,19.414
19.529,19.529,0.182,0.044,19.596,19.414
19.529,19.529,0.182,0.044,19.596,19.414
19.528,19.528,0.182,0.044,19.596,19.414
19.529,19.529,0.182,0.043,19.596,19.414
19.528,19.528,0.182,0.043,19.596,19.414
19.528,19.528,0.182,0.043,19.596,19.414
19.528,19.528,0.182,0.043,19.596,19.414
19.53,19.53,0.182,0.042,19.596,19.414
19.529,19.529,0.182,0.042,19.596,19.414
19.529,19.529,0.182,0.041,19.596,19.414
19.531,19.531,0.18,0.039,19.596,19.416
19.531,19.531,0.18,0.039,19.596,19.416
19.529,19.529,0.18,0.04,19.596,19.416
19.529,19.529,0.18,0.041,19.596,19.416
19.529,19.529,0.18,0.041,19.596,19.416
19.528,19.529,0.18,0.041,19.596,19.416
19.529,19.529,0.18,0.041,19.596,19.416
19.529,19.529,0.18,0.041,19.596,19.416
19.528,19.528,0.18,0.041,19.596,19.416
19.529,19.529,0.18,0.041,19.596,19.416
19.53,19.53,0.18,0.04,19.596,19.416
19.53,19.53,0.18,0.04,19.596,19.416
19.53,19.53,0.18,0.04,19.596,19.416
19.531,19.531,0.18,0.04,19.596,19.416
19.531,19.531,0.18,0.04,19.596,19.416
19.531,19.531,0.18,0.04,19.596,19.416
19.532,19.532,0.18,0.04,19.596,19.416
19.532,19.532,0.18,0.04,19.596,19.416
19.532,19.532,0.18,0.04,19.596,19.416
19.532,19.532,0.168,0.039,19.584,19.416
19.532,19.532,0.168,0.039,19.584,19.416
19.533,19.533,0.176,0.04,19.592,19.416
19.532,19.532,0.176,0.04,19.592,19.416
19.533,19.533,0.176,0.038,19.592,19.416
19.533,19.533,0.176,0.038,19.592,19.416
19.533,19.533,0.176,0.038,19.592,19.416
19.533,19.533,0.176,0.039,19.592,19.416
19.534,19.534,0.176,0.038,19.592,19.416
19.534,19.534,0.176,0.038,19.592,19.416
19.533,19.533,0.176,0.038,19.592,19.416
19.533,19.533,0.176,0.038,19.592,19.416
19.534,19.534,0.176,0.039,19.592,19.416
19.535,19.535,0.176,0.039,19.592,19.416
19.535,19.535,0.176,0.039,19.592,19.416
19.534,19.534,0.176,0.039,19.592,19.416
19.534,19.534,0.176,0.039,19.592,19.416
19.533,19.533,0.176,0.039,19.592,19.416
19.531,19.531,0.176,0.041,19.592,19.416
19.533,19.533,0.171,0.039,19.592,19.421
19.533,19.533,0.171,0.039,19.592,19.421
19.531,19.531,0.171,0.039,19.592,19.421
19.531,19.531,0.171,0.039,19.592,19.421
19.531,19.531,0.171,0.039,19.592,19.421
19.533,19.533,0.167,0.037,19.592,19.425
19.532,19.532,0.167,0.037,19.592,19.425
19.533,19.533,0.167,0.037,19.592,19.425
19.533,19.533,0.167,0.037,19.592,19.425
19.533,19.533,0.167,0.037,19.592,19.425
19.533,19.533,0.167,0.037,19.592,19.425
19.535,19.535,0.181,0.038,19.606,19.425
19.534,19.534,0.181,0.039,19.606,19.425
19.533,19.533,0.181,0.039,19.606,19.425
19.534,19.534,0.181,0.039,19.606,19.425
19.534,19.534,0.181,0.039,19.606,19.425
19.534,19.534,0.181,0.039,19.606,19.425
19.532,19.532,0.181,0.039,19.606,19.425
19.533,19.533,0.181,0.039,19.606,19.425
19.533,19.533,0.181,0.04,19.606,19.425
19.532,19.532,0.181,0.039,19.606,19.425
19.532,19.532,0.181,0.039,19.606,19.425
19.531,19.531,0.181,0.039,19.606,19.425
19.531,19.531,0.181,0.039,19.606,19.425
19.53,19.53,0.181,0.04,19.606,19.425
19.529,19.529,0.181,0.04,19.606,19.425
19.529,19.529,0.181,0.04,19.606,19.425
19.529,19.529,0.181,0.04,19.606,19.425
19.529,19.529,0.181,0.04,19.606,19.425
19.529,19.529,0.181,0.041,19.606,19.425
19.531,19.531,0.181,0.041,19.606,19.425
19.532,19.532,0.181,0.041,19.606,19.425
19.533,19.533,0.181,0.041,19.606,19.425
19.532,19.532,0.181,0.041,19.606,19.425
19.532,19.532,0.181,0.041,19.606,19.425
19.533,19.533,0.181,0.041,19.606,19.425
19.533,19.533,0.181,0.041,19.606,19.425
19.533,19.533,0.181,0.041,19.606,19.425
19.532,19.532,0.181,0.041,19.606,19.425
19.533,19.533,0.181,0.039,19.606,19.425
19.533,19.533,0.181,0.039,19.606,19.425
19.533,19.533,0.181,0.039,19.606,19.425
19.533,19.533,0.181,0.039,19.606,19.425
19.533,19.533,0.181,0.039,19.606,19.425
19.532,19.532,0.181,0.04,19.606,19.425
19.532,19.532,0.181,0.041,19.606,19.425
19.533,19.533,0.181,0.041,19.606,19.425
19.532,19.532,0.181,0.041,19.606,19.425
19.533,19.533,0.181,0.041,19.606,19.425
19.533,19.533,0.181,0.041,19.606,19.425
19.534,19.534,0.181,0.042,19.606,19.425
19.534,19.534,0.181,0.042,19.606,19.425
19.534,19.534,0.181,0.042,19.606,19.425
19.535,19.535,0.181,0.042,19.606,19.425
19.534,19.534,0.181,0.042,19.606,19.425
19.534,19.534,0.181,0.042,19.606,19.425
19.534,19.534,0.181,0.042,19.606,19.425
19.534,19.534,0.181,0.042,19.606,19.425
19.533,19.533,0.181,0.041,19.606,19.425
19.534,19.534,0.19,0.042,19.615,19.425
19.536,19.536,0.19,0.043,19.615,19.425
19.536,19.536,0.19,0.042,19.615,19.425
19.536,19.536,0.19,0.043,19.615,19.425
19.536,19.536,0.19,0.043,19.615,19.425
19.535,19.535,0.19,0.043,19.615,19.425
19.535,19.535,0.19,0.043,19.615,19.425
19.536,19.536,0.19,0.043,19.615,19.425
19.535,19.535,0.19,0.044,19.615,19.425
19.534,19.534,0.19,0.043,19.615,19.425
19.533,19.533,0.19,0.043,19.615,19.425
19.533,19.533,0.19,0.043,19.615,19.425
19.533,19.533,0.19,0.043,19.615,19.425
19.533,19.533,0.19,0.043,19.615,19.425
19.532,19.532,0.19,0.044,19.615,19.425
19.534,19.534,0.18,0.042,19.615,19.435
19.533,19.533,0.18,0.042,19.615,19.435
19.532,19.532,0.18,0.042,19.615,19.435
19.533,19.533,0.18,0.041,19.615,19.435
19.533,19.533,0.18,0.042,19.615,19.435
19.533,19.533,0.18,0.042,19.615,19.435
19.532,19.532,0.18,0.041,19.615,19.435
19.533,19.533,0.18,0.041,19.615,19.435
19.533,19.533,0.18,0.041,19.615,19.435
19.533,19.533,0.18,0.041,19.615,19.435
19.533,19.533,0.18,0.042,19.615,19.435
19.532,19.532,0.18,0.041,19.615,19.435
19.531,19.531,0.18,0.041,19.615,19.435
19.53,19.53,0.18,0.042,19.615,19.435
19.53,19.53,0.198,0.043,19.615,19.417
19.53,19.53,0.198,0.043,19.615,19.417
19.53,19.53,0.198,0.043,19.615,19.417
19.529,19.529,0.198,0.044,19.615,19.417
19.528,19.528,0.198,0.045,19.615,19.417
19.527,19.527,0.198,0.047,19.615,19.417
19.526,19.526,0.198,0.046,19.615,19.417
19.525,19.525,0.198,0.047,19.615,19.417
19.524,19.524,0.198,0.048,19.615,19.417
19.522,19.523,0.198,0.049,19.615,19.417
19.523,19.523,0.198,0.049,19.615,19.417
19.524,19.524,0.198,0.048,19.615,19.417
19.524,19.524,0.198,0.048,19.615,19.417
19.523,19.524,0.198,0.047,19.615,19.417
19.523,19.523,0.198,0.047,19.615,19.417
19.524,19.524,0.198,0.047,19.615,19.417
19.522,19.522,0.198,0.048,19.615,19.417
19.521,19.521,0.198,0.048,19.615,19.417
19.519,19.519,0.198,0.048,19.615,19.417
19.519,19.519,0.198,0.048,19.615,19.417
19.518,19.518,0.198,0.049,19.615,19.417
19.518,19.518,0.198,0.049,19.615,19.417
19.518,19.518,0.198,0.049,19.615,19.417
19.518,19.518,0.198,0.049,19.615,19.417
19.519,19.519,0.198,0.05,19.615,19.417
19.52,19.52,0.198,0.051,19.615,19.417
19.519,19.519,0.198,0.052,19.615,19.417
19.521,19.521,0.198,0.052,19.615,19.417
19.521,19.521,0.198,0.052,19.615,19.417
19.521,19.521,0.198,0.052,19.615,19.417
19.519,19.519,0.198,0.052,19.615,19.417
19.521,19.521,0.198,0.052,19.615,19.417
19.52,19.52,0.198,0.051,19.615,19.417
19.52,19.52,0.198,0.051,19.615,19.417
19.52,19.52,0.198,0.051,19.615,19.417
19.519,19.519,0.198,0.05,19.615,19.417
19.518,19.518,0.198,0.051,19.615,19.417
19.517,19.518,0.198,0.051,19.615,19.417
19.515,19.515,0.198,0.051,19.615,19.417
19.515,19.515,0.198,0.051,19.615,19.417
19.515,19.516,0.198,0.052,19.615,19.417
19.515,19.516,0.198,0.052,19.615,19.417
19.515,19.515,0.198,0.052,19.615,19.417
19.514,19.514,0.198,0.053,19.615,19.417
19.514,19.514,0.198,0.052,19.615,19.417
19.512,19.512,0.199,0.053,19.615,19.416
19.512,19.512,0.189,0.052,19.605,19.416
19.51,19.511,0.177,0.051,19.593,19.416
19.51,19.51,0.177,0.051,19.593,19.416
19.511,19.511,0.177,0.051,19.593,19.416
19.51,19.51,0.177,0.051,19.593,19.416
19.51,19.51,0.177,0.051,19.593,19.416
19.511,19.511,0.177,0.051,19.593,19.416
19.51,19.51,0.177,0.051,19.593,19.416
19.512,19.512,0.177,0.051,19.593,19.416
19.511,19.511,0.177,0.052,19.593,19.416
19.511,19.511,0.177,0.053,19.593,19.416
19.512,19.512,0.177,0.053,19.593,19.416
19.512,19.512,0.177,0.053,19.593,19.416
19.512,19.512,0.177,0.053,19.593,19.416
19.513,19.514,0.177,0.052,19.593,19.416
19.513,19.513,0.177,0.052,19.593,19.416
19.513,19.513,0.177,0.053,19.593,19.416
19.512,19.512,0.196,0.054,19.593,19.397
19.512,19.512,0.196,0.055,19.593,19.397
19.512,19.512,0.196,0.055,19.593,19.397
19.513,19.513,0.196,0.055,19.593,19.397
19.512,19.512,0.196,0.055,19.593,19.397
19.512,19.512,0.196,0.055,19.593,19.397
19.51,19.51,0.204,0.057,19.593,19.389
19.51,19.51,0.204,0.057,19.593,19.389
19.511,19.511,0.204,0.057,19.593,19.389
19.511,19.511,0.204,0.057,19.593,19.389
19.511,19.511,0.204,0.057,19.593,19.389
19.511,19.511,0.204,0.058,19.593,19.389
19.513,19.513,0.204,0.057,19.593,19.389
19.512,19.512,0.204,0.056,19.593,19.389
19.51,19.51,0.204,0.057,19.593,19.389
19.511,19.511,0.204,0.057,19.593,19.389
19.512,19.512,0.204,0.057,19.593,19.389
19.513,19.513,0.204,0.056,19.593,19.389
19.513,19.513,0.204,0.056,19.593,19.389
19.514,19.514,0.204,0.056,19.593,19.389
19.513,19.513,0.205,0.057,19.593,19.388
19.514,19.514,0.205,0.056,19.593,19.388
19.514,19.514,0.205,0.056,19.593,19.388
19.513,19.513,0.205,0.056,19.593,19.388
19.513,19.513,0.205,0.057,19.593,19.388
19.512,19.513,0.205,0.057,19.593,19.388
19.512,19.512,0.205,0.057,19.593,19.388
19.511,19.511,0.205,0.057,19.593,19.388
19.512,19.513,0.205,0.056,19.593,19.388
19.512,19.512,0.205,0.056,19.593,19.388
19.512,19.512,0.205,0.055,19.593,19.388
19.512,19.512,0.205,0.055,19.593,19.388
19.513,19.513,0.205,0.054,19.593,19.388
19.512,19.512,0.205,0.054,19.593,19.388
19.511,19.511,0.205,0.054,19.593,19.388
19.51,19.51,0.205,0.054,19.593,19.388
19.509,19.509,0.197,0.053,19.585,19.388
19.508,19.508,0.196,0.053,19.584,19.388
19.509,19.509,0.196,0.052,19.584,19.388
19.507,19.508,0.192,0.052,19.58,19.388
19.507,19.507,0.192,0.052,19.58,19.388
19.506,19.506,0.192,0.051,19.58,19.388
19.507,19.507,0.192,0.051,19.58,19.388
19.507,19.507,0.192,0.051,19.58,19.388
19.506,19.507,0.192,0.051,19.58,19.388
19.505,19.505,0.19,0.05,19.578,19.388
19.506,19.506,0.19,0.05,19.578,19.388
19.506,19.506,0.19,0.05,19.578,19.388
19.507,19.507,0.19,0.05,19.578,19.388
19.506,19.506,0.19,0.049,19.578,19.388
19.507,19.507,0.19,0.048,19.578,19.388
19.507,19.507,0.19,0.049,19.578,19.388
19.506,19.506,0.189,0.048,19.577,19.388
19.507,19.507,0.189,0.048,19.577,19.388
19.507,19.507,0.189,0.048,19.577,19.388
19.508,19.508,0.189,0.048,19.577,19.388
19.507,19.507,0.189,0.047,19.577,19.388
19.508,19.508,0.189,0.046,19.577,19.388
19.507,19.507,0.189,0.046,19.577,19.388
19.507,19.507,0.189,0.046,19.577,19.388
19.507,19.507,0.189,0.046,19.577,19.388
19.507,19.507,0.189,0.046,19.577,19.388
19.507,19.507,0.189,0.046,19.577,19.388
19.507,19.507,0.189,0.046,19.577,19.388
19.507,19.507,0.189,0.045,19.577,19.388
19.507,19.507,0.189,0.046,19.577,19.388
19.506,19.506,0.189,0.045,19.577,19.388
19.507,19.507,0.189,0.044,19.577,19.388
19.507,19.507,0.189,0.043,19.577,19.388
19.506,19.506,0.189,0.043,19.577,19.388
19.507,19.507,0.189,0.043,19.577,19.388
19.505,19.505,0.189,0.043,19.577,19.388
19.504,19.504,0.189,0.043,19.577,19.388
19.504,19.504,0.189,0.043,19.577,19.388
19.504,19.504,0.189,0.043,19.577,19.388
19.505,19.506,0.189,0.042,19.577,19.388
19.504,19.504,0.189,0.041,19.577,19.388
19.504,19.504,0.189,0.041,19.577,19.388
19.504,19.504,0.186,0.041,19.574,19.388
19.505,19.505,0.186,0.041,19.574,19.388
19.504,19.504,0.186,0.041,19.574,19.388
19.506,19.506,0.186,0.039,19.574,19.388
19.506,19.506,0.186,0.039,19.574,19.388
19.505,19.505,0.176,0.038,19.564,19.388
19.505,19.505,0.176,0.038,19.564,19.388
19.504,19.504,0.176,0.038,19.564,19.388
19.505,19.505,0.176,0.036,19.564,19.388
19.505,19.505,0.176,0.036,19.564,19.388
19.505,19.505,0.176,0.036,19.564,19.388
19.505,19.506,0.176,0.035,19.564,19.388
19.504,19.504,0.176,0.034,19.564,19.388
19.505,19.505,0.176,0.034,19.564,19.388
19.504,19.504,0.176,0.034,19.564,19.388
19.504,19.504,0.184,0.035,19.572,19.388
19.504,19.504,0.184,0.035,19.572,19.388
19.505,19.505,0.133,0.032,19.572,19.439
19.505,19.505,0.133,0.032,19.572,19.439
19.505,19.505,0.133,0.032,19.572,19.439
19.505,19.505,0.133,0.032,19.572,19.439
19.505,19.505,0.133,0.032,19.572,19.439
19.505,19.505,0.133,0.032,19.572,19.439
19.506,19.506,0.133,0.032,19.572,19.439
19.506,19.506,0.133,0.032,19.572,19.439
19.506,19.506,0.133,0.032,19.572,19.439
19.506,19.506,0.133,0.032,19.572,19.439
19.506,19.506,0.133,0.032,19.572,19.439
19.506,19.506,0.133,0.032,19.572,19.439
19.505,19.505,0.133,0.032,19.572,19.439
19.504,19.504,0.133,0.032,19.572,19.439
19.505,19.505,0.123,0.032,19.572,19.449
19.506,19.506,0.123,0.031,19.572,19.449
19.506,19.506,0.123,0.031,19.572,19.449
19.507,19.507,0.123,0.031,19.572,19.449
19.507,19.507,0.123,0.031,19.572,19.449
19.508,19.508,0.123,0.031,19.572,19.449
19.508,19.508,0.123,0.032,19.572,19.449
19.508,19.508,0.123,0.032,19.572,19.449
19.508,19.508,0.123,0.032,19.572,19.449
19.508,19.508,0.123,0.032,19.572,19.449
19.508,19.508,0.123,0.032,19.572,19.449
19.509,19.509,0.123,0.032,19.572,19.449
19.509,19.509,0.123,0.032,19.572,19.449
19.508,19.508,0.123,0.032,19.572,19.449
19.507,19.507,0.123,0.032,19.572,19.449
19.507,19.507,0.123,0.032,19.572,19.449
19.508,19.508,0.123,0.032,19.572,19.449
19.508,19.508,0.123,0.032,19.572,19.449
19.508,19.508,0.123,0.032,19.572,19.449
19.508,19.508,0.123,0.031,19.572,19.449
19.507,19.507,0.123,0.031,19.572,19.449
19.508,19.508,0.123,0.031,19.572,19.449
19.509,19.509,0.123,0.031,19.572,19.449
19.509,19.509,0.123,0.031,19.572,19.449
19.509,19.509,0.123,0.031,19.572,19.449
19.51,19.51,0.123,0.031,19.572,19.449
19.51,19.51,0.123,0.031,19.572,19.449
19.51,19.51,0.123,0.031,19.572,19.449
19.511,19.511,0.123,0.031,19.572,19.449
19.51,19.51,0.123,0.031,19.572,19.449
19.51,19.51,0.123,0.031,19.572,19.449
19.51,19.51,0.123,0.031,19.572,19.449
19.511,19.511,0.123,0.032,19.572,19.449
19.511,19.511,0.123,0.032,19.572,19.449
19.511,19.511,0.123,0.032,19.572,19.449
19.511,19.511,0.123,0.031,19.572,19.449
19.512,19.512,0.123,0.032,19.572,19.449
19.513,19.513,0.122,0.031,19.572,19.45
19.514,19.514,0.122,0.031,19.572,19.45
19.514,19.514,0.122,0.031,19.572,19.45
19.515,19.515,0.122,0.03,19.572,19.45
19.515,19.515,0.122,0.031,19.572,19.45
19.516,19.516,0.122,0.03,19.572,19.45
19.515,19.515,0.122,0.031,19.572,19.45
19.513,19.513,0.155,0.032,19.572,19.417
19.513,19.513,0.155,0.032,19.572,19.417
19.514,19.514,0.155,0.032,19.572,19.417
19.514,19.514,0.155,0.032,19.572,19.417
19.513,19.513,0.155,0.033,19.572,19.417
19.513,19.513,0.155,0.033,19.572,19.417
19.513,19.513,0.155,0.032,19.572,19.417
19.514,19.514,0.155,0.032,19.572,19.417
19.514,19.515,0.155,0.032,19.572,19.417
19.515,19.515,0.155,0.032,19.572,19.417
19.515,19.515,0.155,0.032,19.572,19.417
19.516,19.516,0.155,0.032,19.572,19.417
19.515,19.515,0.155,0.032,19.572,19.417
19.516,19.516,0.155,0.032,19.572,19.417
19.517,19.517,0.155,0.032,19.572,19.417
19.517,19.517,0.142,0.031,19.559,19.417
19.518,19.518,0.142,0.031,19.559,19.417
19.518,19.518,0.142,0.031,19.559,19.417
19.518,19.518,0.142,0.031,19.559,19.417
19.517,19.518,0.142,0.031,19.559,19.417
19.519,19.519,0.142,0.03,19.559,19.417
19.519,19.519,0.142,0.031,19.559,19.417
19.518,19.518,0.142,0.031,19.559,19.417
19.517,19.517,0.142,0.032,19.559,19.417
19.518,19.518,0.142,0.032,19.559,19.417
19.518,19.518,0.142,0.031,19.559,19.417
19.519,19.519,0.142,0.032,19.559,19.417
19.519,19.519,0.142,0.032,19.559,19.417
19.519,19.519,0.142,0.032,19.559,19.417
19.519,19.519,0.142,0.032,19.559,19.417
19.521,19.521,0.142,0.031,19.559,19.417
19.52,19.52,0.142,0.031,19.559,19.417
19.52,19.52,0.142,0.031,19.559,19.417
19.52,19.52,0.142,0.032,19.559,19.417
19.519,19.519,0.142,0.032,19.559,19.417
19.518,19.518,0.142,0.032,19.559,19.417
19.517,19.518,0.142,0.032,19.559,19.417
19.518,19.518,0.142,0.032,19.559,19.417
19.519,19.519,0.142,0.032,19.559,19.417
19.519,19.519,0.142,0.032,19.559,19.417
19.519,19.519,0.142,0.032,19.559,19.417
19.519,19.519,0.142,0.032,19.559,19.417
19.519,19.519,0.142,0.032,19.559,19.417
19.518,19.518,0.142,0.032,19.559,19.417
19.519,19.519,0.142,0.031,19.559,19.417
19.52,19.52,0.142,0.031,19.559,19.417
19.52,19.52,0.142,0.031,19.559,19.417
19.52,19.52,0.142,0.031,19.559,19.417
19.52,19.52,0.142,0.031,19.559,19.417
19.519,19.519,0.142,0.031,19.559,19.417
19.519,19.519,0.142,0.031,19.559,19.417
19.519,19.519,0.142,0.031,19.559,19.417
19.519,19.519,0.142,0.031,19.559,19.417
19.518,19.518,0.142,0.032,19.559,19.417
19.518,19.518,0.142,0.032,19.559,19.417
19.52,19.52,0.198,0.033,19.615,19.417
19.519,19.519,0.198,0.034,19.615,19.417
19.521,19.521,0.208,0.036,19.625,19.417
19.52,19.52,0.208,0.036,19.625,19.417
19.52,19.52,0.208,0.036,19.625,19.417
19.52,19.52,0.208,0.036,19.625,19.417
19.519,19.519,0.208,0.036,19.625,19.417
19.519,19.519,0.208,0.036,19.625,19.417
19.519,19.519,0.208,0.036,19.625,19.417
19.518,19.518,0.208,0.036,19.625,19.417
19.518,19.518,0.208,0.036,19.625,19.417
19.518,19.518,0.208,0.037,19.625,19.417
19.517,19.517,0.208,0.037,19.625,19.417
19.517,19.517,0.208,0.037,19.625,19.417
19.517,19.517,0.208,0.037,19.625,19.417
19.517,19.517,0.208,0.037,19.625,19.417
19.517,19.517,0.208,0.037,19.625,19.417
19.518,19.518,0.208,0.038,19.625,19.417
19.518,19.518,0.208,0.038,19.625,19.417
19.518,19.518,0.208,0.038,19.625,19.417
19.519,19.519,0.172,0.036,19.625,19.453
19.519,19.519,0.172,0.036,19.625,19.453
19.518,19.518,0.172,0.036,19.625,19.453
19.518,19.518,0.172,0.036,19.625,19.453
19.518,19.518,0.172,0.036,19.625,19.453
19.518,19.518,0.172,0.036,19.625,19.453
19.519,19.519,0.172,0.035,19.625,19.453
19.519,19.519,0.172,0.035,19.625,19.453
19.518,19.518,0.172,0.036,19.625,19.453
19.517,19.517,0.172,0.036,19.625,19.453
19.517,19.517,0.172,0.036,19.625,19.453
19.517,19.517,0.172,0.036,19.625,19.453
19.518,19.518,0.167,0.035,19.625,19.458
19.518,19.518,0.167,0.035,19.625,19.458
19.518,19.518,0.167,0.035,19.625,19.458
19.517,19.517,0.167,0.035,19.625,19.458
19.518,19.518,0.167,0.037,19.625,19.458
19.519,19.519,0.167,0.037,19.625,19.458
19.519,19.519,0.167,0.037,19.625,19.458
19.52,19.52,0.167,0.037,19.625,19.458
19.519,19.519,0.167,0.036,19.625,19.458
19.519,19.519,0.167,0.037,19.625,19.458
19.52,19.52,0.163,0.036,19.625,19.462
19.52,19.52,0.163,0.036,19.625,19.462
19.52,19.52,0.163,0.036,19.625,19.462
19.519,19.519,0.163,0.036,19.625,19.462
19.519,19.519,0.163,0.036,19.625,19.462
19.519,19.519,0.163,0.037,19.625,19.462
19.519,19.519,0.163,0.037,19.625,19.462
19.519,19.519,0.163,0.037,19.625,19.462
19.519,19.519,0.163,0.037,19.625,19.462
19.519,19.519,0.163,0.036,19.625,19.462
19.519,19.519,0.163,0.037,19.625,19.462
19.519,19.519,0.163,0.037,19.625,19.462
19.519,19.519,0.163,0.036,19.625,19.462
19.52,19.52,0.163,0.036,19.625,19.462
19.52,19.52,0.163,0.036,19.625,19.462
19.52,19.52,0.163,0.036,19.625,19.462
19.52,19.52,0.163,0.036,19.625,19.462
19.521,19.521,0.163,0.036,19.625,19.462
19.52,19.52,0.163,0.036,19.625,19.462
19.521,19.521,0.163,0.037,19.625,19.462
19.521,19.521,0.163,0.037,19.625,19.462
19.522,19.522,0.163,0.037,19.625,19.462
19.522,19.522,0.163,0.037,19.625,19.462
19.521,19.521,0.163,0.037,19.625,19.462
19.521,19.521,0.163,0.037,19.625,19.462
19.522,19.522,0.163,0.037,19.625,19.462
19.522,19.522,0.163,0.037,19.625,19.462
19.522,19.522,0.163,0.037,19.625,19.462
19.522,19.522,0.163,0.037,19.625,19.462
19.523,19.523,0.163,0.038,19.625,19.462
19.523,19.523,0.163,0.038,19.625,19.462
19.524,19.524,0.163,0.038,19.625,19.462
19.523,19.523,0.163,0.038,19.625,19.462
19.521,19.521,0.163,0.037,19.625,19.462
19.522,19.522,0.163,0.036,19.625,19.462
19.52,19.52,0.163,0.034,19.625,19.462
19.521,19.521,0.163,0.034,19.625,19.462
19.52,19.52,0.163,0.034,19.625,19.462
19.519,19.519,0.163,0.034,19.625,19.462
19.519,19.519,0.163,0.034,19.625,19.462
19.519,19.519,0.163,0.034,19.625,19.462
19.52,19.52,0.163,0.035,19.625,19.462
19.52,19.52,0.163,0.035,19.625,19.462
19.52,19.52,0.163,0.035,19.625,19.462
19.52,19.52,0.163,0.035,19.625,19.462
19.521,19.521,0.163,0.034,19.625,19.462
19.52,19.52,0.163,0.034,19.625,19.462
19.52,19.52,0.163,0.034,19.625,19.462
19.521,19.521,0.163,0.034,19.625,19.462
19.52,19.52,0.163,0.034,19.625,19.462
19.519,19.519,0.163,0.033,19.625,19.462
19.519,19.519,0.163,0.034,19.625,19.462
19.52,19.52,0.158,0.033,19.625,19.467
19.52,19.52,0.158,0.033,19.625,19.467
19.521,19.521,0.158,0.033,19.625,19.467
19.522,19.522,0.158,0.034,19.625,19.467
19.522,19.522,0.158,0.033,19.625,19.467
19.522,19.522,0.158,0.033,19.625,19.467
19.522,19.522,0.158,0.033,19.625,19.467
19.521,19.521,0.158,0.034,19.625,19.467
19.521,19.522,0.158,0.034,19.625,19.467
19.522,19.522,0.158,0.033,19.625,19.467
19.523,19.523,0.158,0.034,19.625,19.467
19.523,19.523,0.158,0.034,19.625,19.467
19.523,19.523,0.158,0.034,19.625,19.467
19.523,19.523,0.158,0.034,19.625,19.467
19.522,19.522,0.158,0.034,19.625,19.467
19.523,19.523,0.158,0.034,19.625,19.467
19.523,19.523,0.158,0.034,19.625,19.467
19.521,19.521,0.158,0.032,19.625,19.467
19.521,19.521,0.158,0.032,19.625,19.467
19.52,19.52,0.158,0.032,19.625,19.467
19.52,19.52,0.158,0.032,19.625,19.467
19.52,19.52,0.158,0.032,19.625,19.467
19.52,19.52,0.158,0.032,19.625,19.467
19.521,19.521,0.158,0.033,19.625,19.467
19.521,19.521,0.158,0.032,19.625,19.467
19.521,19.521,0.158,0.032,19.625,19.467
19.521,19.521,0.158,0.032,19.625,19.467
19.52,19.52,0.158,0.032,19.625,19.467
19.52,19.52,0.158,0.031,19.625,19.467
19.52,19.52,0.158,0.031,19.625,19.467
19.52,19.52,0.158,0.031,19.625,19.467
19.521,19.521,0.158,0.032,19.625,19.467
19.522,19.522,0.158,0.032,19.625,19.467
19.523,19.523,0.149,0.031,19.625,19.476
19.522,19.522,0.149,0.031,19.625,19.476
19.523,19.523,0.149,0.031,19.625,19.476
19.523,19.523,0.149,0.031,19.625,19.476
19.522,19.522,0.149,0.032,19.625,19.476
19.522,19.522,0.149,0.032,19.625,19.476
19.522,19.522,0.149,0.031,19.625,19.476
19.521,19.521,0.149,0.031,19.625,19.476
19.522,19.522,0.149,0.031,19.625,19.476
19.521,19.521,0.149,0.03,19.625,19.476
19.52,19.52,0.149,0.031,19.625,19.476
19.52,19.52,0.149,0.031,19.625,19.476
19.52,19.52,0.149,0.031,19.625,19.476
19.521,19.521,0.149,0.031,19.625,19.476
19.521,19.521,0.149,0.032,19.625,19.476
19.522,19.522,0.149,0.032,19.625,19.476
19.522,19.522,0.149,0.032,19.625,19.476
19.522,19.522,0.149,0.032,19.625,19.476
19.523,19.523,0.149,0.032,19.625,19.476
19.522,19.522,0.1,0.03,19.576,19.476
19.522,19.522,0.1,0.03,19.576,19.476
19.522,19.522,0.1,0.03,19.576,19.476
19.522,19.522,0.1,0.03,19.576,19.476
19.522,19.522,0.1,0.03,19.576,19.476
19.522,19.522,0.1,0.03,19.576,19.476
19.522,19.522,0.1,0.03,19.576,19.476
19.523,19.523,0.1,0.03,19.576,19.476
19.524,19.524,0.12,0.031,19.596,19.476
19.525,19.525,0.12,0.032,19.596,19.476
19.527,19.527,0.12,0.032,19.596,19.476
19.526,19.526,0.12,0.032,19.596,19.476
19.525,19.525,0.12,0.031,19.596,19.476
19.526,19.526,0.12,0.032,19.596,19.476
19.527,19.527,0.12,0.031,19.596,19.476
19.526,19.526,0.12,0.031,19.596,19.476
19.526,19.527,0.12,0.031,19.596,19.476
19.527,19.527,0.12,0.031,19.596,19.476
19.527,19.527,0.12,0.031,19.596,19.476
19.527,19.527,0.12,0.031,19.596,19.476
19.527,19.527,0.12,0.032,19.596,19.476
19.528,19.528,0.12,0.032,19.596,19.476
19.528,19.528,0.12,0.031,19.596,19.476
19.528,19.528,0.12,0.031,19.596,19.476
19.528,19.528,0.12,0.032,19.596,19.476
19.526,19.526,0.182,0.034,19.596,19.414
19.526,19.526,0.182,0.034,19.596,19.414
19.527,19.527,0.182,0.034,19.596,19.414
19.528,19.528,0.182,0.035,19.596,19.414
19.529,19.529,0.182,0.035,19.596,19.414
19.529,19.529,0.182,0.035,19.596,19.414
19.529,19.529,0.182,0.035,19.596,19.414
19.529,19.53,0.182,0.035,19.596,19.414
19.529,19.529,0.182,0.035,19.596,19.414
19.528,19.528,0.182,0.035,19.596,19.414
19.528,19.528,0.182,0.035,19.596,19.414
19.527,19.527,0.182,0.035,19.596,19.414
19.528,19.528,0.182,0.035,19.596,19.414
19.528,19.528,0.182,0.035,19.596,19.414
19.529,19.529,0.182,0.035,19.596,19.414
19.529,19.529,0.182,0.035,19.596,19.414
19.529,19.529,0.182,0.035,19.596,19.414
19.53,19.53,0.182,0.034,19.596,19.414
19.53,19.53,0.182,0.034,19.596,19.414
19.531,19.531,0.182,0.035,19.596,19.414
19.531,19.531,0.182,0.035,19.596,19.414
19.531,19.531,0.182,0.035,19.596,19.414
19.532,19.532,0.182,0.035,19.596,19.414
19.533,19.533,0.182,0.036,19.596,19.414
19.534,19.534,0.182,0.035,19.596,19.414
19.534,19.534,0.182,0.035,19.596,19.414
19.534,19.534,0.182,0.035,19.596,19.414
19.535,19.535,0.182,0.035,19.596,19.414
19.534,19.534,0.182,0.035,19.596,19.414
19.534,19.534,0.182,0.035,19.596,19.414
19.535,19.535,0.182,0.035,19.596,19.414
19.535,19.535,0.182,0.035,19.596,19.414
19.536,19.536,0.182,0.035,19.596,19.414
19.535,19.535,0.182,0.035,19.596,19.414
19.535,19.535,0.182,0.035,19.596,19.414
19.536,19.536,0.182,0.035,19.596,19.414
19.536,19.536,0.182,0.035,19.596,19.414
19.536,19.536,0.182,0.035,19.596,19.414
19.537,19.537,0.182,0.035,19.596,19.414
19.537,19.537,0.182,0.035,19.596,19.414
19.537,19.537,0.182,0.035,19.596,19.414
19.538,19.538,0.182,0.034,19.596,19.414
19.538,19.538,0.182,0.034,19.596,19.414
19.537,19.537,0.182,0.034,19.596,19.414
19.537,19.537,0.182,0.034,19.596,19.414
19.536,19.536,0.182,0.034,19.596,19.414
19.536,19.536,0.182,0.034,19.596,19.414
19.536,19.536,0.182,0.034,19.596,19.414
19.536,19.536,0.182,0.034,19.596,19.414
19.535,19.535,0.182,0.034,19.596,19.414
19.536,19.536,0.221,0.036,19.635,19.414
19.537,19.537,0.221,0.035,19.635,19.414
19.539,19.539,0.237,0.038,19.651,19.414
19.54,19.54,0.237,0.037,19.651,19.414
19.54,19.541,0.237,0.037,19.651,19.414
19.54,19.54,0.237,0.038,19.651,19.414
19.54,19.54,0.237,0.038,19.651,19.414
19.539,19.539,0.237,0.038,19.651,19.414
19.539,19.539,0.237,0.037,19.651,19.414
19.538,19.538,0.237,0.037,19.651,19.414
19.537,19.537,0.237,0.037,19.651,19.414
19.537,19.537,0.237,0.037,19.651,19.414
19.538,19.539,0.237,0.038,19.651,19.414
19.539,19.539,0.237,0.038,19.651,19.414
19.539,19.539,0.237,0.038,19.651,19.414
19.539,19.539,0.237,0.038,19.651,19.414
19.539,19.539,0.237,0.038,19.651,19.414
19.539,19.539,0.237,0.038,19.651,19.414
19.539,19.539,0.237,0.039,19.651,19.414
19.538,19.538,0.237,0.039,19.651,19.414
19.539,19.54,0.237,0.039,19.651,19.414
19.539,19.539,0.237,0.039,19.651,19.414
19.538,19.538,0.237,0.039,19.651,19.414
19.538,19.538,0.237,0.039,19.651,19.414
19.537,19.537,0.237,0.039,19.651,19.414
19.538,19.538,0.169,0.037,19.651,19.482
19.538,19.538,0.169,0.037,19.651,19.482
19.538,19.538,0.169,0.037,19.651,19.482
19.537,19.537,0.169,0.037,19.651,19.482
19.536,19.536,0.169,0.037,19.651,19.482
19.537,19.537,0.169,0.037,19.651,19.482
19.537,19.537,0.169,0.037,19.651,19.482
19.536,19.536,0.169,0.037,19.651,19.482
19.538,19.538,0.169,0.038,19.651,19.482
19.538,19.538,0.169,0.038,19.651,19.482
19.539,19.539,0.169,0.037,19.651,19.482
19.539,19.54,0.169,0.037,19.651,19.482
19.54,19.54,0.169,0.037,19.651,19.482
19.54,19.54,0.169,0.037,19.651,19.482
19.54,19.54,0.169,0.037,19.651,19.482
19.539,19.54,0.169,0.038,19.651,19.482
19.541,19.541,0.169,0.038,19.651,19.482
19.541,19.541,0.169,0.038,19.651,19.482
19.541,19.541,0.169,0.038,19.651,19.482
19.54,19.54,0.169,0.038,19.651,19.482
19.54,19.54,0.169,0.038,19.651,19.482
19.541,19.541,0.169,0.038,19.651,19.482
19.54,19.54,0.169,0.037,19.651,19.482
19.54,19.54,0.169,0.038,19.651,19.482
19.54,19.54,0.169,0.038,19.651,19.482
19.54,19.541,0.169,0.038,19.651,19.482
19.54,19.54,0.169,0.039,19.651,19.482
19.54,19.54,0.169,0.039,19.651,19.482
19.539,19.54,0.169,0.039,19.651,19.482
19.539,19.539,0.169,0.039,19.651,19.482
19.538,19.538,0.169,0.039,19.651,19.482
19.537,19.537,0.169,0.039,19.651,19.482
19.536,19.536,0.169,0.039,19.651,19.482
19.536,19.537,0.169,0.039,19.651,19.482
19.537,19.537,0.169,0.039,19.651,19.482
19.537,19.537,0.169,0.039,19.651,19.482
19.537,19.537,0.169,0.039,19.651,19.482
19.537,19.537,0.169,0.039,19.651,19.482
19.537,19.538,0.169,0.039,19.651,19.482
19.538,19.538,0.169,0.039,19.651,19.482
19.538,19.538,0.169,0.039,19.651,19.482
19.54,19.54,0.169,0.041,19.651,19.482
19.539,19.539,0.169,0.041,19.651,19.482
19.54,19.54,0.169,0.041,19.651,19.482
19.539,19.539,0.169,0.042,19.651,19.482
19.54,19.54,0.169,0.042,19.651,19.482
19.539,19.539,0.169,0.042,19.651,19.482
19.541,19.541,0.169,0.043,19.651,19.482
19.543,19.543,0.169,0.045,19.651,19.482
19.543,19.543,0.169,0.045,19.651,19.482
19.542,19.542,0.169,0.043,19.651,19.482
19.542,19.542,0.169,0.043,19.651,19.482
19.54,19.54,0.159,0.042,19.641,19.482
19.541,19.541,0.163,0.043,19.645,19.482
19.54,19.54,0.163,0.043,19.645,19.482
19.54,19.54,0.163,0.043,19.645,19.482
19.541,19.541,0.163,0.043,19.645,19.482
19.541,19.541,0.163,0.043,19.645,19.482
19.54,19.54,0.163,0.043,19.645,19.482
19.541,19.541,0.163,0.043,19.645,19.482
19.541,19.541,0.163,0.043,19.645,19.482
19.542,19.542,0.163,0.043,19.645,19.482
19.541,19.541,0.163,0.042,19.645,19.482
19.54,19.54,0.163,0.042,19.645,19.482
19.541,19.541,0.163,0.042,19.645,19.482
19.542,19.542,0.163,0.042,19.645,19.482
19.54,19.54,0.163,0.042,19.645,19.482
19.54,19.54,0.163,0.042,19.645,19.482
19.54,19.54,0.163,0.042,19.645,19.482
19.54,19.54,0.163,0.041,19.645,19.482
19.539,19.539,0.163,0.041,19.645,19.482
19.54,19.54,0.163,0.041,19.645,19.482
19.541,19.541,0.163,0.041,19.645,19.482
19.542,19.542,0.163,0.041,19.645,19.482
19.542,19.542,0.157,0.041,19.645,19.488
19.542,19.543,0.157,0.041,19.645,19.488
19.543,19.543,0.157,0.041,19.645,19.488
19.543,19.543,0.157,0.041,19.645,19.488
19.544,19.544,0.157,0.04,19.645,19.488
19.544,19.545,0.157,0.04,19.645,19.488
19.544,19.544,0.157,0.04,19.645,19.488
19.544,19.544,0.157,0.041,19.645,19.488
19.545,19.545,0.157,0.042,19.645,19.488
19.543,19.543,0.157,0.041,19.645,19.488
19.543,19.543,0.157,0.041,19.645,19.488
19.543,19.543,0.157,0.041,19.645,19.488
19.543,19.543,0.157,0.042,19.645,19.488
19.543,19.543,0.157,0.042,19.645,19.488
19.544,19.544,0.157,0.042,19.645,19.488
19.544,19.544,0.157,0.042,19.645,19.488
19.544,19.544,0.157,0.041,19.645,19.488
19.544,19.544,0.157,0.041,19.645,19.488
19.544,19.544,0.157,0.041,19.645,19.488
19.544,19.544,0.157,0.041,19.645,19.488
19.545,19.545,0.157,0.041,19.645,19.488
19.544,19.544,0.157,0.041,19.645,19.488
19.543,19.543,0.157,0.041,19.645,19.488
19.543,19.543,0.157,0.041,19.645,19.488
19.542,19.542,0.157,0.04,19.645,19.488
19.542,19.542,0.157,0.04,19.645,19.488
19.542,19.542,0.157,0.04,19.645,19.488
19.542,19.542,0.157,0.04,19.645,19.488
19.543,19.543,0.157,0.04,19.645,19.488
19.543,19.543,0.157,0.04,19.645,19.488
19.544,19.544,0.157,0.04,19.645,19.488
19.544,19.544,0.157,0.04,19.645,19.488
19.544,19.544,0.157,0.039,19.645,19.488
19.545,19.545,0.157,0.039,19.645,19.488
19.545,19.545,0.157,0.039,19.645,19.488
19.545,19.545,0.157,0.039,19.645,19.488
19.544,19.544,0.157,0.04,19.645,19.488
19.544,19.544,0.157,0.039,19.645,19.488
19.544,19.544,0.157,0.039,19.645,19.488
19.543,19.543,0.157,0.039,19.645,19.488
19.543,19.543,0.157,0.04,19.645,19.488
19.543,19.543,0.157,0.04,19.645,19.488
19.542,19.542,0.157,0.038,19.645,19.488
19.542,19.542,0.157,0.038,19.645,19.488
19.543,19.543,0.157,0.038,19.645,19.488
19.544,19.544,0.157,0.038,19.645,19.488
19.544,19.544,0.157,0.038,19.645,19.488
19.545,19.545,0.157,0.038,19.645,19.488
19.544,19.544,0.157,0.036,19.645,19.488
19.543,19.543,0.157,0.034,19.645,19.488
19.542,19.542,0.157,0.034,19.645,19.488
19.543,19.543,0.157,0.035,19.645,19.488
19.543,19.543,0.157,0.035,19.645,19.488
19.544,19.544,0.157,0.035,19.645,19.488
19.543,19.543,0.151,0.033,19.639,19.488
19.543,19.543,0.151,0.033,19.639,19.488
19.543,19.543,0.151,0.033,19.639,19.488
19.543,19.543,0.151,0.033,19.639,19.488
19.544,19.544,0.151,0.033,19.639,19.488
19.545,19.545,0.151,0.033,19.639,19.488
19.545,19.545,0.151,0.033,19.639,19.488
19.545,19.545,0.151,0.033,19.639,19.488
19.545,19.545,0.151,0.033,19.639,19.488
19.545,19.545,0.151,0.033,19.639,19.488
19.546,19.546,0.151,0.033,19.639,19.488
19.546,19.546,0.151,0.033,19.639,19.488
19.546,19.546,0.151,0.033,19.639,19.488
19.546,19.546,0.151,0.033,19.639,19.488
19.546,19.546,0.151,0.033,19.639,19.488
19.547,19.547,0.151,0.033,19.639,19.488
19.548,19.548,0.151,0.033,19.639,19.488
19.549,19.549,0.148,0.032,19.639,19.491
19.549,19.549,0.148,0.032,19.639,19.491
19.549,19.549,0.148,0.032,19.639,19.491
19.549,19.549,0.148,0.032,19.639,19.491
19.549,19.55,0.148,0.032,19.639,19.491
19.549,19.549,0.148,0.033,19.639,19.491
19.549,19.549,0.148,0.033,19.639,19.491
19.548,19.548,0.148,0.033,19.639,19.491
19.548,19.549,0.148,0.033,19.639,19.491
19.548,19.548,0.148,0.033,19.639,19.491
19.549,19.549,0.148,0.033,19.639,19.491
19.55,19.55,0.148,0.032,19.639,19.491
19.549,19.549,0.108,0.031,19.599,19.491
19.55,19.55,0.104,0.03,19.599,19.495
19.55,19.55,0.104,0.029,19.599,19.495
19.551,19.551,0.104,0.029,19.599,19.495
19.551,19.551,0.104,0.029,19.599,19.495
19.551,19.551,0.104,0.029,19.599,19.495
19.55,19.55,0.104,0.029,19.599,19.495
19.549,19.549,0.104,0.03,19.599,19.495
19.549,19.549,0.102,0.029,19.599,19.497
19.549,19.549,0.102,0.03,19.599,19.497
19.549,19.549,0.102,0.03,19.599,19.497
19.548,19.548,0.102,0.03,19.599,19.497
19.548,19.548,0.102,0.03,19.599,19.497
19.548,19.548,0.102,0.03,19.599,19.497
19.549,19.549,0.102,0.029,19.599,19.497
19.549,19.549,0.102,0.029,19.599,19.497
19.55,19.55,0.102,0.03,19.599,19.497
19.55,19.55,0.104,0.03,19.599,19.495
19.549,19.549,0.104,0.03,19.599,19.495
19.549,19.549,0.104,0.03,19.599,19.495
19.548,19.548,0.152,0.032,19.599,19.447
19.548,19.548,0.152,0.032,19.599,19.447
19.548,19.548,0.152,0.033,19.599,19.447
19.549,19.549,0.152,0.033,19.599,19.447
19.548,19.548,0.152,0.034,19.599,19.447
19.547,19.547,0.152,0.034,19.599,19.447
19.548,19.548,0.152,0.034,19.599,19.447
19.547,19.547,0.152,0.034,19.599,19.447
19.548,19.548,0.152,0.034,19.599,19.447
19.549,19.549,0.152,0.034,19.599,19.447
19.548,19.548,0.152,0.034,19.599,19.447
19.549,19.549,0.152,0.034,19.599,19.447
19.548,19.548,0.15,0.033,19.597,19.447
19.548,19.548,0.15,0.034,19.597,19.447
19.546,19.546,0.162,0.036,19.597,19.435
19.547,19.547,0.162,0.036,19.597,19.435
19.547,19.547,0.163,0.036,19.598,19.435
19.547,19.547,0.163,0.036,19.598,19.435
19.547,19.547,0.163,0.036,19.598,19.435
19.548,19.548,0.163,0.037,19.598,19.435
19.547,19.547,0.163,0.037,19.598,19.435
19.545,19.546,0.163,0.038,19.598,19.435
19.546,19.546,0.163,0.038,19.598,19.435
19.545,19.545,0.163,0.038,19.598,19.435
19.545,19.545,0.163,0.038,19.598,19.435
19.544,19.544,0.163,0.038,19.598,19.435
19.544,19.544,0.163,0.038,19.598,19.435
19.545,19.545,0.163,0.038,19.598,19.435
19.546,19.546,0.163,0.038,19.598,19.435
19.546,19.546,0.163,0.038,19.598,19.435
19.545,19.546,0.163,0.038,19.598,19.435
19.545,19.545,0.163,0.038,19.598,19.435
19.545,19.545,0.163,0.038,19.598,19.435
19.545,19.545,0.163,0.038,19.598,19.435
19.544,19.544,0.163,0.038,19.598,19.435
19.544,19.544,0.163,0.038,19.598,19.435
19.543,19.543,0.163,0.038,19.598,19.435
19.543,19.543,0.163,0.038,19.598,19.435
19.542,19.542,0.163,0.038,19.598,19.435
19.543,19.543,0.163,0.038,19.598,19.435
19.543,19.543,0.163,0.038,19.598,19.435
19.543,19.543,0.163,0.038,19.598,19.435
19.542,19.542,0.163,0.037,19.598,19.435
19.541,19.541,0.163,0.037,19.598,19.435
19.54,19.54,0.163,0.037,19.598,19.435
19.54,19.54,0.163,0.037,19.598,19.435
19.541,19.541,0.163,0.038,19.598,19.435
19.541,19.541,0.163,0.037,19.598,19.435
19.541,19.541,0.163,0.037,19.598,19.435
19.54,19.54,0.163,0.037,19.598,19.435
19.541,19.541,0.163,0.038,19.598,19.435
19.54,19.54,0.163,0.037,19.598,19.435
19.541,19.541,0.163,0.037,19.598,19.435
19.539,19.539,0.164,0.039,19.598,19.434
19.538,19.538,0.164,0.039,19.598,19.434
19.537,19.537,0.164,0.04,19.598,19.434
19.536,19.536,0.164,0.04,19.598,19.434
19.537,19.537,0.164,0.04,19.598,19.434
19.537,19.537,0.164,0.041,19.598,19.434
19.537,19.537,0.164,0.041,19.598,19.434
19.537,19.537,0.164,0.041,19.598,19.434
19.537,19.537,0.164,0.041,19.598,19.434
19.536,19.536,0.164,0.042,19.598,19.434
19.536,19.536,0.164,0.042,19.598,19.434
19.536,19.536,0.17,0.043,19.604,19.434
19.536,19.536,0.17,0.043,19.604,19.434
19.537,19.537,0.17,0.043,19.604,19.434
19.538,19.538,0.17,0.043,19.604,19.434
19.538,19.538,0.17,0.043,19.604,19.434
19.538,19.538,0.17,0.043,19.604,19.434
19.538,19.538,0.17,0.043,19.604,19.434
19.538,19.538,0.17,0.043,19.604,19.434
19.539,19.539,0.17,0.043,19.604,19.434
19.54,19.54,0.17,0.043,19.604,19.434
19.538,19.538,0.186,0.045,19.604,19.418
19.54,19.54,0.186,0.044,19.604,19.418
19.54,19.54,0.186,0.044,19.604,19.418
19.541,19.541,0.186,0.044,19.604,19.418
19.54,19.54,0.186,0.044,19.604,19.418
19.541,19.541,0.186,0.042,19.604,19.418
19.541,19.541,0.186,0.042,19.604,19.418
19.542,19.542,0.186,0.043,19.604,19.418
19.542,19.542,0.186,0.043,19.604,19.418
19.542,19.542,0.186,0.043,19.604,19.418
19.541,19.542,0.186,0.043,19.604,19.418
19.542,19.543,0.186,0.043,19.604,19.418
19.542,19.542,0.186,0.043,19.604,19.418
19.543,19.543,0.186,0.043,19.604,19.418
19.542,19.542,0.186,0.043,19.604,19.418
19.544,19.544,0.186,0.042,19.604,19.418
19.543,19.543,0.186,0.043,19.604,19.418
19.542,19.542,0.186,0.042,19.604,19.418
19.541,19.541,0.186,0.042,19.604,19.418
19.541,19.541,0.186,0.042,19.604,19.418
19.539,19.539,0.186,0.044,19.604,19.418
19.54,19.54,0.186,0.044,19.604,19.418
19.542,19.542,0.186,0.043,19.604,19.418
19.543,19.543,0.186,0.043,19.604,19.418
19.542,19.542,0.186,0.045,19.604,19.418
19.542,19.542,0.186,0.045,19.604,19.418
19.542,19.542,0.186,0.045,19.604,19.418
19.541,19.541,0.186,0.045,19.604,19.418
19.541,19.541,0.186,0.045,19.604,19.418
19.539,19.539,0.186,0.046,19.604,19.418
19.539,19.539,0.186,0.046,19.604,19.418
19.54,19.54,0.186,0.046,19.604,19.418
19.54,19.54,0.186,0.046,19.604,19.418
19.54,19.54,0.186,0.046,19.604,19.418
19.541,19.541,0.186,0.047,19.604,19.418
19.54,19.54,0.186,0.048,19.604,19.418
19.541,19.541,0.186,0.048,19.604,19.418
19.541,19.541,0.186,0.048,19.604,19.418
19.541,19.541,0.186,0.048,19.604,19.418
19.541,19.541,0.186,0.048,19.604,19.418
19.54,19.54,0.186,0.049,19.604,19.418
19.54,19.541,0.186,0.049,19.604,19.418
19.541,19.541,0.186,0.049,19.604,19.418
19.541,19.541,0.186,0.049,19.604,19.418
19.542,19.542,0.186,0.049,19.604,19.418
19.542,19.542,0.186,0.049,19.604,19.418
19.542,19.542,0.186,0.049,19.604,19.418
19.541,19.541,0.186,0.049,19.604,19.418
19.541,19.541,0.186,0.049,19.604,19.418
19.542,19.542,0.186,0.049,19.604,19.418
19.543,19.543,0.186,0.049,19.604,19.418
19.542,19.542,0.186,0.049,19.604,19.418
19.542,19.542,0.186,0.049,19.604,19.418
19.542,19.542,0.186,0.048,19.604,19.418
19.543,19.543,0.186,0.047,19.604,19.418
19.542,19.542,0.186,0.047,19.604,19.418
19.543,19.543,0.186,0.046,19.604,19.418
19.544,19.544,0.186,0.046,19.604,19.418
19.544,19.545,0.2,0.047,19.618,19.418
19.544,19.544,0.2,0.047,19.618,19.418
19.544,19.544,0.2,0.047,19.618,19.418
19.543,19.543,0.2,0.047,19.618,19.418
19.543,19.543,0.2,0.047,19.618,19.418
19.543,19.544,0.2,0.046,19.618,19.418
19.543,19.543,0.2,0.046,19.618,19.418
19.541,19.541,0.2,0.047,19.618,19.418
19.541,19.541,0.2,0.047,19.618,19.418
19.54,19.54,0.2,0.047,19.618,19.418
19.539,19.539,0.2,0.047,19.618,19.418
19.539,19.539,0.2,0.047,19.618,19.418
19.54,19.54,0.2,0.048,19.618,19.418
19.54,19.54,0.2,0.048,19.618,19.418
19.539,19.539,0.2,0.048,19.618,19.418
19.538,19.538,0.2,0.048,19.618,19.418
19.538,19.538,0.2,0.047,19.618,19.418
19.54,19.54,0.184,0.045,19.618,19.434
19.54,19.54,0.184,0.045,19.618,19.434
19.54,19.54,0.184,0.045,19.618,19.434
19.54,19.541,0.184,0.046,19.618,19.434
19.54,19.54,0.184,0.046,19.618,19.434
19.54,19.54,0.184,0.046,19.618,19.434
19.541,19.541,0.184,0.046,19.618,19.434
19.541,19.541,0.184,0.046,19.618,19.434
19.542,19.542,0.184,0.046,19.618,19.434
19.541,19.541,0.184,0.045,19.618,19.434
19.54,19.54,0.184,0.046,19.618,19.434
19.54,19.54,0.184,0.045,19.618,19.434
19.54,19.54,0.184,0.045,19.618,19.434
19.539,19.539,0.184,0.045,19.618,19.434
19.539,19.539,0.184,0.046,19.618,19.434
19.539,19.539,0.184,0.046,19.618,19.434
19.54,19.54,0.184,0.045,19.618,19.434
19.54,19.54,0.184,0.045,19.618,19.434
19.541,19.541,0.184,0.045,19.618,19.434
19.54,19.54,0.184,0.044,19.618,19.434
19.541,19.541,0.18,0.043,19.618,19.438
19.541,19.541,0.18,0.043,19.618,19.438
19.541,19.541,0.18,0.042,19.618,19.438
19.54,19.54,0.18,0.042,19.618,19.438
19.541,19.541,0.18,0.041,19.618,19.438
19.541,19.541,0.18,0.041,19.618,19.438
19.542,19.542,0.18,0.041,19.618,19.438
19.542,19.542,0.18,0.04,19.618,19.438
19.542,19.542,0.18,0.041,19.618,19.438
19.544,19.544,0.18,0.039,19.618,19.438
19.544,19.544,0.18,0.039,19.618,19.438
19.544,19.544,0.18,0.039,19.618,19.438
19.543,19.543,0.18,0.039,19.618,19.438
19.542,19.542,0.18,0.039,19.618,19.438
19.541,19.541,0.18,0.039,19.618,19.438
19.541,19.542,0.18,0.038,19.618,19.438
19.54,19.54,0.18,0.038,19.618,19.438
19.54,19.54,0.18,0.038,19.618,19.438
19.54,19.54,0.18,0.038,19.618,19.438
19.54,19.54,0.18,0.038,19.618,19.438
19.542,19.542,0.18,0.037,19.618,19.438
19.542,19.542,0.18,0.037,19.618,19.438
19.541,19.541,0.18,0.037,19.618,19.438
19.54,19.54,0.18,0.038,19.618,19.438
19.54,19.54,0.18,0.038,19.618,19.438
19.54,19.54,0.18,0.038,19.618,19.438
19.539,19.539,0.18,0.038,19.618,19.438
19.538,19.538,0.18,0.039,19.618,19.438
19.537,19.537,0.18,0.039,19.618,19.438
19.536,19.536,0.18,0.039,19.618,19.438
19.536,19.536,0.18,0.039,19.618,19.438
19.537,19.537,0.18,0.039,19.618,19.438
19.537,19.537,0.18,0.039,19.618,19.438
19.536,19.536,0.18,0.039,19.618,19.438
19.536,19.536,0.18,0.039,19.618,19.438
19.537,19.537,0.18,0.039,19.618,19.438
19.538,19.538,0.18,0.039,19.618,19.438
19.536,19.537,0.18,0.039,19.618,19.438
19.536,19.536,0.178,0.038,19.616,19.438
19.535,19.535,0.178,0.038,19.616,19.438
19.536,19.536,0.178,0.038,19.616,19.438
19.536,19.537,0.178,0.037,19.616,19.438
19.536,19.536,0.178,0.037,19.616,19.438
19.537,19.537,0.178,0.037,19.616,19.438
19.538,19.538,0.178,0.037,19.616,19.438
19.539,19.539,0.15,0.036,19.616,19.466
19.539,19.539,0.15,0.036,19.616,19.466
19.54,19.54,0.142,0.035,19.616,19.474
19.539,19.539,0.142,0.035,19.616,19.474
19.539,19.539,0.142,0.035,19.616,19.474
19.538,19.538,0.142,0.035,19.616,19.474
19.539,19.539,0.142,0.035,19.616,19.474
19.539,19.539,0.142,0.034,19.616,19.474
19.539,19.539,0.142,0.034,19.616,19.474
19.539,19.54,0.142,0.035,19.616,19.474
19.54,19.54,0.156,0.037,19.63,19.474
19.539,19.539,0.156,0.037,19.63,19.474
19.54,19.54,0.172,0.038,19.646,19.474
19.54,19.54,0.172,0.038,19.646,19.474
19.541,19.541,0.172,0.038,19.646,19.474
19.541,19.541,0.172,0.038,19.646,19.474
19.54,19.54,0.172,0.039,19.646,19.474
19.539,19.539,0.172,0.039,19.646,19.474
19.538,19.538,0.172,0.039,19.646,19.474
19.538,19.538,0.172,0.039,19.646,19.474
19.539,19.539,0.172,0.039,19.646,19.474
19.539,19.539,0.172,0.039,19.646,19.474
19.54,19.54,0.172,0.039,19.646,19.474
19.541,19.541,0.172,0.038,19.646,19.474
19.542,19.542,0.172,0.038,19.646,19.474
19.541,19.541,0.172,0.037,19.646,19.474
19.541,19.541,0.172,0.038,19.646,19.474
19.541,19.541,0.172,0.038,19.646,19.474
19.54,19.54,0.172,0.038,19.646,19.474
19.54,19.54,0.172,0.038,19.646,19.474
19.539,19.54,0.172,0.038,19.646,19.474
19.54,19.54,0.172,0.039,19.646,19.474
19.54,19.54,0.172,0.039,19.646,19.474
19.54,19.54,0.172,0.039,19.646,19.474
19.54,19.54,0.172,0.039,19.646,19.474
19.54,19.54,0.172,0.04,19.646,19.474
19.54,19.54,0.172,0.04,19.646,19.474
19.539,19.539,0.172,0.04,19.646,19.474
19.539,19.539,0.172,0.04,19.646,19.474
19.539,19.539,0.172,0.04,19.646,19.474
19.539,19.539,0.172,0.04,19.646,19.474
19.539,19.539,0.172,0.04,19.646,19.474
19.54,19.54,0.172,0.04,19.646,19.474
19.54,19.54,0.172,0.039,19.646,19.474
19.541,19.541,0.172,0.039,19.646,19.474
19.542,19.543,0.172,0.039,19.646,19.474
19.542,19.542,0.172,0.039,19.646,19.474
19.543,19.543,0.172,0.039,19.646,19.474
19.543,19.543,0.172,0.039,19.646,19.474
19.543,19.543,0.172,0.039,19.646,19.474
19.543,19.543,0.172,0.038,19.646,19.474
19.543,19.543,0.172,0.038,19.646,19.474
19.543,19.543,0.172,0.038,19.646,19.474
19.544,19.544,0.172,0.038,19.646,19.474
19.545,19.545,0.172,0.038,19.646,19.474
19.545,19.545,0.172,0.038,19.646,19.474
19.546,19.546,0.166,0.037,19.646,19.48
19.548,19.548,0.166,0.038,19.646,19.48
19.549,19.549,0.164,0.038,19.646,19.482
19.55,19.55,0.164,0.038,19.646,19.482
19.549,19.549,0.164,0.038,19.646,19.482
19.55,19.55,0.164,0.038,19.646,19.482
19.55,19.55,0.164,0.038,19.646,19.482
19.551,19.551,0.164,0.038,19.646,19.482
19.551,19.551,0.164,0.039,19.646,19.482
19.55,19.55,0.164,0.039,19.646,19.482
19.549,19.549,0.164,0.039,19.646,19.482
19.55,19.55,0.164,0.039,19.646,19.482
19.551,19.551,0.164,0.039,19.646,19.482
19.55,19.55,0.172,0.04,19.646,19.474
19.549,19.549,0.172,0.04,19.646,19.474
19.55,19.55,0.172,0.041,19.646,19.474
19.55,19.55,0.172,0.042,19.646,19.474
19.549,19.549,0.172,0.042,19.646,19.474
19.548,19.548,0.172,0.042,19.646,19.474
19.548,19.548,0.172,0.042,19.646,19.474
19.549,19.55,0.172,0.042,19.646,19.474
19.549,19.549,0.172,0.042,19.646,19.474
19.549,19.549,0.172,0.042,19.646,19.474
19.549,19.549,0.172,0.042,19.646,19.474
19.547,19.547,0.174,0.043,19.646,19.472
19.546,19.546,0.174,0.043,19.646,19.472
19.546,19.546,0.174,0.044,19.646,19.472
19.546,19.546,0.174,0.044,19.646,19.472
19.545,19.545,0.174,0.043,19.646,19.472
19.544,19.544,0.174,0.043,19.646,19.472
19.544,19.544,0.174,0.042,19.646,19.472
19.542,19.542,0.174,0.041,19.646,19.472
19.541,19.541,0.174,0.041,19.646,19.472
19.54,19.54,0.174,0.042,19.646,19.472
19.539,19.539,0.174,0.042,19.646,19.472
19.539,19.539,0.174,0.042,19.646,19.472
19.539,19.539,0.174,0.042,19.646,19.472
19.541,19.541,0.174,0.042,19.646,19.472
19.54,19.54,0.174,0.043,19.646,19.472
19.54,19.54,0.174,0.042,19.646,19.472
19.539,19.539,0.174,0.043,19.646,19.472
19.537,19.537,0.174,0.043,19.646,19.472
19.537,19.537,0.174,0.044,19.646,19.472
19.538,19.538,0.177,0.045,19.649,19.472
19.538,19.538,0.177,0.045,19.649,19.472
19.537,19.537,0.192,0.046,19.649,19.457
19.537,19.537,0.192,0.046,19.649,19.457
19.537,19.537,0.192,0.046,19.649,19.457
19.538,19.538,0.192,0.047,19.649,19.457
19.538,19.538,0.192,0.047,19.649,19.457
19.536,19.536,0.192,0.045,19.649,19.457
19.537,19.537,0.192,0.045,19.649,19.457
19.538,19.538,0.192,0.045,19.649,19.457
19.537,19.537,0.192,0.046,19.649,19.457
19.535,19.536,0.192,0.045,19.649,19.457
19.535,19.536,0.192,0.045,19.649,19.457
19.536,19.536,0.192,0.045,19.649,19.457
19.535,19.536,0.192,0.045,19.649,19.457
19.534,19.535,0.192,0.045,19.649,19.457
19.534,19.534,0.192,0.045,19.649,19.457
19.533,19.533,0.192,0.045,19.649,19.457
19.532,19.532,0.192,0.045,19.649,19.457
19.532,19.532,0.192,0.045,19.649,19.457
19.531,19.531,0.192,0.045,19.649,19.457
19.53,19.53,0.192,0.045,19.649,19.457
19.529,19.529,0.192,0.045,19.649,19.457
19.53,19.53,0.192,0.045,19.649,19.457
19.529,19.529,0.192,0.045,19.649,19.457
19.528,19.528,0.192,0.045,19.649,19.457
19.528,19.528,0.192,0.045,19.649,19.457
19.527,19.527,0.192,0.045,19.649,19.457
19.528,19.528,0.192,0.045,19.649,19.457
19.528,19.528,0.192,0.045,19.649,19.457
19.527,19.527,0.192,0.044,19.649,19.457
19.527,19.527,0.192,0.044,19.649,19.457
19.527,19.527,0.192,0.044,19.649,19.457
19.526,19.526,0.192,0.042,19.649,19.457
19.524,19.525,0.192,0.042,19.649,19.457
19.524,19.524,0.192,0.042,19.649,19.457
19.523,19.524,0.192,0.042,19.649,19.457
19.523,19.523,0.192,0.041,19.649,19.457
19.523,19.523,0.192,0.041,19.649,19.457
19.523,19.523,0.192,0.041,19.649,19.457
19.523,19.523,0.192,0.041,19.649,19.457
19.524,19.524,0.192,0.041,19.649,19.457
19.524,19.524,0.192,0.041,19.649,19.457
19.524,19.524,0.192,0.041,19.649,19.457
19.523,19.523,0.192,0.04,19.649,19.457
19.523,19.523,0.192,0.04,19.649,19.457
19.524,19.524,0.192,0.04,19.649,19.457
19.523,19.523,0.192,0.038,19.649,19.457
19.524,19.524,0.192,0.038,19.649,19.457
19.523,19.523,0.192,0.039,19.649,19.457
19.524,19.524,0.192,0.038,19.649,19.457
19.525,19.525,0.192,0.039,19.649,19.457
19.525,19.525,0.192,0.038,19.649,19.457
19.524,19.524,0.192,0.038,19.649,19.457
19.525,19.525,0.192,0.038,19.649,19.457
19.526,19.526,0.192,0.039,19.649,19.457
19.527,19.527,0.192,0.039,19.649,19.457
19.528,19.528,0.192,0.038,19.649,19.457
19.529,19.529,0.192,0.038,19.649,19.457
19.528,19.528,0.192,0.038,19.649,19.457
19.527,19.527,0.192,0.038,19.649,19.457
19.527,19.527,0.192,0.038,19.649,19.457
19.528,19.528,0.192,0.038,19.649,19.457
19.528,19.528,0.192,0.037,19.649,19.457
19.529,19.529,0.192,0.037,19.649,19.457
19.53,19.53,0.192,0.037,19.649,19.457
19.529,19.529,0.192,0.037,19.649,19.457
19.53,19.53,0.192,0.037,19.649,19.457
19.53,19.53,0.192,0.038,19.649,19.457
19.528,19.528,0.192,0.037,19.649,19.457
19.529,19.529,0.192,0.037,19.649,19.457
19.528,19.528,0.224,0.039,19.649,19.425
19.528,19.528,0.224,0.038,19.649,19.425
19.528,19.528,0.224,0.038,19.649,19.425
19.528,19.528,0.224,0.038,19.649,19.425
19.527,19.527,0.171,0.035,19.596,19.425
19.526,19.526,0.171,0.035,19.596,19.425
19.527,19.527,0.171,0.034,19.596,19.425
19.526,19.526,0.171,0.034,19.596,19.425
19.527,19.527,0.171,0.034,19.596,19.425
19.525,19.525,0.16,0.035,19.585,19.425
19.526,19.526,0.16,0.034,19.585,19.425
19.526,19.526,0.16,0.034,19.585,19.425
19.526,19.526,0.16,0.034,19.585,19.425
19.525,19.525,0.16,0.034,19.585,19.425
19.526,19.526,0.16,0.034,19.585,19.425
19.526,19.526,0.16,0.034,19.585,19.425
19.525,19.525,0.16,0.034,19.585,19.425
19.525,19.525,0.16,0.034,19.585,19.425
19.525,19.525,0.16,0.034,19.585,19.425
19.525,19.525,0.16,0.034,19.585,19.425
19.525,19.525,0.16,0.034,19.585,19.425
19.526,19.526,0.16,0.033,19.585,19.425
19.526,19.526,0.16,0.033,19.585,19.425
19.526,19.526,0.16,0.033,19.585,19.425
19.527,19.527,0.16,0.033,19.585,19.425
19.527,19.527,0.16,0.033,19.585,19.425
19.528,19.528,0.16,0.033,19.585,19.425
19.528,19.528,0.16,0.032,19.585,19.425
19.528,19.528,0.16,0.033,19.585,19.425
19.527,19.528,0.16,0.033,19.585,19.425
19.528,19.528,0.16,0.033,19.585,19.425
19.529,19.529,0.169,0.034,19.594,19.425
19.528,19.528,0.169,0.034,19.594,19.425
19.527,19.527,0.169,0.035,19.594,19.425
19.527,19.527,0.169,0.035,19.594,19.425
19.526,19.526,0.169,0.035,19.594,19.425
19.526,19.526,0.169,0.035,19.594,19.425
19.526,19.526,0.169,0.035,19.594,19.425
19.526,19.526,0.169,0.035,19.594,19.425
19.525,19.525,0.174,0.037,19.594,19.42
19.525,19.525,0.174,0.038,19.594,19.42
19.524,19.524,0.174,0.038,19.594,19.42
19.523,19.523,0.174,0.038,19.594,19.42
19.523,19.523,0.174,0.038,19.594,19.42
19.524,19.524,0.174,0.038,19.594,19.42
19.524,19.524,0.174,0.038,19.594,19.42
19.523,19.523,0.174,0.038,19.594,19.42
19.524,19.524,0.174,0.039,19.594,19.42
19.524,19.524,0.174,0.039,19.594,19.42
19.524,19.524,0.174,0.039,19.594,19.42
19.523,19.523,0.174,0.038,19.594,19.42
19.523,19.523,0.174,0.039,19.594,19.42
19.522,19.522,0.174,0.039,19.594,19.42
19.522,19.522,0.181,0.04,19.594,19.413
19.522,19.522,0.181,0.04,19.594,19.413
19.522,19.522,0.181,0.041,19.594,19.413
19.521,19.521,0.181,0.04,19.594,19.413
19.522,19.522,0.181,0.041,19.594,19.413
19.522,19.522,0.181,0.041,19.594,19.413
19.522,19.522,0.181,0.041,19.594,19.413
19.521,19.521,0.181,0.04,19.594,19.413
19.521,19.521,0.188,0.041,19.601,19.413
19.522,19.522,0.188,0.042,19.601,19.413
19.523,19.523,0.194,0.043,19.607,19.413
19.524,19.524,0.194,0.043,19.607,19.413
19.522,19.522,0.194,0.044,19.607,19.413
19.522,19.522,0.194,0.044,19.607,19.413
19.523,19.523,0.194,0.044,19.607,19.413
19.521,19.521,0.194,0.045,19.607,19.413
19.521,19.521,0.194,0.045,19.607,19.413
19.523,19.523,0.194,0.045,19.607,19.413
19.522,19.522,0.194,0.045,19.607,19.413
19.522,19.522,0.194,0.045,19.607,19.413
19.522,19.522,0.194,0.045,19.607,19.413
19.52,19.52,0.194,0.046,19.607,19.413
19.521,19.521,0.194,0.044,19.607,19.413
19.522,19.522,0.194,0.044,19.607,19.413
19.522,19.522,0.194,0.044,19.607,19.413
19.522,19.523,0.194,0.044,19.607,19.413
19.522,19.522,0.194,0.044,19.607,19.413
19.522,19.522,0.194,0.044,19.607,19.413
19.523,19.523,0.194,0.044,19.607,19.413
19.524,19.524,0.194,0.045,19.607,19.413
19.524,19.524,0.194,0.045,19.607,19.413
19.525,19.525,0.194,0.044,19.607,19.413
19.524,19.524,0.194,0.044,19.607,19.413
19.524,19.524,0.194,0.044,19.607,19.413
