mean,RMS,ptp,std,max,min
23.722,23.722,0.149,0.04,23.785,23.636
23.723,23.723,0.149,0.04,23.785,23.636
23.723,23.723,0.149,0.04,23.785,23.636
23.722,23.722,0.149,0.04,23.785,23.636
23.723,23.723,0.149,0.041,23.785,23.636
23.722,23.722,0.149,0.041,23.785,23.636
23.722,23.723,0.149,0.041,23.785,23.636
23.722,23.722,0.149,0.041,23.785,23.636
23.722,23.722,0.149,0.041,23.785,23.636
23.723,23.723,0.149,0.042,23.785,23.636
23.722,23.722,0.149,0.042,23.785,23.636
23.722,23.722,0.149,0.042,23.785,23.636
23.722,23.722,0.149,0.042,23.785,23.636
23.722,23.723,0.149,0.042,23.785,23.636
23.723,23.723,0.149,0.042,23.785,23.636
23.723,23.723,0.149,0.042,23.785,23.636
23.724,23.724,0.149,0.042,23.785,23.636
23.724,23.724,0.149,0.041,23.785,23.636
23.725,23.725,0.149,0.042,23.785,23.636
23.724,23.724,0.149,0.042,23.785,23.636
23.724,23.724,0.149,0.042,23.785,23.636
23.725,23.725,0.153,0.042,23.792,23.639
23.725,23.725,0.153,0.042,23.792,23.639
23.725,23.725,0.153,0.042,23.792,23.639
23.725,23.725,0.153,0.042,23.792,23.639
23.725,23.725,0.153,0.042,23.792,23.639
23.726,23.726,0.153,0.042,23.792,23.639
23.725,23.725,0.153,0.043,23.792,23.639
23.725,23.725,0.153,0.043,23.792,23.639
23.725,23.725,0.153,0.043,23.792,23.639
23.725,23.725,0.153,0.043,23.792,23.639
23.725,23.725,0.153,0.043,23.792,23.639
23.725,23.725,0.153,0.043,23.792,23.639
23.725,23.725,0.153,0.044,23.792,23.639
23.724,23.724,0.153,0.043,23.792,23.639
23.725,23.725,0.153,0.044,23.792,23.639
23.724,23.724,0.153,0.044,23.792,23.639
23.724,23.724,0.153,0.044,23.792,23.639
23.724,23.724,0.153,0.044,23.792,23.639
23.723,23.723,0.153,0.044,23.792,23.639
23.724,23.724,0.153,0.044,23.792,23.639
23.724,23.724,0.153,0.045,23.792,23.639
23.725,23.725,0.153,0.044,23.792,23.639
23.725,23.725,0.153,0.045,23.792,23.639
23.725,23.725,0.159,0.045,23.798,23.639
23.726,23.726,0.159,0.045,23.798,23.639
23.727,23.727,0.159,0.045,23.798,23.639
23.728,23.728,0.159,0.045,23.798,23.639
23.727,23.727,0.159,0.045,23.798,23.639
23.727,23.727,0.159,0.045,23.798,23.639
23.728,23.728,0.159,0.045,23.798,23.639
