mean,RMS,ptp,std,max,min
20.667,20.667,0.231,0.039,20.777,20.546
20.667,20.667,0.231,0.039,20.777,20.546
20.667,20.667,0.231,0.039,20.777,20.546
20.668,20.668,0.231,0.039,20.777,20.546
20.668,20.668,0.231,0.04,20.777,20.546
20.668,20.668,0.231,0.04,20.777,20.546
20.668,20.668,0.231,0.04,20.777,20.546
20.669,20.669,0.231,0.039,20.777,20.546
20.669,20.669,0.231,0.039,20.777,20.546
20.669,20.669,0.231,0.039,20.777,20.546
20.669,20.669,0.231,0.039,20.777,20.546
20.669,20.67,0.231,0.038,20.777,20.546
20.67,20.67,0.231,0.038,20.777,20.546
20.67,20.67,0.231,0.038,20.777,20.546
20.67,20.67,0.231,0.038,20.777,20.546
20.67,20.67,0.231,0.038,20.777,20.546
20.67,20.67,0.231,0.038,20.777,20.546
20.67,20.67,0.231,0.038,20.777,20.546
20.67,20.67,0.231,0.038,20.777,20.546
20.67,20.67,0.231,0.038,20.777,20.546
20.67,20.67,0.231,0.038,20.777,20.546
20.67,20.67,0.231,0.038,20.777,20.546
20.67,20.67,0.231,0.038,20.777,20.546
20.67,20.67,0.231,0.038,20.777,20.546
20.67,20.67,0.231,0.038,20.777,20.546
20.67,20.67,0.231,0.038,20.777,20.546
20.67,20.67,0.231,0.038,20.777,20.546
20.67,20.67,0.231,0.038,20.777,20.546
20.671,20.671,0.209,0.037,20.777,20.568
20.671,20.671,0.209,0.037,20.777,20.568
20.671,20.671,0.209,0.037,20.777,20.568
20.671,20.671,0.209,0.037,20.777,20.568
20.671,20.671,0.209,0.037,20.777,20.568
20.671,20.671,0.209,0.037,20.777,20.568
20.671,20.671,0.209,0.037,20.777,20.568
20.671,20.671,0.209,0.037,20.777,20.568
20.671,20.671,0.209,0.037,20.777,20.568
20.671,20.671,0.209,0.037,20.777,20.568
20.671,20.671,0.209,0.037,20.777,20.568
20.671,20.671,0.209,0.037,20.777,20.568
20.671,20.671,0.209,0.037,20.777,20.568
20.671,20.671,0.209,0.037,20.777,20.568
20.671,20.671,0.203,0.036,20.771,20.568
20.671,20.671,0.203,0.037,20.771,20.568
20.671,20.671,0.203,0.037,20.771,20.568
20.671,20.671,0.203,0.037,20.771,20.568
20.671,20.671,0.203,0.037,20.771,20.568
20.671,20.671,0.203,0.037,20.771,20.568
20.671,20.671,0.203,0.037,20.771,20.568
20.671,20.671,0.203,0.037,20.771,20.568
20.671,20.671,0.203,0.037,20.771,20.568
20.671,20.671,0.203,0.037,20.771,20.568
20.671,20.671,0.203,0.037,20.771,20.568
20.671,20.671,0.203,0.037,20.771,20.568
20.671,20.671,0.203,0.037,20.771,20.568
20.671,20.672,0.203,0.037,20.771,20.568
20.672,20.672,0.203,0.037,20.771,20.568
20.672,20.672,0.203,0.037,20.771,20.568
20.672,20.672,0.203,0.037,20.771,20.568
20.672,20.672,0.203,0.037,20.771,20.568
20.672,20.672,0.203,0.037,20.771,20.568
20.672,20.672,0.203,0.037,20.771,20.568
20.672,20.672,0.203,0.037,20.771,20.568
20.672,20.672,0.203,0.037,20.771,20.568
20.672,20.672,0.203,0.037,20.771,20.568
20.672,20.672,0.203,0.037,20.771,20.568
20.672,20.672,0.203,0.037,20.771,20.568
20.672,20.672,0.203,0.037,20.771,20.568
20.672,20.672,0.203,0.037,20.771,20.568
20.672,20.672,0.203,0.037,20.771,20.568
20.671,20.671,0.203,0.037,20.771,20.568
20.671,20.671,0.203,0.037,20.771,20.568
20.671,20.671,0.203,0.037,20.771,20.568
20.671,20.671,0.203,0.037,20.771,20.568
20.671,20.671,0.203,0.037,20.771,20.568
20.671,20.671,0.203,0.037,20.771,20.568
20.671,20.671,0.203,0.037,20.771,20.568
20.671,20.671,0.203,0.037,20.771,20.568
20.672,20.672,0.203,0.037,20.771,20.568
20.672,20.672,0.203,0.037,20.771,20.568
20.671,20.672,0.203,0.037,20.771,20.568
20.672,20.672,0.203,0.037,20.771,20.568
20.672,20.672,0.203,0.037,20.771,20.568
20.672,20.672,0.203,0.037,20.771,20.568
20.672,20.672,0.203,0.037,20.771,20.568
20.672,20.672,0.203,0.037,20.771,20.568
20.672,20.672,0.203,0.037,20.771,20.568
20.672,20.672,0.203,0.038,20.771,20.568
20.672,20.672,0.203,0.038,20.771,20.568
20.672,20.672,0.203,0.038,20.771,20.568
20.672,20.672,0.203,0.038,20.771,20.568
20.672,20.672,0.203,0.038,20.771,20.568
20.672,20.672,0.203,0.038,20.771,20.568
20.672,20.672,0.203,0.038,20.771,20.568
20.672,20.672,0.203,0.038,20.771,20.568
20.672,20.672,0.203,0.038,20.771,20.568
20.672,20.672,0.203,0.038,20.771,20.568
20.672,20.672,0.203,0.038,20.771,20.568
20.672,20.672,0.203,0.038,20.771,20.568
20.672,20.672,0.203,0.038,20.771,20.568
20.672,20.672,0.203,0.038,20.771,20.568
20.672,20.672,0.203,0.038,20.771,20.568
20.672,20.672,0.203,0.038,20.771,20.568
20.672,20.672,0.203,0.038,20.771,20.568
20.672,20.672,0.203,0.038,20.771,20.568
20.672,20.672,0.203,0.038,20.771,20.568
20.672,20.672,0.203,0.038,20.771,20.568
20.672,20.672,0.203,0.038,20.771,20.568
20.672,20.672,0.203,0.038,20.771,20.568
20.672,20.672,0.203,0.038,20.771,20.568
20.672,20.672,0.203,0.038,20.771,20.568
20.672,20.672,0.203,0.038,20.771,20.568
20.672,20.672,0.203,0.038,20.771,20.568
20.672,20.672,0.203,0.038,20.771,20.568
20.671,20.671,0.203,0.038,20.771,20.568
20.671,20.671,0.203,0.038,20.771,20.568
20.671,20.671,0.203,0.038,20.771,20.568
20.671,20.671,0.203,0.038,20.771,20.568
20.672,20.672,0.205,0.039,20.773,20.568
20.672,20.672,0.205,0.039,20.773,20.568
20.672,20.672,0.205,0.039,20.773,20.568
20.672,20.672,0.205,0.039,20.773,20.568
20.672,20.672,0.205,0.039,20.773,20.568
20.671,20.671,0.205,0.039,20.773,20.568
20.671,20.671,0.205,0.039,20.773,20.568
20.671,20.671,0.205,0.039,20.773,20.568
20.671,20.671,0.205,0.039,20.773,20.568
20.671,20.671,0.205,0.039,20.773,20.568
20.671,20.671,0.205,0.039,20.773,20.568
20.671,20.671,0.205,0.039,20.773,20.568
20.67,20.671,0.205,0.039,20.773,20.568
20.671,20.671,0.205,0.039,20.773,20.568
20.67,20.67,0.205,0.039,20.773,20.568
20.671,20.671,0.205,0.039,20.773,20.568
20.67,20.67,0.205,0.039,20.773,20.568
20.67,20.671,0.205,0.039,20.773,20.568
20.671,20.671,0.205,0.039,20.773,20.568
20.67,20.671,0.205,0.039,20.773,20.568
20.671,20.671,0.205,0.039,20.773,20.568
20.671,20.671,0.205,0.039,20.773,20.568
20.671,20.671,0.205,0.039,20.773,20.568
20.671,20.671,0.205,0.039,20.773,20.568
20.671,20.671,0.205,0.039,20.773,20.568
20.67,20.67,0.205,0.039,20.773,20.568
20.67,20.67,0.205,0.039,20.773,20.568
20.67,20.67,0.205,0.039,20.773,20.568
20.67,20.67,0.205,0.039,20.773,20.568
20.67,20.67,0.205,0.039,20.773,20.568
20.67,20.67,0.205,0.039,20.773,20.568
20.67,20.67,0.205,0.038,20.773,20.568
20.67,20.67,0.205,0.038,20.773,20.568
20.67,20.67,0.205,0.038,20.773,20.568
20.67,20.67,0.205,0.038,20.773,20.568
20.67,20.67,0.205,0.038,20.773,20.568
20.67,20.67,0.205,0.038,20.773,20.568
20.67,20.67,0.205,0.038,20.773,20.568
20.671,20.671,0.205,0.038,20.773,20.568
20.671,20.671,0.205,0.038,20.773,20.568
20.671,20.671,0.205,0.038,20.773,20.568
20.671,20.671,0.205,0.038,20.773,20.568
20.671,20.671,0.205,0.037,20.773,20.568
20.67,20.67,0.205,0.037,20.773,20.568
20.67,20.67,0.205,0.037,20.773,20.568
20.67,20.67,0.205,0.037,20.773,20.568
20.67,20.67,0.205,0.037,20.773,20.568
20.67,20.67,0.205,0.037,20.773,20.568
20.67,20.67,0.205,0.037,20.773,20.568
20.67,20.67,0.205,0.037,20.773,20.568
20.67,20.67,0.205,0.037,20.773,20.568
20.669,20.669,0.205,0.037,20.773,20.568
20.669,20.669,0.205,0.037,20.773,20.568
20.669,20.669,0.205,0.037,20.773,20.568
20.669,20.669,0.205,0.037,20.773,20.568
20.669,20.669,0.205,0.037,20.773,20.568
20.669,20.669,0.205,0.037,20.773,20.568
20.669,20.669,0.205,0.037,20.773,20.568
20.669,20.669,0.205,0.037,20.773,20.568
20.669,20.669,0.205,0.037,20.773,20.568
20.669,20.669,0.205,0.037,20.773,20.568
20.669,20.669,0.205,0.037,20.773,20.568
20.669,20.669,0.205,0.037,20.773,20.568
20.669,20.669,0.205,0.037,20.773,20.568
20.669,20.669,0.205,0.037,20.773,20.568
20.669,20.669,0.205,0.037,20.773,20.568
20.669,20.669,0.205,0.037,20.773,20.568
20.669,20.669,0.205,0.037,20.773,20.568
20.669,20.669,0.205,0.037,20.773,20.568
20.669,20.669,0.205,0.037,20.773,20.568
20.669,20.669,0.205,0.037,20.773,20.568
20.668,20.669,0.205,0.037,20.773,20.568
20.668,20.668,0.205,0.037,20.773,20.568
20.668,20.668,0.205,0.037,20.773,20.568
20.668,20.669,0.205,0.037,20.773,20.568
20.669,20.669,0.21,0.038,20.778,20.568
20.669,20.669,0.21,0.038,20.778,20.568
20.669,20.669,0.21,0.038,20.778,20.568
20.669,20.669,0.21,0.038,20.778,20.568
20.669,20.669,0.21,0.038,20.778,20.568
20.669,20.669,0.21,0.039,20.778,20.568
20.67,20.67,0.21,0.039,20.778,20.568
20.67,20.67,0.21,0.039,20.778,20.568
20.67,20.67,0.21,0.039,20.778,20.568
20.67,20.67,0.21,0.039,20.778,20.568
20.67,20.67,0.21,0.039,20.778,20.568
20.67,20.67,0.21,0.039,20.778,20.568
20.67,20.67,0.21,0.039,20.778,20.568
20.67,20.67,0.21,0.039,20.778,20.568
20.67,20.67,0.21,0.039,20.778,20.568
20.671,20.671,0.21,0.039,20.778,20.568
20.671,20.671,0.21,0.039,20.778,20.568
20.671,20.671,0.209,0.038,20.778,20.569
20.671,20.671,0.209,0.038,20.778,20.569
20.671,20.671,0.209,0.038,20.778,20.569
20.671,20.671,0.209,0.038,20.778,20.569
20.671,20.671,0.209,0.038,20.778,20.569
20.671,20.671,0.209,0.038,20.778,20.569
20.672,20.672,0.209,0.038,20.778,20.569
20.672,20.672,0.209,0.037,20.778,20.569
20.672,20.672,0.209,0.037,20.778,20.569
20.673,20.673,0.209,0.037,20.778,20.569
20.673,20.673,0.209,0.037,20.778,20.569
20.674,20.674,0.209,0.037,20.778,20.569
20.674,20.674,0.209,0.036,20.778,20.569
20.674,20.674,0.209,0.036,20.778,20.569
20.674,20.674,0.209,0.036,20.778,20.569
20.674,20.674,0.209,0.036,20.778,20.569
20.674,20.675,0.209,0.036,20.778,20.569
20.674,20.674,0.209,0.036,20.778,20.569
20.674,20.674,0.209,0.036,20.778,20.569
20.675,20.675,0.209,0.035,20.778,20.569
20.675,20.675,0.209,0.035,20.778,20.569
20.675,20.675,0.209,0.035,20.778,20.569
20.675,20.675,0.209,0.035,20.778,20.569
20.675,20.675,0.209,0.035,20.778,20.569
20.675,20.676,0.209,0.035,20.778,20.569
20.675,20.676,0.209,0.035,20.778,20.569
20.675,20.675,0.209,0.035,20.778,20.569
20.676,20.676,0.209,0.035,20.778,20.569
20.676,20.676,0.209,0.034,20.778,20.569
20.676,20.676,0.209,0.034,20.778,20.569
20.676,20.676,0.198,0.034,20.778,20.58
20.676,20.676,0.198,0.033,20.778,20.58
20.677,20.677,0.198,0.033,20.778,20.58
20.677,20.677,0.198,0.033,20.778,20.58
20.677,20.677,0.198,0.033,20.778,20.58
20.677,20.677,0.198,0.033,20.778,20.58
20.677,20.677,0.198,0.033,20.778,20.58
20.677,20.677,0.198,0.033,20.778,20.58
20.677,20.677,0.198,0.033,20.778,20.58
20.678,20.678,0.198,0.033,20.778,20.58
20.678,20.678,0.198,0.033,20.778,20.58
20.679,20.679,0.198,0.033,20.778,20.58
20.679,20.679,0.198,0.033,20.778,20.58
20.679,20.679,0.161,0.032,20.778,20.617
20.679,20.679,0.161,0.033,20.778,20.617
20.68,20.68,0.161,0.033,20.778,20.617
20.68,20.68,0.161,0.033,20.778,20.617
20.68,20.68,0.159,0.032,20.778,20.619
20.679,20.679,0.159,0.033,20.778,20.619
20.679,20.679,0.159,0.033,20.778,20.619
20.679,20.679,0.159,0.033,20.778,20.619
20.679,20.679,0.159,0.033,20.778,20.619
20.679,20.679,0.159,0.033,20.778,20.619
20.68,20.68,0.159,0.033,20.778,20.619
20.68,20.68,0.159,0.033,20.778,20.619
20.68,20.68,0.159,0.033,20.778,20.619
20.68,20.68,0.159,0.033,20.778,20.619
20.68,20.68,0.159,0.033,20.778,20.619
20.68,20.68,0.159,0.033,20.778,20.619
20.68,20.68,0.159,0.033,20.778,20.619
20.68,20.68,0.159,0.033,20.778,20.619
20.68,20.68,0.159,0.033,20.778,20.619
20.68,20.68,0.159,0.033,20.778,20.619
20.68,20.68,0.159,0.033,20.778,20.619
20.68,20.68,0.159,0.033,20.778,20.619
20.68,20.68,0.159,0.033,20.778,20.619
20.68,20.68,0.159,0.033,20.778,20.619
20.68,20.68,0.159,0.033,20.778,20.619
20.68,20.68,0.159,0.033,20.778,20.619
20.68,20.68,0.159,0.033,20.778,20.619
20.68,20.68,0.159,0.033,20.778,20.619
20.68,20.68,0.159,0.033,20.778,20.619
20.68,20.68,0.159,0.033,20.778,20.619
20.679,20.679,0.159,0.034,20.778,20.619
20.68,20.68,0.159,0.034,20.778,20.619
20.679,20.68,0.159,0.034,20.778,20.619
20.679,20.679,0.159,0.034,20.778,20.619
20.68,20.68,0.159,0.034,20.778,20.619
20.68,20.68,0.159,0.034,20.778,20.619
20.68,20.68,0.159,0.034,20.778,20.619
20.679,20.679,0.159,0.034,20.778,20.619
20.679,20.679,0.16,0.034,20.778,20.618
20.679,20.679,0.16,0.034,20.778,20.618
20.679,20.679,0.16,0.034,20.778,20.618
20.679,20.679,0.16,0.034,20.778,20.618
20.679,20.679,0.16,0.034,20.778,20.618
20.679,20.679,0.16,0.034,20.778,20.618
20.679,20.679,0.16,0.034,20.778,20.618
20.679,20.679,0.16,0.034,20.778,20.618
20.679,20.679,0.16,0.034,20.778,20.618
20.679,20.679,0.16,0.034,20.778,20.618
20.678,20.678,0.164,0.034,20.778,20.614
20.678,20.678,0.164,0.034,20.778,20.614
20.678,20.678,0.164,0.034,20.778,20.614
20.678,20.678,0.164,0.034,20.778,20.614
20.678,20.678,0.164,0.034,20.778,20.614
20.678,20.678,0.164,0.034,20.778,20.614
20.678,20.678,0.164,0.034,20.778,20.614
20.678,20.678,0.164,0.034,20.778,20.614
20.678,20.678,0.164,0.034,20.778,20.614
20.678,20.678,0.164,0.034,20.778,20.614
20.678,20.678,0.164,0.034,20.778,20.614
20.678,20.678,0.164,0.034,20.778,20.614
20.678,20.678,0.164,0.035,20.778,20.614
20.678,20.678,0.164,0.035,20.778,20.614
20.678,20.678,0.164,0.035,20.778,20.614
20.678,20.678,0.164,0.035,20.778,20.614
20.677,20.677,0.212,0.035,20.778,20.566
20.677,20.677,0.212,0.036,20.778,20.566
20.677,20.677,0.212,0.036,20.778,20.566
20.677,20.677,0.212,0.036,20.778,20.566
20.677,20.677,0.212,0.036,20.778,20.566
20.677,20.677,0.212,0.036,20.778,20.566
20.677,20.677,0.212,0.036,20.778,20.566
20.676,20.676,0.212,0.036,20.778,20.566
20.676,20.676,0.212,0.037,20.778,20.566
20.676,20.676,0.212,0.037,20.778,20.566
20.676,20.676,0.212,0.037,20.778,20.566
20.676,20.676,0.212,0.037,20.778,20.566
20.675,20.675,0.212,0.037,20.778,20.566
20.675,20.675,0.212,0.037,20.778,20.566
20.675,20.675,0.212,0.037,20.778,20.566
20.675,20.675,0.212,0.037,20.778,20.566
20.675,20.675,0.215,0.038,20.778,20.563
20.674,20.674,0.215,0.038,20.778,20.563
20.674,20.674,0.215,0.038,20.778,20.563
20.674,20.674,0.215,0.038,20.778,20.563
20.674,20.674,0.215,0.038,20.778,20.563
20.674,20.674,0.215,0.038,20.778,20.563
20.674,20.674,0.215,0.038,20.778,20.563
20.674,20.674,0.215,0.038,20.778,20.563
20.674,20.674,0.215,0.038,20.778,20.563
20.674,20.674,0.215,0.038,20.778,20.563
20.673,20.673,0.215,0.038,20.778,20.563
20.673,20.673,0.215,0.038,20.778,20.563
20.672,20.673,0.215,0.038,20.778,20.563
20.672,20.672,0.215,0.038,20.778,20.563
20.672,20.672,0.215,0.038,20.778,20.563
20.672,20.672,0.215,0.038,20.778,20.563
20.672,20.672,0.215,0.039,20.778,20.563
20.672,20.672,0.215,0.039,20.778,20.563
20.671,20.671,0.215,0.039,20.778,20.563
20.671,20.671,0.215,0.039,20.778,20.563
20.671,20.671,0.215,0.039,20.778,20.563
20.671,20.671,0.215,0.039,20.778,20.563
20.671,20.671,0.215,0.039,20.778,20.563
20.671,20.671,0.215,0.039,20.778,20.563
20.671,20.671,0.215,0.039,20.778,20.563
20.671,20.671,0.215,0.039,20.778,20.563
20.67,20.67,0.215,0.039,20.778,20.563
20.67,20.67,0.215,0.039,20.778,20.563
20.67,20.67,0.215,0.039,20.778,20.563
20.67,20.67,0.215,0.039,20.778,20.563
20.67,20.67,0.215,0.039,20.778,20.563
20.67,20.67,0.215,0.039,20.778,20.563
20.67,20.67,0.215,0.039,20.778,20.563
20.67,20.67,0.215,0.039,20.778,20.563
20.67,20.67,0.215,0.039,20.778,20.563
20.67,20.67,0.215,0.039,20.778,20.563
20.67,20.67,0.215,0.039,20.778,20.563
20.67,20.67,0.215,0.039,20.778,20.563
20.67,20.67,0.215,0.039,20.778,20.563
20.67,20.67,0.215,0.039,20.778,20.563
20.67,20.67,0.215,0.039,20.778,20.563
20.67,20.67,0.215,0.04,20.778,20.563
20.67,20.67,0.215,0.04,20.778,20.563
20.67,20.67,0.215,0.04,20.778,20.563
20.67,20.67,0.215,0.04,20.778,20.563
20.67,20.67,0.215,0.039,20.778,20.563
20.67,20.67,0.215,0.04,20.778,20.563
20.67,20.67,0.215,0.04,20.778,20.563
20.669,20.669,0.215,0.04,20.778,20.563
20.669,20.669,0.215,0.04,20.778,20.563
20.669,20.669,0.215,0.04,20.778,20.563
20.67,20.67,0.215,0.04,20.778,20.563
20.669,20.669,0.215,0.04,20.778,20.563
20.67,20.67,0.215,0.04,20.778,20.563
20.67,20.67,0.215,0.04,20.778,20.563
20.67,20.67,0.215,0.04,20.778,20.563
20.67,20.67,0.215,0.04,20.778,20.563
20.67,20.67,0.215,0.04,20.778,20.563
20.669,20.67,0.215,0.04,20.778,20.563
20.669,20.67,0.215,0.04,20.778,20.563
20.67,20.67,0.215,0.04,20.778,20.563
20.67,20.67,0.215,0.04,20.778,20.563
20.669,20.669,0.215,0.04,20.778,20.563
20.669,20.669,0.215,0.04,20.778,20.563
20.67,20.67,0.215,0.041,20.778,20.563
20.67,20.67,0.215,0.041,20.778,20.563
20.67,20.67,0.215,0.041,20.778,20.563
20.67,20.67,0.215,0.041,20.778,20.563
20.67,20.67,0.215,0.041,20.778,20.563
20.67,20.67,0.215,0.041,20.778,20.563
20.67,20.67,0.215,0.041,20.778,20.563
20.67,20.67,0.215,0.041,20.778,20.563
20.67,20.67,0.215,0.041,20.778,20.563
20.671,20.671,0.215,0.041,20.778,20.563
20.671,20.671,0.215,0.041,20.778,20.563
20.671,20.671,0.215,0.041,20.778,20.563
20.671,20.671,0.215,0.041,20.778,20.563
20.671,20.671,0.215,0.041,20.778,20.563
20.671,20.671,0.215,0.041,20.778,20.563
20.67,20.67,0.215,0.041,20.778,20.563
20.67,20.67,0.215,0.042,20.778,20.563
20.671,20.671,0.215,0.042,20.778,20.563
20.67,20.67,0.215,0.042,20.778,20.563
20.67,20.67,0.215,0.042,20.778,20.563
20.67,20.67,0.215,0.042,20.778,20.563
20.67,20.67,0.215,0.041,20.778,20.563
20.669,20.669,0.215,0.041,20.778,20.563
20.67,20.67,0.215,0.041,20.778,20.563
20.67,20.67,0.215,0.041,20.778,20.563
20.67,20.67,0.215,0.041,20.778,20.563
20.67,20.67,0.215,0.041,20.778,20.563
20.67,20.67,0.215,0.041,20.778,20.563
20.67,20.67,0.215,0.041,20.778,20.563
20.67,20.67,0.215,0.041,20.778,20.563
20.67,20.67,0.215,0.041,20.778,20.563
20.67,20.67,0.215,0.041,20.778,20.563
20.67,20.67,0.215,0.041,20.778,20.563
20.67,20.67,0.215,0.041,20.778,20.563
20.67,20.67,0.215,0.041,20.778,20.563
20.671,20.671,0.215,0.042,20.778,20.563
20.67,20.67,0.215,0.041,20.778,20.563
20.67,20.67,0.215,0.042,20.778,20.563
20.67,20.67,0.215,0.042,20.778,20.563
20.67,20.67,0.215,0.041,20.778,20.563
20.67,20.67,0.215,0.041,20.778,20.563
20.67,20.67,0.215,0.042,20.778,20.563
20.67,20.67,0.215,0.042,20.778,20.563
20.67,20.67,0.215,0.042,20.778,20.563
20.67,20.67,0.215,0.042,20.778,20.563
20.671,20.671,0.215,0.042,20.778,20.563
20.671,20.671,0.215,0.042,20.778,20.563
20.671,20.671,0.215,0.042,20.778,20.563
20.671,20.671,0.215,0.042,20.778,20.563
20.671,20.671,0.215,0.042,20.778,20.563
20.671,20.671,0.215,0.042,20.778,20.563
20.671,20.671,0.215,0.042,20.778,20.563
20.671,20.671,0.215,0.042,20.778,20.563
20.671,20.671,0.215,0.042,20.778,20.563
20.67,20.671,0.215,0.042,20.778,20.563
20.671,20.671,0.215,0.042,20.778,20.563
20.671,20.671,0.215,0.042,20.778,20.563
20.671,20.671,0.215,0.042,20.778,20.563
20.671,20.671,0.215,0.042,20.778,20.563
20.671,20.671,0.215,0.042,20.778,20.563
20.671,20.671,0.215,0.042,20.778,20.563
20.671,20.671,0.215,0.042,20.778,20.563
20.671,20.671,0.215,0.042,20.778,20.563
20.671,20.671,0.215,0.042,20.778,20.563
20.671,20.671,0.215,0.042,20.778,20.563
20.671,20.671,0.215,0.042,20.778,20.563
20.671,20.671,0.215,0.043,20.778,20.563
20.671,20.671,0.215,0.043,20.778,20.563
20.672,20.672,0.215,0.043,20.778,20.563
20.671,20.671,0.215,0.043,20.778,20.563
20.671,20.671,0.215,0.043,20.778,20.563
20.671,20.671,0.215,0.043,20.778,20.563
20.671,20.671,0.215,0.043,20.778,20.563
20.671,20.672,0.215,0.043,20.778,20.563
20.672,20.672,0.215,0.043,20.778,20.563
20.672,20.672,0.215,0.043,20.778,20.563
20.672,20.672,0.215,0.043,20.778,20.563
20.672,20.672,0.215,0.043,20.778,20.563
20.672,20.672,0.215,0.043,20.778,20.563
20.672,20.672,0.215,0.043,20.778,20.563
20.672,20.672,0.215,0.043,20.778,20.563
20.671,20.672,0.215,0.043,20.778,20.563
20.671,20.671,0.215,0.043,20.778,20.563
20.671,20.671,0.215,0.043,20.778,20.563
20.671,20.671,0.215,0.043,20.778,20.563
20.671,20.671,0.215,0.043,20.778,20.563
20.671,20.671,0.215,0.043,20.778,20.563
20.671,20.671,0.215,0.043,20.778,20.563
20.671,20.672,0.215,0.043,20.778,20.563
20.671,20.671,0.215,0.044,20.778,20.563
20.671,20.671,0.215,0.044,20.778,20.563
20.671,20.671,0.215,0.044,20.778,20.563
20.671,20.671,0.215,0.044,20.778,20.563
20.671,20.671,0.215,0.044,20.778,20.563
20.671,20.671,0.215,0.044,20.778,20.563
20.671,20.671,0.215,0.044,20.778,20.563
20.671,20.671,0.2,0.043,20.763,20.563
20.671,20.671,0.2,0.043,20.763,20.563
20.671,20.671,0.2,0.043,20.763,20.563
20.67,20.67,0.2,0.043,20.763,20.563
20.67,20.67,0.2,0.043,20.763,20.563
20.67,20.67,0.2,0.043,20.763,20.563
20.67,20.67,0.2,0.043,20.763,20.563
20.67,20.67,0.2,0.043,20.763,20.563
20.669,20.669,0.2,0.043,20.763,20.563
20.669,20.669,0.2,0.043,20.763,20.563
20.669,20.669,0.2,0.043,20.763,20.563
20.669,20.669,0.2,0.043,20.763,20.563
20.669,20.669,0.2,0.043,20.763,20.563
20.669,20.67,0.2,0.043,20.763,20.563
20.67,20.67,0.2,0.043,20.763,20.563
20.67,20.67,0.2,0.043,20.763,20.563
20.669,20.67,0.2,0.043,20.763,20.563
20.67,20.67,0.2,0.043,20.763,20.563
20.67,20.67,0.2,0.043,20.763,20.563
20.67,20.67,0.2,0.043,20.763,20.563
20.67,20.67,0.2,0.043,20.763,20.563
20.67,20.67,0.2,0.043,20.763,20.563
20.67,20.67,0.2,0.043,20.763,20.563
20.67,20.67,0.2,0.043,20.763,20.563
20.67,20.67,0.2,0.043,20.763,20.563
20.67,20.67,0.2,0.043,20.763,20.563
20.67,20.67,0.2,0.043,20.763,20.563
20.67,20.67,0.2,0.043,20.763,20.563
20.67,20.67,0.2,0.043,20.763,20.563
20.67,20.67,0.2,0.043,20.763,20.563
20.67,20.67,0.2,0.043,20.763,20.563
20.67,20.67,0.2,0.043,20.763,20.563
20.671,20.671,0.2,0.043,20.763,20.563
20.671,20.671,0.2,0.043,20.763,20.563
20.671,20.671,0.2,0.043,20.763,20.563
20.671,20.671,0.2,0.043,20.763,20.563
20.671,20.671,0.2,0.043,20.763,20.563
20.671,20.671,0.2,0.043,20.763,20.563
20.671,20.671,0.2,0.043,20.763,20.563
20.671,20.671,0.2,0.043,20.763,20.563
20.671,20.671,0.2,0.043,20.763,20.563
20.671,20.671,0.2,0.043,20.763,20.563
20.671,20.671,0.2,0.043,20.763,20.563
20.671,20.671,0.2,0.043,20.763,20.563
20.671,20.671,0.2,0.043,20.763,20.563
20.672,20.672,0.2,0.043,20.763,20.563
20.672,20.672,0.2,0.043,20.763,20.563
20.672,20.672,0.2,0.043,20.763,20.563
20.672,20.672,0.2,0.043,20.763,20.563
20.671,20.672,0.2,0.043,20.763,20.563
20.671,20.671,0.2,0.043,20.763,20.563
20.671,20.671,0.2,0.043,20.763,20.563
20.671,20.671,0.2,0.043,20.763,20.563
20.671,20.671,0.2,0.043,20.763,20.563
20.671,20.671,0.2,0.044,20.763,20.563
20.671,20.671,0.2,0.043,20.763,20.563
20.671,20.671,0.2,0.043,20.763,20.563
20.671,20.671,0.2,0.043,20.763,20.563
20.671,20.671,0.2,0.043,20.763,20.563
20.671,20.671,0.2,0.043,20.763,20.563
20.671,20.671,0.2,0.043,20.763,20.563
20.67,20.671,0.2,0.043,20.763,20.563
20.67,20.67,0.2,0.043,20.763,20.563
20.67,20.67,0.2,0.043,20.763,20.563
20.671,20.671,0.2,0.043,20.763,20.563
20.671,20.671,0.2,0.043,20.763,20.563
20.671,20.671,0.2,0.043,20.763,20.563
20.671,20.671,0.2,0.043,20.763,20.563
20.671,20.671,0.2,0.043,20.763,20.563
20.671,20.671,0.2,0.043,20.763,20.563
20.671,20.671,0.191,0.043,20.754,20.563
20.671,20.671,0.191,0.043,20.754,20.563
20.671,20.671,0.191,0.043,20.754,20.563
20.67,20.67,0.191,0.043,20.754,20.563
20.67,20.67,0.191,0.043,20.754,20.563
20.67,20.67,0.191,0.043,20.754,20.563
20.67,20.67,0.191,0.043,20.754,20.563
20.67,20.67,0.191,0.044,20.754,20.563
20.67,20.67,0.191,0.044,20.754,20.563
20.67,20.67,0.191,0.044,20.754,20.563
20.67,20.67,0.191,0.044,20.754,20.563
20.67,20.67,0.191,0.044,20.754,20.563
20.67,20.67,0.191,0.044,20.754,20.563
20.67,20.67,0.191,0.044,20.754,20.563
20.67,20.67,0.191,0.044,20.754,20.563
20.671,20.671,0.191,0.044,20.754,20.563
20.671,20.671,0.191,0.044,20.754,20.563
20.671,20.671,0.191,0.044,20.754,20.563
20.671,20.671,0.191,0.044,20.754,20.563
20.671,20.671,0.191,0.044,20.754,20.563
20.671,20.671,0.191,0.044,20.754,20.563
20.671,20.671,0.191,0.044,20.754,20.563
20.671,20.671,0.191,0.044,20.754,20.563
20.671,20.671,0.191,0.044,20.754,20.563
20.671,20.671,0.191,0.044,20.754,20.563
20.671,20.671,0.191,0.044,20.754,20.563
20.671,20.671,0.191,0.044,20.754,20.563
20.672,20.672,0.191,0.044,20.754,20.563
20.672,20.672,0.191,0.044,20.754,20.563
20.672,20.672,0.191,0.044,20.754,20.563
20.672,20.672,0.191,0.044,20.754,20.563
20.672,20.672,0.191,0.045,20.754,20.563
20.672,20.672,0.191,0.045,20.754,20.563
20.673,20.673,0.191,0.045,20.754,20.563
20.673,20.673,0.191,0.045,20.754,20.563
20.673,20.673,0.191,0.045,20.754,20.563
20.673,20.673,0.191,0.045,20.754,20.563
20.673,20.673,0.191,0.045,20.754,20.563
20.674,20.674,0.191,0.045,20.754,20.563
20.674,20.674,0.191,0.045,20.754,20.563
20.673,20.673,0.191,0.045,20.754,20.563
20.673,20.673,0.191,0.045,20.754,20.563
20.673,20.673,0.191,0.045,20.754,20.563
20.673,20.673,0.191,0.045,20.754,20.563
20.673,20.674,0.191,0.045,20.754,20.563
20.674,20.674,0.191,0.045,20.754,20.563
20.674,20.674,0.191,0.045,20.754,20.563
20.674,20.674,0.191,0.045,20.754,20.563
20.674,20.674,0.191,0.045,20.754,20.563
20.674,20.674,0.191,0.045,20.754,20.563
20.674,20.674,0.191,0.045,20.754,20.563
20.674,20.674,0.191,0.045,20.754,20.563
20.674,20.674,0.191,0.045,20.754,20.563
20.674,20.674,0.191,0.045,20.754,20.563
20.675,20.675,0.191,0.044,20.754,20.563
20.675,20.675,0.191,0.044,20.754,20.563
20.675,20.675,0.191,0.044,20.754,20.563
20.675,20.675,0.191,0.044,20.754,20.563
20.675,20.675,0.191,0.044,20.754,20.563
20.676,20.676,0.191,0.044,20.754,20.563
20.676,20.676,0.191,0.044,20.754,20.563
20.676,20.676,0.191,0.044,20.754,20.563
20.676,20.676,0.191,0.044,20.754,20.563
20.676,20.676,0.191,0.044,20.754,20.563
20.676,20.676,0.191,0.043,20.754,20.563
20.676,20.676,0.191,0.043,20.754,20.563
20.677,20.677,0.191,0.043,20.754,20.563
20.677,20.677,0.191,0.043,20.754,20.563
20.677,20.677,0.191,0.043,20.754,20.563
20.677,20.677,0.191,0.043,20.754,20.563
20.677,20.677,0.191,0.043,20.754,20.563
20.677,20.677,0.191,0.043,20.754,20.563
20.677,20.677,0.191,0.043,20.754,20.563
20.678,20.678,0.191,0.043,20.754,20.563
20.678,20.678,0.191,0.043,20.754,20.563
20.678,20.678,0.191,0.043,20.754,20.563
20.678,20.678,0.191,0.043,20.754,20.563
20.678,20.678,0.191,0.043,20.754,20.563
20.678,20.678,0.191,0.043,20.754,20.563
20.678,20.678,0.191,0.043,20.754,20.563
20.678,20.678,0.191,0.043,20.754,20.563
20.678,20.678,0.191,0.043,20.754,20.563
20.678,20.678,0.173,0.043,20.754,20.581
20.678,20.678,0.173,0.043,20.754,20.581
20.678,20.678,0.173,0.043,20.754,20.581
20.679,20.679,0.173,0.043,20.754,20.581
20.679,20.679,0.173,0.043,20.754,20.581
20.679,20.679,0.173,0.042,20.754,20.581
20.68,20.68,0.156,0.042,20.754,20.598
20.68,20.68,0.156,0.042,20.754,20.598
20.68,20.68,0.156,0.042,20.754,20.598
20.68,20.68,0.156,0.042,20.754,20.598
20.68,20.68,0.156,0.042,20.754,20.598
20.68,20.68,0.156,0.042,20.754,20.598
20.68,20.681,0.156,0.042,20.754,20.598
20.681,20.681,0.156,0.042,20.754,20.598
20.681,20.681,0.156,0.042,20.754,20.598
20.681,20.682,0.156,0.042,20.754,20.598
20.681,20.681,0.156,0.042,20.754,20.598
20.681,20.682,0.156,0.042,20.754,20.598
20.682,20.682,0.156,0.042,20.754,20.598
20.682,20.682,0.156,0.042,20.754,20.598
20.682,20.682,0.156,0.042,20.754,20.598
20.682,20.682,0.156,0.042,20.754,20.598
20.682,20.682,0.156,0.042,20.754,20.598
20.682,20.682,0.156,0.042,20.754,20.598
20.682,20.682,0.156,0.042,20.754,20.598
20.682,20.682,0.156,0.042,20.754,20.598
20.682,20.682,0.156,0.042,20.754,20.598
20.682,20.682,0.156,0.042,20.754,20.598
20.682,20.682,0.156,0.042,20.754,20.598
20.682,20.682,0.156,0.042,20.754,20.598
20.682,20.682,0.156,0.042,20.754,20.598
20.682,20.682,0.156,0.042,20.754,20.598
20.682,20.682,0.156,0.042,20.754,20.598
20.683,20.683,0.156,0.042,20.754,20.598
20.682,20.683,0.156,0.042,20.754,20.598
20.683,20.683,0.156,0.042,20.754,20.598
20.683,20.683,0.156,0.042,20.754,20.598
20.683,20.683,0.156,0.042,20.754,20.598
20.683,20.683,0.156,0.042,20.754,20.598
20.683,20.683,0.156,0.042,20.754,20.598
20.683,20.683,0.156,0.042,20.754,20.598
20.683,20.683,0.156,0.042,20.754,20.598
20.682,20.682,0.156,0.042,20.754,20.598
20.682,20.682,0.156,0.042,20.754,20.598
20.682,20.682,0.156,0.042,20.754,20.598
20.682,20.682,0.156,0.042,20.754,20.598
20.682,20.682,0.156,0.042,20.754,20.598
20.682,20.682,0.156,0.042,20.754,20.598
20.682,20.682,0.166,0.042,20.754,20.588
20.681,20.681,0.166,0.042,20.754,20.588
20.682,20.682,0.166,0.042,20.754,20.588
20.681,20.681,0.166,0.042,20.754,20.588
20.681,20.681,0.166,0.042,20.754,20.588
20.681,20.681,0.166,0.042,20.754,20.588
20.681,20.681,0.166,0.042,20.754,20.588
20.681,20.681,0.166,0.042,20.754,20.588
20.681,20.681,0.166,0.042,20.754,20.588
20.681,20.681,0.166,0.042,20.754,20.588
20.681,20.681,0.166,0.042,20.754,20.588
20.68,20.68,0.166,0.042,20.754,20.588
20.68,20.681,0.166,0.042,20.754,20.588
20.681,20.681,0.166,0.042,20.754,20.588
20.68,20.68,0.157,0.042,20.745,20.588
20.68,20.68,0.157,0.042,20.745,20.588
20.68,20.681,0.157,0.042,20.745,20.588
20.681,20.681,0.157,0.042,20.745,20.588
20.681,20.681,0.157,0.042,20.745,20.588
20.681,20.681,0.157,0.042,20.745,20.588
20.681,20.681,0.157,0.041,20.745,20.588
20.681,20.681,0.157,0.041,20.745,20.588
20.682,20.682,0.157,0.041,20.745,20.588
20.682,20.682,0.157,0.041,20.745,20.588
20.682,20.682,0.157,0.041,20.745,20.588
20.682,20.682,0.157,0.041,20.745,20.588
20.682,20.682,0.157,0.041,20.745,20.588
20.682,20.682,0.157,0.041,20.745,20.588
20.682,20.682,0.157,0.042,20.745,20.588
20.682,20.682,0.157,0.042,20.745,20.588
20.682,20.682,0.157,0.042,20.745,20.588
20.682,20.682,0.157,0.042,20.745,20.588
20.682,20.682,0.157,0.042,20.745,20.588
20.682,20.682,0.157,0.042,20.745,20.588
20.682,20.682,0.157,0.042,20.745,20.588
20.682,20.682,0.157,0.042,20.745,20.588
20.682,20.682,0.157,0.042,20.745,20.588
20.682,20.682,0.157,0.042,20.745,20.588
20.682,20.682,0.157,0.042,20.745,20.588
20.682,20.682,0.157,0.042,20.745,20.588
20.682,20.682,0.157,0.042,20.745,20.588
20.682,20.682,0.157,0.042,20.745,20.588
20.682,20.682,0.157,0.041,20.745,20.588
20.682,20.682,0.157,0.042,20.745,20.588
20.681,20.682,0.157,0.042,20.745,20.588
20.681,20.682,0.157,0.042,20.745,20.588
20.681,20.682,0.157,0.042,20.745,20.588
20.682,20.682,0.157,0.042,20.745,20.588
20.681,20.682,0.157,0.042,20.745,20.588
20.681,20.681,0.157,0.042,20.745,20.588
20.681,20.681,0.157,0.042,20.745,20.588
20.681,20.681,0.157,0.042,20.745,20.588
20.681,20.681,0.157,0.042,20.745,20.588
20.682,20.682,0.157,0.042,20.745,20.588
20.682,20.682,0.157,0.041,20.745,20.588
20.682,20.682,0.157,0.041,20.745,20.588
20.682,20.682,0.157,0.041,20.745,20.588
20.682,20.682,0.157,0.041,20.745,20.588
20.682,20.682,0.157,0.041,20.745,20.588
20.682,20.682,0.157,0.041,20.745,20.588
20.682,20.682,0.157,0.041,20.745,20.588
20.682,20.682,0.157,0.041,20.745,20.588
20.682,20.682,0.157,0.041,20.745,20.588
20.682,20.682,0.157,0.041,20.745,20.588
20.682,20.682,0.157,0.041,20.745,20.588
20.682,20.682,0.157,0.041,20.745,20.588
20.682,20.682,0.157,0.041,20.745,20.588
20.681,20.682,0.157,0.041,20.745,20.588
20.682,20.682,0.157,0.041,20.745,20.588
20.682,20.682,0.157,0.041,20.745,20.588
20.682,20.682,0.157,0.041,20.745,20.588
20.682,20.682,0.157,0.041,20.745,20.588
20.682,20.682,0.157,0.041,20.745,20.588
20.682,20.682,0.157,0.041,20.745,20.588
20.682,20.682,0.157,0.041,20.745,20.588
20.682,20.682,0.157,0.041,20.745,20.588
20.682,20.682,0.157,0.041,20.745,20.588
20.682,20.682,0.157,0.041,20.745,20.588
20.682,20.682,0.157,0.041,20.745,20.588
20.682,20.682,0.157,0.041,20.745,20.588
20.682,20.682,0.157,0.041,20.745,20.588
20.682,20.682,0.157,0.041,20.745,20.588
20.682,20.682,0.157,0.041,20.745,20.588
20.682,20.682,0.157,0.041,20.745,20.588
20.682,20.682,0.157,0.041,20.745,20.588
20.682,20.682,0.157,0.041,20.745,20.588
20.682,20.682,0.157,0.041,20.745,20.588
20.682,20.682,0.157,0.041,20.745,20.588
20.682,20.682,0.157,0.041,20.745,20.588
20.683,20.683,0.157,0.041,20.745,20.588
20.683,20.683,0.157,0.041,20.745,20.588
20.683,20.683,0.157,0.04,20.745,20.588
20.683,20.683,0.157,0.04,20.745,20.588
20.683,20.683,0.157,0.04,20.745,20.588
20.683,20.683,0.157,0.04,20.745,20.588
20.683,20.683,0.157,0.04,20.745,20.588
20.683,20.683,0.157,0.04,20.745,20.588
20.683,20.683,0.157,0.04,20.745,20.588
20.683,20.683,0.157,0.04,20.745,20.588
20.683,20.683,0.157,0.04,20.745,20.588
20.683,20.683,0.157,0.04,20.745,20.588
20.683,20.683,0.157,0.04,20.745,20.588
20.683,20.683,0.157,0.04,20.745,20.588
20.683,20.683,0.157,0.04,20.745,20.588
20.683,20.683,0.157,0.04,20.745,20.588
20.683,20.683,0.157,0.04,20.745,20.588
20.683,20.683,0.157,0.04,20.745,20.588
20.682,20.683,0.157,0.04,20.745,20.588
20.683,20.683,0.157,0.04,20.745,20.588
20.682,20.683,0.157,0.04,20.745,20.588
20.683,20.683,0.157,0.04,20.745,20.588
20.683,20.683,0.157,0.04,20.745,20.588
20.683,20.683,0.157,0.04,20.745,20.588
20.683,20.683,0.157,0.04,20.745,20.588
20.683,20.683,0.157,0.04,20.745,20.588
20.683,20.683,0.157,0.04,20.745,20.588
20.683,20.683,0.157,0.04,20.745,20.588
20.683,20.683,0.157,0.04,20.745,20.588
20.683,20.683,0.157,0.04,20.745,20.588
20.683,20.683,0.157,0.04,20.745,20.588
20.683,20.683,0.157,0.04,20.745,20.588
20.683,20.683,0.157,0.04,20.745,20.588
20.683,20.683,0.156,0.04,20.744,20.588
20.682,20.682,0.156,0.04,20.744,20.588
20.683,20.683,0.156,0.04,20.744,20.588
20.683,20.683,0.156,0.04,20.744,20.588
20.683,20.683,0.156,0.04,20.744,20.588
20.682,20.683,0.156,0.04,20.744,20.588
20.683,20.683,0.156,0.04,20.744,20.588
20.683,20.683,0.156,0.04,20.744,20.588
20.682,20.682,0.156,0.04,20.744,20.588
20.682,20.682,0.156,0.04,20.744,20.588
20.682,20.682,0.156,0.04,20.744,20.588
20.682,20.682,0.156,0.04,20.744,20.588
20.682,20.682,0.156,0.04,20.744,20.588
20.682,20.682,0.156,0.04,20.744,20.588
20.683,20.683,0.156,0.04,20.744,20.588
20.683,20.683,0.156,0.039,20.744,20.588
20.683,20.683,0.156,0.039,20.744,20.588
20.683,20.683,0.156,0.039,20.744,20.588
20.683,20.683,0.156,0.039,20.744,20.588
20.683,20.683,0.156,0.039,20.744,20.588
20.683,20.683,0.156,0.039,20.744,20.588
20.683,20.683,0.156,0.039,20.744,20.588
20.683,20.683,0.156,0.039,20.744,20.588
20.682,20.682,0.156,0.039,20.744,20.588
20.682,20.682,0.156,0.039,20.744,20.588
20.683,20.683,0.156,0.039,20.744,20.588
20.683,20.683,0.156,0.039,20.744,20.588
20.683,20.683,0.156,0.039,20.744,20.588
20.683,20.683,0.156,0.039,20.744,20.588
20.683,20.683,0.156,0.039,20.744,20.588
20.683,20.683,0.156,0.039,20.744,20.588
20.683,20.683,0.156,0.039,20.744,20.588
20.683,20.683,0.156,0.039,20.744,20.588
20.683,20.683,0.156,0.039,20.744,20.588
20.683,20.683,0.156,0.039,20.744,20.588
20.683,20.683,0.156,0.039,20.744,20.588
20.683,20.683,0.156,0.039,20.744,20.588
20.683,20.683,0.156,0.039,20.744,20.588
20.683,20.683,0.156,0.038,20.744,20.588
20.683,20.683,0.156,0.038,20.744,20.588
20.683,20.683,0.156,0.038,20.744,20.588
20.683,20.683,0.156,0.038,20.744,20.588
20.683,20.683,0.156,0.038,20.744,20.588
20.683,20.683,0.156,0.038,20.744,20.588
20.683,20.683,0.156,0.038,20.744,20.588
20.683,20.683,0.156,0.038,20.744,20.588
20.683,20.683,0.156,0.038,20.744,20.588
20.683,20.683,0.156,0.038,20.744,20.588
20.683,20.683,0.156,0.038,20.744,20.588
20.683,20.683,0.156,0.038,20.744,20.588
20.683,20.683,0.156,0.038,20.744,20.588
20.684,20.684,0.156,0.037,20.744,20.588
20.684,20.684,0.156,0.037,20.744,20.588
20.684,20.684,0.154,0.037,20.742,20.588
20.684,20.684,0.154,0.037,20.742,20.588
20.684,20.684,0.154,0.037,20.742,20.588
20.684,20.684,0.154,0.037,20.742,20.588
20.684,20.684,0.154,0.037,20.742,20.588
20.684,20.684,0.154,0.036,20.742,20.588
20.684,20.684,0.154,0.037,20.742,20.588
20.684,20.684,0.154,0.037,20.742,20.588
20.684,20.684,0.154,0.037,20.742,20.588
20.684,20.684,0.182,0.037,20.77,20.588
20.684,20.684,0.182,0.037,20.77,20.588
20.684,20.684,0.182,0.037,20.77,20.588
20.684,20.684,0.182,0.037,20.77,20.588
20.684,20.684,0.182,0.037,20.77,20.588
20.684,20.684,0.182,0.037,20.77,20.588
20.684,20.684,0.182,0.036,20.77,20.588
20.683,20.683,0.182,0.036,20.77,20.588
20.684,20.684,0.182,0.036,20.77,20.588
20.683,20.683,0.182,0.036,20.77,20.588
20.683,20.683,0.182,0.036,20.77,20.588
20.683,20.683,0.182,0.036,20.77,20.588
20.683,20.683,0.182,0.036,20.77,20.588
20.683,20.683,0.182,0.036,20.77,20.588
20.683,20.683,0.182,0.036,20.77,20.588
20.683,20.683,0.182,0.036,20.77,20.588
20.683,20.683,0.182,0.036,20.77,20.588
20.683,20.683,0.182,0.036,20.77,20.588
20.683,20.683,0.182,0.035,20.77,20.588
20.682,20.682,0.182,0.035,20.77,20.588
20.682,20.682,0.182,0.035,20.77,20.588
20.682,20.682,0.182,0.035,20.77,20.588
20.682,20.682,0.182,0.035,20.77,20.588
20.682,20.682,0.182,0.035,20.77,20.588
20.682,20.682,0.182,0.035,20.77,20.588
20.682,20.682,0.182,0.035,20.77,20.588
20.682,20.682,0.182,0.035,20.77,20.588
20.682,20.682,0.182,0.035,20.77,20.588
20.682,20.682,0.182,0.035,20.77,20.588
20.681,20.681,0.206,0.036,20.77,20.564
20.681,20.681,0.206,0.035,20.77,20.564
20.681,20.681,0.206,0.036,20.77,20.564
20.68,20.681,0.206,0.036,20.77,20.564
20.68,20.68,0.206,0.036,20.77,20.564
20.68,20.68,0.206,0.036,20.77,20.564
20.68,20.68,0.206,0.036,20.77,20.564
20.68,20.68,0.206,0.037,20.77,20.564
20.679,20.679,0.206,0.037,20.77,20.564
20.679,20.679,0.206,0.037,20.77,20.564
20.679,20.679,0.206,0.037,20.77,20.564
20.679,20.679,0.206,0.037,20.77,20.564
20.678,20.678,0.206,0.038,20.77,20.564
20.678,20.678,0.206,0.038,20.77,20.564
20.678,20.678,0.206,0.038,20.77,20.564
20.678,20.678,0.206,0.038,20.77,20.564
20.678,20.678,0.206,0.038,20.77,20.564
20.677,20.677,0.206,0.038,20.77,20.564
20.678,20.678,0.206,0.038,20.77,20.564
20.677,20.677,0.206,0.039,20.77,20.564
20.677,20.677,0.206,0.039,20.77,20.564
20.677,20.677,0.206,0.039,20.77,20.564
20.677,20.677,0.206,0.039,20.77,20.564
20.676,20.676,0.209,0.04,20.77,20.561
20.676,20.676,0.209,0.04,20.77,20.561
20.676,20.676,0.209,0.04,20.77,20.561
20.676,20.676,0.209,0.041,20.77,20.561
20.676,20.676,0.209,0.041,20.77,20.561
20.675,20.675,0.209,0.041,20.77,20.561
20.675,20.675,0.209,0.041,20.77,20.561
20.675,20.675,0.209,0.041,20.77,20.561
20.674,20.675,0.209,0.041,20.77,20.561
20.674,20.674,0.209,0.041,20.77,20.561
20.674,20.674,0.209,0.041,20.77,20.561
20.674,20.674,0.209,0.042,20.77,20.561
20.674,20.674,0.209,0.042,20.77,20.561
20.673,20.673,0.209,0.042,20.77,20.561
20.673,20.673,0.209,0.042,20.77,20.561
20.673,20.673,0.209,0.043,20.77,20.561
20.673,20.673,0.209,0.043,20.77,20.561
20.673,20.673,0.209,0.043,20.77,20.561
20.673,20.673,0.209,0.043,20.77,20.561
20.672,20.672,0.209,0.043,20.77,20.561
20.672,20.672,0.209,0.043,20.77,20.561
20.672,20.672,0.209,0.043,20.77,20.561
20.671,20.671,0.209,0.044,20.77,20.561
20.671,20.671,0.209,0.044,20.77,20.561
20.671,20.671,0.209,0.044,20.77,20.561
20.671,20.671,0.209,0.044,20.77,20.561
20.671,20.671,0.209,0.044,20.77,20.561
20.671,20.671,0.209,0.044,20.77,20.561
20.671,20.671,0.209,0.044,20.77,20.561
20.671,20.671,0.209,0.044,20.77,20.561
20.67,20.67,0.209,0.043,20.77,20.561
20.67,20.67,0.209,0.043,20.77,20.561
20.67,20.67,0.209,0.043,20.77,20.561
20.67,20.67,0.209,0.043,20.77,20.561
20.67,20.67,0.209,0.043,20.77,20.561
20.67,20.67,0.209,0.043,20.77,20.561
20.67,20.67,0.209,0.043,20.77,20.561
20.67,20.67,0.209,0.043,20.77,20.561
20.67,20.67,0.209,0.043,20.77,20.561
20.67,20.67,0.209,0.043,20.77,20.561
20.67,20.67,0.209,0.043,20.77,20.561
20.67,20.67,0.209,0.043,20.77,20.561
20.67,20.67,0.209,0.043,20.77,20.561
20.669,20.67,0.209,0.042,20.77,20.561
20.669,20.669,0.209,0.042,20.77,20.561
20.669,20.669,0.209,0.042,20.77,20.561
20.669,20.669,0.209,0.042,20.77,20.561
20.669,20.669,0.209,0.042,20.77,20.561
20.669,20.669,0.209,0.042,20.77,20.561
20.669,20.669,0.209,0.042,20.77,20.561
20.669,20.669,0.209,0.042,20.77,20.561
20.669,20.669,0.209,0.042,20.77,20.561
20.669,20.669,0.209,0.042,20.77,20.561
20.669,20.669,0.209,0.042,20.77,20.561
20.669,20.669,0.209,0.042,20.77,20.561
20.669,20.669,0.209,0.042,20.77,20.561
20.669,20.669,0.209,0.042,20.77,20.561
20.669,20.669,0.209,0.042,20.77,20.561
20.669,20.669,0.209,0.042,20.77,20.561
20.669,20.669,0.209,0.042,20.77,20.561
20.669,20.669,0.209,0.041,20.77,20.561
20.669,20.669,0.209,0.041,20.77,20.561
20.669,20.669,0.209,0.041,20.77,20.561
20.669,20.669,0.209,0.041,20.77,20.561
20.669,20.669,0.209,0.041,20.77,20.561
20.669,20.669,0.209,0.041,20.77,20.561
20.669,20.669,0.209,0.041,20.77,20.561
20.67,20.67,0.209,0.041,20.77,20.561
20.669,20.669,0.209,0.041,20.77,20.561
20.67,20.67,0.209,0.041,20.77,20.561
20.67,20.67,0.209,0.041,20.77,20.561
20.67,20.67,0.209,0.04,20.77,20.561
20.67,20.67,0.209,0.041,20.77,20.561
20.669,20.669,0.209,0.041,20.77,20.561
20.669,20.669,0.209,0.04,20.77,20.561
20.669,20.669,0.209,0.04,20.77,20.561
20.669,20.669,0.209,0.04,20.77,20.561
20.669,20.669,0.209,0.04,20.77,20.561
20.669,20.669,0.209,0.04,20.77,20.561
20.669,20.669,0.209,0.04,20.77,20.561
20.669,20.669,0.209,0.04,20.77,20.561
20.669,20.669,0.209,0.04,20.77,20.561
20.669,20.669,0.209,0.04,20.77,20.561
20.669,20.669,0.209,0.04,20.77,20.561
20.669,20.669,0.209,0.04,20.77,20.561
20.669,20.669,0.209,0.04,20.77,20.561
20.669,20.669,0.209,0.04,20.77,20.561
20.668,20.668,0.209,0.04,20.77,20.561
20.668,20.668,0.209,0.04,20.77,20.561
20.668,20.668,0.209,0.04,20.77,20.561
20.669,20.669,0.209,0.04,20.77,20.561
20.669,20.669,0.209,0.04,20.77,20.561
20.669,20.669,0.209,0.04,20.77,20.561
20.669,20.669,0.209,0.04,20.77,20.561
20.669,20.669,0.209,0.04,20.77,20.561
20.669,20.669,0.209,0.04,20.77,20.561
20.669,20.669,0.209,0.04,20.77,20.561
20.669,20.669,0.209,0.04,20.77,20.561
20.669,20.669,0.209,0.04,20.77,20.561
20.669,20.669,0.209,0.04,20.77,20.561
20.669,20.669,0.209,0.04,20.77,20.561
20.669,20.669,0.209,0.04,20.77,20.561
20.669,20.669,0.209,0.04,20.77,20.561
20.669,20.669,0.209,0.04,20.77,20.561
20.67,20.67,0.209,0.04,20.77,20.561
20.669,20.67,0.209,0.04,20.77,20.561
20.669,20.67,0.209,0.04,20.77,20.561
20.67,20.67,0.209,0.04,20.77,20.561
20.67,20.67,0.209,0.04,20.77,20.561
20.67,20.67,0.209,0.039,20.77,20.561
20.669,20.669,0.209,0.039,20.77,20.561
20.669,20.669,0.209,0.039,20.77,20.561
20.669,20.669,0.209,0.039,20.77,20.561
20.669,20.669,0.209,0.039,20.77,20.561
20.669,20.67,0.209,0.039,20.77,20.561
20.669,20.669,0.209,0.039,20.77,20.561
20.669,20.669,0.209,0.039,20.77,20.561
20.669,20.669,0.209,0.039,20.77,20.561
20.669,20.669,0.209,0.039,20.77,20.561
20.669,20.669,0.209,0.039,20.77,20.561
20.669,20.669,0.209,0.039,20.77,20.561
20.669,20.669,0.209,0.039,20.77,20.561
20.669,20.669,0.209,0.039,20.77,20.561
20.669,20.669,0.209,0.039,20.77,20.561
20.669,20.669,0.209,0.039,20.77,20.561
20.669,20.669,0.209,0.039,20.77,20.561
20.669,20.669,0.209,0.039,20.77,20.561
20.669,20.669,0.209,0.039,20.77,20.561
20.669,20.669,0.209,0.039,20.77,20.561
20.669,20.669,0.209,0.039,20.77,20.561
20.669,20.669,0.209,0.039,20.77,20.561
20.669,20.669,0.209,0.039,20.77,20.561
20.669,20.669,0.209,0.039,20.77,20.561
20.669,20.669,0.209,0.039,20.77,20.561
20.669,20.669,0.209,0.039,20.77,20.561
20.67,20.67,0.212,0.039,20.773,20.561
20.67,20.67,0.212,0.039,20.773,20.561
20.67,20.67,0.212,0.039,20.773,20.561
20.67,20.67,0.212,0.039,20.773,20.561
20.67,20.67,0.212,0.039,20.773,20.561
20.67,20.67,0.212,0.039,20.773,20.561
20.67,20.67,0.212,0.039,20.773,20.561
20.669,20.669,0.212,0.039,20.773,20.561
20.67,20.67,0.212,0.039,20.773,20.561
20.67,20.67,0.212,0.039,20.773,20.561
20.669,20.67,0.212,0.039,20.773,20.561
20.669,20.669,0.212,0.039,20.773,20.561
20.669,20.669,0.212,0.039,20.773,20.561
20.669,20.67,0.212,0.039,20.773,20.561
20.67,20.67,0.212,0.039,20.773,20.561
20.67,20.67,0.212,0.039,20.773,20.561
20.67,20.67,0.212,0.039,20.773,20.561
20.67,20.67,0.212,0.039,20.773,20.561
20.67,20.67,0.212,0.039,20.773,20.561
20.67,20.67,0.212,0.039,20.773,20.561
20.669,20.669,0.212,0.039,20.773,20.561
20.669,20.669,0.212,0.039,20.773,20.561
20.669,20.669,0.212,0.039,20.773,20.561
20.669,20.669,0.212,0.039,20.773,20.561
20.669,20.669,0.212,0.039,20.773,20.561
20.669,20.669,0.212,0.039,20.773,20.561
20.669,20.669,0.212,0.039,20.773,20.561
20.669,20.669,0.212,0.039,20.773,20.561
20.668,20.669,0.212,0.04,20.773,20.561
20.668,20.668,0.212,0.04,20.773,20.561
20.668,20.668,0.212,0.04,20.773,20.561
20.668,20.668,0.212,0.04,20.773,20.561
20.668,20.668,0.212,0.04,20.773,20.561
20.668,20.668,0.212,0.04,20.773,20.561
20.667,20.667,0.212,0.041,20.773,20.561
20.667,20.668,0.212,0.041,20.773,20.561
20.668,20.668,0.212,0.041,20.773,20.561
20.667,20.667,0.212,0.041,20.773,20.561
20.667,20.667,0.212,0.041,20.773,20.561
20.667,20.667,0.212,0.041,20.773,20.561
20.667,20.667,0.212,0.041,20.773,20.561
20.667,20.667,0.212,0.041,20.773,20.561
20.666,20.667,0.212,0.041,20.773,20.561
20.666,20.666,0.212,0.041,20.773,20.561
20.666,20.666,0.212,0.041,20.773,20.561
20.666,20.666,0.212,0.041,20.773,20.561
20.666,20.666,0.212,0.041,20.773,20.561
20.666,20.666,0.212,0.041,20.773,20.561
20.666,20.666,0.212,0.041,20.773,20.561
20.666,20.666,0.212,0.041,20.773,20.561
20.666,20.666,0.212,0.041,20.773,20.561
20.665,20.665,0.212,0.041,20.773,20.561
20.665,20.665,0.212,0.041,20.773,20.561
20.665,20.665,0.212,0.041,20.773,20.561
20.665,20.665,0.212,0.041,20.773,20.561
20.665,20.665,0.212,0.041,20.773,20.561
20.665,20.665,0.212,0.041,20.773,20.561
20.665,20.665,0.212,0.041,20.773,20.561
20.665,20.665,0.212,0.041,20.773,20.561
20.665,20.665,0.212,0.041,20.773,20.561
20.665,20.665,0.212,0.041,20.773,20.561
20.665,20.666,0.212,0.041,20.773,20.561
20.665,20.665,0.212,0.041,20.773,20.561
20.665,20.665,0.212,0.041,20.773,20.561
20.665,20.665,0.212,0.041,20.773,20.561
20.665,20.665,0.212,0.041,20.773,20.561
20.665,20.665,0.212,0.041,20.773,20.561
20.665,20.665,0.212,0.041,20.773,20.561
20.665,20.665,0.212,0.041,20.773,20.561
20.665,20.665,0.212,0.041,20.773,20.561
20.665,20.665,0.212,0.041,20.773,20.561
20.665,20.665,0.212,0.041,20.773,20.561
20.665,20.665,0.212,0.041,20.773,20.561
20.665,20.665,0.212,0.042,20.773,20.561
20.665,20.665,0.212,0.042,20.773,20.561
20.665,20.665,0.212,0.042,20.773,20.561
20.665,20.665,0.212,0.042,20.773,20.561
20.665,20.665,0.212,0.042,20.773,20.561
20.665,20.665,0.212,0.042,20.773,20.561
20.665,20.665,0.212,0.042,20.773,20.561
20.665,20.665,0.212,0.042,20.773,20.561
20.665,20.665,0.212,0.042,20.773,20.561
20.665,20.665,0.212,0.042,20.773,20.561
20.665,20.665,0.212,0.042,20.773,20.561
20.665,20.665,0.212,0.042,20.773,20.561
20.665,20.665,0.212,0.042,20.773,20.561
20.665,20.665,0.212,0.042,20.773,20.561
20.665,20.665,0.212,0.042,20.773,20.561
20.665,20.665,0.212,0.042,20.773,20.561
20.665,20.665,0.212,0.042,20.773,20.561
20.665,20.665,0.212,0.042,20.773,20.561
20.665,20.665,0.212,0.042,20.773,20.561
20.665,20.665,0.212,0.042,20.773,20.561
20.665,20.665,0.212,0.042,20.773,20.561
20.665,20.665,0.212,0.042,20.773,20.561
20.665,20.665,0.212,0.042,20.773,20.561
20.665,20.665,0.212,0.042,20.773,20.561
20.665,20.665,0.212,0.043,20.773,20.561
20.665,20.665,0.224,0.043,20.785,20.561
20.665,20.665,0.224,0.043,20.785,20.561
20.665,20.665,0.224,0.043,20.785,20.561
20.665,20.665,0.224,0.043,20.785,20.561
20.665,20.665,0.224,0.043,20.785,20.561
20.665,20.665,0.224,0.043,20.785,20.561
20.665,20.665,0.224,0.043,20.785,20.561
20.665,20.665,0.224,0.043,20.785,20.561
20.665,20.665,0.224,0.043,20.785,20.561
20.665,20.665,0.224,0.043,20.785,20.561
20.665,20.665,0.224,0.043,20.785,20.561
20.665,20.665,0.224,0.043,20.785,20.561
20.665,20.665,0.224,0.043,20.785,20.561
20.665,20.665,0.224,0.043,20.785,20.561
20.665,20.665,0.224,0.043,20.785,20.561
20.665,20.665,0.224,0.043,20.785,20.561
20.664,20.664,0.224,0.043,20.785,20.561
20.664,20.664,0.224,0.043,20.785,20.561
20.664,20.664,0.224,0.043,20.785,20.561
20.664,20.664,0.224,0.043,20.785,20.561
20.664,20.664,0.224,0.043,20.785,20.561
20.664,20.664,0.224,0.043,20.785,20.561
20.664,20.664,0.224,0.043,20.785,20.561
20.664,20.664,0.224,0.043,20.785,20.561
20.664,20.665,0.224,0.043,20.785,20.561
20.664,20.664,0.224,0.043,20.785,20.561
20.664,20.664,0.224,0.043,20.785,20.561
20.664,20.664,0.224,0.043,20.785,20.561
20.664,20.664,0.224,0.043,20.785,20.561
20.664,20.664,0.224,0.043,20.785,20.561
20.664,20.664,0.224,0.043,20.785,20.561
20.664,20.664,0.224,0.043,20.785,20.561
20.664,20.664,0.224,0.043,20.785,20.561
20.664,20.664,0.224,0.043,20.785,20.561
20.664,20.664,0.224,0.043,20.785,20.561
20.664,20.664,0.224,0.043,20.785,20.561
20.664,20.664,0.224,0.043,20.785,20.561
20.664,20.664,0.224,0.043,20.785,20.561
20.664,20.664,0.224,0.043,20.785,20.561
20.664,20.664,0.224,0.043,20.785,20.561
20.664,20.664,0.224,0.043,20.785,20.561
20.664,20.664,0.224,0.043,20.785,20.561
20.665,20.665,0.224,0.043,20.785,20.561
20.664,20.664,0.224,0.043,20.785,20.561
20.665,20.665,0.224,0.043,20.785,20.561
20.665,20.665,0.224,0.043,20.785,20.561
20.665,20.665,0.224,0.043,20.785,20.561
20.665,20.665,0.224,0.043,20.785,20.561
20.665,20.665,0.224,0.043,20.785,20.561
20.665,20.665,0.224,0.043,20.785,20.561
20.664,20.665,0.224,0.043,20.785,20.561
20.665,20.665,0.224,0.043,20.785,20.561
20.665,20.665,0.224,0.043,20.785,20.561
20.665,20.665,0.224,0.043,20.785,20.561
20.665,20.665,0.224,0.043,20.785,20.561
20.664,20.664,0.224,0.043,20.785,20.561
20.664,20.665,0.224,0.043,20.785,20.561
20.665,20.665,0.224,0.043,20.785,20.561
20.665,20.665,0.224,0.043,20.785,20.561
20.665,20.665,0.224,0.043,20.785,20.561
20.665,20.665,0.224,0.043,20.785,20.561
20.665,20.665,0.224,0.043,20.785,20.561
20.665,20.665,0.224,0.043,20.785,20.561
20.665,20.665,0.224,0.043,20.785,20.561
20.665,20.665,0.224,0.043,20.785,20.561
20.665,20.665,0.224,0.043,20.785,20.561
20.665,20.665,0.224,0.043,20.785,20.561
20.665,20.665,0.222,0.043,20.785,20.563
20.665,20.665,0.222,0.042,20.785,20.563
20.665,20.665,0.222,0.042,20.785,20.563
20.665,20.665,0.222,0.042,20.785,20.563
20.665,20.665,0.222,0.042,20.785,20.563
20.665,20.665,0.222,0.042,20.785,20.563
20.666,20.666,0.222,0.042,20.785,20.563
20.666,20.666,0.222,0.042,20.785,20.563
20.666,20.666,0.222,0.042,20.785,20.563
20.666,20.666,0.222,0.042,20.785,20.563
20.666,20.666,0.222,0.042,20.785,20.563
20.666,20.666,0.222,0.042,20.785,20.563
20.666,20.666,0.222,0.042,20.785,20.563
20.666,20.666,0.222,0.042,20.785,20.563
20.666,20.666,0.222,0.042,20.785,20.563
20.666,20.666,0.221,0.041,20.785,20.564
20.666,20.666,0.221,0.041,20.785,20.564
20.666,20.666,0.221,0.041,20.785,20.564
20.666,20.666,0.221,0.041,20.785,20.564
20.666,20.666,0.23,0.042,20.785,20.555
20.666,20.666,0.23,0.041,20.785,20.555
20.666,20.666,0.23,0.041,20.785,20.555
20.667,20.667,0.23,0.041,20.785,20.555
20.667,20.667,0.23,0.041,20.785,20.555
20.667,20.667,0.23,0.041,20.785,20.555
20.667,20.667,0.23,0.041,20.785,20.555
20.667,20.667,0.23,0.041,20.785,20.555
20.667,20.667,0.23,0.041,20.785,20.555
20.667,20.667,0.23,0.041,20.785,20.555
20.667,20.667,0.23,0.041,20.785,20.555
20.667,20.667,0.23,0.041,20.785,20.555
20.667,20.667,0.23,0.041,20.785,20.555
20.667,20.667,0.23,0.041,20.785,20.555
20.667,20.667,0.23,0.041,20.785,20.555
20.667,20.667,0.23,0.041,20.785,20.555
20.667,20.667,0.23,0.041,20.785,20.555
20.667,20.667,0.23,0.041,20.785,20.555
20.667,20.667,0.23,0.041,20.785,20.555
20.667,20.667,0.23,0.041,20.785,20.555
20.667,20.667,0.23,0.041,20.785,20.555
20.667,20.667,0.23,0.041,20.785,20.555
20.667,20.667,0.23,0.042,20.785,20.555
20.667,20.667,0.23,0.042,20.785,20.555
20.667,20.667,0.23,0.042,20.785,20.555
20.667,20.667,0.23,0.042,20.785,20.555
20.667,20.667,0.23,0.042,20.785,20.555
20.667,20.667,0.23,0.042,20.785,20.555
20.667,20.667,0.23,0.042,20.785,20.555
20.667,20.667,0.23,0.042,20.785,20.555
20.667,20.667,0.23,0.042,20.785,20.555
20.667,20.667,0.23,0.042,20.785,20.555
20.667,20.667,0.23,0.042,20.785,20.555
20.667,20.667,0.23,0.042,20.785,20.555
20.667,20.667,0.23,0.042,20.785,20.555
20.667,20.667,0.23,0.043,20.785,20.555
20.667,20.667,0.23,0.043,20.785,20.555
20.667,20.667,0.23,0.043,20.785,20.555
20.667,20.667,0.23,0.043,20.785,20.555
20.667,20.667,0.23,0.043,20.785,20.555
20.667,20.667,0.23,0.043,20.785,20.555
20.667,20.667,0.23,0.043,20.785,20.555
20.667,20.667,0.23,0.043,20.785,20.555
20.667,20.667,0.23,0.043,20.785,20.555
20.667,20.667,0.23,0.043,20.785,20.555
20.667,20.667,0.23,0.043,20.785,20.555
20.667,20.667,0.23,0.043,20.785,20.555
20.667,20.667,0.23,0.043,20.785,20.555
20.667,20.667,0.23,0.043,20.785,20.555
20.667,20.667,0.23,0.043,20.785,20.555
20.667,20.667,0.23,0.043,20.785,20.555
20.667,20.667,0.23,0.043,20.785,20.555
20.667,20.667,0.23,0.043,20.785,20.555
20.667,20.667,0.23,0.043,20.785,20.555
20.667,20.667,0.23,0.043,20.785,20.555
20.667,20.667,0.23,0.043,20.785,20.555
20.667,20.667,0.23,0.043,20.785,20.555
20.667,20.667,0.23,0.043,20.785,20.555
20.667,20.667,0.23,0.043,20.785,20.555
20.667,20.667,0.23,0.043,20.785,20.555
20.667,20.667,0.23,0.043,20.785,20.555
20.667,20.667,0.23,0.043,20.785,20.555
20.667,20.667,0.23,0.043,20.785,20.555
20.667,20.667,0.23,0.043,20.785,20.555
20.667,20.667,0.23,0.043,20.785,20.555
20.667,20.667,0.23,0.043,20.785,20.555
20.667,20.667,0.23,0.043,20.785,20.555
20.667,20.667,0.23,0.043,20.785,20.555
20.667,20.667,0.23,0.043,20.785,20.555
20.667,20.667,0.23,0.043,20.785,20.555
20.667,20.667,0.23,0.043,20.785,20.555
20.666,20.666,0.23,0.043,20.785,20.555
20.666,20.666,0.23,0.043,20.785,20.555
20.666,20.666,0.23,0.043,20.785,20.555
20.666,20.666,0.23,0.043,20.785,20.555
20.666,20.666,0.23,0.043,20.785,20.555
20.666,20.666,0.23,0.043,20.785,20.555
20.666,20.666,0.23,0.043,20.785,20.555
20.666,20.666,0.23,0.043,20.785,20.555
20.666,20.666,0.23,0.043,20.785,20.555
20.666,20.666,0.23,0.043,20.785,20.555
20.666,20.666,0.23,0.043,20.785,20.555
20.666,20.666,0.23,0.043,20.785,20.555
20.666,20.666,0.23,0.043,20.785,20.555
20.666,20.666,0.23,0.043,20.785,20.555
20.666,20.666,0.23,0.043,20.785,20.555
20.666,20.666,0.23,0.043,20.785,20.555
20.666,20.666,0.23,0.043,20.785,20.555
20.666,20.666,0.23,0.043,20.785,20.555
20.666,20.666,0.23,0.043,20.785,20.555
20.666,20.666,0.23,0.043,20.785,20.555
20.666,20.666,0.23,0.043,20.785,20.555
20.666,20.666,0.23,0.043,20.785,20.555
20.666,20.666,0.23,0.043,20.785,20.555
20.666,20.666,0.23,0.043,20.785,20.555
20.666,20.667,0.23,0.043,20.785,20.555
20.666,20.667,0.23,0.043,20.785,20.555
20.667,20.667,0.23,0.043,20.785,20.555
20.666,20.667,0.23,0.043,20.785,20.555
20.666,20.667,0.23,0.043,20.785,20.555
20.666,20.667,0.23,0.043,20.785,20.555
20.666,20.667,0.23,0.043,20.785,20.555
20.666,20.666,0.23,0.043,20.785,20.555
20.666,20.666,0.23,0.043,20.785,20.555
20.667,20.667,0.23,0.044,20.785,20.555
20.667,20.667,0.23,0.043,20.785,20.555
20.666,20.666,0.23,0.043,20.785,20.555
20.666,20.666,0.23,0.043,20.785,20.555
20.666,20.666,0.23,0.043,20.785,20.555
20.666,20.666,0.23,0.043,20.785,20.555
20.667,20.667,0.23,0.044,20.785,20.555
20.667,20.667,0.23,0.044,20.785,20.555
20.667,20.667,0.23,0.044,20.785,20.555
20.667,20.667,0.23,0.044,20.785,20.555
20.667,20.667,0.23,0.044,20.785,20.555
20.667,20.667,0.23,0.044,20.785,20.555
20.667,20.667,0.23,0.044,20.785,20.555
20.667,20.667,0.23,0.044,20.785,20.555
20.667,20.667,0.23,0.044,20.785,20.555
20.667,20.667,0.23,0.044,20.785,20.555
20.667,20.667,0.23,0.044,20.785,20.555
20.667,20.667,0.23,0.044,20.785,20.555
20.667,20.667,0.23,0.044,20.785,20.555
20.667,20.667,0.23,0.044,20.785,20.555
20.667,20.667,0.23,0.044,20.785,20.555
20.667,20.667,0.23,0.044,20.785,20.555
20.667,20.667,0.23,0.044,20.785,20.555
20.667,20.667,0.23,0.044,20.785,20.555
20.667,20.667,0.23,0.044,20.785,20.555
20.667,20.667,0.23,0.044,20.785,20.555
20.666,20.666,0.23,0.043,20.785,20.555
20.666,20.666,0.23,0.043,20.785,20.555
20.666,20.666,0.23,0.043,20.785,20.555
20.666,20.666,0.23,0.043,20.785,20.555
20.666,20.666,0.23,0.043,20.785,20.555
20.666,20.666,0.23,0.043,20.785,20.555
20.666,20.666,0.23,0.043,20.785,20.555
20.666,20.666,0.23,0.043,20.785,20.555
20.666,20.666,0.23,0.043,20.785,20.555
20.666,20.666,0.23,0.043,20.785,20.555
20.666,20.666,0.23,0.043,20.785,20.555
20.666,20.666,0.23,0.043,20.785,20.555
20.666,20.666,0.23,0.043,20.785,20.555
20.666,20.666,0.23,0.043,20.785,20.555
20.667,20.667,0.23,0.042,20.785,20.555
20.667,20.667,0.23,0.042,20.785,20.555
20.667,20.667,0.23,0.042,20.785,20.555
20.667,20.667,0.23,0.042,20.785,20.555
20.667,20.668,0.23,0.042,20.785,20.555
20.668,20.668,0.23,0.041,20.785,20.555
20.668,20.668,0.23,0.041,20.785,20.555
20.668,20.668,0.23,0.041,20.785,20.555
20.668,20.668,0.23,0.041,20.785,20.555
20.668,20.668,0.23,0.041,20.785,20.555
20.668,20.669,0.23,0.041,20.785,20.555
20.669,20.669,0.23,0.04,20.785,20.555
20.669,20.669,0.23,0.04,20.785,20.555
20.669,20.669,0.23,0.041,20.785,20.555
20.669,20.669,0.23,0.041,20.785,20.555
20.669,20.669,0.23,0.04,20.785,20.555
20.669,20.669,0.23,0.04,20.785,20.555
20.669,20.669,0.23,0.04,20.785,20.555
20.669,20.669,0.23,0.04,20.785,20.555
20.669,20.669,0.23,0.04,20.785,20.555
20.669,20.669,0.23,0.04,20.785,20.555
20.669,20.669,0.23,0.04,20.785,20.555
20.669,20.669,0.23,0.04,20.785,20.555
20.669,20.669,0.23,0.04,20.785,20.555
20.669,20.669,0.23,0.04,20.785,20.555
20.67,20.67,0.23,0.04,20.785,20.555
20.67,20.67,0.23,0.04,20.785,20.555
20.669,20.669,0.23,0.04,20.785,20.555
20.669,20.669,0.23,0.04,20.785,20.555
20.669,20.669,0.23,0.04,20.785,20.555
20.669,20.669,0.23,0.04,20.785,20.555
20.669,20.669,0.23,0.04,20.785,20.555
20.669,20.669,0.23,0.04,20.785,20.555
20.669,20.669,0.23,0.039,20.785,20.555
20.669,20.669,0.23,0.039,20.785,20.555
20.669,20.669,0.23,0.039,20.785,20.555
20.669,20.669,0.23,0.039,20.785,20.555
20.669,20.669,0.23,0.039,20.785,20.555
20.669,20.669,0.23,0.039,20.785,20.555
20.669,20.669,0.23,0.039,20.785,20.555
20.668,20.669,0.23,0.039,20.785,20.555
20.669,20.669,0.23,0.039,20.785,20.555
20.669,20.669,0.23,0.039,20.785,20.555
20.669,20.669,0.23,0.039,20.785,20.555
20.669,20.669,0.23,0.039,20.785,20.555
20.668,20.668,0.23,0.039,20.785,20.555
20.668,20.668,0.23,0.039,20.785,20.555
20.668,20.668,0.23,0.039,20.785,20.555
20.668,20.668,0.23,0.039,20.785,20.555
20.668,20.668,0.23,0.039,20.785,20.555
20.668,20.668,0.23,0.039,20.785,20.555
20.668,20.668,0.23,0.039,20.785,20.555
20.668,20.668,0.23,0.039,20.785,20.555
20.668,20.668,0.23,0.039,20.785,20.555
20.668,20.668,0.23,0.039,20.785,20.555
20.668,20.668,0.23,0.039,20.785,20.555
20.668,20.668,0.23,0.039,20.785,20.555
20.668,20.668,0.23,0.039,20.785,20.555
20.668,20.668,0.23,0.039,20.785,20.555
20.668,20.668,0.23,0.039,20.785,20.555
20.668,20.668,0.23,0.039,20.785,20.555
20.668,20.668,0.23,0.039,20.785,20.555
20.668,20.668,0.23,0.039,20.785,20.555
20.667,20.668,0.23,0.038,20.785,20.555
20.668,20.668,0.23,0.038,20.785,20.555
20.667,20.667,0.23,0.038,20.785,20.555
20.668,20.668,0.23,0.038,20.785,20.555
20.668,20.668,0.23,0.038,20.785,20.555
20.668,20.668,0.23,0.038,20.785,20.555
20.667,20.667,0.23,0.038,20.785,20.555
20.667,20.667,0.223,0.037,20.778,20.555
20.667,20.667,0.223,0.037,20.778,20.555
20.667,20.667,0.223,0.037,20.778,20.555
20.667,20.667,0.223,0.037,20.778,20.555
20.667,20.667,0.223,0.037,20.778,20.555
20.667,20.667,0.223,0.038,20.778,20.555
20.667,20.667,0.223,0.038,20.778,20.555
20.667,20.667,0.223,0.038,20.778,20.555
20.667,20.667,0.223,0.038,20.778,20.555
20.668,20.668,0.223,0.038,20.778,20.555
20.667,20.668,0.223,0.038,20.778,20.555
20.668,20.668,0.223,0.038,20.778,20.555
20.668,20.668,0.223,0.038,20.778,20.555
20.668,20.668,0.223,0.038,20.778,20.555
20.668,20.668,0.223,0.038,20.778,20.555
20.668,20.668,0.223,0.038,20.778,20.555
20.668,20.668,0.223,0.038,20.778,20.555
20.668,20.668,0.223,0.038,20.778,20.555
20.668,20.668,0.223,0.039,20.778,20.555
20.668,20.668,0.223,0.039,20.778,20.555
20.668,20.668,0.223,0.039,20.778,20.555
20.669,20.669,0.223,0.039,20.778,20.555
20.668,20.668,0.223,0.039,20.778,20.555
20.668,20.668,0.223,0.039,20.778,20.555
20.668,20.668,0.223,0.039,20.778,20.555
20.668,20.668,0.223,0.039,20.778,20.555
20.668,20.668,0.223,0.039,20.778,20.555
20.668,20.668,0.223,0.039,20.778,20.555
20.668,20.668,0.223,0.039,20.778,20.555
20.668,20.668,0.223,0.039,20.778,20.555
20.668,20.668,0.223,0.039,20.778,20.555
20.668,20.668,0.223,0.039,20.778,20.555
20.669,20.669,0.223,0.04,20.778,20.555
20.669,20.669,0.223,0.04,20.778,20.555
20.669,20.669,0.223,0.04,20.778,20.555
20.669,20.669,0.223,0.04,20.778,20.555
20.669,20.669,0.223,0.04,20.778,20.555
20.668,20.668,0.223,0.039,20.778,20.555
20.668,20.669,0.223,0.039,20.778,20.555
20.668,20.669,0.223,0.039,20.778,20.555
20.668,20.668,0.223,0.039,20.778,20.555
20.669,20.669,0.234,0.04,20.789,20.555
20.669,20.669,0.234,0.04,20.789,20.555
20.669,20.669,0.234,0.04,20.789,20.555
20.669,20.669,0.234,0.04,20.789,20.555
20.669,20.669,0.234,0.04,20.789,20.555
20.669,20.669,0.234,0.04,20.789,20.555
20.669,20.669,0.234,0.04,20.789,20.555
20.67,20.67,0.234,0.039,20.789,20.555
20.67,20.67,0.234,0.039,20.789,20.555
20.67,20.67,0.234,0.04,20.789,20.555
20.671,20.671,0.234,0.04,20.789,20.555
20.671,20.671,0.234,0.04,20.789,20.555
20.671,20.671,0.234,0.039,20.789,20.555
20.671,20.671,0.234,0.039,20.789,20.555
20.672,20.672,0.234,0.039,20.789,20.555
20.672,20.672,0.234,0.039,20.789,20.555
20.672,20.672,0.234,0.039,20.789,20.555
20.672,20.672,0.234,0.039,20.789,20.555
20.672,20.672,0.234,0.039,20.789,20.555
20.673,20.673,0.234,0.039,20.789,20.555
20.673,20.673,0.234,0.039,20.789,20.555
20.673,20.673,0.234,0.039,20.789,20.555
20.673,20.673,0.234,0.039,20.789,20.555
20.673,20.673,0.234,0.039,20.789,20.555
20.673,20.673,0.234,0.039,20.789,20.555
20.674,20.674,0.234,0.038,20.789,20.555
20.674,20.674,0.234,0.038,20.789,20.555
20.674,20.674,0.234,0.038,20.789,20.555
20.674,20.674,0.234,0.038,20.789,20.555
20.674,20.674,0.234,0.038,20.789,20.555
20.674,20.674,0.234,0.038,20.789,20.555
20.675,20.675,0.234,0.038,20.789,20.555
20.675,20.675,0.234,0.038,20.789,20.555
20.675,20.675,0.234,0.038,20.789,20.555
20.675,20.675,0.234,0.037,20.789,20.555
20.675,20.675,0.234,0.037,20.789,20.555
20.675,20.675,0.234,0.037,20.789,20.555
20.675,20.675,0.234,0.037,20.789,20.555
20.676,20.676,0.234,0.036,20.789,20.555
20.676,20.676,0.234,0.036,20.789,20.555
20.676,20.676,0.234,0.036,20.789,20.555
20.676,20.676,0.234,0.036,20.789,20.555
20.676,20.676,0.234,0.036,20.789,20.555
20.677,20.677,0.234,0.036,20.789,20.555
20.677,20.677,0.234,0.036,20.789,20.555
20.677,20.677,0.204,0.035,20.789,20.585
20.677,20.677,0.204,0.035,20.789,20.585
20.677,20.677,0.204,0.035,20.789,20.585
20.677,20.677,0.204,0.035,20.789,20.585
20.677,20.677,0.204,0.035,20.789,20.585
20.677,20.677,0.204,0.035,20.789,20.585
20.677,20.677,0.204,0.035,20.789,20.585
20.677,20.677,0.204,0.035,20.789,20.585
20.678,20.678,0.169,0.035,20.789,20.62
20.677,20.677,0.169,0.035,20.789,20.62
20.677,20.677,0.169,0.035,20.789,20.62
20.677,20.677,0.169,0.035,20.789,20.62
20.677,20.677,0.169,0.035,20.789,20.62
20.677,20.677,0.169,0.035,20.789,20.62
20.677,20.677,0.169,0.035,20.789,20.62
20.678,20.678,0.169,0.035,20.789,20.62
20.677,20.677,0.169,0.035,20.789,20.62
20.677,20.677,0.169,0.035,20.789,20.62
20.677,20.677,0.169,0.035,20.789,20.62
20.677,20.677,0.169,0.035,20.789,20.62
20.677,20.677,0.169,0.035,20.789,20.62
20.677,20.677,0.169,0.035,20.789,20.62
20.678,20.678,0.169,0.035,20.789,20.62
20.678,20.678,0.169,0.035,20.789,20.62
20.678,20.678,0.169,0.035,20.789,20.62
20.678,20.678,0.169,0.035,20.789,20.62
20.678,20.678,0.169,0.035,20.789,20.62
20.677,20.677,0.169,0.035,20.789,20.62
20.678,20.678,0.169,0.035,20.789,20.62
20.678,20.678,0.169,0.035,20.789,20.62
20.678,20.678,0.169,0.035,20.789,20.62
20.678,20.678,0.169,0.035,20.789,20.62
20.678,20.678,0.169,0.035,20.789,20.62
20.677,20.677,0.169,0.035,20.789,20.62
20.677,20.677,0.169,0.035,20.789,20.62
20.677,20.677,0.169,0.034,20.789,20.62
20.677,20.677,0.169,0.034,20.789,20.62
20.677,20.677,0.169,0.034,20.789,20.62
20.677,20.677,0.169,0.034,20.789,20.62
20.677,20.677,0.169,0.034,20.789,20.62
20.678,20.678,0.169,0.034,20.789,20.62
20.677,20.677,0.169,0.034,20.789,20.62
20.678,20.678,0.169,0.034,20.789,20.62
20.678,20.678,0.169,0.034,20.789,20.62
20.678,20.678,0.169,0.034,20.789,20.62
20.678,20.678,0.169,0.034,20.789,20.62
20.678,20.678,0.169,0.034,20.789,20.62
20.678,20.678,0.169,0.034,20.789,20.62
20.678,20.678,0.169,0.034,20.789,20.62
20.679,20.679,0.169,0.035,20.789,20.62
20.679,20.679,0.169,0.035,20.789,20.62
20.679,20.679,0.169,0.035,20.789,20.62
20.679,20.679,0.169,0.035,20.789,20.62
20.679,20.679,0.169,0.035,20.789,20.62
20.679,20.679,0.169,0.035,20.789,20.62
20.679,20.679,0.169,0.035,20.789,20.62
20.679,20.679,0.169,0.035,20.789,20.62
20.679,20.679,0.169,0.035,20.789,20.62
20.679,20.679,0.169,0.036,20.789,20.62
20.679,20.679,0.169,0.036,20.789,20.62
20.679,20.679,0.169,0.035,20.789,20.62
20.679,20.679,0.169,0.035,20.789,20.62
20.679,20.679,0.169,0.035,20.789,20.62
20.679,20.679,0.169,0.035,20.789,20.62
20.679,20.679,0.169,0.035,20.789,20.62
20.679,20.679,0.169,0.035,20.789,20.62
20.679,20.679,0.169,0.035,20.789,20.62
20.679,20.679,0.169,0.035,20.789,20.62
20.68,20.68,0.169,0.036,20.789,20.62
20.679,20.679,0.169,0.035,20.789,20.62
20.68,20.68,0.177,0.036,20.797,20.62
20.68,20.68,0.177,0.036,20.797,20.62
20.68,20.68,0.177,0.036,20.797,20.62
20.68,20.68,0.177,0.036,20.797,20.62
20.68,20.68,0.177,0.036,20.797,20.62
20.68,20.68,0.177,0.036,20.797,20.62
20.68,20.68,0.177,0.036,20.797,20.62
20.68,20.68,0.177,0.036,20.797,20.62
20.68,20.68,0.177,0.036,20.797,20.62
20.681,20.681,0.177,0.036,20.797,20.62
20.681,20.681,0.177,0.036,20.797,20.62
20.681,20.681,0.177,0.036,20.797,20.62
20.681,20.681,0.177,0.036,20.797,20.62
20.681,20.681,0.177,0.036,20.797,20.62
20.681,20.681,0.177,0.036,20.797,20.62
20.681,20.681,0.177,0.036,20.797,20.62
20.681,20.681,0.177,0.036,20.797,20.62
20.681,20.681,0.177,0.036,20.797,20.62
20.681,20.681,0.177,0.036,20.797,20.62
20.681,20.681,0.177,0.036,20.797,20.62
20.681,20.681,0.177,0.036,20.797,20.62
20.681,20.681,0.177,0.036,20.797,20.62
20.681,20.681,0.177,0.036,20.797,20.62
20.682,20.682,0.177,0.036,20.797,20.62
20.682,20.682,0.177,0.036,20.797,20.62
20.681,20.682,0.177,0.036,20.797,20.62
20.682,20.682,0.177,0.036,20.797,20.62
20.682,20.682,0.177,0.036,20.797,20.62
20.682,20.682,0.177,0.037,20.797,20.62
20.682,20.682,0.177,0.037,20.797,20.62
20.682,20.682,0.177,0.037,20.797,20.62
20.683,20.683,0.177,0.037,20.797,20.62
20.683,20.683,0.177,0.037,20.797,20.62
20.683,20.683,0.177,0.037,20.797,20.62
20.683,20.683,0.177,0.037,20.797,20.62
20.683,20.683,0.177,0.037,20.797,20.62
20.683,20.683,0.177,0.037,20.797,20.62
20.683,20.683,0.177,0.037,20.797,20.62
20.684,20.684,0.177,0.037,20.797,20.62
20.684,20.684,0.177,0.037,20.797,20.62
20.684,20.684,0.177,0.037,20.797,20.62
20.684,20.684,0.177,0.037,20.797,20.62
20.684,20.684,0.177,0.037,20.797,20.62
20.683,20.683,0.184,0.037,20.797,20.613
20.683,20.683,0.184,0.037,20.797,20.613
20.683,20.683,0.184,0.037,20.797,20.613
20.682,20.682,0.188,0.037,20.797,20.609
20.682,20.682,0.193,0.038,20.797,20.604
20.682,20.682,0.208,0.038,20.797,20.589
20.681,20.681,0.208,0.038,20.797,20.589
20.681,20.681,0.21,0.038,20.797,20.587
20.681,20.681,0.21,0.039,20.797,20.587
20.681,20.681,0.21,0.039,20.797,20.587
20.681,20.681,0.21,0.039,20.797,20.587
20.68,20.681,0.21,0.039,20.797,20.587
20.681,20.681,0.21,0.039,20.797,20.587
20.68,20.68,0.21,0.039,20.797,20.587
20.68,20.68,0.21,0.039,20.797,20.587
20.68,20.68,0.21,0.04,20.797,20.587
20.68,20.68,0.21,0.04,20.797,20.587
20.68,20.68,0.21,0.04,20.797,20.587
20.679,20.679,0.21,0.04,20.797,20.587
20.679,20.679,0.218,0.041,20.797,20.579
20.679,20.679,0.218,0.041,20.797,20.579
20.679,20.679,0.218,0.041,20.797,20.579
20.679,20.679,0.218,0.041,20.797,20.579
20.679,20.679,0.218,0.041,20.797,20.579
20.678,20.678,0.218,0.042,20.797,20.579
20.678,20.678,0.218,0.042,20.797,20.579
20.678,20.678,0.218,0.042,20.797,20.579
20.678,20.678,0.218,0.042,20.797,20.579
20.678,20.678,0.218,0.042,20.797,20.579
20.678,20.678,0.218,0.042,20.797,20.579
20.678,20.678,0.218,0.043,20.797,20.579
20.677,20.677,0.218,0.043,20.797,20.579
20.677,20.677,0.218,0.043,20.797,20.579
20.678,20.678,0.218,0.043,20.797,20.579
20.677,20.677,0.218,0.043,20.797,20.579
20.677,20.677,0.218,0.043,20.797,20.579
20.677,20.677,0.218,0.044,20.797,20.579
20.677,20.677,0.218,0.044,20.797,20.579
20.677,20.677,0.218,0.044,20.797,20.579
20.676,20.676,0.218,0.044,20.797,20.579
20.676,20.676,0.218,0.044,20.797,20.579
20.676,20.676,0.218,0.044,20.797,20.579
20.676,20.676,0.218,0.044,20.797,20.579
20.676,20.676,0.218,0.044,20.797,20.579
20.676,20.676,0.218,0.044,20.797,20.579
20.675,20.675,0.218,0.045,20.797,20.579
20.675,20.675,0.218,0.045,20.797,20.579
20.675,20.675,0.218,0.045,20.797,20.579
20.675,20.675,0.218,0.045,20.797,20.579
20.675,20.675,0.218,0.045,20.797,20.579
20.675,20.675,0.218,0.046,20.797,20.579
20.674,20.674,0.218,0.046,20.797,20.579
20.674,20.674,0.218,0.046,20.797,20.579
20.674,20.674,0.218,0.046,20.797,20.579
20.674,20.674,0.218,0.046,20.797,20.579
20.674,20.674,0.218,0.046,20.797,20.579
20.674,20.674,0.218,0.046,20.797,20.579
20.673,20.673,0.218,0.046,20.797,20.579
20.673,20.673,0.218,0.046,20.797,20.579
20.673,20.673,0.218,0.047,20.797,20.579
20.673,20.673,0.218,0.047,20.797,20.579
20.673,20.673,0.218,0.047,20.797,20.579
20.673,20.673,0.218,0.047,20.797,20.579
20.673,20.673,0.218,0.047,20.797,20.579
20.673,20.673,0.218,0.047,20.797,20.579
20.672,20.672,0.218,0.047,20.797,20.579
20.672,20.672,0.218,0.047,20.797,20.579
20.672,20.672,0.218,0.048,20.797,20.579
20.672,20.672,0.218,0.048,20.797,20.579
20.671,20.671,0.218,0.048,20.797,20.579
20.671,20.671,0.218,0.048,20.797,20.579
20.671,20.671,0.218,0.048,20.797,20.579
20.671,20.671,0.218,0.048,20.797,20.579
20.671,20.671,0.218,0.048,20.797,20.579
20.671,20.671,0.218,0.048,20.797,20.579
20.671,20.671,0.218,0.048,20.797,20.579
20.671,20.671,0.218,0.048,20.797,20.579
20.671,20.671,0.218,0.048,20.797,20.579
20.671,20.671,0.218,0.048,20.797,20.579
20.671,20.671,0.218,0.048,20.797,20.579
20.671,20.671,0.218,0.048,20.797,20.579
20.671,20.671,0.218,0.048,20.797,20.579
20.671,20.671,0.218,0.048,20.797,20.579
20.671,20.671,0.218,0.048,20.797,20.579
20.671,20.671,0.218,0.048,20.797,20.579
20.671,20.671,0.218,0.048,20.797,20.579
20.67,20.67,0.218,0.048,20.797,20.579
20.67,20.67,0.218,0.048,20.797,20.579
20.67,20.67,0.218,0.048,20.797,20.579
20.67,20.67,0.218,0.049,20.797,20.579
20.669,20.669,0.218,0.049,20.797,20.579
20.669,20.669,0.218,0.049,20.797,20.579
20.669,20.669,0.218,0.049,20.797,20.579
20.669,20.669,0.218,0.049,20.797,20.579
20.669,20.669,0.218,0.049,20.797,20.579
20.669,20.669,0.218,0.049,20.797,20.579
20.669,20.669,0.218,0.049,20.797,20.579
20.669,20.669,0.218,0.049,20.797,20.579
20.668,20.668,0.218,0.049,20.797,20.579
20.668,20.668,0.218,0.049,20.797,20.579
20.668,20.668,0.218,0.049,20.797,20.579
20.668,20.668,0.218,0.049,20.797,20.579
20.668,20.668,0.218,0.049,20.797,20.579
20.668,20.668,0.218,0.049,20.797,20.579
20.668,20.668,0.218,0.049,20.797,20.579
20.667,20.667,0.218,0.049,20.797,20.579
20.667,20.667,0.218,0.049,20.797,20.579
20.667,20.667,0.218,0.049,20.797,20.579
20.667,20.667,0.218,0.049,20.797,20.579
20.667,20.667,0.218,0.049,20.797,20.579
20.666,20.666,0.218,0.049,20.797,20.579
20.666,20.666,0.218,0.049,20.797,20.579
20.666,20.666,0.218,0.049,20.797,20.579
20.665,20.665,0.218,0.049,20.797,20.579
20.665,20.665,0.218,0.049,20.797,20.579
20.665,20.665,0.218,0.049,20.797,20.579
20.665,20.665,0.218,0.049,20.797,20.579
20.665,20.665,0.218,0.049,20.797,20.579
20.665,20.665,0.218,0.049,20.797,20.579
20.664,20.664,0.218,0.049,20.797,20.579
20.664,20.664,0.218,0.049,20.797,20.579
20.664,20.664,0.218,0.049,20.797,20.579
20.663,20.664,0.218,0.049,20.797,20.579
20.663,20.663,0.218,0.049,20.797,20.579
20.663,20.663,0.218,0.049,20.797,20.579
20.663,20.663,0.218,0.049,20.797,20.579
20.663,20.663,0.218,0.048,20.797,20.579
20.663,20.663,0.218,0.048,20.797,20.579
20.663,20.663,0.218,0.048,20.797,20.579
20.663,20.663,0.218,0.048,20.797,20.579
20.663,20.663,0.218,0.049,20.797,20.579
20.663,20.663,0.218,0.049,20.797,20.579
20.662,20.662,0.218,0.048,20.797,20.579
20.662,20.662,0.218,0.048,20.797,20.579
20.662,20.662,0.218,0.048,20.797,20.579
20.661,20.662,0.218,0.048,20.797,20.579
20.661,20.661,0.218,0.048,20.797,20.579
20.661,20.661,0.218,0.048,20.797,20.579
20.661,20.661,0.218,0.048,20.797,20.579
20.661,20.661,0.218,0.048,20.797,20.579
20.661,20.661,0.218,0.048,20.797,20.579
20.661,20.661,0.218,0.048,20.797,20.579
20.661,20.661,0.218,0.048,20.797,20.579
20.66,20.66,0.218,0.048,20.797,20.579
20.66,20.66,0.218,0.048,20.797,20.579
20.66,20.66,0.218,0.048,20.797,20.579
20.66,20.66,0.218,0.048,20.797,20.579
20.66,20.66,0.218,0.048,20.797,20.579
20.66,20.66,0.218,0.048,20.797,20.579
20.66,20.66,0.218,0.048,20.797,20.579
20.659,20.66,0.218,0.048,20.797,20.579
20.659,20.659,0.218,0.047,20.797,20.579
20.659,20.659,0.218,0.047,20.797,20.579
20.659,20.659,0.218,0.047,20.797,20.579
20.658,20.659,0.218,0.047,20.797,20.579
20.658,20.658,0.218,0.047,20.797,20.579
20.658,20.658,0.218,0.047,20.797,20.579
20.658,20.658,0.218,0.047,20.797,20.579
20.658,20.658,0.218,0.047,20.797,20.579
20.658,20.658,0.218,0.047,20.797,20.579
20.658,20.658,0.218,0.047,20.797,20.579
20.657,20.657,0.218,0.047,20.797,20.579
20.657,20.657,0.218,0.047,20.797,20.579
20.657,20.657,0.218,0.047,20.797,20.579
20.657,20.657,0.218,0.046,20.797,20.579
20.656,20.657,0.218,0.046,20.797,20.579
20.656,20.656,0.218,0.046,20.797,20.579
20.656,20.656,0.218,0.046,20.797,20.579
20.656,20.656,0.218,0.046,20.797,20.579
20.656,20.656,0.218,0.046,20.797,20.579
20.656,20.656,0.218,0.046,20.797,20.579
20.656,20.656,0.218,0.046,20.797,20.579
20.655,20.655,0.218,0.046,20.797,20.579
20.655,20.655,0.218,0.046,20.797,20.579
20.655,20.655,0.218,0.046,20.797,20.579
20.655,20.655,0.218,0.046,20.797,20.579
20.655,20.655,0.218,0.046,20.797,20.579
20.655,20.655,0.218,0.046,20.797,20.579
20.654,20.654,0.218,0.046,20.797,20.579
20.654,20.654,0.218,0.046,20.797,20.579
20.654,20.654,0.218,0.046,20.797,20.579
20.654,20.654,0.218,0.046,20.797,20.579
20.654,20.654,0.218,0.046,20.797,20.579
20.654,20.654,0.218,0.046,20.797,20.579
20.654,20.654,0.218,0.046,20.797,20.579
20.653,20.653,0.218,0.046,20.797,20.579
20.653,20.653,0.218,0.046,20.797,20.579
20.653,20.653,0.218,0.046,20.797,20.579
20.653,20.653,0.218,0.046,20.797,20.579
20.653,20.653,0.218,0.046,20.797,20.579
20.653,20.653,0.218,0.046,20.797,20.579
20.653,20.653,0.218,0.046,20.797,20.579
20.653,20.653,0.218,0.046,20.797,20.579
20.653,20.653,0.218,0.046,20.797,20.579
20.652,20.652,0.218,0.046,20.797,20.579
20.652,20.652,0.218,0.046,20.797,20.579
20.652,20.652,0.218,0.046,20.797,20.579
20.652,20.652,0.218,0.046,20.797,20.579
20.652,20.652,0.234,0.046,20.797,20.563
20.652,20.652,0.234,0.046,20.797,20.563
