mean,RMS,ptp,std,max,min
20.57,20.57,0.017,0.006,20.578,20.561
20.573,20.573,0.031,0.011,20.592,20.561
20.579,20.579,0.027,0.01,20.592,20.565
20.586,20.586,0.033,0.011,20.603,20.57
20.589,20.589,0.025,0.009,20.603,20.578
20.589,20.589,0.024,0.008,20.603,20.579
20.588,20.588,0.024,0.008,20.603,20.579
20.584,20.584,0.033,0.011,20.603,20.57
20.578,20.578,0.015,0.005,20.585,20.57
20.576,20.576,0.016,0.006,20.585,20.569
20.569,20.569,0.037,0.012,20.585,20.548
20.565,20.565,0.027,0.009,20.575,20.548
20.58,20.58,0.096,0.033,20.644,20.548
20.581,20.581,0.096,0.033,20.644,20.548
20.58,20.58,0.096,0.034,20.644,20.548
20.585,20.585,0.082,0.03,20.644,20.562
20.588,20.588,0.082,0.029,20.644,20.562
20.575,20.575,0.018,0.007,20.58,20.562
20.576,20.576,0.021,0.007,20.583,20.562
20.59,20.59,0.056,0.021,20.632,20.576
20.593,20.593,0.052,0.02,20.632,20.58
20.591,20.591,0.06,0.021,20.632,20.572
20.589,20.589,0.063,0.023,20.632,20.569
20.586,20.586,0.064,0.024,20.632,20.568
20.579,20.579,0.029,0.012,20.597,20.568
20.575,20.575,0.029,0.011,20.597,20.568
20.578,20.578,0.029,0.012,20.597,20.568
20.583,20.583,0.029,0.012,20.597,20.568
20.584,20.584,0.028,0.011,20.597,20.569
20.584,20.584,0.031,0.012,20.6,20.569
20.582,20.582,0.044,0.016,20.6,20.556
20.581,20.581,0.044,0.016,20.6,20.556
20.579,20.579,0.044,0.015,20.6,20.556
20.58,20.58,0.044,0.014,20.6,20.556
20.575,20.575,0.03,0.01,20.586,20.556
20.583,20.583,0.021,0.008,20.597,20.576
20.581,20.581,0.031,0.01,20.597,20.566
20.58,20.58,0.031,0.01,20.597,20.566
20.583,20.583,0.031,0.011,20.597,20.566
20.58,20.58,0.032,0.013,20.597,20.565
20.577,20.577,0.027,0.01,20.592,20.565
20.575,20.575,0.034,0.012,20.592,20.558
20.572,20.572,0.034,0.012,20.592,20.558
20.569,20.569,0.022,0.008,20.58,20.558
20.574,20.574,0.03,0.011,20.588,20.558
20.577,20.577,0.038,0.014,20.596,20.558
20.583,20.583,0.03,0.01,20.596,20.566
20.586,20.586,0.018,0.006,20.596,20.578
20.591,20.591,0.019,0.007,20.602,20.583
20.59,20.59,0.019,0.008,20.602,20.583
20.585,20.585,0.029,0.009,20.602,20.573
20.584,20.584,0.029,0.01,20.602,20.573
20.583,20.583,0.029,0.01,20.602,20.573
20.577,20.577,0.01,0.004,20.583,20.573
20.575,20.575,0.008,0.003,20.58,20.572
20.58,20.58,0.026,0.01,20.598,20.572
20.581,20.581,0.026,0.01,20.598,20.572
20.582,20.582,0.026,0.01,20.598,20.572
20.59,20.59,0.041,0.014,20.613,20.572
20.591,20.591,0.036,0.013,20.613,20.577
20.59,20.59,0.036,0.013,20.613,20.577
20.585,20.585,0.052,0.018,20.613,20.561
20.585,20.585,0.052,0.018,20.613,20.561
20.578,20.578,0.034,0.011,20.595,20.561
20.58,20.58,0.034,0.011,20.595,20.561
20.578,20.578,0.025,0.009,20.586,20.561
20.579,20.579,0.018,0.007,20.586,20.568
20.581,20.581,0.018,0.007,20.586,20.568
20.58,20.58,0.018,0.007,20.586,20.568
20.58,20.58,0.022,0.008,20.59,20.568
20.58,20.58,0.022,0.008,20.59,20.568
20.583,20.583,0.016,0.005,20.59,20.574
20.577,20.577,0.033,0.011,20.59,20.557
20.573,20.573,0.035,0.015,20.59,20.555
20.572,20.572,0.03,0.013,20.585,20.555
20.569,20.569,0.029,0.012,20.584,20.555
20.567,20.567,0.029,0.01,20.584,20.555
20.567,20.567,0.029,0.01,20.584,20.555
20.571,20.571,0.024,0.008,20.584,20.56
20.573,20.573,0.032,0.011,20.592,20.56
20.575,20.575,0.032,0.011,20.592,20.56
20.578,20.578,0.032,0.011,20.592,20.56
20.581,20.581,0.018,0.006,20.592,20.574
20.58,20.58,0.021,0.007,20.592,20.571
20.578,20.578,0.011,0.004,20.582,20.571
20.578,20.578,0.011,0.004,20.582,20.571
20.585,20.585,0.048,0.017,20.619,20.571
20.585,20.585,0.048,0.017,20.619,20.571
20.588,20.588,0.044,0.016,20.619,20.575
20.586,20.586,0.051,0.018,20.619,20.568
20.586,20.586,0.051,0.018,20.619,20.568
20.577,20.577,0.018,0.007,20.586,20.568
20.576,20.576,0.02,0.008,20.586,20.566
20.573,20.573,0.018,0.006,20.584,20.566
20.575,20.575,0.018,0.006,20.584,20.566
20.576,20.576,0.022,0.007,20.588,20.566
20.591,20.591,0.08,0.029,20.646,20.566
20.593,20.593,0.071,0.027,20.646,20.575
20.595,20.595,0.069,0.026,20.646,20.577
20.593,20.593,0.078,0.027,20.646,20.568
20.59,20.59,0.078,0.028,20.646,20.568
20.576,20.576,0.018,0.006,20.586,20.568
20.573,20.573,0.023,0.008,20.586,20.563
20.571,20.571,0.014,0.005,20.577,20.563
20.572,20.572,0.014,0.005,20.577,20.563
20.574,20.574,0.023,0.007,20.586,20.563
20.577,20.577,0.023,0.008,20.586,20.563
20.594,20.594,0.073,0.027,20.647,20.574
20.591,20.591,0.083,0.029,20.647,20.564
20.594,20.594,0.083,0.028,20.647,20.564
20.592,20.592,0.083,0.029,20.647,20.564
20.592,20.592,0.083,0.029,20.647,20.564
20.579,20.579,0.027,0.009,20.591,20.564
20.581,20.581,0.018,0.007,20.591,20.573
20.575,20.575,0.025,0.009,20.585,20.56
20.579,20.579,0.034,0.012,20.594,20.56
20.573,20.573,0.041,0.015,20.594,20.553
20.571,20.571,0.041,0.014,20.594,20.553
20.57,20.57,0.041,0.014,20.594,20.553
20.572,20.572,0.041,0.013,20.594,20.553
20.574,20.574,0.051,0.017,20.604,20.553
20.579,20.579,0.038,0.013,20.604,20.566
20.58,20.58,0.038,0.013,20.604,20.566
20.582,20.582,0.032,0.011,20.604,20.572
20.585,20.585,0.027,0.01,20.604,20.577
20.579,20.579,0.017,0.006,20.589,20.572
20.579,20.579,0.017,0.006,20.589,20.572
20.578,20.578,0.017,0.006,20.589,20.572
20.58,20.58,0.017,0.006,20.589,20.572
20.578,20.578,0.014,0.005,20.586,20.572
20.584,20.584,0.028,0.011,20.604,20.576
20.585,20.585,0.027,0.01,20.604,20.577
20.585,20.585,0.027,0.01,20.604,20.577
20.585,20.585,0.027,0.01,20.604,20.577
20.584,20.584,0.035,0.011,20.604,20.569
20.579,20.579,0.016,0.005,20.585,20.569
20.574,20.574,0.033,0.012,20.585,20.552
20.571,20.571,0.033,0.012,20.585,20.552
20.566,20.566,0.029,0.01,20.581,20.552
20.568,20.568,0.03,0.012,20.582,20.552
20.568,20.568,0.03,0.012,20.582,20.552
20.571,20.571,0.022,0.009,20.582,20.56
20.571,20.571,0.022,0.009,20.582,20.56
20.578,20.578,0.027,0.01,20.592,20.565
20.575,20.575,0.027,0.01,20.592,20.565
20.572,20.572,0.027,0.01,20.592,20.565
20.576,20.576,0.025,0.01,20.592,20.567
20.579,20.579,0.025,0.009,20.592,20.567
20.577,20.577,0.018,0.007,20.585,20.567
20.583,20.583,0.029,0.009,20.599,20.57
20.585,20.585,0.021,0.007,20.599,20.578
20.582,20.582,0.03,0.01,20.599,20.569
20.585,20.585,0.03,0.011,20.599,20.569
20.588,20.588,0.031,0.013,20.6,20.569
20.589,20.589,0.031,0.013,20.6,20.569
20.586,20.586,0.036,0.016,20.6,20.564
20.588,20.588,0.036,0.014,20.6,20.564
20.583,20.583,0.036,0.015,20.6,20.564
20.579,20.579,0.036,0.012,20.6,20.564
20.572,20.572,0.017,0.007,20.581,20.564
20.577,20.577,0.029,0.01,20.593,20.564
20.576,20.576,0.029,0.01,20.593,20.564
20.576,20.576,0.029,0.01,20.593,20.564
20.574,20.574,0.029,0.01,20.593,20.564
20.581,20.581,0.03,0.012,20.599,20.569
20.576,20.576,0.033,0.012,20.599,20.566
20.575,20.575,0.033,0.012,20.599,20.566
20.573,20.573,0.035,0.013,20.599,20.564
20.573,20.573,0.035,0.013,20.599,20.564
20.562,20.562,0.026,0.01,20.568,20.542
20.563,20.563,0.033,0.011,20.575,20.542
20.568,20.568,0.051,0.017,20.593,20.542
20.574,20.574,0.051,0.018,20.593,20.542
20.58,20.58,0.056,0.02,20.598,20.542
20.588,20.588,0.023,0.008,20.598,20.575
20.59,20.59,0.014,0.005,20.598,20.584
20.584,20.584,0.039,0.013,20.598,20.559
20.58,20.58,0.039,0.013,20.598,20.559
20.576,20.576,0.027,0.01,20.586,20.559
20.591,20.591,0.1,0.035,20.659,20.559
20.586,20.586,0.1,0.037,20.659,20.559
20.589,20.589,0.096,0.035,20.659,20.563
20.595,20.595,0.096,0.035,20.659,20.563
20.595,20.595,0.096,0.035,20.659,20.563
20.58,20.58,0.041,0.014,20.604,20.563
20.584,20.584,0.033,0.011,20.604,20.571
20.581,20.581,0.049,0.016,20.604,20.555
20.573,20.573,0.032,0.011,20.587,20.555
20.573,20.573,0.032,0.011,20.587,20.555
20.576,20.576,0.043,0.014,20.598,20.555
20.576,20.576,0.043,0.015,20.598,20.555
20.581,20.581,0.031,0.01,20.598,20.567
20.58,20.58,0.036,0.012,20.598,20.562
20.585,20.585,0.039,0.014,20.601,20.562
20.583,20.583,0.039,0.013,20.601,20.562
20.584,20.584,0.039,0.013,20.601,20.562
20.583,20.583,0.039,0.014,20.601,20.562
20.589,20.589,0.028,0.009,20.601,20.573
20.584,20.584,0.019,0.008,20.592,20.573
20.582,20.582,0.019,0.008,20.592,20.573
20.582,20.582,0.019,0.007,20.592,20.573
20.567,20.567,0.092,0.034,20.592,20.5
20.565,20.565,0.089,0.033,20.589,20.5
20.565,20.565,0.089,0.033,20.589,20.5
20.571,20.571,0.109,0.037,20.609,20.5
20.57,20.57,0.109,0.037,20.609,20.5
20.588,20.588,0.032,0.011,20.609,20.577
20.584,20.584,0.048,0.016,20.609,20.561
20.583,20.583,0.048,0.016,20.609,20.561
20.572,20.572,0.033,0.013,20.588,20.555
20.569,20.569,0.033,0.011,20.588,20.555
20.569,20.569,0.034,0.012,20.589,20.555
20.574,20.574,0.034,0.013,20.589,20.555
20.578,20.578,0.034,0.013,20.589,20.555
20.584,20.584,0.019,0.007,20.589,20.57
20.59,20.59,0.017,0.006,20.603,20.586
20.587,20.587,0.031,0.01,20.603,20.572
20.587,20.587,0.031,0.01,20.603,20.572
20.587,20.587,0.031,0.01,20.603,20.572
20.588,20.588,0.031,0.01,20.603,20.572
20.58,20.58,0.028,0.011,20.591,20.563
20.584,20.584,0.031,0.011,20.594,20.563
20.582,20.582,0.031,0.011,20.594,20.563
20.581,20.581,0.031,0.011,20.594,20.563
20.584,20.584,0.043,0.015,20.606,20.563
20.588,20.588,0.03,0.011,20.606,20.576
20.586,20.586,0.03,0.01,20.606,20.576
20.59,20.59,0.025,0.01,20.606,20.581
20.596,20.596,0.031,0.012,20.612,20.581
20.592,20.592,0.031,0.012,20.612,20.581
20.591,20.591,0.032,0.013,20.612,20.58
20.578,20.578,0.095,0.033,20.612,20.517
20.577,20.577,0.095,0.032,20.612,20.517
20.57,20.57,0.077,0.027,20.594,20.517
20.571,20.571,0.077,0.028,20.594,20.517
20.573,20.573,0.077,0.029,20.594,20.517
20.59,20.59,0.023,0.008,20.6,20.577
20.586,20.586,0.023,0.008,20.6,20.577
20.592,20.592,0.027,0.01,20.605,20.578
20.59,20.59,0.027,0.011,20.605,20.578
20.588,20.588,0.027,0.012,20.605,20.578
20.583,20.583,0.03,0.011,20.605,20.575
20.592,20.592,0.044,0.017,20.619,20.575
20.587,20.587,0.044,0.016,20.619,20.575
20.588,20.588,0.044,0.016,20.619,20.575
20.591,20.591,0.044,0.015,20.619,20.575
20.597,20.597,0.038,0.014,20.619,20.581
20.589,20.589,0.025,0.01,20.606,20.581
20.594,20.594,0.025,0.01,20.606,20.581
20.597,20.597,0.025,0.009,20.606,20.581
20.599,20.599,0.025,0.009,20.606,20.581
20.592,20.592,0.035,0.014,20.606,20.571
20.596,20.596,0.035,0.013,20.606,20.571
20.59,20.59,0.035,0.014,20.606,20.571
20.585,20.585,0.035,0.015,20.606,20.571
20.581,20.581,0.03,0.011,20.601,20.571
20.587,20.587,0.032,0.013,20.605,20.573
20.584,20.584,0.032,0.011,20.605,20.573
20.591,20.591,0.037,0.014,20.61,20.573
20.599,20.599,0.03,0.012,20.613,20.583
20.601,20.601,0.027,0.011,20.613,20.586
20.599,20.599,0.027,0.011,20.613,20.586
20.602,20.602,0.022,0.008,20.613,20.591
20.6,20.6,0.022,0.007,20.613,20.591
20.596,20.596,0.011,0.004,20.602,20.591
20.599,20.599,0.011,0.004,20.604,20.593
20.597,20.597,0.013,0.005,20.604,20.591
20.596,20.596,0.013,0.005,20.604,20.591
20.596,20.596,0.013,0.005,20.604,20.591
20.599,20.599,0.018,0.007,20.609,20.591
20.594,20.594,0.028,0.009,20.609,20.581
20.58,20.58,0.089,0.031,20.609,20.52
20.582,20.582,0.089,0.032,20.609,20.52
20.581,20.581,0.089,0.032,20.609,20.52
20.58,20.58,0.088,0.032,20.608,20.52
20.582,20.582,0.088,0.032,20.608,20.52
20.599,20.599,0.017,0.007,20.608,20.591
20.598,20.598,0.017,0.007,20.608,20.591
20.601,20.601,0.017,0.007,20.608,20.591
20.596,20.596,0.023,0.008,20.606,20.583
20.593,20.593,0.026,0.01,20.606,20.58
20.58,20.58,0.072,0.025,20.606,20.534
20.564,20.564,0.087,0.033,20.606,20.519
20.561,20.561,0.071,0.029,20.59,20.519
20.559,20.559,0.071,0.028,20.59,20.519
20.559,20.559,0.071,0.028,20.59,20.519
20.572,20.572,0.079,0.028,20.598,20.519
20.586,20.586,0.024,0.008,20.598,20.574
20.589,20.589,0.035,0.013,20.609,20.574
20.595,20.595,0.03,0.01,20.609,20.579
20.597,20.597,0.022,0.008,20.609,20.587
20.597,20.597,0.022,0.008,20.609,20.587
20.598,20.598,0.018,0.006,20.609,20.591
20.592,20.592,0.02,0.007,20.6,20.58
20.589,20.589,0.017,0.006,20.597,20.58
20.592,20.592,0.026,0.009,20.606,20.58
20.59,20.59,0.026,0.009,20.606,20.58
20.592,20.592,0.026,0.01,20.606,20.58
20.592,20.592,0.028,0.011,20.606,20.578
20.593,20.593,0.028,0.01,20.606,20.578
20.579,20.579,0.069,0.024,20.602,20.533
20.579,20.579,0.069,0.024,20.602,20.533
20.577,20.577,0.061,0.023,20.594,20.533
20.585,20.585,0.083,0.028,20.616,20.533
20.584,20.584,0.083,0.027,20.616,20.533
20.602,20.602,0.035,0.014,20.623,20.588
20.585,20.585,0.116,0.041,20.623,20.507
20.587,20.587,0.116,0.042,20.623,20.507
20.586,20.586,0.116,0.041,20.623,20.507
20.586,20.586,0.116,0.041,20.623,20.507
20.583,20.583,0.104,0.039,20.611,20.507
20.592,20.592,0.062,0.023,20.611,20.549
20.578,20.578,0.078,0.031,20.611,20.533
20.576,20.576,0.078,0.03,20.611,20.533
20.574,20.574,0.078,0.029,20.611,20.533
20.57,20.57,0.064,0.025,20.597,20.533
20.568,20.568,0.064,0.026,20.597,20.533
20.58,20.58,0.057,0.02,20.597,20.54
20.566,20.566,0.061,0.026,20.59,20.529
20.556,20.556,0.061,0.027,20.59,20.529
20.548,20.548,0.061,0.022,20.59,20.529
20.564,20.564,0.09,0.035,20.619,20.529
20.572,20.572,0.102,0.044,20.631,20.529
20.589,20.589,0.098,0.04,20.631,20.533
20.593,20.593,0.084,0.035,20.631,20.547
20.607,20.607,0.075,0.026,20.631,20.556
20.593,20.593,0.084,0.035,20.631,20.547
20.574,20.574,0.084,0.035,20.618,20.534
20.576,20.576,0.091,0.038,20.625,20.534
20.591,20.591,0.097,0.042,20.631,20.534
20.596,20.596,0.111,0.046,20.645,20.534
20.599,20.599,0.111,0.044,20.645,20.534
20.621,20.621,0.085,0.031,20.645,20.56
20.598,20.598,0.131,0.052,20.645,20.514
20.583,20.583,0.131,0.052,20.645,20.514
20.563,20.563,0.128,0.042,20.642,20.514
20.577,20.577,0.128,0.049,20.642,20.514
20.574,20.574,0.117,0.046,20.631,20.514
20.58,20.58,0.089,0.04,20.631,20.542
20.591,20.591,0.089,0.039,20.631,20.542
20.585,20.585,0.117,0.048,20.631,20.514
20.569,20.569,0.117,0.044,20.631,20.514
20.558,20.558,0.096,0.033,20.61,20.514
20.574,20.574,0.106,0.04,20.62,20.514
20.575,20.575,0.106,0.04,20.62,20.514
20.579,20.579,0.082,0.034,20.62,20.538
20.591,20.591,0.082,0.03,20.62,20.538
20.579,20.579,0.102,0.042,20.62,20.518
20.575,20.575,0.097,0.039,20.615,20.518
20.569,20.569,0.085,0.035,20.603,20.518
20.584,20.584,0.091,0.033,20.609,20.518
20.569,20.569,0.091,0.038,20.609,20.518
20.583,20.583,0.081,0.029,20.609,20.528
20.584,20.584,0.081,0.029,20.609,20.528
20.586,20.586,0.081,0.03,20.609,20.528
20.585,20.585,0.075,0.029,20.603,20.528
20.587,20.587,0.066,0.025,20.603,20.537
20.591,20.591,0.077,0.028,20.614,20.537
20.591,20.591,0.077,0.028,20.614,20.537
20.573,20.573,0.102,0.041,20.614,20.512
20.555,20.555,0.103,0.044,20.614,20.511
20.571,20.571,0.106,0.049,20.617,20.511
20.56,20.56,0.106,0.044,20.617,20.511
20.563,20.563,0.106,0.047,20.617,20.511
20.583,20.583,0.106,0.041,20.617,20.511
20.586,20.586,0.087,0.035,20.617,20.53
20.586,20.586,0.086,0.034,20.616,20.53
20.588,20.588,0.086,0.033,20.616,20.53
20.573,20.573,0.084,0.035,20.614,20.53
20.575,20.575,0.089,0.037,20.619,20.53
20.579,20.579,0.081,0.033,20.619,20.538
20.572,20.572,0.081,0.028,20.619,20.538
20.581,20.581,0.082,0.034,20.62,20.538
20.597,20.597,0.072,0.029,20.62,20.548
20.579,20.579,0.089,0.036,20.62,20.531
20.59,20.59,0.089,0.033,20.62,20.531
20.596,20.596,0.089,0.033,20.62,20.531
20.594,20.594,0.086,0.032,20.617,20.531
20.595,20.595,0.09,0.033,20.621,20.531
20.611,20.611,0.018,0.006,20.621,20.603
20.609,20.609,0.025,0.008,20.621,20.596
20.609,20.609,0.025,0.008,20.621,20.596
20.613,20.613,0.035,0.012,20.631,20.596
20.604,20.604,0.054,0.018,20.631,20.577
20.603,20.603,0.054,0.018,20.631,20.577
20.605,20.605,0.054,0.017,20.631,20.577
20.605,20.605,0.054,0.017,20.631,20.577
20.579,20.579,0.104,0.039,20.608,20.504
20.583,20.583,0.104,0.04,20.608,20.504
20.583,20.583,0.104,0.04,20.608,20.504
20.583,20.583,0.104,0.04,20.608,20.504
20.567,20.567,0.101,0.042,20.605,20.504
20.594,20.594,0.107,0.035,20.637,20.53
20.58,20.58,0.11,0.044,20.637,20.527
20.584,20.584,0.11,0.047,20.637,20.527
20.584,20.584,0.11,0.047,20.637,20.527
20.602,20.602,0.11,0.039,20.637,20.527
20.582,20.582,0.096,0.041,20.623,20.527
20.597,20.597,0.086,0.031,20.623,20.537
20.579,20.579,0.088,0.038,20.617,20.529
20.579,20.579,0.088,0.038,20.617,20.529
20.572,20.572,0.078,0.033,20.607,20.529
20.585,20.585,0.078,0.03,20.607,20.529
20.586,20.586,0.083,0.031,20.612,20.529
20.602,20.602,0.032,0.011,20.612,20.58
20.6,20.6,0.032,0.011,20.612,20.58
20.612,20.612,0.037,0.013,20.638,20.601
20.61,20.61,0.042,0.015,20.638,20.596
20.609,20.609,0.042,0.015,20.638,20.596
20.612,20.612,0.042,0.015,20.638,20.596
20.595,20.595,0.12,0.041,20.638,20.518
20.586,20.586,0.099,0.035,20.617,20.518
20.59,20.59,0.099,0.037,20.617,20.518
20.591,20.591,0.099,0.037,20.617,20.518
20.574,20.574,0.095,0.04,20.613,20.518
20.582,20.582,0.08,0.032,20.613,20.533
20.59,20.59,0.105,0.039,20.638,20.533
20.592,20.592,0.105,0.04,20.638,20.533
20.595,20.595,0.105,0.042,20.638,20.533
20.613,20.613,0.081,0.029,20.638,20.557
20.626,20.626,0.018,0.007,20.638,20.62
20.622,20.622,0.01,0.003,20.628,20.618
20.603,20.603,0.099,0.037,20.628,20.529
20.602,20.602,0.092,0.036,20.621,20.529
20.584,20.584,0.092,0.043,20.621,20.529
20.581,20.581,0.091,0.041,20.62,20.529
20.579,20.579,0.091,0.039,20.62,20.529
20.579,20.579,0.093,0.04,20.62,20.527
20.582,20.582,0.107,0.043,20.634,20.527
20.6,20.6,0.107,0.038,20.634,20.527
20.583,20.583,0.113,0.049,20.634,20.521
20.584,20.584,0.113,0.049,20.634,20.521
20.586,20.586,0.113,0.047,20.634,20.521
20.562,20.562,0.11,0.047,20.625,20.515
20.553,20.553,0.098,0.037,20.613,20.515
20.569,20.569,0.098,0.038,20.613,20.515
20.564,20.564,0.089,0.033,20.604,20.515
20.578,20.578,0.089,0.033,20.604,20.515
20.595,20.595,0.027,0.01,20.604,20.577
20.6,20.6,0.015,0.006,20.604,20.589
20.599,20.599,0.015,0.005,20.604,20.589
20.605,20.605,0.019,0.007,20.619,20.6
20.606,20.606,0.019,0.007,20.619,20.6
20.607,20.607,0.019,0.006,20.619,20.6
20.591,20.591,0.095,0.034,20.619,20.524
20.589,20.589,0.095,0.034,20.619,20.524
20.589,20.589,0.097,0.034,20.621,20.524
20.585,20.585,0.097,0.033,20.621,20.524
20.588,20.588,0.097,0.035,20.621,20.524
20.589,20.589,0.093,0.034,20.621,20.528
20.584,20.584,0.093,0.035,20.621,20.528
20.588,20.588,0.109,0.039,20.637,20.528
20.599,20.599,0.117,0.045,20.645,20.528
20.596,20.596,0.117,0.044,20.645,20.528
20.603,20.603,0.084,0.035,20.645,20.561
20.597,20.597,0.11,0.043,20.645,20.535
20.592,20.592,0.11,0.039,20.645,20.535
20.589,20.589,0.093,0.035,20.628,20.535
20.595,20.595,0.103,0.04,20.638,20.535
20.59,20.59,0.103,0.046,20.638,20.535
20.605,20.605,0.103,0.036,20.638,20.535
20.593,20.593,0.103,0.041,20.638,20.535
20.587,20.587,0.103,0.037,20.638,20.535
20.593,20.593,0.133,0.046,20.668,20.535
20.605,20.605,0.114,0.037,20.668,20.554
20.602,20.602,0.114,0.037,20.668,20.554
20.61,20.61,0.076,0.029,20.668,20.592
20.604,20.604,0.098,0.033,20.668,20.57
20.587,20.587,0.027,0.01,20.597,20.57
20.586,20.586,0.027,0.009,20.597,20.57
20.59,20.59,0.04,0.013,20.61,20.57
20.59,20.59,0.04,0.013,20.61,20.57
20.595,20.595,0.026,0.009,20.61,20.584
20.598,20.598,0.022,0.007,20.61,20.588
20.598,20.598,0.02,0.006,20.61,20.59
20.593,20.593,0.015,0.006,20.598,20.583
20.591,20.591,0.014,0.005,20.597,20.583
20.59,20.59,0.014,0.004,20.597,20.583
20.605,20.605,0.089,0.034,20.672,20.583
20.603,20.603,0.089,0.035,20.672,20.583
20.618,20.618,0.089,0.038,20.672,20.583
20.62,20.62,0.089,0.036,20.672,20.583
20.62,20.62,0.089,0.036,20.672,20.583
20.613,20.613,0.072,0.028,20.655,20.583
20.618,20.618,0.065,0.025,20.655,20.59
20.6,20.6,0.073,0.024,20.638,20.565
20.594,20.594,0.073,0.027,20.638,20.565
20.609,20.609,0.099,0.038,20.664,20.565
20.595,20.595,0.099,0.038,20.664,20.565
20.597,20.597,0.099,0.038,20.664,20.565
20.598,20.598,0.094,0.037,20.664,20.57
20.601,20.601,0.094,0.035,20.664,20.57
20.585,20.585,0.044,0.016,20.614,20.57
20.607,20.607,0.106,0.038,20.678,20.572
20.6,20.6,0.106,0.039,20.678,20.572
20.617,20.617,0.097,0.041,20.678,20.581
20.617,20.617,0.097,0.041,20.678,20.581
20.615,20.615,0.101,0.042,20.678,20.577
20.613,20.613,0.091,0.039,20.668,20.577
20.631,20.631,0.094,0.041,20.671,20.577
20.632,20.632,0.094,0.042,20.671,20.577
20.646,20.646,0.094,0.035,20.671,20.577
20.645,20.645,0.099,0.037,20.671,20.572
20.644,20.644,0.099,0.036,20.671,20.572
20.63,20.63,0.091,0.037,20.663,20.572
20.608,20.608,0.119,0.047,20.663,20.544
20.607,20.607,0.119,0.046,20.663,20.544
20.605,20.605,0.119,0.047,20.663,20.544
20.588,20.588,0.109,0.037,20.653,20.544
20.581,20.581,0.109,0.037,20.653,20.544
20.591,20.591,0.088,0.033,20.653,20.565
20.576,20.576,0.031,0.011,20.596,20.565
20.578,20.578,0.028,0.009,20.596,20.568
20.589,20.589,0.063,0.023,20.631,20.568
20.59,20.59,0.061,0.023,20.631,20.57
20.59,20.59,0.061,0.023,20.631,20.57
20.608,20.608,0.096,0.036,20.666,20.57
20.61,20.61,0.096,0.034,20.666,20.57
20.599,20.599,0.096,0.035,20.666,20.57
20.618,20.618,0.09,0.039,20.666,20.576
20.624,20.624,0.09,0.038,20.666,20.576
20.619,20.619,0.088,0.034,20.664,20.576
20.63,20.63,0.088,0.03,20.664,20.576
20.629,20.629,0.095,0.032,20.664,20.569
20.61,20.61,0.076,0.033,20.645,20.569
20.611,20.611,0.076,0.034,20.645,20.569
20.614,20.614,0.087,0.036,20.656,20.569
20.613,20.613,0.087,0.036,20.656,20.569
20.612,20.612,0.096,0.038,20.656,20.56
20.627,20.627,0.096,0.034,20.656,20.56
20.629,20.629,0.096,0.035,20.656,20.56
20.621,20.621,0.088,0.033,20.648,20.56
20.616,20.616,0.088,0.032,20.648,20.56
20.632,20.632,0.036,0.016,20.648,20.612
20.63,20.63,0.033,0.015,20.645,20.612
20.631,20.631,0.038,0.016,20.65,20.612
20.621,20.621,0.089,0.032,20.65,20.561
20.63,20.63,0.097,0.035,20.658,20.561
20.616,20.616,0.097,0.04,20.658,20.561
20.597,20.597,0.116,0.048,20.658,20.542
20.577,20.577,0.116,0.042,20.658,20.542
20.595,20.595,0.116,0.05,20.658,20.542
20.573,20.573,0.11,0.041,20.652,20.542
20.587,20.587,0.11,0.05,20.652,20.542
20.589,20.589,0.104,0.048,20.652,20.548
20.607,20.607,0.104,0.046,20.652,20.548
20.59,20.59,0.095,0.042,20.643,20.548
20.592,20.592,0.089,0.039,20.643,20.554
20.578,20.578,0.083,0.03,20.637,20.554
20.583,20.583,0.075,0.028,20.637,20.562
20.572,20.572,0.019,0.007,20.581,20.562
20.586,20.586,0.075,0.026,20.637,20.562
20.604,20.604,0.081,0.034,20.653,20.572
20.603,20.603,0.086,0.035,20.653,20.567
20.599,20.599,0.094,0.038,20.653,20.559
20.611,20.611,0.094,0.04,20.653,20.559
20.591,20.591,0.116,0.046,20.653,20.537
20.573,20.573,0.103,0.035,20.64,20.537
20.589,20.589,0.11,0.046,20.647,20.537
20.607,20.607,0.111,0.048,20.648,20.537
20.588,20.588,0.111,0.049,20.648,20.537
20.594,20.594,0.1,0.044,20.648,20.548
20.601,20.601,0.1,0.041,20.648,20.548
20.577,20.577,0.118,0.041,20.648,20.53
20.556,20.556,0.063,0.022,20.593,20.53
20.562,20.562,0.063,0.023,20.593,20.53
20.559,20.559,0.063,0.023,20.593,20.53
20.548,20.548,0.046,0.016,20.576,20.53
20.569,20.569,0.098,0.036,20.635,20.537
20.576,20.576,0.098,0.033,20.635,20.537
20.573,20.573,0.098,0.034,20.635,20.537
20.572,20.572,0.098,0.035,20.635,20.537
20.594,20.594,0.103,0.041,20.65,20.547
20.575,20.575,0.114,0.04,20.65,20.536
20.576,20.576,0.114,0.041,20.65,20.536
20.575,20.575,0.114,0.041,20.65,20.536
20.576,20.576,0.114,0.04,20.65,20.536
20.555,20.555,0.05,0.017,20.586,20.536
20.561,20.561,0.044,0.015,20.586,20.542
20.547,20.547,0.049,0.017,20.567,20.518
20.564,20.564,0.123,0.042,20.641,20.518
20.584,20.584,0.135,0.054,20.653,20.518
20.61,20.61,0.151,0.058,20.669,20.518
20.626,20.626,0.151,0.055,20.669,20.518
20.653,20.653,0.028,0.009,20.669,20.641
20.637,20.637,0.108,0.039,20.669,20.561
20.635,20.635,0.108,0.038,20.669,20.561
20.622,20.622,0.091,0.035,20.652,20.561
20.615,20.615,0.091,0.033,20.652,20.561
20.616,20.616,0.094,0.033,20.655,20.561
20.615,20.615,0.1,0.035,20.655,20.555
20.61,20.61,0.1,0.033,20.655,20.555
20.616,20.616,0.1,0.033,20.655,20.555
20.625,20.625,0.103,0.037,20.658,20.555
20.626,20.626,0.106,0.038,20.661,20.555
20.638,20.638,0.043,0.018,20.661,20.618
20.64,20.64,0.043,0.017,20.661,20.618
20.624,20.624,0.107,0.039,20.661,20.554
20.622,20.622,0.107,0.037,20.661,20.554
20.622,20.622,0.107,0.037,20.661,20.554
20.61,20.61,0.107,0.046,20.661,20.554
20.616,20.616,0.107,0.049,20.661,20.554
20.635,20.635,0.103,0.039,20.661,20.558
20.614,20.614,0.118,0.052,20.661,20.543
20.613,20.613,0.113,0.051,20.656,20.543
20.609,20.609,0.117,0.055,20.656,20.539
20.581,20.581,0.139,0.06,20.656,20.517
20.557,20.557,0.139,0.05,20.656,20.517
20.571,20.571,0.139,0.054,20.656,20.517
20.555,20.555,0.098,0.035,20.615,20.517
20.564,20.564,0.098,0.036,20.615,20.517
20.571,20.571,0.085,0.028,20.615,20.53
20.593,20.593,0.086,0.031,20.64,20.554
20.595,20.595,0.086,0.032,20.64,20.554
20.607,20.607,0.086,0.033,20.64,20.554
20.614,20.614,0.086,0.031,20.64,20.554
20.616,20.616,0.08,0.029,20.64,20.56
20.608,20.608,0.072,0.026,20.632,20.56
20.605,20.605,0.072,0.025,20.632,20.56
20.604,20.604,0.068,0.024,20.628,20.56
20.59,20.59,0.08,0.03,20.628,20.548
20.607,20.607,0.1,0.034,20.648,20.548
20.595,20.595,0.107,0.043,20.648,20.541
20.58,20.58,0.112,0.048,20.648,20.536
20.58,20.58,0.112,0.047,20.648,20.536
20.596,20.596,0.112,0.048,20.648,20.536
20.59,20.59,0.094,0.042,20.63,20.536
20.606,20.606,0.094,0.035,20.63,20.536
20.605,20.605,0.098,0.037,20.63,20.532
20.605,20.605,0.098,0.037,20.63,20.532
20.598,20.598,0.094,0.035,20.626,20.532
20.602,20.602,0.105,0.037,20.637,20.532
20.605,20.605,0.105,0.039,20.637,20.532
20.607,20.607,0.096,0.036,20.637,20.541
20.595,20.595,0.096,0.038,20.637,20.541
20.589,20.589,0.096,0.039,20.637,20.541
20.583,20.583,0.093,0.033,20.634,20.541
20.564,20.564,0.065,0.024,20.606,20.541
20.563,20.563,0.071,0.025,20.606,20.535
20.562,20.562,0.071,0.025,20.606,20.535
20.569,20.569,0.071,0.03,20.606,20.535
20.572,20.572,0.087,0.034,20.622,20.535
20.587,20.587,0.087,0.033,20.622,20.535
20.592,20.592,0.062,0.026,20.622,20.56
20.605,20.605,0.069,0.024,20.629,20.56
20.607,20.607,0.069,0.024,20.629,20.56
20.591,20.591,0.088,0.034,20.629,20.541
20.581,20.581,0.088,0.033,20.629,20.541
20.592,20.592,0.088,0.034,20.629,20.541
20.575,20.575,0.073,0.031,20.614,20.541
20.58,20.58,0.093,0.038,20.634,20.541
20.593,20.593,0.088,0.033,20.634,20.546
20.604,20.604,0.088,0.03,20.634,20.546
20.606,20.606,0.088,0.031,20.634,20.546
20.607,20.607,0.084,0.03,20.634,20.55
20.611,20.611,0.106,0.035,20.656,20.55
20.618,20.618,0.106,0.037,20.656,20.55
20.618,20.618,0.106,0.037,20.656,20.55
20.605,20.605,0.106,0.043,20.656,20.55
20.622,20.622,0.096,0.034,20.656,20.56
20.599,20.599,0.105,0.042,20.645,20.54
20.594,20.594,0.096,0.037,20.636,20.54
20.579,20.579,0.096,0.041,20.636,20.54
20.591,20.591,0.096,0.042,20.636,20.54
20.587,20.587,0.081,0.038,20.621,20.54
20.591,20.591,0.081,0.033,20.621,20.54
20.593,20.593,0.087,0.035,20.627,20.54
20.615,20.615,0.084,0.028,20.648,20.564
20.616,20.616,0.084,0.028,20.648,20.564
20.599,20.599,0.118,0.045,20.648,20.53
20.609,20.609,0.118,0.041,20.648,20.53
20.596,20.596,0.118,0.044,20.648,20.53
20.594,20.594,0.111,0.043,20.641,20.53
20.594,20.594,0.111,0.042,20.641,20.53
20.616,20.616,0.082,0.03,20.641,20.559
20.6,20.6,0.109,0.045,20.641,20.532
20.593,20.593,0.113,0.052,20.641,20.528
20.592,20.592,0.111,0.051,20.639,20.528
20.592,20.592,0.111,0.051,20.639,20.528
20.576,20.576,0.105,0.046,20.633,20.528
20.578,20.578,0.105,0.044,20.633,20.528
20.6,20.6,0.092,0.04,20.635,20.543
20.579,20.579,0.106,0.044,20.635,20.529
20.581,20.581,0.109,0.046,20.638,20.529
20.597,20.597,0.111,0.05,20.64,20.529
20.598,20.598,0.111,0.049,20.64,20.529
20.581,20.581,0.111,0.048,20.64,20.529
20.582,20.582,0.106,0.047,20.64,20.534
20.56,20.56,0.112,0.041,20.64,20.528
20.556,20.556,0.092,0.033,20.62,20.528
20.575,20.575,0.114,0.047,20.642,20.528
20.592,20.592,0.114,0.05,20.642,20.528
20.611,20.611,0.114,0.042,20.642,20.528
20.631,20.631,0.022,0.008,20.642,20.62
20.638,20.638,0.028,0.01,20.655,20.627
20.624,20.624,0.084,0.028,20.655,20.571
20.607,20.607,0.101,0.038,20.655,20.554
20.608,20.608,0.101,0.039,20.655,20.554
20.594,20.594,0.101,0.041,20.655,20.554
20.59,20.59,0.08,0.036,20.634,20.554
20.591,20.591,0.08,0.035,20.634,20.554
20.607,20.607,0.077,0.033,20.636,20.559
20.608,20.608,0.077,0.034,20.636,20.559
20.611,20.611,0.061,0.03,20.636,20.575
20.596,20.596,0.079,0.033,20.636,20.557
20.591,20.591,0.087,0.038,20.636,20.549
20.575,20.575,0.087,0.032,20.636,20.549
20.574,20.574,0.081,0.029,20.63,20.549
20.585,20.585,0.083,0.038,20.632,20.549
20.585,20.585,0.083,0.038,20.632,20.549
20.589,20.589,0.075,0.034,20.632,20.557
20.595,20.595,0.075,0.031,20.632,20.557
20.584,20.584,0.075,0.026,20.632,20.557
20.57,20.57,0.029,0.011,20.586,20.557
20.577,20.577,0.032,0.011,20.592,20.56
20.575,20.575,0.032,0.013,20.592,20.56
20.582,20.582,0.062,0.023,20.622,20.56
20.594,20.594,0.077,0.031,20.637,20.56
20.614,20.614,0.098,0.034,20.658,20.56
20.613,20.613,0.098,0.035,20.658,20.56
20.611,20.611,0.105,0.037,20.658,20.553
20.613,20.613,0.105,0.038,20.658,20.553
20.615,20.615,0.105,0.04,20.658,20.553
20.598,20.598,0.095,0.036,20.648,20.553
20.595,20.595,0.095,0.038,20.648,20.553
20.596,20.596,0.092,0.037,20.648,20.556
20.6,20.6,0.096,0.042,20.652,20.556
20.592,20.592,0.096,0.035,20.652,20.556
20.609,20.609,0.099,0.041,20.655,20.556
20.613,20.613,0.099,0.038,20.655,20.556
20.611,20.611,0.106,0.04,20.655,20.549
20.612,20.612,0.107,0.041,20.656,20.549
20.603,20.603,0.107,0.044,20.656,20.549
20.583,20.583,0.107,0.039,20.656,20.549
20.593,20.593,0.107,0.046,20.656,20.549
20.596,20.596,0.105,0.044,20.656,20.551
20.586,20.586,0.092,0.033,20.643,20.551
20.591,20.591,0.092,0.032,20.643,20.551
20.583,20.583,0.134,0.045,20.643,20.509
20.581,20.581,0.125,0.042,20.634,20.509
20.581,20.581,0.125,0.043,20.634,20.509
20.59,20.59,0.14,0.051,20.649,20.509
20.589,20.589,0.14,0.051,20.649,20.509
20.59,20.59,0.134,0.049,20.649,20.515
20.582,20.582,0.134,0.044,20.649,20.515
20.587,20.587,0.134,0.043,20.649,20.515
20.589,20.589,0.143,0.045,20.658,20.515
20.587,20.587,0.143,0.045,20.658,20.515
20.598,20.598,0.085,0.031,20.658,20.573
20.596,20.596,0.085,0.031,20.658,20.573
20.595,20.595,0.085,0.032,20.658,20.573
20.582,20.582,0.021,0.007,20.594,20.573
20.583,20.583,0.021,0.007,20.594,20.573
20.585,20.585,0.017,0.005,20.594,20.577
20.588,20.588,0.025,0.009,20.602,20.577
20.593,20.593,0.019,0.008,20.602,20.583
20.592,20.592,0.019,0.008,20.602,20.583
20.597,20.597,0.026,0.009,20.609,20.583
20.594,20.594,0.039,0.014,20.609,20.57
20.595,20.595,0.039,0.014,20.609,20.57
20.591,20.591,0.039,0.014,20.609,20.57
20.606,20.606,0.094,0.032,20.664,20.57
20.601,20.601,0.094,0.033,20.664,20.57
20.606,20.606,0.081,0.03,20.664,20.583
20.598,20.598,0.1,0.034,20.664,20.564
20.595,20.595,0.1,0.036,20.664,20.564
20.575,20.575,0.032,0.013,20.593,20.561
20.571,20.571,0.032,0.011,20.593,20.561
20.57,20.57,0.024,0.008,20.585,20.561
20.57,20.57,0.024,0.008,20.585,20.561
20.59,20.59,0.107,0.04,20.668,20.561
20.61,20.61,0.101,0.046,20.668,20.567
20.614,20.614,0.101,0.043,20.668,20.567
20.628,20.628,0.101,0.042,20.668,20.567
20.645,20.645,0.082,0.03,20.668,20.586
20.624,20.624,0.1,0.041,20.663,20.563
20.605,20.605,0.091,0.04,20.654,20.563
20.602,20.602,0.091,0.042,20.654,20.563
20.605,20.605,0.105,0.046,20.668,20.563
20.589,20.589,0.105,0.04,20.668,20.563
20.59,20.59,0.101,0.039,20.668,20.567
20.592,20.592,0.101,0.038,20.668,20.567
20.589,20.589,0.113,0.04,20.668,20.555
20.568,20.568,0.026,0.01,20.581,20.555
20.564,20.564,0.026,0.01,20.581,20.555
20.562,20.562,0.026,0.01,20.581,20.555
20.556,20.556,0.01,0.004,20.56,20.55
20.563,20.563,0.041,0.014,20.591,20.55
20.584,20.584,0.114,0.042,20.664,20.55
20.588,20.588,0.114,0.04,20.664,20.55
20.591,20.591,0.114,0.039,20.664,20.55
20.595,20.595,0.092,0.035,20.664,20.572
20.591,20.591,0.095,0.037,20.664,20.569
20.569,20.569,0.019,0.007,20.575,20.556
20.567,20.567,0.019,0.007,20.575,20.556
20.565,20.565,0.016,0.006,20.572,20.556
20.563,20.563,0.013,0.004,20.569,20.556
20.583,20.583,0.114,0.043,20.67,20.556
20.588,20.588,0.107,0.042,20.67,20.563
20.609,20.609,0.107,0.05,20.67,20.563
20.613,20.613,0.105,0.047,20.67,20.565
20.616,20.616,0.093,0.044,20.67,20.577
20.613,20.613,0.093,0.041,20.67,20.577
20.611,20.611,0.104,0.043,20.67,20.566
20.594,20.594,0.09,0.032,20.656,20.566
20.59,20.59,0.095,0.034,20.656,20.561
20.59,20.59,0.095,0.034,20.656,20.561
20.57,20.57,0.026,0.01,20.585,20.559
20.573,20.573,0.026,0.011,20.585,20.559
20.571,20.571,0.021,0.009,20.58,20.559
20.577,20.577,0.033,0.011,20.592,20.559
20.579,20.579,0.033,0.012,20.592,20.559
20.584,20.584,0.017,0.007,20.592,20.575
20.584,20.584,0.017,0.007,20.592,20.575
20.588,20.588,0.022,0.007,20.597,20.575
20.585,20.585,0.022,0.008,20.597,20.575
20.584,20.584,0.022,0.008,20.597,20.575
20.583,20.583,0.022,0.008,20.597,20.575
20.583,20.583,0.02,0.007,20.597,20.577
20.583,20.583,0.018,0.007,20.595,20.577
20.58,20.58,0.032,0.01,20.595,20.563
20.583,20.583,0.034,0.012,20.597,20.563
20.582,20.582,0.034,0.013,20.597,20.563
20.581,20.581,0.034,0.013,20.597,20.563
20.592,20.592,0.086,0.031,20.649,20.563
20.596,20.596,0.078,0.028,20.649,20.571
20.592,20.592,0.078,0.029,20.649,20.571
20.591,20.591,0.078,0.029,20.649,20.571
20.611,20.611,0.095,0.041,20.671,20.576
20.597,20.597,0.095,0.037,20.671,20.576
20.599,20.599,0.095,0.036,20.671,20.576
20.598,20.598,0.102,0.037,20.671,20.569
20.599,20.599,0.102,0.037,20.671,20.569
20.586,20.586,0.037,0.012,20.606,20.569
20.588,20.588,0.037,0.012,20.606,20.569
20.588,20.588,0.037,0.012,20.606,20.569
20.591,20.591,0.026,0.009,20.606,20.58
20.589,20.589,0.032,0.011,20.606,20.574
20.583,20.583,0.02,0.008,20.594,20.574
20.58,20.58,0.02,0.007,20.594,20.574
20.576,20.576,0.01,0.003,20.58,20.57
20.575,20.575,0.008,0.003,20.578,20.57
20.572,20.572,0.017,0.006,20.578,20.561
20.569,20.569,0.017,0.007,20.578,20.561
20.567,20.567,0.014,0.005,20.575,20.561
20.573,20.573,0.038,0.014,20.599,20.561
20.586,20.586,0.077,0.03,20.638,20.561
20.588,20.588,0.075,0.028,20.638,20.563
20.596,20.596,0.071,0.026,20.638,20.567
20.6,20.6,0.066,0.022,20.638,20.572
20.593,20.593,0.07,0.026,20.638,20.568
20.585,20.585,0.037,0.014,20.605,20.568
20.585,20.585,0.037,0.014,20.605,20.568
20.582,20.582,0.027,0.011,20.595,20.568
20.579,20.579,0.027,0.012,20.595,20.568
20.587,20.587,0.041,0.015,20.609,20.568
20.583,20.583,0.041,0.016,20.609,20.568
20.584,20.584,0.041,0.015,20.609,20.568
20.598,20.598,0.092,0.034,20.66,20.568
20.597,20.597,0.097,0.035,20.66,20.563
20.592,20.592,0.097,0.035,20.66,20.563
20.587,20.587,0.109,0.038,20.66,20.551
20.591,20.591,0.109,0.038,20.66,20.551
20.576,20.576,0.043,0.016,20.594,20.551
20.577,20.577,0.043,0.016,20.594,20.551
20.578,20.578,0.043,0.016,20.594,20.551
20.6,20.6,0.092,0.031,20.661,20.569
20.595,20.595,0.093,0.034,20.661,20.568
20.597,20.597,0.093,0.034,20.661,20.568
20.601,20.601,0.093,0.031,20.661,20.568
20.603,20.603,0.093,0.031,20.661,20.568
20.585,20.585,0.029,0.012,20.597,20.568
20.581,20.581,0.049,0.019,20.597,20.548
20.574,20.574,0.049,0.018,20.597,20.548
20.572,20.572,0.049,0.017,20.597,20.548
20.57,20.57,0.039,0.014,20.587,20.548
20.575,20.575,0.048,0.017,20.596,20.548
20.584,20.584,0.034,0.012,20.596,20.562
20.589,20.589,0.015,0.006,20.596,20.581
20.589,20.589,0.015,0.006,20.596,20.581
20.596,20.596,0.037,0.012,20.618,20.581
20.607,20.607,0.074,0.027,20.655,20.581
20.605,20.605,0.074,0.028,20.655,20.581
20.604,20.604,0.076,0.029,20.655,20.579
20.602,20.602,0.083,0.031,20.655,20.572
20.594,20.594,0.083,0.031,20.655,20.572
20.582,20.582,0.023,0.008,20.595,20.572
20.582,20.582,0.023,0.008,20.595,20.572
20.594,20.594,0.063,0.022,20.635,20.572
20.6,20.6,0.055,0.019,20.635,20.58
20.6,20.6,0.055,0.019,20.635,20.58
20.596,20.596,0.063,0.023,20.635,20.572
20.595,20.595,0.063,0.023,20.635,20.572
20.579,20.579,0.047,0.015,20.605,20.558
20.574,20.574,0.023,0.008,20.581,20.558
20.574,20.574,0.024,0.009,20.582,20.558
20.576,20.576,0.024,0.009,20.582,20.558
20.571,20.571,0.024,0.011,20.582,20.558
20.577,20.577,0.026,0.009,20.585,20.559
20.574,20.574,0.026,0.01,20.585,20.559
20.575,20.575,0.027,0.011,20.586,20.559
20.571,20.571,0.027,0.012,20.586,20.559
20.572,20.572,0.025,0.011,20.586,20.561
20.568,20.568,0.025,0.009,20.586,20.561
20.57,20.57,0.025,0.009,20.586,20.561
20.565,20.565,0.014,0.005,20.575,20.561
20.568,20.568,0.014,0.006,20.575,20.561
20.573,20.573,0.028,0.01,20.589,20.561
20.592,20.592,0.101,0.036,20.662,20.561
20.593,20.593,0.101,0.035,20.662,20.561
20.614,20.614,0.09,0.041,20.665,20.575
20.616,20.616,0.085,0.039,20.665,20.58
20.612,20.612,0.095,0.042,20.665,20.57
20.599,20.599,0.095,0.034,20.665,20.57
20.596,20.596,0.098,0.036,20.665,20.567
20.578,20.578,0.029,0.011,20.596,20.567
20.581,20.581,0.034,0.014,20.601,20.567
20.582,20.582,0.034,0.014,20.601,20.567
20.583,20.583,0.034,0.015,20.601,20.567
20.583,20.583,0.034,0.015,20.601,20.567
20.586,20.586,0.034,0.014,20.601,20.567
20.58,20.58,0.034,0.013,20.601,20.567
20.597,20.597,0.096,0.035,20.663,20.567
20.61,20.61,0.096,0.044,20.663,20.567
20.612,20.612,0.094,0.041,20.663,20.569
20.606,20.606,0.11,0.047,20.663,20.553
20.607,20.607,0.11,0.046,20.663,20.553
20.591,20.591,0.109,0.037,20.662,20.553
20.589,20.589,0.102,0.034,20.655,20.553
20.591,20.591,0.102,0.034,20.655,20.553
20.598,20.598,0.077,0.029,20.655,20.578
20.6,20.6,0.075,0.028,20.655,20.58
20.599,20.599,0.08,0.029,20.655,20.575
20.58,20.58,0.027,0.01,20.59,20.563
20.58,20.58,0.027,0.01,20.59,20.563
20.578,20.578,0.024,0.009,20.587,20.563
20.576,20.576,0.021,0.008,20.584,20.563
20.574,20.574,0.021,0.008,20.584,20.563
20.578,20.578,0.017,0.007,20.584,20.567
20.581,20.581,0.032,0.011,20.599,20.567
20.582,20.582,0.032,0.011,20.599,20.567
20.585,20.585,0.032,0.011,20.599,20.567
20.587,20.587,0.021,0.007,20.599,20.578
20.583,20.583,0.034,0.011,20.599,20.565
20.582,20.582,0.027,0.01,20.592,20.565
20.575,20.575,0.035,0.013,20.592,20.557
20.587,20.587,0.088,0.031,20.645,20.557
20.584,20.584,0.088,0.033,20.645,20.557
20.589,20.589,0.088,0.031,20.645,20.557
20.589,20.589,0.088,0.031,20.645,20.557
20.593,20.593,0.082,0.028,20.645,20.563
20.58,20.58,0.028,0.01,20.591,20.563
20.581,20.581,0.023,0.008,20.591,20.568
20.581,20.581,0.023,0.009,20.591,20.568
20.579,20.579,0.022,0.007,20.59,20.568
20.581,20.581,0.022,0.008,20.59,20.568
20.579,20.579,0.024,0.01,20.59,20.566
20.582,20.582,0.024,0.009,20.59,20.566
20.576,20.576,0.028,0.011,20.589,20.561
20.577,20.577,0.028,0.012,20.589,20.561
20.574,20.574,0.026,0.01,20.587,20.561
20.575,20.575,0.026,0.009,20.587,20.561
20.576,20.576,0.03,0.011,20.591,20.561
20.595,20.595,0.085,0.031,20.656,20.571
20.595,20.595,0.085,0.032,20.656,20.571
20.598,20.598,0.085,0.03,20.656,20.571
20.598,20.598,0.084,0.03,20.656,20.572
20.602,20.602,0.084,0.03,20.656,20.572
20.59,20.59,0.037,0.012,20.609,20.572
20.59,20.59,0.037,0.012,20.609,20.572
20.602,20.602,0.077,0.027,20.649,20.572
20.621,20.621,0.083,0.032,20.666,20.583
20.615,20.615,0.083,0.035,20.666,20.583
20.61,20.61,0.096,0.039,20.666,20.57
20.613,20.613,0.096,0.038,20.666,20.57
20.594,20.594,0.111,0.038,20.666,20.555
20.578,20.578,0.041,0.014,20.596,20.555
20.573,20.573,0.041,0.016,20.596,20.555
20.574,20.574,0.041,0.016,20.596,20.555
20.572,20.572,0.033,0.014,20.588,20.555
20.577,20.577,0.03,0.011,20.588,20.558
20.578,20.578,0.038,0.013,20.596,20.558
20.584,20.584,0.021,0.008,20.596,20.575
20.586,20.586,0.02,0.006,20.596,20.576
20.585,20.585,0.02,0.007,20.596,20.576
20.587,20.587,0.017,0.005,20.596,20.579
20.585,20.585,0.008,0.003,20.587,20.579
20.585,20.585,0.008,0.003,20.587,20.579
20.585,20.585,0.008,0.003,20.587,20.579
20.589,20.589,0.019,0.007,20.603,20.584
20.589,20.589,0.019,0.007,20.603,20.584
20.586,20.586,0.033,0.01,20.603,20.57
20.58,20.58,0.047,0.016,20.603,20.556
20.581,20.581,0.047,0.017,20.603,20.556
20.576,20.576,0.038,0.013,20.594,20.556
20.58,20.58,0.047,0.017,20.603,20.556
20.585,20.585,0.047,0.017,20.603,20.556
20.607,20.607,0.09,0.031,20.665,20.575
20.607,20.607,0.09,0.031,20.665,20.575
20.604,20.604,0.101,0.033,20.665,20.564
20.6,20.6,0.101,0.034,20.665,20.564
20.591,20.591,0.112,0.039,20.665,20.553
20.574,20.574,0.039,0.014,20.592,20.553
20.575,20.575,0.044,0.015,20.597,20.553
20.581,20.581,0.044,0.016,20.597,20.553
20.578,20.578,0.044,0.017,20.597,20.553
20.587,20.587,0.032,0.013,20.598,20.566
20.588,20.588,0.032,0.012,20.598,20.566
20.585,20.585,0.032,0.012,20.598,20.566
20.577,20.577,0.041,0.014,20.598,20.557
20.576,20.576,0.041,0.015,20.598,20.557
20.571,20.571,0.029,0.01,20.586,20.557
20.567,20.567,0.021,0.007,20.578,20.557
20.569,20.569,0.033,0.011,20.59,20.557
20.574,20.574,0.027,0.01,20.59,20.563
20.574,20.574,0.027,0.01,20.59,20.563
20.576,20.576,0.027,0.01,20.59,20.563
20.58,20.58,0.027,0.01,20.59,20.563
20.58,20.58,0.026,0.01,20.589,20.563
20.598,20.598,0.109,0.038,20.672,20.563
20.601,20.601,0.096,0.036,20.672,20.576
20.602,20.602,0.095,0.035,20.672,20.577
20.596,20.596,0.109,0.039,20.672,20.563
20.596,20.596,0.109,0.039,20.672,20.563
20.579,20.579,0.025,0.009,20.588,20.563
20.582,20.582,0.034,0.011,20.597,20.563
20.585,20.585,0.034,0.012,20.597,20.563
20.593,20.593,0.02,0.007,20.603,20.583
20.595,20.595,0.02,0.007,20.603,20.583
20.61,20.61,0.063,0.025,20.659,20.596
20.622,20.622,0.063,0.029,20.659,20.596
20.618,20.618,0.085,0.034,20.659,20.574
20.616,20.616,0.085,0.035,20.659,20.574
20.628,20.628,0.085,0.036,20.659,20.574
20.612,20.612,0.083,0.037,20.657,20.574
20.597,20.597,0.083,0.031,20.657,20.574
20.597,20.597,0.082,0.031,20.657,20.575
20.593,20.593,0.082,0.032,20.657,20.575
20.592,20.592,0.075,0.029,20.65,20.575
20.591,20.591,0.075,0.029,20.65,20.575
20.591,20.591,0.075,0.03,20.65,20.575
20.591,20.591,0.075,0.03,20.65,20.575
20.609,20.609,0.09,0.04,20.665,20.575
20.594,20.594,0.09,0.035,20.665,20.575
20.594,20.594,0.092,0.036,20.665,20.573
20.594,20.594,0.092,0.035,20.665,20.573
20.597,20.597,0.092,0.034,20.665,20.573
20.576,20.576,0.026,0.009,20.586,20.56
20.591,20.591,0.093,0.032,20.653,20.56
20.592,20.592,0.093,0.032,20.653,20.56
20.593,20.593,0.093,0.031,20.653,20.56
20.586,20.586,0.106,0.037,20.653,20.547
20.587,20.587,0.106,0.036,20.653,20.547
20.57,20.57,0.04,0.014,20.587,20.547
20.587,20.587,0.123,0.043,20.67,20.547
20.583,20.583,0.123,0.044,20.67,20.547
20.586,20.586,0.108,0.042,20.67,20.562
20.604,20.604,0.108,0.048,20.67,20.562
20.605,20.605,0.108,0.047,20.67,20.562
20.587,20.587,0.092,0.034,20.654,20.562
20.602,20.602,0.092,0.037,20.654,20.562
20.606,20.606,0.079,0.034,20.654,20.575
20.589,20.589,0.071,0.026,20.639,20.568
20.59,20.59,0.071,0.025,20.639,20.568
20.591,20.591,0.071,0.025,20.639,20.568
20.577,20.577,0.018,0.007,20.586,20.568
20.576,20.576,0.018,0.007,20.586,20.568
20.58,20.58,0.02,0.008,20.591,20.571
20.576,20.576,0.031,0.011,20.591,20.56
20.578,20.578,0.035,0.013,20.595,20.56
20.58,20.58,0.035,0.013,20.595,20.56
20.582,20.582,0.035,0.012,20.595,20.56
20.579,20.579,0.035,0.012,20.595,20.56
20.584,20.584,0.023,0.008,20.595,20.572
20.579,20.579,0.021,0.008,20.588,20.567
20.574,20.574,0.029,0.011,20.588,20.559
20.57,20.57,0.029,0.01,20.588,20.559
20.572,20.572,0.029,0.012,20.588,20.559
20.568,20.568,0.025,0.009,20.584,20.559
20.566,20.566,0.028,0.01,20.584,20.556
20.571,20.571,0.028,0.011,20.584,20.556
20.573,20.573,0.028,0.01,20.584,20.556
20.571,20.571,0.027,0.009,20.583,20.556
20.571,20.571,0.027,0.009,20.583,20.556
20.577,20.577,0.013,0.005,20.584,20.571
20.575,20.575,0.013,0.005,20.584,20.571
20.586,20.586,0.059,0.023,20.63,20.571
20.585,20.585,0.064,0.023,20.63,20.566
20.589,20.589,0.064,0.023,20.63,20.566
20.587,20.587,0.064,0.024,20.63,20.566
20.59,20.59,0.064,0.022,20.63,20.566
20.579,20.579,0.029,0.01,20.595,20.566
20.599,20.599,0.091,0.034,20.665,20.574
20.596,20.596,0.091,0.034,20.665,20.574
20.597,20.597,0.087,0.034,20.665,20.578
20.596,20.596,0.087,0.034,20.665,20.578
20.594,20.594,0.098,0.036,20.665,20.567
20.576,20.576,0.014,0.005,20.581,20.567
20.578,20.578,0.02,0.006,20.587,20.567
20.579,20.579,0.02,0.007,20.587,20.567
20.582,20.582,0.028,0.009,20.595,20.567
20.584,20.584,0.018,0.006,20.595,20.577
20.587,20.587,0.016,0.006,20.595,20.579
20.587,20.587,0.016,0.006,20.595,20.579
20.582,20.582,0.036,0.013,20.595,20.559
20.581,20.581,0.033,0.012,20.592,20.559
20.579,20.579,0.033,0.012,20.592,20.559
20.579,20.579,0.032,0.012,20.591,20.559
20.589,20.589,0.078,0.026,20.637,20.559
20.605,20.605,0.068,0.028,20.64,20.572
20.602,20.602,0.068,0.03,20.64,20.572
20.605,20.605,0.068,0.028,20.64,20.572
20.601,20.601,0.068,0.031,20.64,20.572
20.587,20.587,0.074,0.027,20.64,20.566
20.579,20.579,0.034,0.012,20.6,20.566
20.584,20.584,0.034,0.013,20.6,20.566
20.584,20.584,0.034,0.013,20.6,20.566
20.588,20.588,0.034,0.012,20.6,20.566
20.592,20.592,0.017,0.007,20.6,20.583
20.586,20.586,0.022,0.008,20.596,20.574
20.58,20.58,0.033,0.011,20.595,20.562
20.576,20.576,0.033,0.012,20.595,20.562
20.571,20.571,0.021,0.007,20.583,20.562
20.571,20.571,0.02,0.007,20.582,20.562
20.572,20.572,0.02,0.008,20.582,20.562
20.576,20.576,0.017,0.007,20.583,20.566
20.581,20.581,0.018,0.006,20.589,20.571
20.589,20.589,0.031,0.011,20.611,20.58
20.605,20.605,0.084,0.031,20.664,20.58
20.619,20.619,0.081,0.032,20.664,20.583
20.614,20.614,0.106,0.039,20.664,20.558
20.611,20.611,0.106,0.041,20.664,20.558
20.606,20.606,0.106,0.043,20.664,20.558
20.59,20.59,0.091,0.031,20.649,20.558
20.578,20.578,0.032,0.011,20.59,20.558
20.586,20.586,0.023,0.008,20.598,20.575
20.59,20.59,0.016,0.006,20.598,20.582
20.588,20.588,0.025,0.009,20.598,20.573
20.59,20.59,0.025,0.009,20.598,20.573
20.589,20.589,0.025,0.009,20.598,20.573
20.587,20.587,0.022,0.008,20.595,20.573
20.584,20.584,0.022,0.008,20.595,20.573
20.585,20.585,0.017,0.006,20.595,20.578
20.601,20.601,0.094,0.036,20.672,20.578
20.596,20.596,0.108,0.039,20.672,20.564
20.597,20.597,0.108,0.038,20.672,20.564
20.601,20.601,0.108,0.037,20.672,20.564
20.603,20.603,0.108,0.037,20.672,20.564
20.586,20.586,0.038,0.012,20.602,20.564
20.608,20.608,0.084,0.033,20.672,20.588
20.604,20.604,0.101,0.035,20.672,20.571
20.603,20.603,0.101,0.035,20.672,20.571
20.617,20.617,0.101,0.04,20.672,20.571
20.617,20.617,0.101,0.04,20.672,20.571
20.596,20.596,0.092,0.033,20.658,20.566
20.614,20.614,0.096,0.039,20.662,20.566
20.608,20.608,0.096,0.043,20.662,20.566
20.608,20.608,0.096,0.044,20.662,20.566
20.603,20.603,0.102,0.047,20.662,20.56
20.602,20.602,0.103,0.048,20.662,20.559
20.588,20.588,0.101,0.038,20.66,20.559
20.59,20.59,0.101,0.037,20.66,20.559
20.572,20.572,0.033,0.012,20.592,20.559
20.573,20.573,0.033,0.012,20.592,20.559
20.581,20.581,0.038,0.013,20.6,20.562
20.597,20.597,0.112,0.04,20.674,20.562
20.612,20.612,0.112,0.043,20.674,20.562
20.609,20.609,0.114,0.046,20.674,20.56
20.624,20.624,0.114,0.04,20.674,20.56
20.623,20.623,0.114,0.041,20.674,20.56
20.608,20.608,0.091,0.032,20.651,20.56
20.595,20.595,0.075,0.024,20.635,20.56
20.598,20.598,0.064,0.021,20.635,20.571
20.588,20.588,0.025,0.009,20.596,20.571
20.586,20.586,0.025,0.008,20.596,20.571
20.586,20.586,0.024,0.008,20.595,20.571
20.598,20.598,0.077,0.026,20.648,20.571
20.6,20.6,0.067,0.025,20.648,20.581
20.599,20.599,0.067,0.025,20.648,20.581
20.603,20.603,0.067,0.024,20.648,20.581
20.603,20.603,0.067,0.024,20.648,20.581
20.589,20.589,0.028,0.01,20.608,20.58
20.592,20.592,0.028,0.01,20.608,20.58
20.609,20.609,0.087,0.03,20.667,20.58
20.609,20.609,0.087,0.03,20.667,20.58
20.604,20.604,0.099,0.034,20.667,20.568
20.611,20.611,0.099,0.032,20.667,20.568
20.606,20.606,0.099,0.036,20.667,20.568
20.601,20.601,0.074,0.028,20.642,20.568
20.609,20.609,0.079,0.033,20.647,20.568
20.618,20.618,0.074,0.026,20.647,20.573
20.627,20.627,0.087,0.031,20.66,20.573
20.627,20.627,0.083,0.03,20.66,20.577
20.617,20.617,0.083,0.032,20.66,20.577
20.608,20.608,0.083,0.029,20.66,20.577
20.607,20.607,0.083,0.029,20.66,20.577
20.606,20.606,0.078,0.027,20.655,20.577
20.61,20.61,0.067,0.023,20.655,20.588
20.614,20.614,0.058,0.021,20.655,20.597
20.611,20.611,0.066,0.023,20.655,20.589
20.611,20.611,0.066,0.023,20.655,20.589
20.611,20.611,0.067,0.023,20.656,20.589
20.608,20.608,0.076,0.026,20.656,20.58
20.623,20.623,0.102,0.04,20.682,20.58
20.621,20.621,0.102,0.041,20.682,20.58
20.622,20.622,0.102,0.041,20.682,20.58
20.623,20.623,0.102,0.041,20.682,20.58
20.622,20.622,0.107,0.042,20.682,20.575
20.603,20.603,0.084,0.031,20.659,20.575
20.603,20.603,0.084,0.031,20.659,20.575
20.593,20.593,0.093,0.034,20.659,20.566
20.593,20.593,0.091,0.033,20.657,20.566
20.595,20.595,0.091,0.032,20.657,20.566
20.611,20.611,0.099,0.042,20.665,20.566
20.614,20.614,0.099,0.04,20.665,20.566
20.621,20.621,0.078,0.033,20.665,20.587
20.613,20.613,0.078,0.028,20.665,20.587
20.61,20.61,0.089,0.03,20.665,20.576
20.596,20.596,0.038,0.013,20.614,20.576
20.594,20.594,0.038,0.014,20.614,20.576
20.604,20.604,0.077,0.028,20.653,20.576
20.6,20.6,0.077,0.027,20.653,20.576
20.6,20.6,0.075,0.027,20.653,20.578
20.597,20.597,0.075,0.028,20.653,20.578
20.597,20.597,0.075,0.029,20.653,20.578
20.597,20.597,0.077,0.029,20.655,20.578
20.594,20.594,0.078,0.03,20.655,20.577
20.596,20.596,0.078,0.03,20.655,20.577
20.6,20.6,0.078,0.028,20.655,20.577
20.618,20.618,0.091,0.037,20.668,20.577
20.606,20.606,0.091,0.032,20.668,20.577
20.607,20.607,0.086,0.031,20.668,20.582
20.607,20.607,0.086,0.031,20.668,20.582
20.606,20.606,0.086,0.032,20.668,20.582
20.59,20.59,0.013,0.004,20.595,20.582
20.589,20.589,0.011,0.004,20.593,20.582
20.589,20.589,0.009,0.003,20.593,20.584
20.608,20.608,0.1,0.038,20.684,20.584
20.604,20.604,0.111,0.041,20.684,20.573
20.616,20.616,0.111,0.044,20.684,20.573
20.631,20.631,0.111,0.044,20.684,20.573
20.629,20.629,0.111,0.046,20.684,20.573
20.609,20.609,0.088,0.039,20.661,20.573
20.614,20.614,0.085,0.035,20.661,20.576
20.601,20.601,0.085,0.031,20.661,20.576
20.587,20.587,0.02,0.007,20.596,20.576
20.6,20.6,0.059,0.022,20.644,20.585
20.604,20.604,0.058,0.021,20.644,20.586
20.603,20.603,0.058,0.021,20.644,20.586
20.601,20.601,0.07,0.024,20.644,20.574
20.599,20.599,0.07,0.024,20.644,20.574
20.588,20.588,0.03,0.01,20.604,20.574
20.586,20.586,0.018,0.006,20.592,20.574
20.586,20.586,0.018,0.006,20.592,20.574
20.59,20.59,0.011,0.004,20.595,20.584
20.587,20.587,0.023,0.008,20.595,20.572
20.587,20.587,0.023,0.008,20.595,20.572
20.588,20.588,0.026,0.009,20.598,20.572
20.584,20.584,0.031,0.012,20.598,20.567
20.585,20.585,0.033,0.013,20.6,20.567
20.589,20.589,0.033,0.012,20.6,20.567
20.594,20.594,0.042,0.014,20.609,20.567
20.593,20.593,0.042,0.014,20.609,20.567
20.613,20.613,0.072,0.027,20.667,20.595
20.611,20.611,0.077,0.028,20.667,20.59
20.63,20.63,0.098,0.04,20.688,20.59
20.627,20.627,0.098,0.042,20.688,20.59
20.624,20.624,0.106,0.044,20.688,20.582
20.622,20.622,0.106,0.043,20.688,20.582
20.62,20.62,0.106,0.044,20.688,20.582
20.612,20.612,0.074,0.032,20.656,20.582
20.612,20.612,0.074,0.032,20.656,20.582
20.614,20.614,0.073,0.031,20.656,20.583
20.597,20.597,0.071,0.025,20.646,20.575
20.599,20.599,0.071,0.024,20.646,20.575
20.586,20.586,0.02,0.007,20.595,20.575
20.582,20.582,0.016,0.006,20.591,20.575
20.588,20.588,0.041,0.015,20.616,20.575
20.593,20.593,0.039,0.014,20.616,20.577
20.603,20.603,0.064,0.024,20.641,20.577
20.601,20.601,0.072,0.026,20.641,20.569
20.619,20.619,0.098,0.033,20.667,20.569
20.607,20.607,0.113,0.043,20.667,20.554
20.604,20.604,0.113,0.043,20.667,20.554
20.591,20.591,0.113,0.04,20.667,20.554
20.61,20.61,0.113,0.047,20.667,20.554
20.611,20.611,0.119,0.048,20.673,20.554
20.628,20.628,0.096,0.039,20.673,20.577
20.629,20.629,0.096,0.037,20.673,20.577
20.644,20.644,0.077,0.027,20.673,20.596
20.625,20.625,0.107,0.039,20.673,20.566
20.603,20.603,0.089,0.036,20.653,20.564
20.595,20.595,0.089,0.032,20.653,20.564
20.587,20.587,0.095,0.035,20.653,20.558
20.572,20.572,0.036,0.013,20.594,20.558
20.59,20.59,0.102,0.037,20.66,20.558
20.604,20.604,0.102,0.037,20.66,20.558
20.602,20.602,0.102,0.038,20.66,20.558
20.604,20.604,0.09,0.035,20.66,20.57
20.603,20.603,0.092,0.037,20.66,20.568
20.602,20.602,0.09,0.036,20.658,20.568
20.592,20.592,0.09,0.034,20.658,20.568
20.594,20.594,0.09,0.033,20.658,20.568
20.61,20.61,0.09,0.038,20.658,20.568
20.613,20.613,0.08,0.035,20.658,20.578
20.598,20.598,0.076,0.029,20.654,20.578
20.6,20.6,0.074,0.027,20.654,20.58
20.597,20.597,0.077,0.029,20.654,20.577
20.581,20.581,0.019,0.006,20.591,20.572
20.58,20.58,0.019,0.006,20.591,20.572
20.579,20.579,0.019,0.007,20.591,20.572
20.576,20.576,0.01,0.004,20.582,20.572
20.577,20.577,0.01,0.004,20.582,20.572
20.577,20.577,0.009,0.004,20.582,20.573
20.592,20.592,0.082,0.032,20.655,20.573
20.593,20.593,0.082,0.031,20.655,20.573
20.594,20.594,0.082,0.03,20.655,20.573
20.593,20.593,0.082,0.031,20.655,20.573
20.597,20.597,0.079,0.029,20.655,20.576
20.601,20.601,0.097,0.037,20.673,20.576
20.602,20.602,0.097,0.036,20.673,20.576
20.597,20.597,0.113,0.039,20.673,20.56
20.602,20.602,0.113,0.038,20.673,20.56
20.597,20.597,0.113,0.041,20.673,20.56
20.577,20.577,0.038,0.014,20.598,20.56
20.583,20.583,0.055,0.021,20.615,20.56
20.588,20.588,0.049,0.017,20.615,20.566
20.591,20.591,0.049,0.02,20.615,20.566
20.594,20.594,0.041,0.016,20.615,20.574
20.614,20.614,0.091,0.032,20.672,20.581
20.609,20.609,0.091,0.033,20.672,20.581
20.607,20.607,0.092,0.034,20.672,20.58
20.602,20.602,0.092,0.035,20.672,20.58
20.612,20.612,0.092,0.035,20.672,20.58
20.601,20.601,0.052,0.02,20.632,20.58
20.598,20.598,0.056,0.022,20.632,20.576
20.597,20.597,0.058,0.023,20.632,20.574
20.597,20.597,0.058,0.023,20.632,20.574
20.6,20.6,0.071,0.027,20.645,20.574
20.599,20.599,0.071,0.027,20.645,20.574
20.598,20.598,0.072,0.027,20.645,20.573
20.604,20.604,0.072,0.025,20.645,20.573
20.6,20.6,0.075,0.028,20.645,20.57
20.592,20.592,0.043,0.017,20.613,20.57
20.6,20.6,0.085,0.031,20.655,20.57
20.619,20.619,0.099,0.037,20.669,20.57
20.625,20.625,0.099,0.036,20.669,20.57
20.629,20.629,0.078,0.03,20.669,20.591
20.629,20.629,0.078,0.03,20.669,20.591
20.613,20.613,0.094,0.033,20.669,20.575
20.597,20.597,0.051,0.017,20.626,20.575
20.587,20.587,0.027,0.01,20.602,20.575
20.589,20.589,0.027,0.011,20.602,20.575
20.597,20.597,0.07,0.025,20.645,20.575
20.594,20.594,0.089,0.03,20.645,20.556
20.591,20.591,0.089,0.03,20.645,20.556
20.587,20.587,0.089,0.033,20.645,20.556
20.581,20.581,0.089,0.033,20.645,20.556
20.566,20.566,0.022,0.008,20.578,20.556
20.574,20.574,0.039,0.013,20.597,20.558
20.572,20.572,0.039,0.013,20.597,20.558
20.586,20.586,0.065,0.025,20.629,20.564
20.589,20.589,0.065,0.023,20.629,20.564
20.592,20.592,0.065,0.021,20.629,20.564
20.585,20.585,0.067,0.024,20.629,20.562
20.587,20.587,0.067,0.023,20.629,20.562
20.577,20.577,0.026,0.01,20.588,20.562
20.576,20.576,0.026,0.009,20.588,20.562
20.592,20.592,0.107,0.039,20.669,20.562
20.609,20.609,0.098,0.041,20.669,20.571
20.621,20.621,0.094,0.037,20.669,20.575
20.621,20.621,0.094,0.037,20.669,20.575
20.617,20.617,0.112,0.042,20.669,20.557
20.595,20.595,0.089,0.037,20.646,20.557
20.599,20.599,0.107,0.042,20.664,20.557
20.603,20.603,0.107,0.046,20.664,20.557
20.597,20.597,0.11,0.05,20.664,20.554
20.596,20.596,0.115,0.051,20.664,20.549
20.599,20.599,0.115,0.049,20.664,20.549
20.578,20.578,0.103,0.038,20.652,20.549
20.56,20.56,0.029,0.01,20.578,20.549
20.564,20.564,0.029,0.011,20.578,20.549
20.581,20.581,0.072,0.026,20.631,20.559
20.587,20.587,0.072,0.029,20.631,20.559
20.599,20.599,0.071,0.027,20.631,20.56
20.619,20.619,0.086,0.028,20.661,20.575
20.616,20.616,0.105,0.034,20.661,20.556
20.609,20.609,0.105,0.034,20.661,20.556
20.6,20.6,0.105,0.037,20.661,20.556
20.589,20.589,0.105,0.039,20.661,20.556
20.588,20.588,0.103,0.038,20.659,20.556
20.59,20.59,0.099,0.037,20.659,20.56
20.584,20.584,0.099,0.038,20.659,20.56
20.597,20.597,0.099,0.042,20.659,20.56
20.598,20.598,0.096,0.041,20.659,20.563
20.579,20.579,0.074,0.029,20.636,20.562
20.592,20.592,0.074,0.034,20.636,20.562
20.605,20.605,0.074,0.034,20.636,20.562
20.592,20.592,0.07,0.032,20.632,20.562
20.609,20.609,0.085,0.034,20.647,20.562
20.609,20.609,0.082,0.034,20.647,20.565
20.6,20.6,0.082,0.033,20.647,20.565
20.585,20.585,0.091,0.032,20.647,20.556
20.6,20.6,0.093,0.04,20.649,20.556
20.598,20.598,0.093,0.037,20.649,20.556
20.6,20.6,0.093,0.036,20.649,20.556
20.596,20.596,0.093,0.038,20.649,20.556
20.617,20.617,0.092,0.039,20.661,20.569
20.596,20.596,0.117,0.044,20.661,20.544
20.599,20.599,0.117,0.046,20.661,20.544
20.612,20.612,0.117,0.047,20.661,20.544
20.614,20.614,0.117,0.045,20.661,20.544
20.594,20.594,0.103,0.042,20.647,20.544
20.599,20.599,0.086,0.036,20.647,20.561
20.587,20.587,0.078,0.027,20.639,20.561
20.572,20.572,0.024,0.009,20.585,20.561
20.569,20.569,0.024,0.009,20.585,20.561
20.584,20.584,0.078,0.029,20.64,20.562
20.583,20.583,0.078,0.03,20.64,20.562
20.581,20.581,0.078,0.03,20.64,20.562
20.581,20.581,0.078,0.03,20.64,20.562
20.581,20.581,0.08,0.03,20.64,20.56
20.564,20.564,0.016,0.006,20.574,20.558
20.563,20.563,0.016,0.006,20.574,20.558
20.559,20.559,0.009,0.003,20.563,20.554
20.575,20.575,0.088,0.034,20.642,20.554
20.593,20.593,0.096,0.043,20.65,20.554
20.612,20.612,0.097,0.044,20.651,20.554
20.61,20.61,0.097,0.046,20.651,20.554
20.614,20.614,0.097,0.041,20.651,20.554
20.612,20.612,0.097,0.04,20.651,20.554
20.596,20.596,0.097,0.038,20.651,20.554
20.579,20.579,0.078,0.027,20.632,20.554
20.594,20.594,0.065,0.03,20.632,20.567
20.595,20.595,0.065,0.029,20.632,20.567
20.601,20.601,0.096,0.038,20.663,20.567
20.6,20.6,0.101,0.039,20.663,20.562
20.611,20.611,0.101,0.036,20.663,20.562
20.609,20.609,0.101,0.035,20.663,20.562
20.6,20.6,0.125,0.045,20.663,20.538
20.579,20.579,0.086,0.034,20.624,20.538
20.596,20.596,0.112,0.043,20.65,20.538
20.579,20.579,0.112,0.045,20.65,20.538
20.567,20.567,0.112,0.042,20.65,20.538
20.584,20.584,0.111,0.045,20.65,20.539
20.602,20.602,0.111,0.047,20.65,20.539
20.583,20.583,0.102,0.042,20.641,20.539
20.601,20.601,0.089,0.039,20.641,20.552
20.6,20.6,0.093,0.04,20.641,20.548
20.586,20.586,0.093,0.04,20.641,20.548
20.566,20.566,0.087,0.032,20.628,20.541
20.562,20.562,0.093,0.034,20.628,20.535
20.54,20.54,0.042,0.014,20.559,20.517
20.547,20.547,0.067,0.023,20.584,20.517
20.546,20.546,0.067,0.022,20.584,20.517
20.559,20.559,0.093,0.034,20.61,20.517
20.579,20.579,0.116,0.041,20.633,20.517
20.602,20.602,0.082,0.031,20.633,20.551
20.597,20.597,0.082,0.035,20.633,20.551
20.593,20.593,0.098,0.04,20.633,20.535
20.581,20.581,0.098,0.042,20.633,20.535
20.577,20.577,0.096,0.038,20.631,20.535
20.559,20.559,0.077,0.027,20.612,20.535
20.556,20.556,0.077,0.028,20.612,20.535
20.555,20.555,0.08,0.029,20.612,20.532
20.551,20.551,0.087,0.031,20.612,20.525
20.556,20.556,0.115,0.042,20.64,20.525
20.574,20.574,0.115,0.05,20.64,20.525
20.599,20.599,0.141,0.058,20.666,20.525
20.603,20.603,0.141,0.054,20.666,20.525
20.615,20.615,0.111,0.04,20.666,20.555
20.597,20.597,0.115,0.045,20.666,20.551
20.581,20.581,0.115,0.044,20.666,20.551
20.557,20.557,0.039,0.013,20.583,20.544
20.559,20.559,0.039,0.014,20.583,20.544
20.574,20.574,0.118,0.044,20.662,20.544
20.592,20.592,0.118,0.049,20.662,20.544
20.595,20.595,0.118,0.047,20.662,20.544
20.615,20.615,0.099,0.043,20.662,20.563
20.639,20.639,0.12,0.041,20.683,20.563
20.627,20.627,0.12,0.041,20.683,20.563
20.623,20.623,0.12,0.04,20.683,20.563
20.632,20.632,0.08,0.03,20.683,20.603
20.622,20.622,0.088,0.032,20.683,20.595
20.608,20.608,0.026,0.009,20.621,20.595
20.61,20.61,0.026,0.009,20.621,20.595
20.609,20.609,0.021,0.007,20.616,20.595
20.61,20.61,0.021,0.008,20.616,20.595
20.615,20.615,0.005,0.002,20.616,20.611
20.61,20.61,0.025,0.01,20.616,20.591
20.61,20.61,0.025,0.01,20.616,20.591
20.604,20.604,0.03,0.013,20.616,20.586
20.6,20.6,0.03,0.012,20.616,20.586
20.599,20.599,0.026,0.01,20.612,20.586
20.6,20.6,0.026,0.009,20.612,20.586
20.59,20.59,0.05,0.017,20.609,20.559
20.592,20.592,0.05,0.017,20.609,20.559
20.594,20.594,0.05,0.018,20.609,20.559
20.594,20.594,0.052,0.018,20.611,20.559
20.597,20.597,0.055,0.02,20.614,20.559
20.604,20.604,0.024,0.009,20.614,20.59
20.606,20.606,0.024,0.008,20.614,20.59
20.604,20.604,0.024,0.009,20.614,20.59
20.598,20.598,0.036,0.013,20.614,20.578
20.595,20.595,0.029,0.01,20.607,20.578
20.595,20.595,0.029,0.01,20.607,20.578
20.591,20.591,0.022,0.009,20.6,20.578
20.588,20.588,0.022,0.008,20.6,20.578
20.59,20.59,0.017,0.006,20.6,20.583
20.59,20.59,0.016,0.006,20.599,20.583
20.593,20.593,0.024,0.009,20.607,20.583
20.596,20.596,0.02,0.007,20.607,20.587
20.599,20.599,0.02,0.007,20.607,20.587
20.6,20.6,0.014,0.005,20.607,20.593
20.603,20.603,0.022,0.008,20.615,20.593
20.605,20.605,0.022,0.009,20.615,20.593
20.605,20.605,0.022,0.008,20.615,20.593
20.598,20.598,0.042,0.015,20.615,20.573
20.596,20.596,0.042,0.017,20.615,20.573
20.589,20.589,0.04,0.015,20.613,20.573
20.587,20.587,0.03,0.011,20.603,20.573
20.584,20.584,0.03,0.01,20.603,20.573
20.588,20.588,0.023,0.009,20.603,20.58
20.589,20.589,0.022,0.008,20.603,20.581
20.592,20.592,0.022,0.007,20.603,20.581
20.584,20.584,0.028,0.011,20.593,20.565
20.589,20.589,0.038,0.013,20.603,20.565
20.602,20.602,0.094,0.031,20.659,20.565
20.605,20.605,0.094,0.031,20.659,20.565
20.607,20.607,0.094,0.03,20.659,20.565
20.615,20.615,0.06,0.022,20.659,20.599
20.614,20.614,0.062,0.023,20.659,20.597
20.599,20.599,0.021,0.008,20.607,20.586
20.596,20.596,0.021,0.007,20.607,20.586
20.592,20.592,0.031,0.01,20.607,20.576
20.588,20.588,0.021,0.007,20.597,20.576
20.583,20.583,0.021,0.008,20.592,20.571
20.581,20.581,0.021,0.008,20.592,20.571
20.579,20.579,0.018,0.006,20.589,20.571
20.578,20.578,0.018,0.007,20.589,20.571
20.581,20.581,0.029,0.011,20.6,20.571
20.583,20.583,0.029,0.01,20.6,20.571
20.586,20.586,0.029,0.01,20.6,20.571
20.605,20.605,0.109,0.039,20.68,20.571
20.606,20.606,0.106,0.038,20.68,20.574
20.605,20.605,0.106,0.038,20.68,20.574
20.616,20.616,0.106,0.037,20.68,20.574
20.611,20.611,0.111,0.042,20.68,20.569
20.583,20.583,0.093,0.031,20.634,20.541
20.582,20.582,0.093,0.031,20.634,20.541
20.579,20.579,0.093,0.03,20.634,20.541
20.563,20.563,0.04,0.014,20.581,20.541
20.57,20.57,0.06,0.021,20.601,20.541
20.576,20.576,0.046,0.015,20.601,20.555
20.582,20.582,0.046,0.017,20.601,20.555
20.582,20.582,0.046,0.017,20.601,20.555
20.59,20.59,0.027,0.012,20.601,20.574
20.586,20.586,0.027,0.011,20.601,20.574
20.584,20.584,0.033,0.012,20.601,20.568
20.577,20.577,0.031,0.011,20.596,20.565
20.576,20.576,0.031,0.011,20.596,20.565
20.572,20.572,0.014,0.005,20.579,20.565
20.573,20.573,0.017,0.006,20.582,20.565
20.577,20.577,0.022,0.008,20.587,20.565
20.58,20.58,0.014,0.005,20.587,20.573
20.581,20.581,0.013,0.005,20.587,20.574
20.583,20.583,0.015,0.005,20.589,20.574
20.6,20.6,0.094,0.034,20.668,20.574
20.596,20.596,0.103,0.037,20.668,20.565
20.591,20.591,0.108,0.04,20.668,20.56
20.593,20.593,0.108,0.039,20.668,20.56
20.587,20.587,0.108,0.041,20.668,20.56
20.567,20.567,0.021,0.007,20.581,20.56
20.573,20.573,0.034,0.013,20.594,20.56
20.59,20.59,0.084,0.03,20.646,20.562
20.588,20.588,0.084,0.031,20.646,20.562
20.592,20.592,0.079,0.029,20.646,20.567
20.597,20.597,0.075,0.026,20.646,20.571
20.594,20.594,0.075,0.027,20.646,20.571
20.581,20.581,0.025,0.008,20.596,20.571
20.58,20.58,0.028,0.009,20.596,20.568
20.592,20.592,0.074,0.026,20.642,20.568
20.59,20.59,0.074,0.027,20.642,20.568
20.584,20.584,0.09,0.031,20.642,20.552
20.586,20.586,0.09,0.03,20.642,20.552
20.599,20.599,0.09,0.033,20.642,20.552
20.586,20.586,0.08,0.026,20.632,20.552
20.589,20.589,0.08,0.027,20.632,20.552
20.599,20.599,0.057,0.019,20.632,20.575
20.593,20.593,0.074,0.025,20.632,20.558
20.595,20.595,0.084,0.028,20.642,20.558
20.593,20.593,0.084,0.03,20.642,20.558
20.587,20.587,0.084,0.031,20.642,20.558
20.583,20.583,0.084,0.03,20.642,20.558
20.586,20.586,0.077,0.028,20.642,20.565
20.575,20.575,0.02,0.007,20.585,20.565
20.579,20.579,0.013,0.006,20.585,20.572
20.582,20.582,0.014,0.005,20.587,20.573
20.579,20.579,0.021,0.008,20.587,20.566
20.584,20.584,0.032,0.01,20.598,20.566
20.58,20.58,0.033,0.013,20.598,20.565
20.576,20.576,0.033,0.014,20.598,20.565
20.573,20.573,0.033,0.013,20.598,20.565
20.592,20.592,0.098,0.038,20.663,20.565
20.605,20.605,0.098,0.047,20.663,20.565
20.611,20.611,0.098,0.044,20.663,20.565
20.617,20.617,0.094,0.039,20.663,20.569
20.641,20.641,0.099,0.04,20.693,20.594
20.644,20.644,0.099,0.042,20.693,20.594
20.626,20.626,0.121,0.049,20.693,20.572
20.624,20.624,0.121,0.05,20.693,20.572
20.616,20.616,0.14,0.057,20.693,20.553
20.587,20.587,0.131,0.047,20.676,20.545
20.567,20.567,0.042,0.016,20.587,20.545
20.564,20.564,0.042,0.016,20.587,20.545
20.563,20.563,0.04,0.015,20.585,20.545
20.569,20.569,0.04,0.015,20.585,20.545
20.579,20.579,0.043,0.014,20.599,20.556
20.582,20.582,0.043,0.014,20.599,20.556
20.587,20.587,0.019,0.006,20.599,20.58
20.58,20.58,0.049,0.016,20.599,20.55
20.583,20.583,0.049,0.017,20.599,20.55
20.578,20.578,0.042,0.015,20.592,20.55
20.577,20.577,0.042,0.014,20.592,20.55
20.575,20.575,0.042,0.014,20.592,20.55
20.596,20.596,0.077,0.029,20.653,20.576
20.588,20.588,0.098,0.034,20.653,20.555
20.591,20.591,0.098,0.033,20.653,20.555
20.597,20.597,0.098,0.034,20.653,20.555
20.597,20.597,0.098,0.034,20.653,20.555
20.583,20.583,0.057,0.019,20.612,20.555
20.607,20.607,0.1,0.036,20.675,20.575
20.602,20.602,0.109,0.04,20.675,20.566
20.599,20.599,0.109,0.039,20.675,20.566
20.6,20.6,0.109,0.038,20.675,20.566
20.604,20.604,0.109,0.038,20.675,20.566
20.581,20.581,0.046,0.017,20.603,20.557
20.586,20.586,0.046,0.016,20.603,20.557
20.585,20.585,0.046,0.015,20.603,20.557
20.588,20.588,0.046,0.017,20.603,20.557
20.587,20.587,0.044,0.016,20.601,20.557
20.596,20.596,0.015,0.005,20.602,20.587
20.593,20.593,0.024,0.009,20.602,20.578
20.592,20.592,0.024,0.01,20.602,20.578
20.592,20.592,0.026,0.011,20.604,20.578
20.59,20.59,0.026,0.011,20.604,20.578
20.586,20.586,0.026,0.009,20.604,20.578
20.59,20.59,0.023,0.009,20.604,20.581
20.591,20.591,0.023,0.008,20.604,20.581
20.589,20.589,0.015,0.005,20.596,20.581
20.59,20.59,0.015,0.005,20.596,20.581
20.591,20.591,0.008,0.003,20.596,20.588
20.592,20.592,0.012,0.004,20.6,20.588
20.595,20.595,0.014,0.006,20.603,20.589
20.596,20.596,0.014,0.005,20.603,20.589
20.594,20.594,0.021,0.008,20.603,20.582
20.594,20.594,0.021,0.008,20.603,20.582
20.592,20.592,0.021,0.007,20.603,20.582
20.588,20.588,0.014,0.005,20.596,20.582
20.586,20.586,0.011,0.004,20.593,20.582
20.587,20.587,0.01,0.004,20.593,20.583
20.586,20.586,0.014,0.005,20.593,20.579
20.587,20.587,0.022,0.008,20.601,20.579
20.593,20.593,0.031,0.011,20.61,20.579
20.593,20.593,0.031,0.011,20.61,20.579
20.594,20.594,0.031,0.011,20.61,20.579
20.601,20.601,0.024,0.009,20.61,20.586
20.596,20.596,0.031,0.012,20.61,20.579
20.59,20.59,0.031,0.011,20.61,20.579
20.59,20.59,0.031,0.012,20.61,20.579
20.587,20.587,0.031,0.012,20.61,20.579
20.588,20.588,0.035,0.013,20.614,20.579
20.591,20.591,0.033,0.012,20.614,20.581
20.594,20.594,0.033,0.012,20.614,20.581
20.596,20.596,0.033,0.011,20.614,20.581
20.601,20.601,0.021,0.008,20.614,20.593
20.599,20.599,0.014,0.005,20.607,20.593
20.598,20.598,0.016,0.005,20.607,20.591
20.597,20.597,0.016,0.006,20.607,20.591
20.596,20.596,0.016,0.006,20.607,20.591
20.593,20.593,0.011,0.004,20.6,20.589
20.596,20.596,0.027,0.01,20.616,20.589
20.6,20.6,0.027,0.011,20.616,20.589
20.599,20.599,0.029,0.012,20.616,20.587
20.602,20.602,0.029,0.012,20.616,20.587
20.605,20.605,0.029,0.01,20.616,20.587
20.604,20.604,0.028,0.01,20.615,20.587
20.6,20.6,0.028,0.011,20.615,20.587
20.599,20.599,0.033,0.012,20.615,20.582
20.594,20.594,0.033,0.012,20.615,20.582
20.592,20.592,0.033,0.012,20.615,20.582
20.589,20.589,0.018,0.006,20.6,20.582
20.59,20.59,0.018,0.006,20.6,20.582
20.598,20.598,0.041,0.014,20.625,20.584
20.602,20.602,0.036,0.013,20.625,20.589
20.606,20.606,0.032,0.011,20.625,20.593
20.606,20.606,0.032,0.011,20.625,20.593
20.609,20.609,0.023,0.008,20.625,20.602
20.603,20.603,0.012,0.004,20.609,20.597
20.606,20.606,0.017,0.006,20.614,20.597
20.603,20.603,0.02,0.007,20.614,20.594
20.603,20.603,0.02,0.007,20.614,20.594
20.605,20.605,0.02,0.008,20.614,20.594
20.608,20.608,0.02,0.007,20.614,20.594
20.611,20.611,0.034,0.011,20.628,20.594
20.612,20.612,0.027,0.009,20.628,20.601
20.612,20.612,0.027,0.009,20.628,20.601
20.611,20.611,0.027,0.009,20.628,20.601
20.611,20.611,0.027,0.009,20.628,20.601
20.598,20.598,0.052,0.019,20.613,20.561
20.593,20.593,0.052,0.021,20.613,20.561
20.594,20.594,0.052,0.022,20.613,20.561
20.592,20.592,0.052,0.021,20.613,20.561
20.579,20.579,0.067,0.025,20.613,20.546
20.587,20.587,0.067,0.024,20.613,20.546
20.594,20.594,0.067,0.024,20.613,20.546
20.596,20.596,0.079,0.027,20.625,20.546
20.607,20.607,0.106,0.035,20.652,20.546
20.604,20.604,0.117,0.039,20.652,20.535
20.609,20.609,0.117,0.04,20.652,20.535
20.615,20.615,0.117,0.041,20.652,20.535
20.606,20.606,0.117,0.043,20.652,20.535
20.598,20.598,0.104,0.037,20.639,20.535
20.615,20.615,0.06,0.02,20.639,20.579
20.618,20.618,0.06,0.022,20.639,20.579
20.617,20.617,0.059,0.021,20.638,20.579
20.626,20.626,0.027,0.01,20.638,20.611
20.63,20.63,0.016,0.006,20.638,20.622
20.613,20.613,0.101,0.038,20.638,20.537
20.61,20.61,0.099,0.037,20.636,20.537
20.598,20.598,0.091,0.035,20.628,20.537
20.596,20.596,0.091,0.034,20.628,20.537
20.595,20.595,0.086,0.033,20.623,20.537
20.609,20.609,0.044,0.016,20.623,20.579
20.606,20.606,0.042,0.014,20.621,20.579
20.596,20.596,0.089,0.033,20.621,20.532
20.587,20.587,0.089,0.033,20.621,20.532
20.588,20.588,0.096,0.034,20.628,20.532
20.591,20.591,0.096,0.036,20.628,20.532
20.578,20.578,0.096,0.041,20.628,20.532
20.6,20.6,0.107,0.041,20.644,20.537
20.614,20.614,0.107,0.039,20.644,20.537
20.614,20.614,0.107,0.039,20.644,20.537
20.597,20.597,0.107,0.048,20.644,20.537
20.613,20.613,0.103,0.037,20.644,20.541
20.609,20.609,0.097,0.035,20.638,20.541
20.604,20.604,0.086,0.032,20.627,20.541
20.604,20.604,0.088,0.032,20.629,20.541
20.602,20.602,0.101,0.037,20.629,20.528
20.601,20.601,0.101,0.037,20.629,20.528
20.603,20.603,0.108,0.039,20.636,20.528
20.606,20.606,0.108,0.04,20.636,20.528
20.587,20.587,0.108,0.047,20.636,20.528
20.609,20.609,0.104,0.039,20.637,20.533
20.592,20.592,0.107,0.05,20.637,20.53
20.596,20.596,0.124,0.053,20.654,20.53
20.576,20.576,0.126,0.057,20.654,20.528
20.599,20.599,0.126,0.058,20.654,20.528
20.576,20.576,0.133,0.061,20.654,20.521
20.579,20.579,0.133,0.059,20.654,20.521
20.563,20.563,0.126,0.046,20.647,20.521
20.58,20.58,0.126,0.045,20.647,20.521
20.561,20.561,0.089,0.03,20.61,20.521
20.585,20.585,0.094,0.035,20.64,20.546
20.582,20.582,0.109,0.039,20.64,20.531
20.571,20.571,0.119,0.046,20.64,20.521
20.575,20.575,0.119,0.05,20.64,20.521
20.573,20.573,0.119,0.05,20.64,20.521
20.556,20.556,0.107,0.038,20.628,20.521
20.577,20.577,0.117,0.047,20.638,20.521
20.602,20.602,0.098,0.043,20.645,20.547
20.589,20.589,0.098,0.043,20.645,20.547
20.589,20.589,0.095,0.043,20.645,20.55
20.588,20.588,0.1,0.044,20.645,20.545
20.571,20.571,0.1,0.037,20.645,20.545
20.546,20.546,0.038,0.013,20.561,20.523
20.538,20.538,0.034,0.014,20.553,20.519
20.549,20.549,0.088,0.032,20.607,20.519
20.55,20.55,0.088,0.031,20.607,20.519
20.565,20.565,0.105,0.043,20.624,20.519
20.582,20.582,0.105,0.04,20.624,20.519
20.604,20.604,0.078,0.028,20.628,20.55
20.607,20.607,0.078,0.029,20.628,20.55
20.62,20.62,0.019,0.008,20.628,20.609
20.616,20.616,0.02,0.009,20.628,20.608
20.619,20.619,0.02,0.008,20.628,20.608
20.619,20.619,0.018,0.008,20.626,20.608
20.6,20.6,0.096,0.035,20.626,20.53
20.6,20.6,0.096,0.035,20.626,20.53
20.586,20.586,0.096,0.042,20.626,20.53
20.582,20.582,0.096,0.039,20.626,20.53
20.583,20.583,0.101,0.04,20.631,20.53
20.602,20.602,0.089,0.032,20.631,20.542
20.605,20.605,0.089,0.033,20.631,20.542
20.607,20.607,0.079,0.03,20.631,20.552
20.61,20.61,0.079,0.03,20.631,20.552
20.606,20.606,0.074,0.028,20.626,20.552
20.609,20.609,0.09,0.031,20.642,20.552
20.609,20.609,0.09,0.031,20.642,20.552
20.623,20.623,0.034,0.011,20.642,20.608
20.607,20.607,0.106,0.037,20.642,20.536
20.61,20.61,0.106,0.038,20.642,20.536
20.611,20.611,0.11,0.038,20.646,20.536
20.593,20.593,0.11,0.046,20.646,20.536
20.581,20.581,0.11,0.045,20.646,20.536
20.582,20.582,0.107,0.044,20.646,20.539
20.567,20.567,0.107,0.04,20.646,20.539
20.546,20.546,0.022,0.008,20.561,20.539
20.56,20.56,0.068,0.026,20.61,20.542
20.57,20.57,0.068,0.032,20.61,20.542
20.583,20.583,0.068,0.032,20.611,20.543
20.599,20.599,0.082,0.029,20.625,20.543
20.601,20.601,0.075,0.026,20.625,20.55
20.605,20.605,0.083,0.029,20.633,20.55
20.605,20.605,0.083,0.029,20.633,20.55
20.589,20.589,0.103,0.041,20.633,20.53
20.584,20.584,0.103,0.038,20.633,20.53
20.598,20.598,0.103,0.036,20.633,20.53
20.598,20.598,0.104,0.036,20.634,20.53
20.598,20.598,0.104,0.036,20.634,20.53
20.611,20.611,0.039,0.015,20.634,20.595
20.61,20.61,0.04,0.016,20.634,20.594
20.596,20.596,0.083,0.027,20.634,20.551
20.576,20.576,0.072,0.028,20.605,20.533
20.579,20.579,0.088,0.032,20.621,20.533
20.566,20.566,0.092,0.036,20.621,20.529
20.553,20.553,0.092,0.035,20.621,20.529
20.553,20.553,0.092,0.035,20.621,20.529
20.568,20.568,0.092,0.039,20.621,20.529
20.569,20.569,0.094,0.039,20.623,20.529
20.587,20.587,0.09,0.038,20.623,20.533
20.603,20.603,0.073,0.027,20.623,20.55
20.599,20.599,0.094,0.035,20.623,20.529
20.599,20.599,0.094,0.035,20.623,20.529
20.582,20.582,0.093,0.04,20.622,20.529
20.584,20.584,0.103,0.042,20.632,20.529
20.571,20.571,0.103,0.042,20.632,20.529
20.574,20.574,0.095,0.04,20.632,20.537
20.561,20.561,0.095,0.036,20.632,20.537
20.574,20.574,0.091,0.037,20.632,20.541
20.571,20.571,0.076,0.032,20.617,20.541
20.584,20.584,0.076,0.033,20.617,20.541
20.597,20.597,0.07,0.025,20.617,20.547
20.614,20.614,0.033,0.012,20.635,20.602
20.617,20.617,0.032,0.01,20.635,20.603
20.617,20.617,0.032,0.01,20.635,20.603
20.616,20.616,0.032,0.011,20.635,20.603
20.619,20.619,0.024,0.008,20.635,20.611
20.614,20.614,0.008,0.003,20.617,20.609
20.612,20.612,0.011,0.004,20.617,20.606
20.608,20.608,0.021,0.007,20.617,20.596
20.609,20.609,0.021,0.008,20.617,20.596
20.61,20.61,0.028,0.009,20.624,20.596
20.609,20.609,0.028,0.01,20.624,20.596
20.607,20.607,0.03,0.012,20.624,20.594
20.597,20.597,0.077,0.027,20.624,20.547
20.599,20.599,0.078,0.029,20.625,20.547
20.598,20.598,0.078,0.027,20.625,20.547
20.598,20.598,0.078,0.028,20.625,20.547
20.584,20.584,0.103,0.041,20.625,20.522
20.599,20.599,0.103,0.039,20.625,20.522
20.581,20.581,0.1,0.043,20.622,20.522
20.564,20.564,0.1,0.042,20.622,20.522
20.565,20.565,0.1,0.043,20.622,20.522
20.576,20.576,0.088,0.037,20.622,20.534
20.563,20.563,0.079,0.029,20.613,20.534
20.58,20.58,0.088,0.033,20.622,20.534
20.598,20.598,0.066,0.027,20.622,20.556
20.586,20.586,0.069,0.03,20.622,20.553
20.596,20.596,0.075,0.034,20.628,20.553
20.607,20.607,0.075,0.027,20.628,20.553
20.593,20.593,0.076,0.033,20.628,20.552
20.591,20.591,0.076,0.032,20.628,20.552
20.603,20.603,0.076,0.026,20.628,20.552
20.582,20.582,0.089,0.037,20.614,20.525
20.585,20.585,0.096,0.039,20.621,20.525
20.595,20.595,0.096,0.036,20.621,20.525
20.578,20.578,0.096,0.042,20.621,20.525
20.566,20.566,0.096,0.039,20.621,20.525
20.587,20.587,0.099,0.039,20.629,20.53
20.572,20.572,0.099,0.038,20.629,20.53
20.558,20.558,0.099,0.037,20.629,20.53
20.573,20.573,0.098,0.038,20.629,20.531
20.568,20.568,0.103,0.042,20.629,20.526
20.548,20.548,0.082,0.031,20.608,20.526
20.558,20.558,0.082,0.037,20.608,20.526
20.577,20.577,0.099,0.042,20.625,20.526
20.577,20.577,0.099,0.042,20.625,20.526
20.578,20.578,0.098,0.041,20.625,20.527
20.58,20.58,0.095,0.039,20.625,20.53
20.583,20.583,0.095,0.041,20.625,20.53
20.582,20.582,0.09,0.04,20.62,20.53
20.579,20.579,0.09,0.039,20.62,20.53
20.6,20.6,0.095,0.034,20.631,20.536
20.6,20.6,0.092,0.033,20.631,20.539
20.598,20.598,0.092,0.032,20.631,20.539
20.599,20.599,0.092,0.033,20.631,20.539
20.604,20.604,0.092,0.034,20.631,20.539
20.602,20.602,0.088,0.033,20.627,20.539
20.605,20.605,0.075,0.028,20.627,20.552
20.607,20.607,0.075,0.028,20.627,20.552
20.588,20.588,0.089,0.037,20.624,20.535
20.568,20.568,0.107,0.042,20.624,20.517
20.549,20.549,0.094,0.033,20.611,20.517
20.557,20.557,0.094,0.037,20.611,20.517
20.556,20.556,0.088,0.035,20.605,20.517
20.56,20.56,0.088,0.033,20.605,20.517
20.581,20.581,0.093,0.034,20.625,20.532
20.596,20.596,0.07,0.023,20.625,20.555
20.604,20.604,0.078,0.027,20.633,20.555
20.598,20.598,0.078,0.03,20.633,20.555
20.594,20.594,0.1,0.037,20.633,20.533
20.59,20.59,0.1,0.034,20.633,20.533
20.601,20.601,0.122,0.043,20.655,20.533
20.579,20.579,0.13,0.048,20.655,20.525
20.589,20.589,0.13,0.051,20.655,20.525
20.608,20.608,0.13,0.044,20.655,20.525
20.597,20.597,0.13,0.049,20.655,20.525
20.576,20.576,0.103,0.041,20.628,20.525
20.583,20.583,0.076,0.035,20.628,20.552
20.585,20.585,0.081,0.038,20.633,20.552
20.568,20.568,0.089,0.033,20.633,20.544
20.581,20.581,0.089,0.037,20.633,20.544
20.58,20.58,0.089,0.038,20.633,20.544
20.577,20.577,0.094,0.041,20.633,20.539
20.573,20.573,0.08,0.036,20.619,20.539
20.585,20.585,0.08,0.034,20.619,20.539
20.57,20.57,0.075,0.031,20.614,20.539
20.582,20.582,0.075,0.032,20.614,20.539
20.598,20.598,0.069,0.026,20.616,20.547
20.593,20.593,0.069,0.024,20.616,20.547
20.6,20.6,0.088,0.03,20.635,20.547
20.603,20.603,0.074,0.025,20.635,20.561
20.595,20.595,0.074,0.028,20.635,20.561
20.597,20.597,0.074,0.029,20.635,20.561
20.603,20.603,0.074,0.031,20.635,20.561
20.602,20.602,0.07,0.03,20.631,20.561
20.613,20.613,0.061,0.022,20.631,20.57
20.626,20.626,0.022,0.007,20.637,20.615
20.626,20.626,0.022,0.008,20.637,20.615
20.605,20.605,0.117,0.043,20.637,20.52
20.602,20.602,0.117,0.042,20.637,20.52
20.605,20.605,0.117,0.043,20.637,20.52
20.584,20.584,0.111,0.048,20.631,20.52
20.582,20.582,0.111,0.046,20.631,20.52
20.601,20.601,0.099,0.035,20.631,20.532
20.597,20.597,0.099,0.035,20.631,20.532
20.593,20.593,0.087,0.031,20.619,20.532
20.598,20.598,0.063,0.022,20.619,20.556
20.585,20.585,0.075,0.03,20.619,20.544
20.584,20.584,0.071,0.029,20.615,20.544
20.581,20.581,0.071,0.028,20.615,20.544
20.583,20.583,0.076,0.03,20.62,20.544
20.601,20.601,0.101,0.035,20.645,20.544
20.6,20.6,0.107,0.037,20.645,20.538
20.583,20.583,0.115,0.045,20.645,20.53
20.587,20.587,0.115,0.045,20.645,20.53
20.586,20.586,0.115,0.045,20.645,20.53
20.568,20.568,0.083,0.034,20.613,20.53
20.584,20.584,0.092,0.036,20.622,20.53
20.588,20.588,0.074,0.031,20.622,20.548
20.592,20.592,0.075,0.033,20.623,20.548
20.574,20.574,0.099,0.041,20.623,20.524
20.573,20.573,0.099,0.041,20.623,20.524
20.557,20.557,0.099,0.034,20.623,20.524
20.573,20.573,0.103,0.043,20.627,20.524
20.572,20.572,0.103,0.042,20.627,20.524
20.59,20.59,0.085,0.037,20.627,20.542
20.605,20.605,0.085,0.032,20.627,20.542
20.607,20.607,0.077,0.029,20.627,20.55
20.609,20.609,0.088,0.031,20.638,20.55
20.607,20.607,0.088,0.03,20.638,20.55
20.608,20.608,0.088,0.03,20.638,20.55
20.592,20.592,0.095,0.038,20.638,20.543
20.595,20.595,0.095,0.035,20.638,20.543
20.592,20.592,0.079,0.032,20.622,20.543
20.598,20.598,0.095,0.037,20.638,20.543
20.598,20.598,0.095,0.037,20.638,20.543
20.614,20.614,0.072,0.025,20.638,20.566
20.628,20.628,0.017,0.008,20.638,20.621
20.628,20.628,0.017,0.008,20.638,20.621
20.611,20.611,0.083,0.029,20.637,20.554
20.609,20.609,0.083,0.029,20.637,20.554
20.595,20.595,0.085,0.035,20.637,20.552
20.594,20.594,0.079,0.034,20.631,20.552
20.591,20.591,0.079,0.032,20.631,20.552
20.603,20.603,0.079,0.027,20.631,20.552
20.602,20.602,0.079,0.027,20.631,20.552
20.615,20.615,0.025,0.009,20.631,20.606
20.61,20.61,0.01,0.003,20.616,20.606
20.6,20.6,0.064,0.024,20.616,20.552
20.602,20.602,0.072,0.026,20.624,20.552
20.605,20.605,0.072,0.027,20.624,20.552
20.606,20.606,0.072,0.028,20.624,20.552
20.596,20.596,0.072,0.034,20.624,20.552
20.608,20.608,0.067,0.026,20.624,20.557
20.59,20.59,0.09,0.037,20.624,20.534
20.573,20.573,0.087,0.038,20.621,20.534
20.558,20.558,0.082,0.03,20.616,20.534
20.558,20.558,0.082,0.03,20.616,20.534
20.542,20.542,0.026,0.009,20.559,20.533
20.541,20.541,0.026,0.01,20.559,20.533
20.554,20.554,0.068,0.025,20.601,20.533
20.567,20.567,0.075,0.032,20.608,20.533
20.574,20.574,0.075,0.034,20.608,20.533
20.586,20.586,0.075,0.027,20.608,20.533
20.6,20.6,0.013,0.005,20.608,20.595
20.605,20.605,0.028,0.01,20.623,20.595
20.593,20.593,0.073,0.024,20.623,20.55
20.595,20.595,0.073,0.024,20.623,20.55
20.583,20.583,0.09,0.035,20.623,20.533
20.566,20.566,0.101,0.04,20.623,20.522
20.566,20.566,0.097,0.039,20.619,20.522
20.579,20.579,0.097,0.043,20.619,20.522
20.579,20.579,0.097,0.043,20.619,20.522
20.597,20.597,0.101,0.038,20.623,20.522
20.618,20.618,0.021,0.007,20.625,20.604
20.6,20.6,0.097,0.037,20.625,20.528
20.582,20.582,0.097,0.044,20.625,20.528
20.586,20.586,0.097,0.047,20.625,20.528
20.586,20.586,0.097,0.047,20.625,20.528
20.588,20.588,0.106,0.049,20.634,20.528
20.589,20.589,0.105,0.048,20.634,20.529
20.607,20.607,0.103,0.038,20.634,20.531
20.596,20.596,0.103,0.04,20.634,20.531
20.582,20.582,0.103,0.04,20.634,20.531
20.581,20.581,0.099,0.038,20.63,20.531
20.596,20.596,0.076,0.03,20.63,20.554
20.598,20.598,0.078,0.032,20.632,20.554
20.6,20.6,0.078,0.03,20.632,20.554
20.598,20.598,0.086,0.033,20.632,20.546
20.58,20.58,0.094,0.035,20.632,20.538
20.584,20.584,0.094,0.039,20.632,20.538
20.576,20.576,0.088,0.032,20.626,20.538
20.579,20.579,0.088,0.033,20.626,20.538
20.581,20.581,0.088,0.031,20.626,20.538
20.592,20.592,0.069,0.022,20.626,20.557
20.59,20.59,0.057,0.018,20.614,20.557
20.596,20.596,0.065,0.022,20.622,20.557
20.602,20.602,0.067,0.025,20.624,20.557
20.61,20.61,0.03,0.013,20.624,20.594
20.614,20.614,0.028,0.01,20.624,20.596
20.608,20.608,0.04,0.016,20.624,20.584
20.603,20.603,0.04,0.015,20.624,20.584
20.597,20.597,0.032,0.011,20.616,20.584
20.599,20.599,0.032,0.011,20.616,20.584
20.595,20.595,0.02,0.007,20.604,20.584
20.598,20.598,0.012,0.004,20.604,20.592
20.597,20.597,0.015,0.005,20.604,20.589
20.593,20.593,0.028,0.01,20.604,20.576
20.594,20.594,0.03,0.01,20.606,20.576
20.594,20.594,0.03,0.011,20.606,20.576
20.593,20.593,0.03,0.01,20.606,20.576
20.6,20.6,0.047,0.015,20.623,20.576
20.603,20.603,0.034,0.012,20.623,20.589
20.616,20.616,0.084,0.031,20.673,20.589
20.61,20.61,0.1,0.035,20.673,20.573
20.613,20.613,0.1,0.034,20.673,20.573
20.604,20.604,0.1,0.037,20.673,20.573
20.603,20.603,0.1,0.037,20.673,20.573
20.584,20.584,0.036,0.013,20.609,20.573
20.588,20.588,0.032,0.012,20.609,20.577
20.581,20.581,0.023,0.008,20.594,20.571
20.585,20.585,0.028,0.01,20.599,20.571
20.598,20.598,0.076,0.026,20.647,20.571
20.598,20.598,0.076,0.026,20.647,20.571
20.594,20.594,0.076,0.028,20.647,20.571
20.596,20.596,0.075,0.027,20.647,20.572
20.611,20.611,0.104,0.042,20.676,20.572
20.594,20.594,0.114,0.042,20.676,20.562
20.589,20.589,0.122,0.045,20.676,20.554
20.607,20.607,0.122,0.052,20.676,20.554
20.62,20.62,0.122,0.052,20.676,20.554
20.6,20.6,0.11,0.045,20.664,20.554
20.609,20.609,0.11,0.04,20.664,20.554
20.62,20.62,0.087,0.03,20.664,20.577
20.604,20.604,0.065,0.022,20.642,20.577
20.591,20.591,0.032,0.014,20.609,20.577
20.592,20.592,0.032,0.013,20.609,20.577
20.588,20.588,0.032,0.011,20.609,20.577
20.584,20.584,0.012,0.004,20.589,20.577
20.599,20.599,0.083,0.031,20.66,20.577
20.617,20.617,0.085,0.038,20.666,20.581
20.617,20.617,0.084,0.038,20.666,20.582
20.615,20.615,0.085,0.039,20.666,20.581
20.616,20.616,0.085,0.039,20.666,20.581
20.621,20.621,0.103,0.045,20.684,20.581
20.621,20.621,0.103,0.045,20.684,20.581
20.637,20.637,0.103,0.043,20.684,20.581
20.635,20.635,0.113,0.046,20.684,20.571
20.627,20.627,0.133,0.055,20.684,20.551
20.603,20.603,0.116,0.051,20.667,20.551
20.587,20.587,0.113,0.04,20.664,20.551
20.57,20.57,0.036,0.012,20.587,20.551
20.59,20.59,0.119,0.042,20.67,20.551
20.61,20.61,0.107,0.043,20.67,20.563
20.612,20.612,0.098,0.042,20.67,20.572
20.626,20.626,0.098,0.043,20.67,20.572
20.638,20.638,0.098,0.035,20.67,20.572
20.618,20.618,0.088,0.039,20.658,20.57
20.6,20.6,0.094,0.039,20.658,20.564
20.603,20.603,0.094,0.037,20.658,20.564
20.586,20.586,0.071,0.026,20.635,20.564
20.577,20.577,0.024,0.009,20.588,20.564
20.583,20.583,0.037,0.013,20.601,20.564
20.59,20.59,0.026,0.01,20.601,20.575
20.59,20.59,0.026,0.01,20.601,20.575
20.606,20.606,0.067,0.024,20.653,20.586
20.605,20.605,0.067,0.025,20.653,20.586
20.603,20.603,0.067,0.025,20.653,20.586
20.604,20.604,0.067,0.025,20.653,20.586
20.603,20.603,0.075,0.027,20.653,20.578
20.585,20.585,0.04,0.013,20.606,20.566
20.585,20.585,0.04,0.013,20.606,20.566
20.584,20.584,0.04,0.013,20.606,20.566
20.573,20.573,0.034,0.013,20.585,20.551
20.574,20.574,0.035,0.014,20.586,20.551
20.578,20.578,0.035,0.013,20.586,20.551
20.578,20.578,0.035,0.013,20.586,20.551
20.576,20.576,0.035,0.013,20.586,20.551
20.579,20.579,0.02,0.007,20.586,20.566
20.575,20.575,0.019,0.008,20.584,20.565
20.575,20.575,0.021,0.009,20.586,20.565
20.571,20.571,0.024,0.009,20.586,20.562
20.57,20.57,0.024,0.008,20.586,20.562
20.574,20.574,0.024,0.01,20.586,20.562
20.574,20.574,0.024,0.01,20.586,20.562
20.575,20.575,0.026,0.01,20.588,20.562
20.594,20.594,0.092,0.034,20.66,20.568
20.597,20.597,0.092,0.032,20.66,20.568
20.594,20.594,0.092,0.034,20.66,20.568
20.596,20.596,0.089,0.032,20.66,20.571
20.594,20.594,0.089,0.033,20.66,20.571
20.581,20.581,0.025,0.008,20.596,20.571
20.582,20.582,0.025,0.008,20.596,20.571
20.583,20.583,0.019,0.007,20.596,20.577
20.599,20.599,0.081,0.031,20.658,20.577
20.601,20.601,0.081,0.029,20.658,20.577
20.6,20.6,0.081,0.029,20.658,20.577
20.601,20.601,0.081,0.029,20.658,20.577
20.601,20.601,0.08,0.029,20.658,20.578
20.585,20.585,0.016,0.006,20.594,20.578
20.582,20.582,0.022,0.008,20.594,20.572
20.579,20.579,0.017,0.005,20.589,20.572
20.589,20.589,0.067,0.025,20.639,20.572
20.603,20.603,0.075,0.033,20.647,20.572
20.603,20.603,0.075,0.033,20.647,20.572
20.606,20.606,0.068,0.031,20.647,20.579
20.605,20.605,0.072,0.031,20.647,20.575
20.597,20.597,0.072,0.026,20.647,20.575
20.583,20.583,0.024,0.008,20.599,20.575
20.584,20.584,0.024,0.008,20.599,20.575
20.595,20.595,0.065,0.024,20.64,20.575
20.597,20.597,0.06,0.023,20.64,20.58
20.588,20.588,0.084,0.028,20.64,20.556
20.591,20.591,0.084,0.028,20.64,20.556
