mean,RMS,ptp,std,max,min
24.062,24.062,0.054,0.016,24.083,24.029
24.067,24.067,0.041,0.012,24.083,24.042
24.071,24.071,0.031,0.01,24.083,24.052
24.073,24.073,0.031,0.01,24.083,24.052
24.077,24.077,0.033,0.009,24.095,24.062
24.08,24.08,0.031,0.009,24.095,24.064
24.083,24.083,0.037,0.011,24.101,24.064
24.085,24.085,0.037,0.011,24.101,24.064
24.086,24.086,0.037,0.011,24.101,24.064
24.088,24.089,0.025,0.008,24.101,24.076
24.092,24.092,0.037,0.01,24.113,24.076
24.092,24.092,0.038,0.011,24.113,24.075
24.093,24.093,0.038,0.01,24.113,24.075
24.095,24.095,0.038,0.009,24.113,24.075
24.095,24.096,0.038,0.009,24.113,24.075
24.096,24.096,0.038,0.009,24.113,24.075
24.096,24.096,0.038,0.009,24.113,24.075
24.094,24.094,0.038,0.011,24.113,24.075
24.095,24.095,0.038,0.012,24.113,24.075
24.097,24.097,0.038,0.012,24.113,24.075
24.094,24.094,0.034,0.011,24.109,24.075
24.094,24.094,0.04,0.012,24.109,24.069
24.092,24.092,0.04,0.013,24.109,24.069
24.092,24.092,0.04,0.013,24.109,24.069
24.092,24.092,0.04,0.013,24.109,24.069
24.09,24.09,0.04,0.013,24.109,24.069
24.091,24.092,0.041,0.014,24.11,24.069
24.091,24.091,0.041,0.015,24.11,24.069
24.088,24.088,0.041,0.014,24.11,24.069
24.086,24.086,0.041,0.013,24.11,24.069
24.087,24.087,0.041,0.013,24.11,24.069
24.083,24.083,0.082,0.022,24.11,24.028
24.078,24.078,0.082,0.027,24.11,24.028
24.071,24.071,0.084,0.03,24.11,24.026
24.07,24.07,0.084,0.029,24.11,24.026
24.071,24.071,0.084,0.03,24.11,24.026
24.064,24.064,0.075,0.028,24.101,24.026
24.069,24.069,0.095,0.033,24.121,24.026
24.073,24.073,0.097,0.037,24.123,24.026
24.076,24.076,0.097,0.039,24.123,24.026
24.079,24.079,0.099,0.041,24.125,24.026
24.079,24.079,0.099,0.041,24.125,24.026
24.089,24.089,0.106,0.041,24.132,24.026
24.101,24.101,0.117,0.038,24.145,24.028
24.102,24.102,0.117,0.038,24.145,24.028
24.094,24.094,0.134,0.047,24.145,24.011
24.096,24.096,0.134,0.045,24.145,24.011
24.085,24.085,0.134,0.051,24.145,24.011
24.074,24.074,0.134,0.052,24.145,24.011
24.066,24.066,0.134,0.051,24.145,24.011
24.06,24.06,0.134,0.047,24.145,24.011
24.067,24.067,0.134,0.047,24.145,24.011
24.067,24.067,0.134,0.048,24.145,24.011
24.057,24.057,0.128,0.041,24.139,24.011
24.06,24.06,0.128,0.045,24.139,24.011
24.071,24.071,0.126,0.045,24.139,24.013
24.079,24.079,0.126,0.047,24.139,24.013
24.092,24.093,0.129,0.046,24.147,24.018
24.096,24.096,0.112,0.041,24.147,24.035
24.109,24.109,0.124,0.04,24.167,24.043
24.116,24.116,0.124,0.038,24.167,24.043
24.109,24.109,0.143,0.047,24.167,24.024
24.102,24.102,0.143,0.047,24.167,24.024
24.103,24.103,0.143,0.046,24.167,24.024
24.096,24.097,0.143,0.046,24.167,24.024
24.098,24.098,0.143,0.047,24.167,24.024
24.092,24.092,0.143,0.047,24.167,24.024
24.084,24.084,0.143,0.043,24.167,24.024
24.081,24.081,0.143,0.045,24.167,24.024
24.075,24.075,0.113,0.037,24.137,24.024
24.064,24.064,0.113,0.034,24.137,24.024
24.064,24.064,0.117,0.034,24.137,24.02
24.068,24.068,0.117,0.038,24.137,24.02
24.078,24.078,0.123,0.043,24.143,24.02
24.074,24.074,0.123,0.045,24.143,24.02
24.073,24.073,0.123,0.044,24.143,24.02
24.08,24.08,0.123,0.047,24.143,24.02
24.076,24.076,0.123,0.049,24.143,24.02
24.076,24.076,0.123,0.049,24.143,24.02
24.08,24.081,0.127,0.053,24.147,24.02
24.088,24.088,0.127,0.05,24.147,24.02
24.09,24.09,0.118,0.048,24.147,24.029
24.091,24.091,0.118,0.049,24.147,24.029
24.091,24.091,0.118,0.048,24.147,24.029
24.099,24.099,0.118,0.044,24.147,24.029
24.099,24.099,0.118,0.045,24.147,24.029
24.1,24.1,0.118,0.045,24.147,24.029
24.112,24.112,0.118,0.041,24.153,24.035
24.123,24.123,0.116,0.032,24.153,24.037
24.119,24.119,0.116,0.032,24.153,24.037
24.113,24.113,0.116,0.039,24.153,24.037
24.116,24.116,0.109,0.034,24.153,24.044
24.111,24.111,0.109,0.035,24.153,24.044
24.112,24.112,0.109,0.035,24.153,24.044
24.107,24.107,0.109,0.038,24.153,24.044
24.111,24.111,0.124,0.042,24.168,24.044
24.097,24.097,0.168,0.053,24.168,24.0
24.097,24.097,0.168,0.052,24.168,24.0
24.097,24.097,0.168,0.052,24.168,24.0
24.092,24.092,0.168,0.053,24.168,24.0
24.09,24.09,0.168,0.055,24.168,24.0
24.097,24.097,0.168,0.056,24.168,24.0
24.1,24.1,0.168,0.056,24.168,24.0
24.098,24.098,0.168,0.054,24.168,24.0
24.1,24.1,0.168,0.054,24.168,24.0
24.085,24.085,0.147,0.053,24.147,24.0
24.088,24.088,0.126,0.05,24.147,24.021
24.083,24.083,0.124,0.046,24.145,24.021
24.082,24.082,0.113,0.044,24.134,24.021
24.081,24.081,0.113,0.045,24.134,24.021
24.083,24.083,0.113,0.043,24.134,24.021
24.073,24.073,0.11,0.041,24.131,24.021
24.074,24.075,0.11,0.042,24.131,24.021
24.074,24.074,0.11,0.042,24.131,24.021
24.07,24.07,0.11,0.043,24.131,24.021
24.074,24.074,0.107,0.04,24.131,24.024
24.075,24.075,0.102,0.039,24.131,24.029
24.068,24.068,0.102,0.04,24.131,24.029
24.068,24.068,0.102,0.039,24.131,24.029
24.076,24.076,0.102,0.041,24.131,24.029
24.077,24.077,0.102,0.04,24.131,24.029
24.087,24.087,0.111,0.042,24.14,24.029
24.087,24.087,0.111,0.043,24.14,24.029
24.081,24.081,0.111,0.042,24.14,24.029
24.087,24.087,0.111,0.04,24.14,24.029
24.084,24.084,0.111,0.042,24.14,24.029
24.094,24.094,0.105,0.038,24.14,24.035
24.096,24.096,0.1,0.035,24.14,24.04
24.088,24.088,0.1,0.036,24.14,24.04
24.083,24.084,0.1,0.034,24.14,24.04
24.092,24.092,0.103,0.038,24.143,24.04
24.081,24.081,0.114,0.038,24.143,24.029
24.073,24.073,0.114,0.034,24.143,24.029
24.071,24.071,0.114,0.036,24.143,24.029
24.072,24.072,0.114,0.037,24.143,24.029
24.073,24.073,0.114,0.036,24.143,24.029
24.071,24.071,0.114,0.034,24.143,24.029
24.082,24.082,0.137,0.044,24.166,24.029
24.093,24.093,0.137,0.048,24.166,24.029
24.101,24.101,0.137,0.05,24.166,24.029
24.092,24.092,0.137,0.05,24.166,24.029
24.105,24.105,0.127,0.048,24.166,24.039
24.105,24.105,0.127,0.049,24.166,24.039
24.107,24.107,0.114,0.046,24.166,24.052
24.103,24.103,0.114,0.047,24.166,24.052
24.113,24.113,0.111,0.045,24.166,24.055
24.111,24.111,0.111,0.046,24.166,24.055
24.104,24.104,0.102,0.042,24.157,24.055
24.101,24.101,0.102,0.04,24.157,24.055
24.092,24.092,0.102,0.037,24.157,24.055
24.096,24.096,0.101,0.035,24.157,24.056
24.086,24.086,0.093,0.03,24.147,24.054
24.089,24.089,0.093,0.029,24.147,24.054
24.086,24.086,0.121,0.033,24.147,24.026
24.081,24.081,0.121,0.037,24.147,24.026
24.072,24.072,0.105,0.03,24.131,24.026
24.066,24.066,0.105,0.032,24.131,24.026
24.068,24.068,0.105,0.035,24.131,24.026
24.059,24.059,0.085,0.028,24.111,24.026
24.054,24.054,0.096,0.031,24.111,24.015
24.056,24.056,0.096,0.033,24.111,24.015
24.066,24.066,0.145,0.046,24.16,24.015
24.061,24.061,0.145,0.046,24.16,24.015
24.062,24.062,0.145,0.045,24.16,24.015
24.066,24.066,0.145,0.044,24.16,24.015
24.071,24.071,0.145,0.045,24.16,24.015
24.071,24.071,0.145,0.045,24.16,24.015
24.065,24.065,0.145,0.043,24.16,24.015
24.069,24.069,0.145,0.042,24.16,24.015
24.072,24.072,0.128,0.04,24.16,24.032
24.066,24.066,0.128,0.038,24.16,24.032
24.057,24.057,0.071,0.021,24.103,24.032
24.058,24.058,0.071,0.02,24.103,24.032
24.065,24.065,0.071,0.022,24.103,24.032
24.068,24.068,0.071,0.025,24.103,24.032
24.063,24.063,0.071,0.022,24.103,24.032
24.065,24.065,0.06,0.02,24.103,24.043
24.063,24.063,0.071,0.022,24.103,24.032
24.067,24.067,0.08,0.026,24.112,24.032
24.07,24.07,0.08,0.025,24.112,24.032
24.071,24.071,0.08,0.025,24.112,24.032
24.068,24.068,0.08,0.027,24.112,24.032
24.065,24.065,0.086,0.03,24.112,24.026
24.06,24.06,0.086,0.028,24.112,24.026
24.061,24.061,0.086,0.029,24.112,24.026
24.066,24.066,0.086,0.033,24.112,24.026
24.069,24.069,0.086,0.033,24.112,24.026
24.073,24.073,0.086,0.03,24.112,24.026
24.076,24.076,0.122,0.036,24.148,24.026
24.075,24.075,0.122,0.036,24.148,24.026
24.077,24.077,0.122,0.036,24.148,24.026
24.08,24.08,0.122,0.034,24.148,24.026
24.089,24.089,0.101,0.03,24.148,24.047
24.097,24.097,0.084,0.028,24.148,24.064
24.099,24.099,0.084,0.029,24.148,24.064
24.09,24.09,0.119,0.035,24.148,24.029
24.09,24.09,0.119,0.036,24.148,24.029
24.098,24.098,0.119,0.038,24.148,24.029
24.092,24.092,0.116,0.034,24.145,24.029
24.095,24.095,0.116,0.033,24.145,24.029
24.096,24.096,0.116,0.033,24.145,24.029
24.1,24.1,0.116,0.031,24.145,24.029
24.094,24.094,0.116,0.033,24.145,24.029
24.088,24.088,0.116,0.032,24.145,24.029
24.082,24.082,0.116,0.029,24.145,24.029
24.086,24.087,0.086,0.024,24.145,24.059
24.086,24.086,0.086,0.024,24.145,24.059
24.088,24.088,0.111,0.031,24.17,24.059
24.089,24.089,0.111,0.031,24.17,24.059
24.09,24.09,0.111,0.031,24.17,24.059
24.088,24.088,0.111,0.031,24.17,24.059
24.085,24.085,0.111,0.031,24.17,24.059
24.086,24.086,0.107,0.03,24.17,24.063
24.09,24.09,0.105,0.029,24.17,24.065
24.089,24.089,0.109,0.03,24.17,24.061
24.087,24.087,0.115,0.032,24.17,24.055
24.095,24.095,0.115,0.035,24.17,24.055
24.088,24.088,0.089,0.025,24.144,24.055
24.082,24.082,0.096,0.027,24.144,24.048
24.079,24.079,0.096,0.027,24.144,24.048
24.086,24.086,0.102,0.034,24.15,24.048
24.086,24.086,0.102,0.034,24.15,24.048
24.088,24.088,0.102,0.034,24.15,24.048
24.085,24.085,0.102,0.034,24.15,24.048
24.087,24.087,0.102,0.033,24.15,24.048
24.089,24.089,0.102,0.032,24.15,24.048
24.082,24.082,0.102,0.026,24.15,24.048
24.081,24.081,0.102,0.026,24.15,24.048
24.083,24.083,0.085,0.024,24.15,24.065
24.083,24.083,0.085,0.024,24.15,24.065
24.073,24.073,0.041,0.012,24.09,24.049
24.075,24.075,0.041,0.012,24.09,24.049
24.081,24.081,0.1,0.025,24.149,24.049
24.082,24.083,0.1,0.025,24.149,24.049
24.083,24.083,0.1,0.025,24.149,24.049
24.084,24.084,0.1,0.025,24.149,24.049
24.084,24.084,0.1,0.025,24.149,24.049
24.083,24.083,0.1,0.025,24.149,24.049
24.091,24.091,0.1,0.031,24.149,24.049
24.095,24.095,0.1,0.03,24.149,24.049
24.097,24.097,0.075,0.027,24.149,24.074
24.094,24.094,0.104,0.031,24.149,24.045
24.085,24.085,0.103,0.026,24.148,24.045
24.085,24.085,0.103,0.026,24.148,24.045
24.089,24.089,0.103,0.03,24.148,24.045
24.09,24.09,0.103,0.03,24.148,24.045
24.093,24.093,0.103,0.03,24.148,24.045
24.091,24.091,0.103,0.032,24.148,24.045
24.085,24.085,0.09,0.026,24.135,24.045
24.082,24.082,0.09,0.025,24.135,24.045
24.081,24.081,0.09,0.025,24.135,24.045
24.096,24.096,0.135,0.039,24.19,24.055
24.104,24.104,0.135,0.04,24.19,24.055
24.101,24.101,0.135,0.042,24.19,24.055
24.094,24.094,0.135,0.041,24.19,24.055
24.093,24.093,0.135,0.042,24.19,24.055
24.091,24.091,0.135,0.042,24.19,24.055
24.09,24.09,0.137,0.042,24.19,24.053
24.089,24.089,0.137,0.042,24.19,24.053
24.09,24.09,0.137,0.042,24.19,24.053
24.091,24.091,0.137,0.041,24.19,24.053
24.08,24.08,0.095,0.025,24.148,24.053
24.073,24.073,0.032,0.011,24.085,24.053
24.076,24.076,0.033,0.01,24.086,24.053
24.075,24.075,0.033,0.01,24.086,24.053
24.083,24.083,0.099,0.025,24.152,24.053
24.081,24.081,0.099,0.026,24.152,24.053
24.081,24.081,0.101,0.026,24.152,24.051
24.078,24.078,0.101,0.028,24.152,24.051
24.075,24.075,0.101,0.028,24.152,24.051
24.082,24.082,0.101,0.033,24.152,24.051
24.082,24.083,0.101,0.033,24.152,24.051
24.089,24.089,0.101,0.038,24.152,24.051
24.085,24.085,0.105,0.04,24.152,24.047
24.084,24.084,0.105,0.041,24.152,24.047
24.085,24.085,0.117,0.043,24.164,24.047
24.084,24.084,0.117,0.044,24.164,24.047
24.083,24.083,0.124,0.045,24.164,24.04
24.084,24.084,0.124,0.044,24.164,24.04
24.085,24.085,0.124,0.044,24.164,24.04
24.078,24.078,0.124,0.041,24.164,24.04
24.076,24.076,0.124,0.041,24.164,24.04
24.078,24.078,0.124,0.043,24.164,24.04
24.078,24.078,0.124,0.043,24.164,24.04
24.086,24.086,0.124,0.044,24.164,24.04
24.085,24.085,0.122,0.043,24.162,24.04
24.097,24.097,0.127,0.048,24.167,24.04
24.098,24.098,0.116,0.047,24.167,24.051
24.105,24.105,0.116,0.046,24.167,24.051
24.115,24.115,0.116,0.047,24.167,24.051
24.113,24.113,0.12,0.05,24.167,24.047
24.12,24.121,0.12,0.048,24.167,24.047
24.118,24.118,0.12,0.046,24.167,24.047
24.119,24.119,0.12,0.045,24.167,24.047
24.114,24.114,0.12,0.048,24.167,24.047
24.11,24.11,0.12,0.045,24.167,24.047
24.108,24.108,0.118,0.043,24.165,24.047
24.108,24.108,0.118,0.043,24.165,24.047
24.11,24.11,0.118,0.044,24.165,24.047
24.1,24.1,0.106,0.042,24.153,24.047
24.102,24.102,0.099,0.04,24.153,24.054
24.093,24.093,0.099,0.039,24.153,24.054
24.086,24.086,0.099,0.037,24.153,24.054
24.087,24.087,0.099,0.036,24.153,24.054
24.085,24.085,0.101,0.038,24.153,24.052
24.087,24.087,0.101,0.039,24.153,24.052
24.081,24.081,0.101,0.034,24.153,24.052
24.081,24.081,0.101,0.034,24.153,24.052
24.079,24.079,0.087,0.028,24.139,24.052
24.079,24.079,0.087,0.028,24.139,24.052
24.079,24.079,0.087,0.028,24.139,24.052
24.088,24.088,0.096,0.034,24.148,24.052
24.097,24.097,0.104,0.038,24.156,24.052
24.097,24.097,0.104,0.039,24.156,24.052
24.097,24.097,0.1,0.038,24.156,24.056
24.091,24.091,0.1,0.036,24.156,24.056
24.092,24.092,0.1,0.036,24.156,24.056
24.092,24.092,0.1,0.035,24.156,24.056
24.095,24.095,0.1,0.038,24.156,24.056
24.096,24.096,0.1,0.037,24.156,24.056
24.105,24.105,0.1,0.039,24.156,24.056
24.104,24.104,0.1,0.039,24.156,24.056
24.095,24.095,0.095,0.037,24.151,24.056
24.096,24.096,0.095,0.036,24.151,24.056
24.098,24.098,0.09,0.035,24.151,24.061
24.105,24.105,0.097,0.038,24.158,24.061
24.112,24.112,0.097,0.041,24.158,24.061
24.111,24.111,0.103,0.042,24.158,24.055
24.104,24.104,0.103,0.04,24.158,24.055
24.104,24.104,0.103,0.041,24.158,24.055
24.103,24.103,0.103,0.04,24.158,24.055
24.095,24.095,0.103,0.038,24.158,24.055
24.105,24.105,0.105,0.041,24.16,24.055
24.112,24.112,0.105,0.041,24.16,24.055
24.117,24.117,0.105,0.039,24.16,24.055
24.114,24.115,0.105,0.037,24.16,24.055
24.103,24.103,0.124,0.041,24.16,24.036
24.104,24.104,0.124,0.04,24.16,24.036
24.108,24.108,0.124,0.04,24.16,24.036
24.112,24.112,0.124,0.038,24.16,24.036
24.11,24.11,0.124,0.037,24.16,24.036
24.117,24.117,0.124,0.035,24.16,24.036
24.112,24.112,0.104,0.032,24.14,24.036
24.104,24.104,0.096,0.033,24.132,24.036
24.104,24.104,0.094,0.033,24.13,24.036
24.096,24.096,0.094,0.036,24.13,24.036
24.105,24.105,0.082,0.03,24.13,24.048
24.103,24.103,0.082,0.033,24.13,24.048
24.102,24.102,0.082,0.033,24.13,24.048
24.102,24.103,0.082,0.033,24.13,24.048
24.103,24.103,0.083,0.034,24.131,24.048
24.093,24.093,0.101,0.039,24.131,24.03
24.091,24.091,0.101,0.038,24.131,24.03
24.096,24.096,0.101,0.037,24.131,24.03
24.097,24.097,0.107,0.038,24.137,24.03
24.097,24.097,0.107,0.039,24.137,24.03
24.089,24.089,0.107,0.039,24.137,24.03
24.096,24.096,0.107,0.038,24.137,24.03
24.089,24.09,0.107,0.039,24.137,24.03
24.09,24.09,0.107,0.039,24.137,24.03
24.082,24.082,0.107,0.037,24.137,24.03
24.094,24.094,0.104,0.038,24.149,24.045
24.098,24.098,0.104,0.039,24.149,24.045
24.102,24.102,0.114,0.043,24.159,24.045
24.091,24.091,0.132,0.047,24.159,24.027
24.092,24.093,0.132,0.046,24.159,24.027
24.092,24.092,0.132,0.046,24.159,24.027
24.084,24.084,0.132,0.048,24.159,24.027
24.085,24.085,0.132,0.047,24.159,24.027
24.076,24.076,0.132,0.047,24.159,24.027
24.082,24.082,0.132,0.047,24.159,24.027
24.078,24.079,0.132,0.044,24.159,24.027
24.073,24.073,0.132,0.04,24.159,24.027
24.062,24.062,0.089,0.028,24.116,24.027
24.062,24.062,0.09,0.029,24.116,24.026
24.071,24.071,0.124,0.039,24.15,24.026
24.072,24.072,0.124,0.038,24.15,24.026
24.073,24.073,0.124,0.037,24.15,24.026
24.08,24.08,0.124,0.042,24.15,24.026
24.083,24.083,0.124,0.039,24.15,24.026
24.088,24.088,0.131,0.045,24.157,24.026
24.083,24.083,0.131,0.045,24.157,24.026
24.094,24.094,0.155,0.053,24.181,24.026
24.104,24.104,0.155,0.054,24.181,24.026
24.117,24.117,0.129,0.048,24.181,24.052
24.118,24.118,0.129,0.049,24.181,24.052
24.12,24.121,0.129,0.046,24.181,24.052
24.121,24.121,0.127,0.046,24.181,24.054
24.124,24.124,0.127,0.047,24.181,24.054
24.123,24.123,0.127,0.048,24.181,24.054
24.123,24.123,0.127,0.049,24.181,24.054
24.133,24.133,0.127,0.045,24.181,24.054
24.121,24.121,0.111,0.046,24.165,24.054
24.118,24.118,0.111,0.045,24.165,24.054
24.115,24.116,0.111,0.043,24.165,24.054
24.106,24.106,0.111,0.043,24.165,24.054
24.105,24.105,0.111,0.045,24.165,24.054
24.112,24.112,0.106,0.042,24.165,24.059
24.101,24.101,0.108,0.041,24.162,24.054
24.1,24.101,0.11,0.042,24.162,24.052
24.091,24.091,0.105,0.037,24.157,24.052
24.081,24.081,0.079,0.031,24.131,24.052
24.081,24.081,0.079,0.031,24.131,24.052
24.079,24.079,0.079,0.028,24.131,24.052
24.075,24.075,0.079,0.024,24.131,24.052
24.074,24.074,0.079,0.024,24.131,24.052
24.082,24.082,0.092,0.032,24.144,24.052
24.078,24.078,0.092,0.028,24.144,24.052
24.079,24.079,0.092,0.027,24.144,24.052
24.079,24.079,0.089,0.027,24.144,24.055
24.078,24.078,0.089,0.027,24.144,24.055
24.088,24.088,0.1,0.035,24.155,24.055
24.097,24.097,0.1,0.039,24.155,24.055
24.102,24.102,0.107,0.043,24.162,24.055
24.108,24.109,0.107,0.044,24.162,24.055
24.117,24.117,0.107,0.042,24.162,24.055
24.112,24.112,0.107,0.041,24.162,24.055
24.111,24.111,0.107,0.042,24.162,24.055
24.117,24.117,0.107,0.039,24.162,24.055
24.118,24.118,0.102,0.038,24.162,24.06
24.12,24.12,0.097,0.036,24.162,24.065
24.117,24.117,0.097,0.035,24.162,24.065
24.108,24.108,0.106,0.037,24.162,24.056
24.1,24.1,0.09,0.033,24.146,24.056
24.091,24.091,0.091,0.032,24.146,24.055
24.089,24.089,0.078,0.029,24.133,24.055
24.097,24.097,0.112,0.037,24.167,24.055
24.097,24.098,0.112,0.037,24.167,24.055
24.098,24.098,0.112,0.038,24.167,24.055
24.097,24.097,0.113,0.039,24.167,24.054
24.106,24.106,0.113,0.042,24.167,24.054
24.108,24.108,0.113,0.044,24.167,24.054
24.117,24.117,0.113,0.042,24.167,24.054
24.124,24.124,0.113,0.04,24.167,24.054
24.128,24.128,0.113,0.035,24.167,24.054
24.132,24.132,0.116,0.037,24.17,24.054
24.124,24.124,0.116,0.038,24.17,24.054
24.121,24.121,0.116,0.04,24.17,24.054
24.114,24.114,0.116,0.044,24.17,24.054
24.125,24.125,0.109,0.041,24.17,24.061
24.125,24.125,0.109,0.041,24.17,24.061
24.124,24.124,0.109,0.041,24.17,24.061
24.125,24.125,0.109,0.041,24.17,24.061
24.116,24.116,0.109,0.044,24.17,24.061
24.121,24.121,0.109,0.045,24.17,24.061
24.117,24.117,0.104,0.042,24.165,24.061
24.114,24.114,0.111,0.045,24.165,24.054
24.122,24.122,0.111,0.042,24.165,24.054
24.122,24.122,0.111,0.041,24.165,24.054
24.12,24.12,0.106,0.04,24.16,24.054
24.118,24.118,0.1,0.038,24.154,24.054
24.118,24.118,0.1,0.038,24.154,24.054
24.117,24.117,0.097,0.037,24.151,24.054
24.123,24.123,0.097,0.033,24.151,24.054
24.121,24.121,0.095,0.031,24.149,24.054
24.121,24.121,0.095,0.032,24.149,24.054
24.121,24.121,0.102,0.033,24.149,24.047
24.121,24.121,0.102,0.033,24.149,24.047
24.131,24.131,0.123,0.031,24.17,24.047
24.132,24.132,0.123,0.031,24.17,24.047
24.132,24.132,0.123,0.031,24.17,24.047
24.126,24.126,0.123,0.034,24.17,24.047
24.12,24.12,0.123,0.035,24.17,24.047
24.115,24.115,0.123,0.038,24.17,24.047
24.116,24.117,0.123,0.039,24.17,24.047
24.116,24.116,0.123,0.039,24.17,24.047
24.116,24.116,0.13,0.04,24.17,24.04
24.115,24.115,0.13,0.039,24.17,24.04
24.104,24.104,0.112,0.038,24.152,24.04
24.094,24.094,0.103,0.037,24.143,24.04
24.086,24.087,0.103,0.035,24.143,24.04
24.094,24.094,0.114,0.04,24.154,24.04
24.098,24.098,0.114,0.042,24.154,24.04
24.104,24.104,0.114,0.042,24.154,24.04
24.1,24.101,0.114,0.04,24.154,24.04
24.095,24.095,0.114,0.04,24.154,24.04
24.102,24.102,0.103,0.035,24.154,24.051
24.095,24.095,0.103,0.035,24.154,24.051
24.094,24.094,0.11,0.037,24.154,24.044
24.094,24.094,0.11,0.037,24.154,24.044
24.1,24.1,0.11,0.038,24.154,24.044
24.092,24.092,0.091,0.034,24.135,24.044
24.084,24.084,0.091,0.033,24.135,24.044
24.081,24.081,0.091,0.031,24.135,24.044
24.077,24.077,0.091,0.029,24.135,24.044
24.074,24.075,0.091,0.031,24.135,24.044
24.077,24.077,0.095,0.035,24.139,24.044
24.085,24.085,0.097,0.04,24.141,24.044
24.093,24.093,0.097,0.039,24.141,24.044
24.104,24.104,0.111,0.04,24.155,24.044
24.103,24.103,0.111,0.04,24.155,24.044
24.111,24.111,0.111,0.04,24.155,24.044
24.121,24.121,0.111,0.035,24.155,24.044
24.115,24.115,0.111,0.041,24.155,24.044
24.122,24.122,0.111,0.038,24.155,24.044
24.124,24.124,0.103,0.035,24.155,24.052
24.116,24.116,0.103,0.039,24.155,24.052
24.108,24.108,0.103,0.042,24.155,24.052
24.106,24.106,0.103,0.041,24.155,24.052
24.096,24.096,0.099,0.04,24.151,24.052
24.096,24.096,0.099,0.041,24.151,24.052
24.096,24.096,0.099,0.041,24.151,24.052
24.088,24.088,0.095,0.037,24.147,24.052
24.086,24.086,0.116,0.039,24.147,24.031
24.076,24.076,0.116,0.037,24.147,24.031
24.084,24.084,0.116,0.042,24.147,24.031
24.093,24.093,0.116,0.044,24.147,24.031
24.092,24.092,0.116,0.045,24.147,24.031
24.092,24.092,0.116,0.045,24.147,24.031
24.099,24.099,0.116,0.044,24.147,24.031
24.1,24.1,0.116,0.045,24.147,24.031
24.101,24.101,0.124,0.046,24.155,24.031
24.109,24.109,0.124,0.046,24.155,24.031
24.109,24.109,0.116,0.045,24.155,24.039
24.117,24.117,0.116,0.038,24.155,24.039
24.115,24.115,0.116,0.037,24.155,24.039
24.103,24.103,0.139,0.046,24.155,24.016
24.11,24.11,0.139,0.044,24.155,24.016
24.102,24.102,0.139,0.05,24.155,24.016
24.103,24.103,0.139,0.05,24.155,24.016
24.102,24.102,0.139,0.049,24.155,24.016
24.099,24.099,0.13,0.047,24.146,24.016
24.087,24.087,0.118,0.048,24.134,24.016
24.084,24.084,0.121,0.051,24.134,24.013
24.084,24.084,0.121,0.051,24.134,24.013
24.079,24.079,0.121,0.049,24.134,24.013
24.088,24.088,0.121,0.045,24.134,24.013
24.088,24.088,0.121,0.045,24.134,24.013
24.095,24.095,0.121,0.04,24.134,24.013
24.087,24.087,0.121,0.041,24.134,24.013
24.086,24.086,0.112,0.04,24.125,24.013
24.082,24.082,0.112,0.038,24.125,24.013
24.091,24.091,0.112,0.034,24.125,24.013
24.1,24.1,0.078,0.022,24.125,24.047
24.1,24.1,0.078,0.022,24.125,24.047
24.102,24.102,0.078,0.021,24.125,24.047
24.101,24.101,0.078,0.021,24.125,24.047
24.101,24.101,0.078,0.021,24.125,24.047
24.103,24.103,0.078,0.022,24.125,24.047
24.111,24.111,0.042,0.013,24.125,24.083
24.107,24.107,0.045,0.015,24.125,24.08
24.111,24.111,0.045,0.014,24.125,24.08
24.112,24.112,0.051,0.015,24.131,24.08
24.11,24.11,0.051,0.017,24.131,24.08
24.11,24.11,0.051,0.017,24.131,24.08
24.103,24.103,0.094,0.028,24.131,24.037
24.105,24.105,0.094,0.028,24.131,24.037
24.104,24.104,0.094,0.028,24.131,24.037
24.102,24.102,0.094,0.027,24.131,24.037
24.1,24.1,0.094,0.026,24.131,24.037
24.105,24.105,0.094,0.027,24.131,24.037
24.104,24.104,0.094,0.026,24.131,24.037
24.099,24.099,0.091,0.026,24.128,24.037
24.102,24.102,0.091,0.026,24.128,24.037
24.102,24.102,0.091,0.026,24.128,24.037
24.109,24.109,0.052,0.014,24.128,24.076
24.11,24.11,0.052,0.014,24.128,24.076
24.108,24.108,0.052,0.014,24.128,24.076
24.11,24.11,0.052,0.013,24.128,24.076
24.103,24.103,0.092,0.026,24.128,24.036
24.102,24.102,0.082,0.025,24.118,24.036
24.1,24.1,0.082,0.024,24.118,24.036
24.103,24.103,0.082,0.023,24.118,24.036
24.095,24.095,0.09,0.032,24.118,24.028
24.1,24.1,0.145,0.039,24.173,24.028
24.093,24.093,0.145,0.043,24.173,24.028
24.092,24.092,0.145,0.043,24.173,24.028
24.083,24.083,0.16,0.048,24.173,24.013
24.076,24.076,0.16,0.048,24.173,24.013
24.081,24.081,0.16,0.046,24.173,24.013
24.074,24.074,0.16,0.047,24.173,24.013
24.067,24.067,0.16,0.047,24.173,24.013
24.065,24.065,0.16,0.046,24.173,24.013
24.072,24.073,0.16,0.045,24.173,24.013
24.068,24.068,0.113,0.036,24.126,24.013
24.075,24.075,0.113,0.037,24.126,24.013
24.076,24.076,0.113,0.038,24.126,24.013
24.087,24.087,0.091,0.033,24.126,24.035
24.096,24.096,0.099,0.032,24.134,24.035
24.098,24.098,0.099,0.032,24.134,24.035
24.106,24.106,0.094,0.025,24.134,24.04
24.103,24.103,0.123,0.033,24.134,24.011
24.106,24.106,0.123,0.033,24.134,24.011
24.107,24.107,0.123,0.033,24.134,24.011
24.099,24.099,0.123,0.036,24.134,24.011
24.098,24.098,0.123,0.036,24.134,24.011
24.091,24.091,0.123,0.039,24.134,24.011
24.089,24.089,0.123,0.039,24.134,24.011
24.085,24.085,0.11,0.036,24.121,24.011
24.088,24.088,0.122,0.038,24.133,24.011
24.089,24.089,0.122,0.039,24.133,24.011
24.1,24.1,0.095,0.03,24.133,24.038
24.101,24.101,0.095,0.03,24.133,24.038
24.1,24.1,0.095,0.03,24.133,24.038
24.107,24.107,0.095,0.026,24.133,24.038
24.1,24.1,0.097,0.034,24.133,24.036
24.099,24.099,0.101,0.035,24.133,24.032
24.101,24.101,0.101,0.035,24.133,24.032
24.095,24.095,0.101,0.039,24.133,24.032
24.093,24.093,0.095,0.038,24.127,24.032
24.092,24.092,0.095,0.037,24.127,24.032
24.09,24.09,0.093,0.035,24.125,24.032
24.088,24.088,0.088,0.034,24.12,24.032
24.083,24.083,0.088,0.036,24.12,24.032
24.081,24.081,0.082,0.034,24.114,24.032
24.088,24.089,0.082,0.031,24.114,24.032
24.087,24.087,0.1,0.035,24.114,24.014
24.085,24.085,0.1,0.034,24.114,24.014
24.091,24.091,0.1,0.031,24.114,24.014
24.094,24.094,0.127,0.034,24.141,24.014
24.094,24.094,0.127,0.034,24.141,24.014
24.086,24.086,0.127,0.038,24.141,24.014
24.085,24.085,0.127,0.038,24.141,24.014
24.092,24.092,0.127,0.037,24.141,24.014
24.092,24.092,0.127,0.037,24.141,24.014
24.084,24.084,0.127,0.041,24.141,24.014
24.091,24.091,0.116,0.034,24.141,24.025
24.091,24.091,0.116,0.034,24.141,24.025
24.087,24.087,0.116,0.035,24.141,24.025
24.083,24.083,0.091,0.031,24.116,24.025
24.084,24.084,0.098,0.032,24.123,24.025
24.091,24.091,0.098,0.028,24.123,24.025
24.095,24.096,0.115,0.031,24.14,24.025
24.086,24.086,0.117,0.037,24.14,24.023
24.086,24.086,0.117,0.037,24.14,24.023
24.096,24.096,0.117,0.032,24.14,24.023
24.1,24.1,0.117,0.034,24.14,24.023
24.099,24.099,0.117,0.034,24.14,24.023
24.104,24.104,0.117,0.031,24.14,24.023
24.107,24.107,0.117,0.033,24.14,24.023
24.104,24.104,0.117,0.032,24.14,24.023
24.105,24.105,0.117,0.032,24.14,24.023
24.093,24.093,0.113,0.038,24.134,24.021
24.102,24.102,0.113,0.031,24.134,24.021
24.103,24.103,0.113,0.031,24.134,24.021
24.094,24.094,0.113,0.036,24.134,24.021
24.092,24.092,0.113,0.035,24.134,24.021
24.095,24.095,0.113,0.035,24.134,24.021
24.098,24.098,0.115,0.037,24.136,24.021
24.09,24.09,0.115,0.037,24.136,24.021
24.093,24.093,0.115,0.039,24.136,24.021
24.091,24.091,0.115,0.038,24.136,24.021
24.101,24.101,0.102,0.031,24.136,24.034
24.102,24.102,0.102,0.031,24.136,24.034
24.103,24.103,0.102,0.032,24.136,24.034
24.113,24.113,0.082,0.023,24.136,24.054
24.114,24.114,0.082,0.023,24.136,24.054
24.116,24.116,0.082,0.024,24.136,24.054
24.115,24.115,0.078,0.023,24.132,24.054
24.122,24.122,0.039,0.011,24.132,24.093
24.122,24.122,0.039,0.011,24.132,24.093
24.125,24.125,0.017,0.006,24.132,24.115
24.128,24.128,0.032,0.008,24.147,24.115
24.128,24.128,0.033,0.008,24.147,24.114
24.126,24.126,0.034,0.009,24.147,24.113
24.126,24.126,0.034,0.009,24.147,24.113
24.126,24.126,0.034,0.009,24.147,24.113
24.116,24.116,0.12,0.031,24.147,24.027
24.113,24.113,0.12,0.03,24.147,24.027
24.105,24.105,0.12,0.037,24.147,24.027
24.106,24.106,0.12,0.037,24.147,24.027
24.106,24.107,0.12,0.037,24.147,24.027
24.105,24.105,0.104,0.036,24.131,24.027
24.105,24.105,0.104,0.036,24.131,24.027
24.096,24.096,0.105,0.043,24.131,24.026
24.095,24.095,0.105,0.042,24.131,24.026
24.093,24.093,0.105,0.041,24.131,24.026
24.103,24.103,0.105,0.036,24.131,24.026
24.106,24.106,0.116,0.038,24.142,24.026
24.116,24.116,0.116,0.032,24.142,24.026
24.115,24.115,0.116,0.032,24.142,24.026
24.115,24.115,0.116,0.031,24.142,24.026
24.114,24.114,0.116,0.031,24.142,24.026
24.115,24.115,0.116,0.031,24.142,24.026
24.126,24.127,0.036,0.011,24.142,24.106
24.13,24.13,0.037,0.011,24.143,24.106
24.132,24.132,0.022,0.007,24.143,24.121
24.133,24.133,0.022,0.007,24.143,24.121
24.13,24.13,0.03,0.008,24.143,24.113
24.129,24.129,0.03,0.008,24.143,24.113
24.129,24.129,0.03,0.008,24.143,24.113
24.131,24.131,0.032,0.009,24.145,24.113
24.132,24.132,0.032,0.009,24.145,24.113
24.132,24.132,0.032,0.009,24.145,24.113
24.131,24.131,0.032,0.008,24.145,24.113
24.132,24.132,0.038,0.01,24.151,24.113
24.122,24.122,0.124,0.033,24.151,24.027
24.111,24.111,0.124,0.043,24.151,24.027
24.112,24.112,0.124,0.043,24.151,24.027
24.111,24.111,0.124,0.043,24.151,24.027
24.114,24.114,0.13,0.045,24.157,24.027
24.103,24.103,0.13,0.049,24.157,24.027
24.105,24.105,0.13,0.051,24.157,24.027
24.107,24.108,0.131,0.053,24.158,24.027
24.1,24.1,0.131,0.054,24.158,24.027
24.101,24.101,0.131,0.055,24.158,24.027
24.114,24.114,0.133,0.051,24.16,24.027
24.127,24.127,0.124,0.043,24.16,24.036
24.127,24.127,0.124,0.043,24.16,24.036
24.126,24.126,0.124,0.043,24.16,24.036
24.123,24.123,0.124,0.042,24.16,24.036
24.133,24.133,0.103,0.03,24.16,24.057
24.124,24.124,0.103,0.037,24.16,24.057
24.124,24.124,0.103,0.036,24.16,24.057
24.132,24.132,0.1,0.029,24.16,24.06
24.121,24.121,0.114,0.037,24.16,24.046
24.112,24.112,0.107,0.037,24.153,24.046
24.109,24.109,0.107,0.035,24.153,24.046
24.11,24.11,0.107,0.036,24.153,24.046
24.112,24.112,0.107,0.036,24.153,24.046
24.113,24.113,0.107,0.037,24.153,24.046
24.115,24.115,0.111,0.038,24.157,24.046
24.115,24.115,0.111,0.038,24.157,24.046
24.114,24.114,0.111,0.037,24.157,24.046
24.112,24.112,0.111,0.037,24.157,24.046
24.122,24.122,0.098,0.03,24.157,24.059
24.129,24.129,0.098,0.025,24.157,24.059
24.132,24.132,0.098,0.026,24.157,24.059
24.134,24.134,0.098,0.027,24.157,24.059
24.136,24.136,0.098,0.027,24.157,24.059
24.136,24.136,0.098,0.027,24.157,24.059
24.135,24.135,0.095,0.026,24.154,24.059
24.143,24.143,0.023,0.008,24.154,24.131
24.143,24.143,0.023,0.008,24.154,24.131
24.145,24.145,0.021,0.007,24.154,24.133
24.148,24.148,0.028,0.008,24.161,24.133
24.147,24.147,0.028,0.009,24.161,24.133
24.144,24.144,0.034,0.01,24.161,24.127
24.141,24.141,0.038,0.011,24.161,24.123
24.141,24.141,0.038,0.011,24.161,24.123
24.141,24.141,0.038,0.011,24.161,24.123
24.14,24.14,0.038,0.011,24.161,24.123
24.138,24.138,0.038,0.012,24.161,24.123
24.14,24.14,0.038,0.013,24.161,24.123
24.139,24.139,0.038,0.012,24.161,24.123
24.136,24.136,0.034,0.01,24.157,24.123
24.138,24.138,0.034,0.011,24.157,24.123
24.142,24.142,0.041,0.013,24.164,24.123
24.142,24.143,0.04,0.012,24.164,24.124
24.135,24.135,0.093,0.025,24.164,24.071
24.138,24.138,0.093,0.026,24.164,24.071
24.136,24.136,0.093,0.026,24.164,24.071
24.137,24.137,0.093,0.026,24.164,24.071
24.138,24.138,0.101,0.027,24.172,24.071
24.147,24.147,0.16,0.039,24.231,24.071
24.149,24.149,0.16,0.039,24.231,24.071
24.149,24.149,0.16,0.039,24.231,24.071
24.147,24.147,0.16,0.038,24.231,24.071
24.15,24.15,0.16,0.038,24.231,24.071
24.159,24.159,0.108,0.028,24.231,24.123
24.159,24.159,0.108,0.028,24.231,24.123
24.163,24.163,0.099,0.025,24.231,24.132
24.163,24.163,0.1,0.025,24.231,24.131
24.16,24.16,0.1,0.026,24.231,24.131
24.154,24.154,0.045,0.012,24.176,24.131
24.153,24.153,0.045,0.014,24.176,24.131
24.152,24.152,0.045,0.014,24.176,24.131
24.152,24.152,0.045,0.014,24.176,24.131
24.157,24.157,0.08,0.023,24.211,24.131
24.163,24.163,0.092,0.03,24.223,24.131
24.161,24.161,0.092,0.031,24.223,24.131
24.161,24.161,0.092,0.031,24.223,24.131
24.163,24.163,0.09,0.029,24.223,24.133
24.163,24.163,0.09,0.029,24.223,24.133
24.158,24.158,0.093,0.03,24.223,24.13
24.16,24.16,0.093,0.029,24.223,24.13
24.158,24.158,0.097,0.031,24.223,24.126
24.158,24.158,0.097,0.031,24.223,24.126
24.15,24.15,0.097,0.026,24.223,24.126
24.143,24.143,0.027,0.009,24.153,24.126
24.144,24.144,0.032,0.01,24.158,24.126
24.153,24.153,0.117,0.031,24.243,24.126
24.154,24.154,0.117,0.031,24.243,24.126
24.154,24.154,0.117,0.031,24.243,24.126
24.156,24.156,0.117,0.03,24.243,24.126
24.157,24.157,0.117,0.03,24.243,24.126
24.16,24.16,0.104,0.029,24.243,24.139
24.161,24.161,0.104,0.028,24.243,24.139
24.172,24.172,0.104,0.037,24.247,24.143
24.18,24.18,0.104,0.04,24.247,24.143
24.178,24.178,0.106,0.041,24.247,24.141
24.166,24.166,0.122,0.038,24.247,24.125
24.164,24.164,0.122,0.039,24.247,24.125
24.174,24.174,0.128,0.047,24.253,24.125
24.174,24.174,0.128,0.048,24.253,24.125
24.174,24.174,0.128,0.048,24.253,24.125
24.168,24.168,0.148,0.052,24.253,24.105
24.165,24.165,0.148,0.054,24.253,24.105
24.156,24.156,0.148,0.047,24.253,24.105
24.15,24.15,0.148,0.04,24.253,24.105
24.153,24.153,0.148,0.04,24.253,24.105
24.157,24.157,0.148,0.039,24.253,24.105
24.162,24.162,0.148,0.039,24.253,24.105
24.154,24.154,0.074,0.025,24.179,24.105
24.161,24.161,0.097,0.028,24.202,24.105
24.158,24.158,0.097,0.029,24.202,24.105
24.172,24.172,0.128,0.033,24.243,24.115
24.178,24.178,0.109,0.027,24.243,24.134
24.172,24.173,0.131,0.033,24.243,24.112
24.166,24.167,0.135,0.039,24.243,24.108
24.16,24.16,0.135,0.042,24.243,24.108
24.155,24.155,0.135,0.044,24.243,24.108
24.156,24.156,0.135,0.044,24.243,24.108
24.157,24.157,0.135,0.045,24.243,24.108
24.151,24.151,0.135,0.043,24.243,24.108
24.149,24.149,0.135,0.044,24.243,24.108
24.138,24.138,0.086,0.031,24.194,24.108
24.132,24.132,0.086,0.029,24.194,24.108
24.132,24.132,0.086,0.03,24.194,24.108
24.132,24.132,0.085,0.03,24.194,24.109
24.133,24.133,0.085,0.029,24.194,24.109
24.142,24.142,0.094,0.035,24.203,24.109
24.144,24.144,0.098,0.038,24.207,24.109
24.138,24.138,0.098,0.035,24.207,24.109
24.136,24.136,0.098,0.035,24.207,24.109
24.136,24.136,0.098,0.035,24.207,24.109
24.135,24.135,0.098,0.036,24.207,24.109
24.137,24.137,0.098,0.035,24.207,24.109
24.138,24.139,0.097,0.034,24.207,24.11
24.14,24.14,0.094,0.033,24.207,24.113
24.141,24.141,0.094,0.033,24.207,24.113
24.14,24.141,0.094,0.032,24.207,24.113
24.129,24.129,0.112,0.027,24.201,24.089
24.136,24.136,0.118,0.036,24.207,24.089
24.145,24.145,0.118,0.04,24.207,24.089
24.154,24.154,0.118,0.042,24.207,24.089
24.161,24.161,0.118,0.043,24.207,24.089
24.161,24.161,0.118,0.042,24.207,24.089
24.161,24.161,0.118,0.042,24.207,24.089
24.159,24.159,0.118,0.045,24.207,24.089
24.157,24.157,0.118,0.046,24.207,24.089
24.148,24.148,0.118,0.046,24.207,24.089
24.151,24.151,0.108,0.043,24.207,24.099
24.139,24.139,0.12,0.042,24.207,24.087
24.129,24.129,0.12,0.038,24.207,24.087
24.118,24.118,0.106,0.029,24.193,24.087
24.119,24.119,0.119,0.032,24.206,24.087
24.118,24.118,0.119,0.032,24.206,24.087
24.117,24.117,0.119,0.032,24.206,24.087
24.118,24.118,0.119,0.032,24.206,24.087
24.119,24.119,0.119,0.032,24.206,24.087
24.124,24.124,0.119,0.034,24.206,24.087
24.124,24.124,0.119,0.034,24.206,24.087
24.125,24.125,0.113,0.033,24.206,24.093
24.125,24.125,0.113,0.033,24.206,24.093
24.127,24.127,0.11,0.032,24.206,24.096
24.125,24.125,0.093,0.028,24.189,24.096
24.125,24.125,0.093,0.028,24.189,24.096
24.125,24.125,0.093,0.028,24.189,24.096
24.124,24.125,0.096,0.028,24.189,24.093
24.124,24.124,0.096,0.028,24.189,24.093
24.117,24.117,0.099,0.027,24.189,24.09
24.122,24.122,0.099,0.029,24.189,24.09
24.118,24.118,0.115,0.032,24.189,24.074
24.116,24.116,0.115,0.034,24.189,24.074
24.113,24.113,0.115,0.035,24.189,24.074
24.104,24.104,0.083,0.025,24.157,24.074
24.102,24.102,0.083,0.024,24.157,24.074
24.102,24.102,0.083,0.025,24.157,24.074
24.103,24.103,0.083,0.024,24.157,24.074
24.107,24.107,0.086,0.029,24.16,24.074
24.106,24.106,0.086,0.03,24.16,24.074
24.098,24.099,0.086,0.025,24.16,24.074
24.099,24.099,0.084,0.025,24.16,24.076
24.101,24.101,0.083,0.024,24.16,24.077
24.099,24.099,0.094,0.026,24.16,24.066
24.098,24.098,0.094,0.026,24.16,24.066
24.099,24.099,0.094,0.026,24.16,24.066
24.094,24.094,0.094,0.025,24.16,24.066
24.089,24.089,0.11,0.028,24.16,24.05
24.079,24.079,0.061,0.017,24.111,24.05
24.077,24.077,0.061,0.018,24.111,24.05
24.077,24.077,0.061,0.018,24.111,24.05
24.077,24.077,0.061,0.018,24.111,24.05
24.077,24.077,0.061,0.019,24.111,24.05
24.078,24.078,0.061,0.018,24.111,24.05
24.078,24.078,0.061,0.018,24.111,24.05
24.076,24.076,0.054,0.016,24.104,24.05
24.076,24.076,0.054,0.016,24.104,24.05
24.08,24.08,0.048,0.013,24.104,24.056
24.081,24.081,0.04,0.012,24.104,24.064
24.083,24.083,0.038,0.01,24.104,24.066
24.079,24.079,0.067,0.017,24.104,24.037
24.077,24.077,0.067,0.018,24.104,24.037
24.07,24.07,0.055,0.019,24.092,24.037
24.068,24.068,0.055,0.02,24.092,24.037
24.065,24.065,0.055,0.019,24.092,24.037
24.061,24.061,0.05,0.017,24.087,24.037
24.058,24.058,0.05,0.017,24.087,24.037
24.054,24.054,0.05,0.015,24.087,24.037
24.053,24.053,0.05,0.014,24.087,24.037
24.053,24.053,0.049,0.014,24.086,24.037
24.055,24.055,0.048,0.013,24.086,24.038
24.057,24.057,0.048,0.016,24.086,24.038
24.06,24.06,0.048,0.014,24.086,24.038
24.062,24.062,0.048,0.014,24.086,24.038
24.062,24.062,0.048,0.014,24.086,24.038
24.063,24.063,0.048,0.014,24.086,24.038
24.064,24.064,0.046,0.014,24.086,24.04
24.068,24.068,0.049,0.014,24.089,24.04
24.072,24.072,0.057,0.016,24.097,24.04
24.071,24.071,0.057,0.016,24.097,24.04
24.072,24.072,0.057,0.015,24.097,24.04
24.071,24.071,0.057,0.015,24.097,24.04
24.07,24.07,0.057,0.015,24.097,24.04
24.069,24.069,0.057,0.016,24.097,24.04
24.068,24.068,0.057,0.016,24.097,24.04
24.069,24.069,0.057,0.017,24.097,24.04
24.069,24.069,0.053,0.016,24.097,24.044
24.066,24.066,0.053,0.015,24.097,24.044
24.065,24.065,0.046,0.014,24.09,24.044
24.063,24.063,0.046,0.014,24.09,24.044
24.065,24.065,0.047,0.016,24.091,24.044
24.068,24.068,0.053,0.019,24.097,24.044
24.074,24.074,0.077,0.024,24.121,24.044
24.07,24.07,0.104,0.029,24.121,24.017
24.075,24.075,0.104,0.03,24.121,24.017
24.068,24.068,0.113,0.036,24.121,24.008
24.066,24.066,0.113,0.038,24.121,24.008
24.07,24.07,0.113,0.039,24.121,24.008
24.07,24.07,0.113,0.038,24.121,24.008
24.076,24.076,0.113,0.04,24.121,24.008
24.075,24.075,0.113,0.04,24.121,24.008
24.075,24.075,0.113,0.04,24.121,24.008
24.073,24.073,0.106,0.038,24.114,24.008
24.083,24.083,0.108,0.035,24.116,24.008
24.082,24.082,0.108,0.034,24.116,24.008
24.09,24.09,0.09,0.024,24.116,24.026
24.098,24.098,0.035,0.012,24.116,24.081
24.096,24.096,0.039,0.013,24.116,24.077
24.1,24.1,0.04,0.014,24.117,24.077
24.096,24.096,0.04,0.014,24.117,24.077
24.098,24.098,0.04,0.014,24.117,24.077
24.1,24.1,0.04,0.014,24.117,24.077
24.097,24.097,0.04,0.015,24.117,24.077
24.094,24.094,0.04,0.014,24.117,24.077
24.095,24.095,0.04,0.014,24.117,24.077
24.095,24.095,0.04,0.014,24.117,24.077
24.092,24.093,0.04,0.014,24.117,24.077
24.098,24.098,0.056,0.017,24.133,24.077
24.094,24.094,0.061,0.018,24.133,24.072
24.102,24.102,0.087,0.025,24.159,24.072
24.102,24.102,0.087,0.025,24.159,24.072
24.111,24.111,0.132,0.04,24.204,24.072
24.12,24.12,0.132,0.043,24.204,24.072
24.121,24.121,0.132,0.042,24.204,24.072
24.12,24.12,0.132,0.043,24.204,24.072
24.12,24.12,0.132,0.043,24.204,24.072
24.122,24.122,0.132,0.041,24.204,24.072
24.116,24.116,0.132,0.043,24.204,24.072
24.122,24.122,0.125,0.04,24.204,24.079
24.117,24.117,0.125,0.038,24.204,24.079
24.115,24.115,0.127,0.04,24.204,24.077
24.113,24.113,0.106,0.036,24.183,24.077
24.105,24.105,0.106,0.029,24.183,24.077
24.106,24.106,0.106,0.029,24.183,24.077
24.109,24.109,0.106,0.029,24.183,24.077
24.119,24.119,0.116,0.038,24.193,24.077
24.119,24.119,0.116,0.037,24.193,24.077
24.12,24.12,0.116,0.037,24.193,24.077
24.121,24.121,0.116,0.037,24.193,24.077
24.118,24.118,0.116,0.038,24.193,24.077
24.12,24.12,0.11,0.036,24.193,24.083
24.119,24.119,0.11,0.035,24.193,24.083
24.119,24.119,0.11,0.035,24.193,24.083
24.121,24.121,0.11,0.034,24.193,24.083
24.117,24.117,0.11,0.036,24.193,24.083
24.11,24.11,0.089,0.025,24.172,24.083
24.109,24.109,0.089,0.026,24.172,24.083
24.111,24.111,0.089,0.025,24.172,24.083
24.108,24.108,0.089,0.024,24.172,24.083
24.118,24.118,0.09,0.029,24.175,24.085
24.119,24.119,0.09,0.029,24.175,24.085
24.11,24.11,0.093,0.025,24.175,24.082
24.12,24.12,0.116,0.036,24.198,24.082
24.118,24.118,0.116,0.036,24.198,24.082
24.118,24.118,0.116,0.036,24.198,24.082
24.118,24.118,0.116,0.036,24.198,24.082
24.119,24.119,0.116,0.036,24.198,24.082
24.116,24.116,0.119,0.038,24.198,24.079
24.127,24.127,0.135,0.047,24.214,24.079
24.12,24.12,0.135,0.045,24.214,24.079
24.127,24.127,0.135,0.05,24.214,24.079
24.129,24.129,0.135,0.049,24.214,24.079
24.121,24.121,0.135,0.043,24.214,24.079
24.124,24.124,0.135,0.043,24.214,24.079
24.125,24.125,0.135,0.041,24.214,24.079
24.136,24.136,0.144,0.05,24.223,24.079
24.137,24.137,0.144,0.05,24.223,24.079
24.14,24.14,0.122,0.047,24.223,24.101
24.13,24.13,0.122,0.04,24.223,24.101
24.132,24.132,0.122,0.039,24.223,24.101
24.125,24.125,0.122,0.033,24.223,24.101
24.127,24.127,0.119,0.033,24.223,24.104
24.132,24.132,0.119,0.035,24.223,24.104
24.133,24.133,0.119,0.035,24.223,24.104
24.136,24.136,0.115,0.033,24.223,24.108
24.124,24.124,0.066,0.018,24.169,24.103
24.125,24.125,0.066,0.018,24.169,24.103
24.134,24.134,0.101,0.029,24.204,24.103
24.13,24.13,0.131,0.034,24.204,24.073
24.141,24.141,0.151,0.044,24.224,24.073
24.14,24.141,0.151,0.044,24.224,24.073
24.138,24.138,0.151,0.046,24.224,24.073
24.134,24.134,0.151,0.045,24.224,24.073
24.135,24.135,0.151,0.045,24.224,24.073
24.129,24.129,0.151,0.047,24.224,24.073
24.131,24.131,0.151,0.046,24.224,24.073
24.131,24.131,0.151,0.046,24.224,24.073
24.118,24.118,0.151,0.041,24.224,24.073
24.12,24.12,0.144,0.04,24.224,24.08
24.105,24.105,0.066,0.022,24.14,24.074
24.104,24.104,0.066,0.022,24.14,24.074
24.103,24.103,0.066,0.023,24.14,24.074
24.107,24.107,0.097,0.03,24.171,24.074
24.102,24.102,0.097,0.028,24.171,24.074
24.102,24.102,0.097,0.028,24.171,24.074
24.101,24.101,0.097,0.027,24.171,24.074
24.106,24.106,0.097,0.032,24.171,24.074
24.105,24.105,0.102,0.033,24.171,24.069
24.106,24.106,0.102,0.033,24.171,24.069
24.112,24.112,0.102,0.032,24.171,24.069
24.112,24.112,0.102,0.032,24.171,24.069
24.115,24.115,0.102,0.03,24.171,24.069
24.109,24.109,0.088,0.023,24.157,24.069
24.111,24.111,0.088,0.022,24.157,24.069
24.112,24.112,0.088,0.022,24.157,24.069
24.114,24.114,0.088,0.023,24.157,24.069
24.109,24.109,0.069,0.018,24.138,24.069
24.114,24.114,0.045,0.013,24.138,24.093
24.114,24.114,0.045,0.013,24.138,24.093
24.11,24.11,0.049,0.013,24.138,24.089
24.111,24.111,0.049,0.013,24.138,24.089
24.112,24.112,0.049,0.014,24.138,24.089
24.116,24.116,0.064,0.019,24.153,24.089
24.118,24.118,0.064,0.019,24.153,24.089
24.12,24.12,0.064,0.017,24.153,24.089
24.119,24.119,0.064,0.016,24.153,24.089
24.119,24.119,0.064,0.016,24.153,24.089
24.12,24.12,0.064,0.016,24.153,24.089
24.119,24.119,0.064,0.017,24.153,24.089
24.12,24.12,0.054,0.015,24.153,24.099
24.118,24.119,0.054,0.015,24.153,24.099
24.114,24.115,0.066,0.018,24.153,24.087
24.113,24.113,0.049,0.015,24.136,24.087
24.112,24.112,0.049,0.014,24.136,24.087
24.11,24.111,0.049,0.014,24.136,24.087
24.109,24.109,0.049,0.013,24.136,24.087
24.108,24.108,0.049,0.014,24.136,24.087
24.107,24.107,0.049,0.013,24.136,24.087
24.108,24.108,0.049,0.013,24.136,24.087
24.109,24.109,0.049,0.012,24.136,24.087
24.111,24.111,0.049,0.014,24.136,24.087
24.112,24.113,0.043,0.012,24.136,24.093
24.111,24.111,0.037,0.009,24.13,24.093
24.111,24.111,0.037,0.009,24.13,24.093
24.115,24.115,0.054,0.014,24.147,24.093
24.116,24.116,0.054,0.015,24.147,24.093
24.121,24.121,0.044,0.015,24.147,24.103
24.121,24.121,0.044,0.015,24.147,24.103
24.124,24.124,0.044,0.014,24.147,24.103
24.123,24.123,0.045,0.015,24.147,24.102
24.121,24.121,0.045,0.016,24.147,24.102
24.12,24.12,0.046,0.016,24.147,24.101
24.121,24.121,0.046,0.016,24.147,24.101
24.128,24.128,0.08,0.024,24.181,24.101
24.127,24.127,0.08,0.023,24.181,24.101
24.122,24.122,0.1,0.027,24.181,24.081
24.12,24.12,0.1,0.026,24.181,24.081
24.122,24.122,0.1,0.026,24.181,24.081
24.121,24.121,0.1,0.025,24.181,24.081
24.125,24.125,0.1,0.025,24.181,24.081
24.132,24.132,0.1,0.029,24.181,24.081
24.134,24.134,0.1,0.027,24.181,24.081
24.133,24.133,0.1,0.027,24.181,24.081
24.137,24.137,0.14,0.036,24.221,24.081
24.138,24.138,0.14,0.036,24.221,24.081
24.15,24.15,0.101,0.036,24.221,24.12
24.15,24.15,0.102,0.036,24.221,24.119
24.149,24.149,0.102,0.037,24.221,24.119
24.147,24.147,0.112,0.038,24.221,24.109
24.148,24.148,0.112,0.038,24.221,24.109
24.144,24.144,0.112,0.037,24.221,24.109
24.143,24.143,0.112,0.038,24.221,24.109
24.154,24.154,0.119,0.044,24.228,24.109
24.143,24.143,0.119,0.04,24.228,24.109
24.141,24.141,0.119,0.04,24.228,24.109
24.133,24.133,0.119,0.033,24.228,24.109
24.13,24.13,0.137,0.035,24.228,24.091
24.14,24.14,0.137,0.045,24.228,24.091
24.143,24.143,0.137,0.044,24.228,24.091
24.148,24.148,0.137,0.047,24.228,24.091
24.149,24.149,0.137,0.046,24.228,24.091
24.15,24.15,0.137,0.045,24.228,24.091
24.15,24.15,0.133,0.045,24.224,24.091
24.151,24.151,0.133,0.044,24.224,24.091
24.15,24.15,0.133,0.045,24.224,24.091
24.149,24.149,0.133,0.046,24.224,24.091
24.151,24.151,0.117,0.043,24.224,24.107
24.143,24.143,0.117,0.036,24.224,24.107
24.143,24.143,0.117,0.036,24.224,24.107
24.145,24.145,0.117,0.038,24.224,24.107
24.154,24.154,0.121,0.045,24.228,24.107
24.152,24.152,0.121,0.047,24.228,24.107
24.141,24.141,0.121,0.041,24.228,24.107
24.146,24.147,0.121,0.042,24.228,24.107
24.149,24.149,0.118,0.04,24.228,24.11
24.149,24.149,0.125,0.041,24.228,24.103
24.158,24.158,0.125,0.043,24.228,24.103
24.159,24.159,0.125,0.043,24.228,24.103
24.167,24.167,0.125,0.046,24.228,24.103
24.157,24.157,0.125,0.046,24.228,24.103
24.146,24.146,0.115,0.04,24.218,24.103
24.148,24.148,0.115,0.039,24.218,24.103
24.147,24.148,0.115,0.04,24.218,24.103
24.149,24.149,0.115,0.041,24.218,24.103
24.146,24.146,0.115,0.043,24.218,24.103
24.149,24.149,0.112,0.041,24.218,24.106
24.142,24.142,0.112,0.036,24.218,24.106
24.14,24.14,0.112,0.036,24.218,24.106
24.132,24.132,0.092,0.024,24.198,24.106
24.141,24.141,0.099,0.032,24.205,24.106
24.143,24.143,0.099,0.031,24.205,24.106
24.15,24.151,0.099,0.035,24.205,24.106
24.154,24.154,0.099,0.034,24.205,24.106
24.147,24.147,0.099,0.031,24.205,24.106
24.159,24.159,0.093,0.035,24.224,24.131
24.166,24.166,0.093,0.037,24.224,24.131
24.173,24.173,0.093,0.037,24.224,24.131
24.172,24.172,0.103,0.039,24.224,24.121
24.17,24.17,0.105,0.041,24.224,24.119
24.17,24.17,0.105,0.041,24.224,24.119
24.174,24.174,0.105,0.038,24.224,24.119
24.166,24.166,0.105,0.04,24.224,24.119
24.17,24.17,0.105,0.04,24.224,24.119
24.177,24.177,0.105,0.039,24.224,24.119
24.166,24.166,0.098,0.04,24.209,24.111
24.164,24.164,0.098,0.038,24.209,24.111
24.156,24.156,0.091,0.036,24.202,24.111
24.158,24.158,0.091,0.035,24.202,24.111
24.169,24.169,0.118,0.038,24.229,24.111
24.17,24.17,0.118,0.038,24.229,24.111
24.173,24.174,0.118,0.04,24.229,24.111
24.184,24.184,0.118,0.04,24.229,24.111
24.184,24.184,0.118,0.04,24.229,24.111
24.186,24.186,0.118,0.041,24.229,24.111
24.191,24.191,0.099,0.034,24.229,24.13
24.196,24.196,0.104,0.036,24.234,24.13
24.207,24.207,0.097,0.031,24.239,24.142
24.207,24.207,0.094,0.03,24.239,24.145
24.2,24.2,0.094,0.033,24.239,24.145
24.202,24.202,0.094,0.034,24.239,24.145
24.204,24.204,0.094,0.035,24.239,24.145
24.194,24.194,0.11,0.04,24.239,24.129
24.194,24.194,0.11,0.04,24.239,24.129
24.187,24.187,0.11,0.04,24.239,24.129
24.185,24.185,0.11,0.042,24.239,24.129
24.182,24.182,0.11,0.04,24.239,24.129
24.174,24.174,0.102,0.035,24.231,24.129
24.173,24.173,0.102,0.037,24.231,24.129
24.171,24.171,0.102,0.038,24.231,24.129
24.171,24.171,0.1,0.038,24.229,24.129
24.163,24.163,0.1,0.033,24.229,24.129
24.173,24.173,0.095,0.036,24.229,24.134
24.169,24.169,0.095,0.036,24.229,24.134
24.174,24.174,0.095,0.037,24.229,24.134
24.183,24.183,0.097,0.038,24.231,24.134
24.185,24.185,0.097,0.04,24.231,24.134
24.186,24.186,0.097,0.039,24.231,24.134
24.19,24.19,0.097,0.036,24.231,24.134
24.189,24.189,0.103,0.036,24.231,24.128
24.185,24.185,0.103,0.034,24.231,24.128
24.184,24.184,0.103,0.036,24.231,24.128
24.172,24.172,0.118,0.038,24.231,24.113
24.171,24.171,0.118,0.039,24.231,24.113
24.164,24.164,0.118,0.039,24.231,24.113
24.164,24.164,0.117,0.039,24.23,24.113
24.163,24.163,0.117,0.038,24.23,24.113
24.159,24.159,0.117,0.04,24.23,24.113
24.148,24.148,0.17,0.049,24.23,24.06
24.142,24.142,0.17,0.055,24.23,24.06
24.141,24.141,0.17,0.054,24.23,24.06
24.133,24.133,0.17,0.058,24.23,24.06
24.134,24.134,0.17,0.058,24.23,24.06
24.131,24.131,0.17,0.058,24.23,24.06
24.132,24.132,0.17,0.058,24.23,24.06
24.123,24.123,0.16,0.049,24.22,24.06
24.115,24.115,0.121,0.037,24.181,24.06
24.117,24.117,0.121,0.038,24.181,24.06
24.126,24.126,0.116,0.034,24.181,24.065
24.132,24.132,0.116,0.028,24.181,24.065
24.131,24.131,0.101,0.026,24.166,24.065
24.146,24.146,0.101,0.027,24.215,24.114
24.147,24.147,0.101,0.026,24.215,24.114
24.148,24.148,0.096,0.025,24.215,24.119
24.155,24.155,0.096,0.03,24.215,24.119
24.153,24.153,0.096,0.032,24.215,24.119
24.16,24.16,0.096,0.036,24.215,24.119
24.157,24.157,0.096,0.038,24.215,24.119
24.154,24.154,0.096,0.039,24.215,24.119
24.161,24.161,0.096,0.041,24.215,24.119
24.154,24.154,0.118,0.045,24.215,24.097
24.146,24.146,0.114,0.041,24.211,24.097
24.145,24.145,0.114,0.041,24.211,24.097
24.154,24.154,0.114,0.044,24.211,24.097
24.146,24.146,0.114,0.041,24.211,24.097
24.155,24.155,0.121,0.046,24.218,24.097
24.147,24.147,0.121,0.042,24.218,24.097
24.147,24.147,0.121,0.042,24.218,24.097
24.153,24.153,0.121,0.042,24.218,24.097
24.15,24.15,0.121,0.04,24.218,24.097
24.151,24.151,0.106,0.038,24.218,24.112
24.157,24.157,0.106,0.038,24.218,24.112
24.163,24.163,0.106,0.038,24.218,24.112
24.16,24.16,0.106,0.036,24.218,24.112
24.16,24.16,0.106,0.035,24.218,24.112
24.156,24.156,0.078,0.03,24.19,24.112
24.152,24.152,0.093,0.034,24.19,24.097
24.15,24.15,0.098,0.038,24.19,24.092
24.151,24.151,0.098,0.038,24.19,24.092
24.15,24.15,0.098,0.038,24.19,24.092
24.147,24.147,0.106,0.041,24.19,24.084
24.139,24.139,0.106,0.041,24.19,24.084
24.132,24.132,0.102,0.037,24.186,24.084
24.126,24.126,0.102,0.034,24.186,24.084
24.126,24.126,0.102,0.034,24.186,24.084
24.117,24.117,0.111,0.033,24.186,24.075
24.126,24.126,0.112,0.038,24.187,24.075
24.125,24.125,0.112,0.039,24.187,24.075
24.124,24.124,0.112,0.037,24.187,24.075
24.118,24.118,0.112,0.036,24.187,24.075
24.121,24.121,0.112,0.034,24.187,24.075
24.121,24.121,0.112,0.034,24.187,24.075
24.127,24.127,0.112,0.038,24.187,24.075
24.123,24.124,0.112,0.04,24.187,24.075
24.122,24.122,0.112,0.04,24.187,24.075
24.123,24.123,0.105,0.039,24.187,24.082
24.111,24.111,0.106,0.035,24.178,24.072
24.112,24.112,0.106,0.035,24.178,24.072
24.102,24.102,0.105,0.028,24.177,24.072
24.101,24.101,0.105,0.028,24.177,24.072
24.105,24.105,0.105,0.034,24.177,24.072
24.111,24.111,0.105,0.037,24.177,24.072
24.102,24.102,0.089,0.03,24.161,24.072
24.102,24.103,0.089,0.03,24.161,24.072
24.1,24.1,0.089,0.031,24.161,24.072
24.103,24.103,0.089,0.03,24.161,24.072
24.105,24.105,0.081,0.029,24.161,24.08
24.105,24.105,0.081,0.029,24.161,24.08
24.106,24.106,0.079,0.028,24.161,24.082
24.108,24.108,0.079,0.027,24.161,24.082
24.102,24.102,0.077,0.021,24.159,24.082
24.097,24.097,0.03,0.009,24.112,24.082
24.097,24.097,0.03,0.009,24.112,24.082
24.097,24.097,0.03,0.009,24.112,24.082
24.098,24.098,0.023,0.007,24.112,24.089
24.094,24.094,0.035,0.01,24.105,24.07
24.094,24.094,0.035,0.01,24.105,24.07
24.092,24.092,0.035,0.011,24.105,24.07
24.094,24.094,0.038,0.012,24.108,24.07
24.093,24.093,0.038,0.012,24.108,24.07
24.091,24.091,0.038,0.012,24.108,24.07
24.09,24.09,0.038,0.011,24.108,24.07
24.091,24.091,0.038,0.011,24.108,24.07
24.088,24.088,0.038,0.012,24.108,24.07
24.088,24.088,0.038,0.012,24.108,24.07
24.092,24.092,0.035,0.011,24.108,24.073
24.092,24.092,0.035,0.011,24.108,24.073
24.091,24.091,0.047,0.014,24.108,24.061
24.09,24.09,0.043,0.013,24.104,24.061
24.086,24.086,0.051,0.017,24.104,24.053
24.086,24.086,0.051,0.017,24.104,24.053
24.083,24.084,0.051,0.017,24.104,24.053
24.092,24.093,0.134,0.036,24.187,24.053
24.095,24.095,0.134,0.035,24.187,24.053
24.097,24.097,0.134,0.036,24.187,24.053
24.095,24.095,0.134,0.036,24.187,24.053
24.09,24.09,0.134,0.038,24.187,24.053
24.094,24.094,0.134,0.037,24.187,24.053
24.095,24.095,0.134,0.037,24.187,24.053
24.097,24.097,0.133,0.035,24.187,24.054
24.106,24.107,0.133,0.042,24.187,24.054
24.108,24.108,0.133,0.041,24.187,24.054
24.096,24.096,0.121,0.033,24.175,24.054
24.097,24.097,0.121,0.033,24.175,24.054
24.094,24.094,0.121,0.032,24.175,24.054
24.094,24.095,0.121,0.032,24.175,24.054
24.099,24.099,0.112,0.029,24.175,24.063
24.098,24.098,0.112,0.029,24.175,24.063
24.093,24.093,0.112,0.03,24.175,24.063
24.094,24.094,0.112,0.03,24.175,24.063
24.087,24.087,0.045,0.014,24.108,24.063
24.086,24.086,0.045,0.014,24.108,24.063
24.089,24.089,0.044,0.012,24.108,24.064
24.089,24.09,0.05,0.013,24.114,24.064
24.091,24.091,0.05,0.013,24.114,24.064
24.091,24.091,0.05,0.013,24.114,24.064
24.091,24.091,0.05,0.013,24.114,24.064
24.091,24.091,0.05,0.013,24.114,24.064
24.093,24.093,0.034,0.01,24.114,24.08
24.096,24.096,0.036,0.012,24.116,24.08
24.094,24.094,0.036,0.012,24.116,24.08
24.095,24.095,0.032,0.011,24.116,24.084
24.095,24.095,0.032,0.011,24.116,24.084
24.102,24.102,0.103,0.03,24.187,24.084
24.101,24.101,0.103,0.03,24.187,24.084
24.101,24.101,0.103,0.03,24.187,24.084
24.109,24.109,0.103,0.037,24.187,24.084
24.111,24.111,0.103,0.036,24.187,24.084
24.112,24.112,0.103,0.036,24.187,24.084
24.108,24.108,0.107,0.037,24.187,24.08
24.109,24.109,0.107,0.037,24.187,24.08
24.111,24.111,0.107,0.036,24.187,24.08
24.12,24.12,0.107,0.04,24.187,24.08
24.11,24.11,0.095,0.034,24.175,24.08
24.108,24.108,0.1,0.035,24.175,24.075
24.11,24.11,0.1,0.034,24.175,24.075
24.101,24.101,0.1,0.027,24.175,24.075
24.102,24.102,0.1,0.027,24.175,24.075
24.101,24.101,0.1,0.028,24.175,24.075
24.101,24.101,0.1,0.028,24.175,24.075
24.101,24.101,0.1,0.028,24.175,24.075
24.098,24.099,0.1,0.028,24.175,24.075
24.09,24.09,0.037,0.011,24.112,24.075
24.091,24.091,0.037,0.011,24.112,24.075
24.094,24.094,0.032,0.01,24.112,24.08
24.093,24.093,0.032,0.01,24.112,24.08
24.094,24.094,0.032,0.01,24.112,24.08
24.094,24.094,0.031,0.01,24.111,24.08
24.095,24.095,0.031,0.009,24.111,24.08
24.098,24.099,0.03,0.009,24.112,24.082
24.101,24.101,0.025,0.008,24.112,24.087
24.102,24.102,0.025,0.007,24.112,24.087
24.106,24.106,0.026,0.007,24.122,24.096
24.105,24.105,0.026,0.008,24.122,24.096
24.108,24.108,0.035,0.011,24.131,24.096
24.11,24.11,0.035,0.01,24.131,24.096
24.11,24.11,0.035,0.01,24.131,24.096
24.118,24.118,0.092,0.026,24.188,24.096
24.118,24.119,0.091,0.025,24.188,24.097
24.117,24.117,0.091,0.026,24.188,24.097
24.119,24.119,0.091,0.025,24.188,24.097
24.122,24.122,0.091,0.025,24.188,24.097
24.124,24.124,0.091,0.025,24.188,24.097
24.124,24.124,0.091,0.025,24.188,24.097
24.122,24.122,0.091,0.026,24.188,24.097
24.124,24.124,0.091,0.026,24.188,24.097
24.13,24.13,0.091,0.029,24.188,24.097
24.12,24.12,0.084,0.024,24.172,24.088
24.12,24.12,0.084,0.024,24.172,24.088
24.12,24.12,0.084,0.024,24.172,24.088
24.12,24.12,0.084,0.024,24.172,24.088
24.116,24.117,0.084,0.024,24.172,24.088
24.118,24.118,0.084,0.025,24.172,24.088
24.118,24.118,0.084,0.025,24.172,24.088
24.118,24.118,0.084,0.025,24.172,24.088
24.117,24.117,0.084,0.024,24.172,24.088
24.11,24.11,0.057,0.016,24.145,24.088
24.113,24.113,0.046,0.014,24.145,24.099
24.116,24.116,0.046,0.014,24.145,24.099
24.118,24.118,0.046,0.014,24.145,24.099
24.117,24.117,0.046,0.014,24.145,24.099
24.117,24.117,0.047,0.014,24.145,24.098
24.115,24.115,0.029,0.011,24.127,24.098
24.117,24.117,0.029,0.01,24.127,24.098
24.118,24.118,0.029,0.01,24.127,24.098
24.115,24.115,0.03,0.011,24.127,24.097
24.117,24.117,0.03,0.01,24.127,24.097
24.115,24.115,0.03,0.011,24.127,24.097
24.115,24.115,0.03,0.011,24.127,24.097
24.112,24.112,0.03,0.011,24.127,24.097
24.114,24.114,0.034,0.013,24.131,24.097
24.114,24.114,0.034,0.012,24.131,24.097
24.112,24.112,0.034,0.012,24.131,24.097
24.111,24.111,0.034,0.011,24.131,24.097
24.111,24.111,0.034,0.011,24.131,24.097
24.119,24.119,0.088,0.024,24.185,24.097
24.118,24.118,0.088,0.024,24.185,24.097
24.121,24.121,0.088,0.024,24.185,24.097
24.12,24.12,0.088,0.024,24.185,24.097
24.12,24.12,0.09,0.024,24.185,24.095
24.126,24.126,0.098,0.033,24.193,24.095
24.127,24.127,0.098,0.032,24.193,24.095
24.13,24.13,0.098,0.031,24.193,24.095
24.132,24.132,0.098,0.031,24.193,24.095
24.134,24.134,0.098,0.03,24.193,24.095
24.127,24.127,0.098,0.026,24.193,24.095
24.136,24.136,0.102,0.032,24.197,24.095
24.134,24.134,0.102,0.033,24.197,24.095
24.136,24.136,0.102,0.032,24.197,24.095
24.138,24.138,0.088,0.03,24.197,24.109
24.131,24.131,0.088,0.025,24.197,24.109
24.13,24.13,0.088,0.025,24.197,24.109
24.138,24.138,0.102,0.035,24.211,24.109
24.135,24.135,0.106,0.036,24.211,24.105
24.134,24.134,0.106,0.036,24.211,24.105
24.135,24.135,0.106,0.036,24.211,24.105
24.129,24.129,0.106,0.029,24.211,24.105
24.13,24.13,0.106,0.029,24.211,24.105
24.138,24.138,0.117,0.04,24.222,24.105
24.139,24.139,0.117,0.04,24.222,24.105
24.149,24.149,0.117,0.045,24.222,24.105
24.148,24.148,0.12,0.046,24.222,24.102
24.14,24.14,0.12,0.041,24.222,24.102
24.14,24.14,0.12,0.041,24.222,24.102
24.141,24.141,0.12,0.041,24.222,24.102
24.142,24.142,0.12,0.041,24.222,24.102
24.143,24.143,0.12,0.041,24.222,24.102
24.142,24.142,0.12,0.041,24.222,24.102
24.14,24.14,0.116,0.037,24.218,24.102
24.142,24.142,0.116,0.036,24.218,24.102
24.134,24.134,0.097,0.026,24.199,24.102
24.136,24.136,0.096,0.025,24.199,24.103
24.132,24.132,0.097,0.027,24.199,24.102
24.135,24.135,0.097,0.025,24.199,24.102
24.134,24.134,0.097,0.025,24.199,24.102
24.131,24.131,0.097,0.026,24.199,24.102
24.13,24.13,0.097,0.026,24.199,24.102
24.134,24.134,0.097,0.026,24.199,24.102
24.125,24.125,0.047,0.015,24.149,24.102
24.123,24.123,0.047,0.014,24.149,24.102
24.124,24.124,0.047,0.014,24.149,24.102
24.124,24.124,0.047,0.015,24.149,24.102
24.128,24.128,0.044,0.015,24.15,24.106
24.137,24.137,0.113,0.031,24.219,24.106
24.138,24.138,0.113,0.031,24.219,24.106
24.138,24.138,0.116,0.031,24.219,24.103
24.135,24.135,0.116,0.032,24.219,24.103
24.131,24.131,0.116,0.033,24.219,24.103
24.136,24.136,0.116,0.033,24.219,24.103
24.144,24.144,0.116,0.039,24.219,24.103
24.14,24.14,0.116,0.041,24.219,24.103
24.138,24.138,0.126,0.043,24.219,24.093
24.144,24.144,0.126,0.048,24.219,24.093
24.134,24.134,0.119,0.041,24.212,24.093
24.131,24.131,0.119,0.042,24.212,24.093
24.136,24.136,0.119,0.042,24.212,24.093
24.138,24.139,0.119,0.041,24.212,24.093
24.15,24.15,0.128,0.046,24.221,24.093
24.155,24.155,0.128,0.049,24.221,24.093
24.144,24.145,0.128,0.047,24.221,24.093
24.147,24.147,0.128,0.046,24.221,24.093
24.148,24.148,0.118,0.045,24.221,24.103
24.138,24.138,0.118,0.041,24.221,24.103
24.139,24.139,0.118,0.04,24.221,24.103
24.14,24.14,0.118,0.04,24.221,24.103
24.135,24.135,0.118,0.04,24.221,24.103
24.131,24.131,0.13,0.042,24.221,24.091
24.12,24.12,0.116,0.03,24.207,24.091
24.122,24.122,0.13,0.034,24.221,24.091
24.123,24.123,0.13,0.034,24.221,24.091
24.123,24.123,0.13,0.034,24.221,24.091
24.124,24.124,0.13,0.033,24.221,24.091
24.126,24.126,0.13,0.033,24.221,24.091
24.126,24.126,0.13,0.033,24.221,24.091
24.125,24.125,0.13,0.034,24.221,24.091
24.126,24.126,0.13,0.034,24.221,24.091
24.127,24.127,0.121,0.033,24.221,24.1
24.127,24.127,0.121,0.033,24.221,24.1
24.124,24.124,0.091,0.024,24.191,24.1
24.123,24.123,0.091,0.024,24.191,24.1
24.124,24.124,0.091,0.025,24.191,24.1
24.122,24.122,0.096,0.026,24.191,24.095
24.129,24.129,0.114,0.037,24.209,24.095
24.128,24.128,0.114,0.038,24.209,24.095
24.13,24.13,0.114,0.037,24.209,24.095
24.129,24.129,0.114,0.037,24.209,24.095
24.133,24.133,0.114,0.036,24.209,24.095
24.133,24.133,0.114,0.036,24.209,24.095
24.128,24.128,0.114,0.03,24.209,24.095
24.128,24.128,0.114,0.031,24.209,24.095
24.123,24.123,0.125,0.033,24.209,24.084
24.126,24.126,0.125,0.032,24.209,24.084
24.118,24.118,0.061,0.017,24.145,24.084
24.118,24.118,0.061,0.017,24.145,24.084
24.114,24.114,0.061,0.018,24.145,24.084
24.118,24.118,0.063,0.02,24.147,24.084
24.116,24.116,0.063,0.02,24.147,24.084
24.117,24.117,0.063,0.02,24.147,24.084
24.118,24.118,0.073,0.022,24.157,24.084
24.122,24.122,0.073,0.024,24.157,24.084
24.128,24.128,0.064,0.02,24.157,24.093
24.138,24.138,0.127,0.034,24.22,24.093
24.139,24.139,0.127,0.034,24.22,24.093
24.141,24.141,0.127,0.032,24.22,24.093
24.145,24.145,0.101,0.028,24.22,24.119
24.143,24.144,0.101,0.028,24.22,24.119
24.155,24.155,0.114,0.038,24.237,24.123
24.156,24.156,0.114,0.037,24.237,24.123
24.154,24.154,0.114,0.038,24.237,24.123
24.159,24.159,0.114,0.041,24.237,24.123
24.155,24.155,0.136,0.044,24.237,24.101
24.143,24.143,0.144,0.042,24.237,24.093
24.138,24.138,0.152,0.046,24.237,24.085
24.139,24.139,0.152,0.045,24.237,24.085
24.137,24.137,0.152,0.046,24.237,24.085
24.136,24.136,0.152,0.046,24.237,24.085
24.126,24.126,0.12,0.032,24.205,24.085
24.119,24.119,0.136,0.036,24.205,24.069
24.113,24.113,0.136,0.039,24.205,24.069
24.101,24.101,0.07,0.023,24.139,24.069
24.109,24.109,0.107,0.032,24.176,24.069
24.11,24.11,0.107,0.032,24.176,24.069
24.113,24.113,0.107,0.031,24.176,24.069
24.109,24.109,0.107,0.03,24.176,24.069
24.119,24.119,0.132,0.04,24.201,24.069
24.125,24.125,0.132,0.046,24.201,24.069
24.12,24.12,0.132,0.047,24.201,24.069
24.121,24.121,0.131,0.046,24.201,24.07
24.124,24.124,0.123,0.043,24.201,24.078
24.125,24.126,0.123,0.042,24.201,24.078
24.117,24.117,0.123,0.04,24.201,24.078
24.119,24.119,0.123,0.039,24.201,24.078
24.118,24.118,0.123,0.04,24.201,24.078
24.118,24.118,0.123,0.04,24.201,24.078
24.106,24.106,0.11,0.03,24.188,24.078
24.096,24.096,0.039,0.011,24.117,24.078
24.106,24.106,0.108,0.029,24.186,24.078
24.106,24.106,0.106,0.029,24.186,24.08
24.105,24.105,0.106,0.029,24.186,24.08
24.103,24.103,0.106,0.03,24.186,24.08
24.105,24.105,0.106,0.029,24.186,24.08
24.105,24.105,0.106,0.03,24.186,24.08
24.11,24.11,0.106,0.033,24.186,24.08
24.109,24.109,0.106,0.033,24.186,24.08
24.11,24.111,0.106,0.032,24.186,24.08
24.11,24.11,0.106,0.033,24.186,24.08
24.101,24.101,0.071,0.02,24.151,24.08
24.101,24.101,0.076,0.021,24.151,24.075
24.1,24.1,0.076,0.021,24.151,24.075
24.107,24.107,0.079,0.026,24.154,24.075
24.115,24.115,0.118,0.037,24.193,24.075
24.11,24.11,0.118,0.039,24.193,24.075
24.105,24.105,0.118,0.036,24.193,24.075
24.108,24.108,0.118,0.036,24.193,24.075
24.109,24.109,0.118,0.036,24.193,24.075
24.112,24.112,0.118,0.035,24.193,24.075
24.112,24.112,0.118,0.035,24.193,24.075
24.125,24.125,0.126,0.042,24.202,24.076
24.126,24.126,0.126,0.04,24.202,24.076
24.128,24.128,0.126,0.042,24.202,24.076
24.12,24.12,0.126,0.036,24.202,24.076
24.131,24.131,0.104,0.037,24.202,24.098
24.128,24.128,0.128,0.04,24.202,24.074
24.13,24.13,0.128,0.04,24.202,24.074
24.127,24.127,0.128,0.042,24.202,24.074
24.133,24.133,0.128,0.045,24.202,24.074
24.142,24.142,0.128,0.046,24.202,24.074
24.132,24.132,0.112,0.043,24.186,24.074
24.132,24.132,0.112,0.042,24.186,24.074
24.123,24.123,0.112,0.043,24.186,24.074
24.122,24.122,0.112,0.043,24.186,24.074
24.113,24.113,0.111,0.038,24.185,24.074
24.116,24.116,0.11,0.036,24.185,24.075
24.112,24.112,0.11,0.036,24.185,24.075
24.113,24.113,0.11,0.036,24.185,24.075
24.103,24.103,0.11,0.028,24.185,24.075
24.094,24.095,0.03,0.009,24.105,24.075
24.094,24.094,0.03,0.009,24.105,24.075
24.091,24.091,0.03,0.009,24.105,24.075
24.101,24.101,0.095,0.025,24.173,24.078
24.101,24.101,0.095,0.025,24.173,24.078
24.102,24.102,0.095,0.025,24.173,24.078
24.104,24.104,0.095,0.026,24.173,24.078
24.104,24.105,0.095,0.026,24.173,24.078
24.106,24.106,0.095,0.025,24.173,24.078
24.106,24.106,0.095,0.025,24.173,24.078
24.116,24.116,0.12,0.037,24.198,24.078
24.118,24.118,0.12,0.036,24.198,24.078
24.12,24.12,0.108,0.035,24.198,24.09
24.114,24.114,0.108,0.03,24.198,24.09
24.115,24.115,0.108,0.03,24.198,24.09
24.116,24.116,0.108,0.03,24.198,24.09
24.116,24.116,0.108,0.03,24.198,24.09
24.122,24.122,0.108,0.03,24.198,24.09
24.122,24.122,0.108,0.031,24.198,24.09
24.123,24.123,0.1,0.03,24.198,24.098
24.114,24.114,0.051,0.016,24.149,24.098
24.113,24.113,0.051,0.016,24.149,24.098
24.124,24.124,0.105,0.031,24.205,24.1
24.133,24.133,0.109,0.04,24.209,24.1
24.131,24.131,0.126,0.042,24.209,24.083
24.13,24.13,0.126,0.042,24.209,24.083
24.135,24.135,0.126,0.044,24.209,24.083
24.129,24.129,0.126,0.046,24.209,24.083
24.135,24.135,0.126,0.046,24.209,24.083
24.137,24.137,0.126,0.045,24.209,24.083
24.135,24.135,0.126,0.047,24.209,24.083
24.134,24.134,0.126,0.048,24.209,24.083
24.129,24.129,0.126,0.042,24.209,24.083
24.127,24.127,0.106,0.039,24.189,24.083
24.137,24.137,0.106,0.039,24.189,24.083
24.134,24.134,0.106,0.042,24.189,24.083
24.135,24.135,0.106,0.043,24.189,24.083
24.138,24.138,0.106,0.04,24.189,24.083
24.131,24.131,0.106,0.041,24.189,24.083
24.138,24.138,0.106,0.044,24.189,24.083
24.14,24.14,0.105,0.042,24.189,24.084
24.149,24.149,0.107,0.042,24.191,24.084
24.144,24.144,0.107,0.044,24.191,24.084
24.142,24.142,0.107,0.043,24.191,24.084
24.137,24.137,0.107,0.041,24.191,24.084
24.147,24.147,0.092,0.038,24.191,24.099
24.147,24.147,0.092,0.038,24.191,24.099
24.155,24.155,0.098,0.04,24.197,24.099
24.162,24.162,0.098,0.035,24.197,24.099
24.156,24.156,0.098,0.036,24.197,24.099
24.157,24.157,0.098,0.034,24.197,24.099
24.157,24.157,0.098,0.034,24.197,24.099
24.166,24.166,0.089,0.029,24.197,24.108
24.167,24.167,0.089,0.029,24.197,24.108
24.171,24.171,0.089,0.028,24.197,24.108
24.17,24.17,0.089,0.028,24.197,24.108
24.17,24.17,0.089,0.027,24.197,24.108
24.164,24.165,0.083,0.027,24.191,24.108
24.166,24.166,0.083,0.028,24.191,24.108
24.164,24.164,0.083,0.03,24.191,24.108
24.164,24.164,0.087,0.031,24.191,24.104
24.166,24.166,0.101,0.033,24.205,24.104
24.166,24.166,0.101,0.033,24.205,24.104
24.167,24.168,0.101,0.034,24.205,24.104
24.165,24.165,0.101,0.033,24.205,24.104
24.168,24.168,0.101,0.035,24.205,24.104
24.171,24.171,0.105,0.037,24.209,24.104
24.175,24.175,0.105,0.036,24.209,24.104
24.174,24.174,0.105,0.036,24.209,24.104
24.175,24.175,0.105,0.035,24.209,24.104
24.182,24.182,0.089,0.026,24.209,24.12
24.171,24.171,0.113,0.035,24.209,24.096
24.164,24.165,0.113,0.037,24.209,24.096
24.162,24.162,0.113,0.035,24.209,24.096
24.167,24.167,0.113,0.037,24.209,24.096
24.165,24.165,0.113,0.036,24.209,24.096
24.164,24.164,0.109,0.035,24.205,24.096
24.164,24.164,0.109,0.035,24.205,24.096
24.163,24.163,0.109,0.034,24.205,24.096
24.163,24.163,0.109,0.034,24.205,24.096
24.161,24.161,0.109,0.034,24.205,24.096
24.161,24.161,0.114,0.035,24.205,24.091
24.159,24.159,0.114,0.037,24.205,24.091
24.162,24.162,0.114,0.039,24.205,24.091
24.152,24.152,0.108,0.04,24.199,24.091
24.151,24.151,0.108,0.039,24.199,24.091
24.145,24.145,0.108,0.036,24.199,24.091
24.147,24.147,0.11,0.038,24.201,24.091
24.15,24.151,0.118,0.042,24.209,24.091
24.156,24.156,0.118,0.042,24.209,24.091
24.158,24.158,0.118,0.042,24.209,24.091
24.17,24.17,0.106,0.037,24.209,24.103
24.174,24.174,0.106,0.032,24.209,24.103
24.175,24.175,0.106,0.033,24.209,24.103
24.179,24.179,0.071,0.025,24.209,24.138
24.173,24.173,0.093,0.031,24.209,24.116
24.17,24.17,0.101,0.036,24.209,24.108
24.169,24.169,0.101,0.035,24.209,24.108
24.159,24.159,0.099,0.036,24.207,24.108
24.164,24.164,0.114,0.04,24.222,24.108
24.163,24.163,0.114,0.04,24.222,24.108
24.161,24.162,0.114,0.039,24.222,24.108
24.166,24.167,0.114,0.041,24.222,24.108
24.157,24.157,0.114,0.042,24.222,24.108
24.162,24.162,0.114,0.043,24.222,24.108
24.164,24.164,0.114,0.041,24.222,24.108
24.173,24.173,0.111,0.038,24.222,24.111
24.174,24.175,0.111,0.039,24.222,24.111
24.181,24.181,0.111,0.033,24.222,24.111
24.172,24.172,0.095,0.033,24.206,24.111
24.171,24.171,0.095,0.033,24.206,24.111
24.169,24.169,0.095,0.032,24.206,24.111
24.168,24.168,0.095,0.031,24.206,24.111
24.17,24.17,0.081,0.029,24.206,24.125
24.17,24.17,0.081,0.03,24.206,24.125
24.176,24.176,0.081,0.028,24.206,24.125
24.176,24.176,0.081,0.027,24.206,24.125
24.172,24.173,0.076,0.026,24.201,24.125
24.174,24.174,0.076,0.027,24.201,24.125
24.178,24.178,0.076,0.023,24.201,24.125
24.172,24.172,0.099,0.032,24.201,24.102
24.167,24.167,0.099,0.036,24.201,24.102
24.168,24.168,0.102,0.036,24.204,24.102
24.171,24.171,0.102,0.034,24.204,24.102
24.17,24.17,0.102,0.033,24.204,24.102
24.161,24.161,0.102,0.037,24.204,24.102
24.162,24.162,0.102,0.037,24.204,24.102
24.156,24.156,0.102,0.04,24.204,24.102
24.156,24.156,0.102,0.04,24.204,24.102
24.15,24.15,0.102,0.043,24.204,24.102
24.159,24.159,0.098,0.041,24.204,24.106
24.167,24.167,0.098,0.04,24.204,24.106
24.157,24.157,0.095,0.042,24.201,24.106
24.16,24.16,0.095,0.043,24.201,24.106
24.153,24.153,0.095,0.043,24.201,24.106
24.153,24.153,0.1,0.044,24.201,24.101
24.145,24.145,0.1,0.041,24.201,24.101
24.145,24.145,0.1,0.042,24.201,24.101
24.144,24.144,0.1,0.04,24.201,24.101
24.146,24.146,0.1,0.039,24.201,24.101
24.144,24.144,0.1,0.038,24.201,24.101
24.143,24.143,0.09,0.036,24.191,24.101
24.146,24.146,0.09,0.034,24.191,24.101
24.144,24.144,0.09,0.032,24.191,24.101
24.144,24.144,0.09,0.032,24.191,24.101
24.156,24.156,0.113,0.036,24.222,24.109
24.162,24.162,0.113,0.035,24.222,24.109
24.163,24.163,0.107,0.035,24.222,24.115
24.163,24.163,0.107,0.035,24.222,24.115
24.163,24.163,0.107,0.035,24.222,24.115
24.164,24.164,0.107,0.035,24.222,24.115
24.164,24.164,0.107,0.035,24.222,24.115
24.169,24.169,0.107,0.034,24.222,24.115
24.163,24.163,0.109,0.038,24.222,24.113
24.171,24.171,0.109,0.037,24.222,24.113
24.167,24.168,0.089,0.034,24.202,24.113
24.161,24.161,0.089,0.036,24.202,24.113
24.167,24.167,0.089,0.033,24.202,24.113
24.166,24.166,0.089,0.032,24.202,24.113
24.174,24.174,0.091,0.03,24.204,24.113
24.17,24.17,0.091,0.033,24.204,24.113
24.162,24.162,0.091,0.036,24.204,24.113
24.164,24.164,0.091,0.037,24.204,24.113
24.165,24.165,0.09,0.036,24.204,24.114
24.155,24.155,0.094,0.037,24.204,24.11
24.152,24.152,0.094,0.035,24.204,24.11
24.16,24.16,0.094,0.036,24.204,24.11
24.154,24.154,0.094,0.038,24.204,24.11
24.146,24.146,0.094,0.039,24.204,24.11
24.145,24.145,0.092,0.037,24.202,24.11
24.146,24.146,0.092,0.037,24.202,24.11
24.154,24.154,0.092,0.038,24.202,24.11
24.152,24.152,0.09,0.035,24.2,24.11
24.158,24.158,0.09,0.036,24.2,24.11
24.158,24.158,0.091,0.036,24.2,24.109
24.152,24.152,0.101,0.04,24.2,24.099
24.148,24.148,0.097,0.037,24.196,24.099
24.156,24.156,0.097,0.037,24.196,24.099
24.155,24.155,0.097,0.037,24.196,24.099
24.15,24.15,0.097,0.036,24.196,24.099
24.155,24.155,0.097,0.038,24.196,24.099
24.155,24.155,0.105,0.038,24.204,24.099
24.159,24.159,0.112,0.042,24.211,24.099
24.161,24.161,0.116,0.044,24.215,24.099
24.163,24.163,0.116,0.042,24.215,24.099
24.167,24.167,0.107,0.038,24.215,24.108
24.164,24.164,0.107,0.04,24.215,24.108
24.157,24.157,0.107,0.04,24.215,24.108
24.164,24.165,0.093,0.038,24.215,24.122
24.161,24.161,0.116,0.042,24.215,24.099
24.153,24.153,0.116,0.044,24.215,24.099
24.145,24.145,0.116,0.041,24.215,24.099
24.147,24.147,0.131,0.044,24.23,24.099
24.145,24.145,0.131,0.041,24.23,24.099
24.154,24.154,0.131,0.046,24.23,24.099
24.16,24.16,0.131,0.047,24.23,24.099
24.16,24.16,0.131,0.047,24.23,24.099
24.169,24.169,0.131,0.047,24.23,24.099
24.169,24.169,0.131,0.047,24.23,24.099
24.172,24.172,0.126,0.044,24.23,24.104
24.172,24.172,0.127,0.044,24.23,24.103
24.177,24.177,0.127,0.042,24.23,24.103
24.166,24.167,0.114,0.041,24.217,24.103
24.157,24.157,0.118,0.044,24.217,24.099
24.155,24.155,0.111,0.041,24.21,24.099
24.153,24.153,0.111,0.04,24.21,24.099
24.15,24.15,0.123,0.044,24.21,24.087
24.142,24.142,0.106,0.039,24.193,24.087
24.135,24.135,0.106,0.036,24.193,24.087
24.135,24.135,0.106,0.036,24.193,24.087
24.134,24.134,0.106,0.037,24.193,24.087
24.133,24.134,0.106,0.037,24.193,24.087
24.13,24.13,0.106,0.039,24.193,24.087
24.13,24.13,0.106,0.04,24.193,24.087
24.121,24.121,0.096,0.034,24.183,24.087
24.12,24.121,0.096,0.034,24.183,24.087
24.122,24.122,0.094,0.033,24.183,24.089
24.121,24.121,0.094,0.033,24.183,24.089
24.125,24.125,0.094,0.035,24.183,24.089
24.124,24.124,0.094,0.036,24.183,24.089
24.124,24.124,0.094,0.035,24.183,24.089
24.124,24.124,0.096,0.036,24.185,24.089
24.127,24.127,0.092,0.034,24.185,24.093
24.126,24.126,0.1,0.035,24.185,24.085
24.128,24.128,0.1,0.034,24.185,24.085
24.129,24.129,0.109,0.037,24.194,24.085
24.137,24.137,0.109,0.037,24.194,24.085
24.136,24.136,0.109,0.038,24.194,24.085
24.129,24.129,0.109,0.038,24.194,24.085
24.137,24.137,0.109,0.042,24.194,24.085
24.145,24.145,0.109,0.04,24.194,24.085
24.145,24.145,0.109,0.041,24.194,24.085
24.143,24.143,0.109,0.043,24.194,24.085
24.143,24.143,0.109,0.043,24.194,24.085
24.141,24.141,0.109,0.044,24.194,24.085
24.132,24.132,0.103,0.041,24.188,24.085
24.121,24.121,0.12,0.043,24.188,24.068
24.121,24.121,0.12,0.043,24.188,24.068
24.12,24.12,0.12,0.043,24.188,24.068
24.119,24.119,0.119,0.04,24.187,24.068
24.111,24.111,0.119,0.036,24.187,24.068
24.1,24.101,0.102,0.026,24.17,24.068
24.108,24.109,0.106,0.034,24.174,24.068
24.109,24.109,0.106,0.034,24.174,24.068
24.108,24.108,0.106,0.034,24.174,24.068
24.11,24.11,0.106,0.034,24.174,24.068
24.118,24.118,0.09,0.033,24.174,24.084
24.118,24.118,0.09,0.033,24.174,24.084
24.118,24.118,0.09,0.033,24.174,24.084
24.112,24.113,0.09,0.028,24.174,24.084
24.112,24.112,0.09,0.028,24.174,24.084
24.121,24.121,0.088,0.031,24.174,24.086
24.112,24.112,0.081,0.026,24.167,24.086
24.12,24.12,0.078,0.028,24.167,24.089
24.129,24.129,0.098,0.033,24.187,24.089
24.137,24.137,0.111,0.039,24.2,24.089
24.135,24.135,0.111,0.039,24.2,24.089
24.136,24.136,0.111,0.038,24.2,24.089
24.147,24.147,0.119,0.041,24.208,24.089
24.146,24.146,0.119,0.042,24.208,24.089
24.143,24.143,0.143,0.047,24.208,24.065
24.144,24.144,0.143,0.047,24.208,24.065
24.145,24.145,0.143,0.046,24.208,24.065
24.14,24.14,0.143,0.047,24.208,24.065
24.139,24.139,0.143,0.046,24.208,24.065
24.13,24.13,0.143,0.042,24.208,24.065
24.127,24.127,0.143,0.043,24.208,24.065
24.133,24.133,0.143,0.045,24.208,24.065
24.123,24.123,0.115,0.038,24.18,24.065
24.131,24.131,0.118,0.041,24.183,24.065
24.138,24.138,0.085,0.035,24.183,24.098
24.132,24.132,0.085,0.033,24.183,24.098
24.133,24.133,0.085,0.032,24.183,24.098
24.131,24.131,0.09,0.034,24.183,24.093
24.122,24.122,0.092,0.031,24.183,24.091
24.129,24.129,0.092,0.035,24.183,24.091
24.13,24.13,0.092,0.034,24.183,24.091
24.133,24.133,0.112,0.038,24.203,24.091
24.132,24.132,0.112,0.039,24.203,24.091
24.132,24.133,0.112,0.041,24.203,24.091
24.129,24.129,0.112,0.042,24.203,24.091
24.136,24.136,0.112,0.044,24.203,24.091
24.143,24.143,0.112,0.045,24.203,24.091
24.154,24.154,0.112,0.045,24.203,24.091
24.156,24.156,0.108,0.043,24.203,24.095
24.148,24.148,0.111,0.046,24.203,24.092
24.148,24.148,0.111,0.046,24.203,24.092
24.134,24.135,0.13,0.047,24.202,24.072
24.133,24.133,0.13,0.048,24.202,24.072
24.123,24.123,0.13,0.045,24.202,24.072
24.123,24.123,0.13,0.045,24.202,24.072
24.119,24.119,0.13,0.041,24.202,24.072
24.113,24.113,0.13,0.035,24.202,24.072
24.103,24.103,0.07,0.019,24.142,24.072
24.103,24.103,0.07,0.019,24.142,24.072
24.107,24.107,0.07,0.021,24.142,24.072
24.107,24.107,0.07,0.021,24.142,24.072
24.117,24.117,0.093,0.026,24.176,24.083
24.119,24.119,0.082,0.024,24.176,24.094
24.119,24.119,0.085,0.025,24.176,24.091
24.128,24.128,0.107,0.034,24.198,24.091
24.124,24.124,0.107,0.034,24.198,24.091
24.132,24.132,0.11,0.041,24.201,24.091
24.134,24.134,0.11,0.04,24.201,24.091
24.133,24.133,0.11,0.04,24.201,24.091
24.13,24.13,0.11,0.041,24.201,24.091
24.13,24.13,0.11,0.041,24.201,24.091
24.121,24.121,0.114,0.04,24.201,24.087
24.122,24.122,0.114,0.04,24.201,24.087
24.124,24.124,0.114,0.038,24.201,24.087
24.115,24.115,0.114,0.03,24.201,24.087
24.123,24.123,0.114,0.037,24.201,24.087
24.112,24.112,0.105,0.028,24.189,24.084
24.12,24.12,0.113,0.038,24.197,24.084
24.126,24.127,0.113,0.04,24.197,24.084
24.127,24.127,0.113,0.04,24.197,24.084
24.126,24.126,0.113,0.04,24.197,24.084
24.134,24.134,0.113,0.039,24.197,24.084
24.137,24.137,0.113,0.038,24.197,24.084
24.136,24.137,0.113,0.039,24.197,24.084
24.143,24.143,0.113,0.038,24.197,24.084
24.133,24.133,0.113,0.037,24.197,24.084
24.133,24.133,0.116,0.037,24.197,24.081
24.122,24.122,0.088,0.032,24.169,24.081
24.122,24.122,0.083,0.031,24.164,24.081
24.129,24.129,0.101,0.036,24.182,24.081
24.13,24.13,0.101,0.035,24.182,24.081
24.133,24.133,0.111,0.039,24.192,24.081
24.13,24.13,0.111,0.039,24.192,24.081
24.132,24.132,0.111,0.038,24.192,24.081
24.126,24.126,0.111,0.037,24.192,24.081
24.126,24.127,0.111,0.037,24.192,24.081
24.13,24.13,0.102,0.034,24.192,24.09
24.128,24.128,0.116,0.036,24.192,24.076
24.13,24.13,0.116,0.038,24.192,24.076
24.13,24.13,0.116,0.038,24.192,24.076
24.129,24.129,0.116,0.038,24.192,24.076
24.117,24.117,0.107,0.035,24.182,24.075
24.116,24.116,0.107,0.035,24.182,24.075
24.114,24.114,0.107,0.035,24.182,24.075
24.114,24.114,0.107,0.035,24.182,24.075
24.121,24.121,0.107,0.039,24.182,24.075
24.13,24.13,0.134,0.047,24.209,24.075
24.135,24.135,0.134,0.043,24.209,24.075
24.129,24.129,0.134,0.041,24.209,24.075
24.123,24.123,0.134,0.037,24.209,24.075
24.126,24.126,0.134,0.036,24.209,24.075
24.129,24.129,0.111,0.033,24.209,24.098
24.129,24.129,0.111,0.033,24.209,24.098
24.129,24.129,0.12,0.034,24.209,24.089
24.135,24.135,0.12,0.034,24.209,24.089
24.128,24.128,0.12,0.033,24.209,24.089
24.118,24.118,0.074,0.019,24.163,24.089
24.123,24.123,0.082,0.025,24.171,24.089
24.121,24.121,0.082,0.025,24.171,24.089
24.118,24.119,0.082,0.026,24.171,24.089
24.114,24.114,0.087,0.028,24.171,24.084
24.116,24.116,0.087,0.028,24.171,24.084
24.123,24.123,0.107,0.036,24.191,24.084
24.124,24.124,0.107,0.035,24.191,24.084
24.12,24.12,0.107,0.032,24.191,24.084
24.12,24.12,0.107,0.032,24.191,24.084
24.118,24.118,0.107,0.033,24.191,24.084
24.12,24.12,0.111,0.038,24.195,24.084
24.125,24.125,0.111,0.039,24.195,24.084
24.126,24.127,0.111,0.038,24.195,24.084
24.134,24.134,0.103,0.037,24.195,24.092
24.142,24.142,0.103,0.04,24.195,24.092
24.141,24.141,0.103,0.039,24.195,24.092
24.142,24.142,0.103,0.038,24.195,24.092
24.149,24.149,0.103,0.039,24.195,24.092
24.151,24.151,0.103,0.037,24.195,24.092
24.16,24.16,0.086,0.032,24.195,24.109
24.158,24.158,0.084,0.03,24.193,24.109
24.159,24.159,0.084,0.03,24.193,24.109
24.157,24.157,0.103,0.034,24.193,24.09
24.153,24.153,0.103,0.036,24.193,24.09
24.154,24.154,0.114,0.037,24.204,24.09
24.146,24.146,0.114,0.038,24.204,24.09
24.146,24.146,0.114,0.038,24.204,24.09
24.149,24.149,0.119,0.041,24.209,24.09
24.154,24.154,0.119,0.042,24.209,24.09
24.157,24.157,0.119,0.044,24.209,24.09
24.148,24.148,0.125,0.048,24.209,24.084
24.15,24.15,0.125,0.05,24.209,24.084
24.162,24.162,0.125,0.048,24.209,24.084
24.159,24.159,0.125,0.05,24.209,24.084
24.158,24.158,0.125,0.049,24.209,24.084
24.167,24.167,0.125,0.047,24.209,24.084
24.167,24.167,0.125,0.047,24.209,24.084
24.163,24.163,0.118,0.045,24.202,24.084
24.157,24.157,0.118,0.046,24.202,24.084
24.151,24.151,0.118,0.043,24.202,24.084
24.159,24.159,0.107,0.037,24.202,24.095
24.155,24.155,0.107,0.034,24.202,24.095
24.145,24.145,0.098,0.034,24.193,24.095
24.143,24.143,0.113,0.036,24.193,24.08
24.134,24.134,0.113,0.034,24.193,24.08
24.133,24.133,0.105,0.033,24.185,24.08
24.14,24.14,0.105,0.035,24.185,24.08
24.142,24.143,0.11,0.038,24.19,24.08
24.149,24.149,0.11,0.039,24.19,24.08
24.155,24.155,0.125,0.042,24.205,24.08
24.158,24.158,0.125,0.043,24.205,24.08
24.154,24.154,0.125,0.045,24.205,24.08
24.158,24.158,0.125,0.041,24.205,24.08
24.171,24.171,0.107,0.035,24.208,24.101
24.178,24.178,0.089,0.026,24.208,24.119
24.178,24.178,0.089,0.026,24.208,24.119
24.18,24.18,0.089,0.027,24.208,24.119
24.184,24.184,0.106,0.03,24.225,24.119
24.177,24.177,0.112,0.037,24.225,24.113
24.176,24.176,0.112,0.036,24.225,24.113
24.169,24.169,0.112,0.039,24.225,24.113
24.177,24.177,0.112,0.036,24.225,24.113
24.182,24.182,0.112,0.035,24.225,24.113
24.181,24.181,0.112,0.034,24.225,24.113
24.182,24.182,0.112,0.034,24.225,24.113
24.184,24.184,0.112,0.035,24.225,24.113
24.183,24.183,0.112,0.034,24.225,24.113
24.179,24.179,0.094,0.031,24.207,24.113
24.177,24.177,0.115,0.036,24.207,24.092
24.18,24.18,0.13,0.038,24.222,24.092
24.179,24.179,0.13,0.041,24.222,24.092
24.178,24.178,0.13,0.04,24.222,24.092
24.167,24.167,0.136,0.048,24.222,24.086
24.168,24.168,0.136,0.049,24.222,24.086
24.168,24.168,0.136,0.049,24.222,24.086
24.166,24.166,0.136,0.047,24.222,24.086
24.165,24.165,0.136,0.047,24.222,24.086
24.155,24.155,0.14,0.052,24.222,24.082
24.156,24.156,0.14,0.051,24.222,24.082
24.154,24.154,0.124,0.049,24.206,24.082
24.158,24.158,0.124,0.047,24.206,24.082
24.151,24.151,0.124,0.047,24.206,24.082
24.157,24.157,0.124,0.042,24.206,24.082
24.153,24.153,0.122,0.038,24.204,24.082
24.146,24.146,0.122,0.038,24.204,24.082
24.144,24.144,0.122,0.036,24.204,24.082
24.14,24.14,0.122,0.033,24.204,24.082
24.141,24.141,0.111,0.031,24.204,24.093
24.144,24.144,0.111,0.029,24.204,24.093
24.131,24.131,0.092,0.029,24.163,24.071
24.131,24.131,0.092,0.029,24.163,24.071
24.127,24.127,0.092,0.034,24.163,24.071
24.128,24.128,0.092,0.035,24.163,24.071
24.125,24.125,0.089,0.034,24.16,24.071
24.131,24.131,0.107,0.037,24.178,24.071
24.131,24.131,0.107,0.037,24.178,24.071
24.133,24.133,0.107,0.038,24.178,24.071
24.141,24.141,0.107,0.037,24.178,24.071
24.137,24.137,0.107,0.04,24.178,24.071
24.146,24.146,0.107,0.034,24.178,24.071
24.144,24.144,0.107,0.033,24.178,24.071
24.151,24.151,0.085,0.023,24.178,24.093
24.143,24.143,0.09,0.029,24.178,24.088
24.143,24.143,0.09,0.029,24.178,24.088
24.131,24.131,0.108,0.035,24.171,24.063
24.132,24.133,0.109,0.036,24.172,24.063
24.132,24.132,0.109,0.036,24.172,24.063
24.126,24.126,0.109,0.034,24.172,24.063
24.127,24.127,0.109,0.033,24.172,24.063
24.128,24.128,0.109,0.034,24.172,24.063
24.129,24.129,0.109,0.035,24.172,24.063
24.131,24.131,0.109,0.036,24.172,24.063
24.136,24.136,0.109,0.033,24.172,24.063
24.139,24.139,0.109,0.034,24.172,24.063
24.152,24.152,0.089,0.026,24.186,24.097
24.144,24.144,0.092,0.03,24.186,24.094
24.138,24.138,0.092,0.032,24.186,24.094
24.135,24.135,0.109,0.036,24.186,24.077
24.134,24.134,0.109,0.037,24.186,24.077
24.136,24.136,0.111,0.039,24.188,24.077
24.13,24.13,0.111,0.04,24.188,24.077
24.124,24.124,0.111,0.04,24.188,24.077
24.129,24.129,0.12,0.045,24.197,24.077
24.123,24.123,0.12,0.045,24.197,24.077
24.122,24.122,0.12,0.044,24.197,24.077
24.123,24.123,0.12,0.043,24.197,24.077
24.121,24.121,0.12,0.045,24.197,24.077
24.132,24.132,0.115,0.046,24.197,24.082
24.14,24.14,0.115,0.045,24.197,24.082
24.138,24.138,0.115,0.043,24.197,24.082
24.144,24.144,0.115,0.041,24.197,24.082
24.152,24.152,0.115,0.039,24.197,24.082
24.15,24.15,0.106,0.037,24.188,24.082
24.156,24.156,0.106,0.033,24.188,24.082
24.147,24.147,0.106,0.038,24.188,24.082
24.154,24.154,0.106,0.036,24.188,24.082
24.156,24.156,0.1,0.033,24.188,24.088
24.144,24.144,0.105,0.039,24.18,24.075
24.136,24.136,0.105,0.041,24.18,24.075
24.136,24.136,0.105,0.041,24.18,24.075
24.138,24.138,0.105,0.042,24.18,24.075
24.134,24.135,0.103,0.04,24.178,24.075
24.134,24.134,0.103,0.039,24.178,24.075
24.128,24.128,0.103,0.04,24.178,24.075
24.135,24.135,0.103,0.039,24.178,24.075
24.134,24.135,0.098,0.038,24.173,24.075
24.135,24.135,0.098,0.038,24.173,24.075
24.138,24.138,0.084,0.034,24.173,24.089
24.139,24.139,0.077,0.032,24.173,24.096
24.133,24.133,0.077,0.033,24.173,24.096
24.133,24.133,0.077,0.033,24.173,24.096
24.128,24.128,0.077,0.034,24.173,24.096
24.122,24.122,0.077,0.031,24.173,24.096
24.122,24.122,0.078,0.032,24.173,24.095
24.123,24.123,0.078,0.033,24.173,24.095
24.121,24.121,0.078,0.031,24.173,24.095
24.131,24.131,0.102,0.037,24.197,24.095
24.136,24.136,0.102,0.037,24.197,24.095
24.143,24.143,0.102,0.036,24.197,24.095
24.148,24.148,0.102,0.033,24.197,24.095
24.146,24.146,0.102,0.032,24.197,24.095
24.146,24.146,0.107,0.033,24.197,24.09
24.145,24.145,0.107,0.034,24.197,24.09
24.152,24.152,0.107,0.03,24.197,24.09
24.152,24.152,0.107,0.031,24.197,24.09
24.151,24.151,0.107,0.031,24.197,24.09
24.149,24.149,0.09,0.028,24.18,24.09
24.148,24.148,0.09,0.028,24.18,24.09
24.147,24.147,0.09,0.028,24.18,24.09
24.149,24.149,0.09,0.029,24.18,24.09
24.149,24.149,0.09,0.029,24.18,24.09
24.156,24.156,0.078,0.021,24.18,24.102
24.161,24.161,0.033,0.011,24.18,24.147
24.155,24.155,0.081,0.022,24.18,24.099
24.153,24.153,0.081,0.021,24.18,24.099
24.154,24.154,0.081,0.021,24.18,24.099
24.15,24.15,0.073,0.019,24.172,24.099
24.144,24.144,0.083,0.026,24.172,24.089
24.146,24.146,0.083,0.027,24.172,24.089
24.138,24.138,0.082,0.029,24.171,24.089
24.14,24.14,0.084,0.03,24.173,24.089
24.133,24.133,0.084,0.032,24.173,24.089
24.136,24.136,0.084,0.034,24.173,24.089
24.141,24.142,0.084,0.032,24.173,24.089
24.135,24.135,0.084,0.034,24.173,24.089
24.137,24.137,0.084,0.035,24.173,24.089
24.14,24.14,0.089,0.037,24.178,24.089
24.14,24.14,0.089,0.037,24.178,24.089
24.142,24.142,0.098,0.039,24.187,24.089
24.147,24.147,0.098,0.036,24.187,24.089
24.144,24.145,0.098,0.035,24.187,24.089
24.143,24.143,0.105,0.037,24.187,24.082
24.143,24.143,0.105,0.037,24.187,24.082
24.144,24.144,0.105,0.038,24.187,24.082
24.148,24.148,0.105,0.034,24.187,24.082
24.148,24.148,0.105,0.034,24.187,24.082
24.146,24.146,0.105,0.033,24.187,24.082
24.148,24.148,0.105,0.03,24.187,24.082
24.143,24.143,0.091,0.027,24.173,24.082
24.144,24.144,0.091,0.028,24.173,24.082
24.147,24.147,0.095,0.029,24.177,24.082
24.157,24.157,0.07,0.021,24.18,24.11
24.148,24.148,0.104,0.032,24.18,24.076
24.14,24.14,0.104,0.035,24.18,24.076
24.135,24.135,0.104,0.038,24.18,24.076
24.128,24.128,0.104,0.038,24.18,24.076
24.128,24.128,0.104,0.038,24.18,24.076
24.131,24.131,0.104,0.038,24.18,24.076
24.128,24.128,0.104,0.038,24.18,24.076
24.122,24.123,0.104,0.036,24.18,24.076
24.121,24.121,0.104,0.034,24.18,24.076
24.12,24.12,0.093,0.032,24.169,24.076
24.118,24.118,0.11,0.035,24.169,24.059
24.126,24.126,0.112,0.036,24.171,24.059
24.126,24.126,0.112,0.036,24.171,24.059
24.127,24.127,0.112,0.036,24.171,24.059
24.121,24.121,0.112,0.036,24.171,24.059
24.117,24.117,0.112,0.035,24.171,24.059
24.12,24.12,0.112,0.036,24.171,24.059
24.123,24.123,0.112,0.036,24.171,24.059
24.123,24.123,0.112,0.036,24.171,24.059
24.115,24.115,0.112,0.035,24.171,24.059
24.119,24.119,0.087,0.03,24.171,24.084
24.119,24.119,0.09,0.03,24.174,24.084
24.119,24.119,0.09,0.03,24.174,24.084
24.126,24.126,0.09,0.032,24.174,24.084
24.13,24.13,0.09,0.03,24.174,24.084
24.135,24.135,0.09,0.03,24.174,24.084
24.13,24.13,0.096,0.035,24.174,24.078
24.13,24.13,0.096,0.034,24.174,24.078
24.131,24.131,0.096,0.035,24.174,24.078
24.138,24.138,0.096,0.032,24.174,24.078
24.143,24.143,0.096,0.03,24.174,24.078
24.14,24.14,0.092,0.028,24.17,24.078
24.137,24.137,0.102,0.033,24.17,24.068
24.138,24.138,0.102,0.034,24.17,24.068
24.141,24.141,0.103,0.035,24.171,24.068
24.132,24.132,0.103,0.041,24.171,24.068
24.139,24.139,0.103,0.036,24.171,24.068
24.133,24.133,0.103,0.04,24.171,24.068
24.124,24.124,0.103,0.04,24.171,24.068
