mean,RMS,ptp,std,max,min
21.043,21.043,0.308,0.081,21.179,20.871
21.026,21.026,0.308,0.08,21.179,20.871
21.008,21.008,0.309,0.092,21.179,20.87
20.982,20.982,0.275,0.09,21.145,20.87
20.997,20.997,0.301,0.103,21.171,20.87
21.013,21.013,0.298,0.093,21.171,20.873
21.022,21.022,0.308,0.091,21.171,20.863
21.008,21.008,0.302,0.086,21.165,20.863
21.017,21.017,0.302,0.097,21.165,20.863
21.019,21.02,0.27,0.093,21.165,20.895
21.018,21.018,0.279,0.09,21.161,20.882
21.005,21.005,0.262,0.079,21.144,20.882
20.992,20.992,0.272,0.077,21.144,20.872
20.972,20.972,0.215,0.071,21.086,20.871
20.976,20.976,0.289,0.085,21.16,20.871
20.992,20.992,0.29,0.091,21.161,20.871
21.005,21.005,0.28,0.092,21.161,20.881
21.013,21.013,0.304,0.091,21.185,20.881
21.011,21.011,0.304,0.086,21.185,20.881
21.024,21.025,0.284,0.084,21.185,20.901
20.997,20.997,0.259,0.075,21.151,20.892
20.991,20.991,0.264,0.079,21.156,20.892
20.978,20.978,0.264,0.071,21.156,20.892
20.994,20.994,0.286,0.083,21.184,20.898
21.005,21.005,0.28,0.079,21.184,20.904
21.015,21.015,0.285,0.087,21.184,20.899
21.014,21.014,0.283,0.084,21.182,20.899
21.007,21.007,0.284,0.084,21.182,20.898
21.005,21.005,0.271,0.081,21.156,20.885
21.008,21.008,0.271,0.084,21.156,20.885
21.009,21.009,0.271,0.084,21.156,20.885
21.026,21.026,0.312,0.084,21.199,20.887
21.016,21.016,0.312,0.08,21.199,20.887
21.012,21.012,0.327,0.082,21.199,20.872
20.985,20.985,0.295,0.075,21.167,20.872
21.004,21.004,0.295,0.078,21.167,20.872
21.02,21.021,0.288,0.079,21.184,20.896
21.024,21.024,0.295,0.08,21.184,20.889
21.009,21.009,0.295,0.081,21.184,20.889
20.991,20.991,0.261,0.072,21.15,20.889
20.985,20.986,0.217,0.06,21.113,20.896
20.984,20.984,0.261,0.069,21.148,20.887
20.996,20.996,0.261,0.073,21.148,20.887
20.996,20.996,0.261,0.079,21.148,20.887
20.994,20.994,0.213,0.065,21.112,20.899
20.989,20.989,0.254,0.068,21.153,20.899
20.985,20.985,0.285,0.075,21.179,20.894
20.984,20.984,0.324,0.091,21.179,20.855
20.964,20.964,0.324,0.083,21.179,20.855
20.981,20.981,0.312,0.082,21.167,20.855
20.976,20.976,0.279,0.064,21.15,20.871
20.984,20.984,0.267,0.062,21.15,20.883
20.974,20.974,0.189,0.047,21.079,20.89
20.992,20.992,0.272,0.062,21.162,20.89
20.995,20.995,0.272,0.069,21.162,20.89
20.986,20.987,0.275,0.078,21.162,20.887
20.979,20.979,0.265,0.073,21.143,20.878
20.987,20.987,0.297,0.071,21.175,20.878
20.988,20.988,0.318,0.068,21.175,20.857
20.962,20.962,0.324,0.071,21.175,20.851
20.947,20.947,0.202,0.057,21.053,20.851
20.959,20.959,0.203,0.062,21.054,20.851
20.987,20.987,0.222,0.057,21.087,20.865
20.984,20.984,0.222,0.058,21.087,20.865
20.985,20.985,0.235,0.063,21.125,20.89
20.981,20.981,0.235,0.063,21.125,20.89
20.995,20.995,0.235,0.061,21.125,20.89
20.992,20.992,0.208,0.055,21.085,20.877
20.993,20.993,0.21,0.054,21.085,20.875
20.982,20.982,0.245,0.063,21.091,20.846
20.971,20.971,0.245,0.064,21.091,20.846
20.954,20.954,0.245,0.059,21.091,20.846
20.958,20.958,0.184,0.055,21.049,20.865
20.97,20.97,0.189,0.055,21.055,20.866
20.985,20.985,0.254,0.062,21.101,20.847
20.992,20.992,0.263,0.066,21.101,20.838
20.985,20.985,0.263,0.07,21.101,20.838
20.976,20.976,0.225,0.067,21.063,20.838
20.971,20.971,0.205,0.058,21.063,20.858
20.962,20.963,0.254,0.068,21.063,20.809
20.948,20.948,0.263,0.076,21.063,20.8
20.945,20.945,0.258,0.082,21.058,20.8
20.948,20.948,0.264,0.08,21.064,20.8
20.967,20.967,0.239,0.072,21.072,20.833
20.962,20.962,0.223,0.066,21.072,20.849
20.96,20.961,0.258,0.066,21.072,20.814
20.943,20.943,0.242,0.062,21.056,20.814
20.928,20.929,0.217,0.061,21.031,20.814
20.915,20.915,0.162,0.052,20.999,20.837
20.933,20.933,0.202,0.064,21.039,20.837
20.952,20.952,0.202,0.063,21.039,20.837
20.96,20.96,0.234,0.065,21.076,20.842
20.947,20.947,0.264,0.064,21.076,20.812
20.945,20.945,0.264,0.071,21.076,20.812
20.953,20.953,0.243,0.064,21.055,20.812
20.959,20.959,0.212,0.06,21.055,20.843
20.955,20.955,0.243,0.057,21.044,20.801
20.954,20.954,0.236,0.057,21.037,20.801
20.95,20.951,0.229,0.063,21.03,20.801
20.945,20.945,0.227,0.059,21.03,20.803
20.934,20.934,0.248,0.065,21.03,20.782
20.939,20.939,0.27,0.061,21.052,20.782
20.944,20.944,0.27,0.077,21.052,20.782
20.951,20.951,0.268,0.076,21.052,20.784
20.943,20.943,0.262,0.08,21.046,20.784
20.953,20.954,0.226,0.063,21.039,20.813
20.937,20.937,0.226,0.065,21.039,20.813
20.926,20.926,0.225,0.065,21.039,20.814
20.904,20.904,0.228,0.059,21.042,20.814
20.902,20.902,0.289,0.066,21.042,20.753
20.906,20.906,0.289,0.07,21.042,20.753
20.911,20.911,0.311,0.076,21.064,20.753
20.931,20.931,0.31,0.079,21.067,20.757
20.926,20.926,0.32,0.085,21.067,20.747
20.918,20.918,0.32,0.079,21.067,20.747
20.918,20.918,0.286,0.071,21.033,20.747
20.922,20.922,0.218,0.063,21.033,20.815
20.923,20.923,0.281,0.076,21.04,20.759
20.915,20.915,0.281,0.074,21.04,20.759
20.913,20.913,0.281,0.073,21.04,20.759
20.91,20.91,0.209,0.061,21.013,20.804
20.899,20.899,0.288,0.07,21.013,20.725
20.889,20.889,0.278,0.077,21.003,20.725
20.903,20.903,0.288,0.081,21.013,20.725
20.912,20.912,0.25,0.068,21.013,20.763
20.921,20.921,0.203,0.056,21.013,20.81
20.911,20.911,0.179,0.053,20.989,20.81
20.908,20.908,0.213,0.058,20.989,20.776
20.909,20.909,0.237,0.062,21.013,20.776
20.911,20.911,0.237,0.06,21.013,20.776
20.904,20.904,0.246,0.066,21.013,20.767
20.9,20.9,0.216,0.061,20.983,20.767
20.888,20.888,0.224,0.062,20.991,20.767
20.895,20.895,0.189,0.06,20.991,20.802
20.886,20.886,0.192,0.059,20.991,20.799
20.906,20.906,0.195,0.059,20.994,20.799
20.893,20.893,0.291,0.064,20.994,20.703
20.896,20.896,0.291,0.067,20.994,20.703
20.883,20.883,0.297,0.068,21.0,20.703
20.903,20.903,0.255,0.062,21.0,20.745
20.918,20.918,0.287,0.069,21.024,20.737
20.917,20.917,0.287,0.07,21.024,20.737
20.922,20.922,0.287,0.071,21.024,20.737
20.928,20.928,0.2,0.056,20.998,20.798
20.914,20.914,0.235,0.056,20.998,20.763
20.895,20.895,0.314,0.066,20.998,20.684
20.868,20.868,0.288,0.066,20.972,20.684
20.876,20.876,0.288,0.067,20.972,20.684
20.887,20.887,0.24,0.057,20.992,20.752
20.906,20.906,0.196,0.05,20.992,20.796
20.921,20.921,0.196,0.046,20.992,20.796
20.926,20.926,0.189,0.045,20.985,20.796
20.915,20.915,0.256,0.056,20.984,20.728
20.909,20.909,0.262,0.054,20.99,20.728
20.897,20.897,0.262,0.057,20.99,20.728
20.901,20.901,0.202,0.05,20.99,20.788
20.891,20.891,0.214,0.053,20.97,20.756
20.889,20.889,0.261,0.062,20.97,20.709
20.887,20.887,0.255,0.063,20.964,20.709
20.883,20.884,0.25,0.067,20.959,20.709
20.885,20.885,0.212,0.063,20.97,20.758
20.878,20.878,0.258,0.072,20.971,20.713
20.887,20.887,0.273,0.072,20.986,20.713
20.895,20.895,0.284,0.071,20.997,20.713
20.901,20.901,0.21,0.066,20.997,20.787
20.903,20.903,0.216,0.061,20.997,20.781
20.899,20.899,0.208,0.056,20.989,20.781
20.905,20.905,0.195,0.047,20.976,20.781
20.887,20.887,0.197,0.058,20.976,20.779
20.878,20.878,0.197,0.059,20.976,20.779
20.876,20.876,0.176,0.053,20.955,20.779
20.871,20.871,0.214,0.049,20.955,20.741
20.867,20.867,0.193,0.05,20.934,20.741
20.85,20.85,0.203,0.056,20.933,20.73
20.853,20.853,0.217,0.063,20.938,20.721
20.868,20.868,0.226,0.065,20.947,20.721
20.879,20.879,0.254,0.062,20.975,20.721
20.885,20.885,0.223,0.055,20.975,20.752
20.877,20.877,0.223,0.057,20.975,20.752
20.878,20.878,0.197,0.051,20.949,20.752
20.884,20.884,0.132,0.044,20.949,20.817
20.878,20.878,0.254,0.053,20.951,20.697
20.887,20.887,0.258,0.057,20.955,20.697
20.892,20.892,0.259,0.058,20.956,20.697
20.899,20.899,0.181,0.046,20.956,20.775
20.881,20.881,0.181,0.045,20.956,20.775
20.861,20.861,0.195,0.043,20.947,20.752
20.854,20.855,0.18,0.042,20.932,20.752
20.854,20.854,0.184,0.049,20.932,20.748
20.87,20.87,0.209,0.054,20.957,20.748
20.885,20.885,0.238,0.056,20.986,20.748
20.904,20.904,0.211,0.053,20.986,20.775
20.904,20.904,0.17,0.049,20.986,20.816
20.888,20.888,0.183,0.049,20.974,20.791
20.88,20.88,0.166,0.041,20.957,20.791
20.889,20.889,0.166,0.042,20.957,20.791
20.901,20.901,0.16,0.041,20.957,20.797
20.904,20.904,0.164,0.043,20.956,20.792
20.883,20.883,0.179,0.051,20.956,20.777
20.876,20.876,0.173,0.048,20.95,20.777
20.883,20.883,0.187,0.054,20.964,20.777
20.899,20.899,0.188,0.052,20.973,20.785
20.908,20.908,0.196,0.051,20.981,20.785
20.898,20.898,0.181,0.042,20.981,20.8
20.891,20.891,0.188,0.04,20.981,20.793
20.884,20.884,0.212,0.045,20.993,20.781
20.896,20.896,0.212,0.051,20.993,20.781
20.904,20.904,0.212,0.047,20.993,20.781
20.912,20.912,0.144,0.038,20.972,20.828
20.899,20.899,0.124,0.04,20.952,20.828
20.902,20.902,0.135,0.043,20.963,20.828
20.898,20.898,0.21,0.047,20.993,20.783
20.903,20.903,0.21,0.046,20.993,20.783
20.895,20.895,0.218,0.05,20.993,20.775
20.904,20.904,0.201,0.046,20.976,20.775
20.904,20.904,0.201,0.045,20.976,20.775
20.917,20.917,0.121,0.037,20.981,20.86
20.912,20.912,0.121,0.038,20.981,20.86
20.914,20.914,0.141,0.04,20.981,20.84
20.913,20.913,0.152,0.045,20.992,20.84
20.914,20.914,0.152,0.044,20.992,20.84
20.905,20.905,0.194,0.052,20.992,20.798
20.893,20.893,0.231,0.056,20.984,20.753
20.891,20.891,0.225,0.061,20.978,20.753
20.91,20.91,0.225,0.056,20.978,20.753
20.913,20.913,0.175,0.041,20.978,20.803
20.923,20.923,0.097,0.027,20.963,20.866
20.929,20.929,0.133,0.038,20.999,20.866
20.954,20.954,0.27,0.053,21.023,20.753
20.953,20.953,0.27,0.059,21.023,20.753
20.94,20.94,0.27,0.064,21.023,20.753
20.929,20.929,0.21,0.054,21.001,20.791
20.93,20.93,0.198,0.051,20.989,20.791
20.93,20.93,0.198,0.051,20.989,20.791
20.921,20.921,0.2,0.052,20.987,20.787
20.929,20.929,0.235,0.059,21.022,20.787
20.944,20.944,0.235,0.062,21.022,20.787
20.955,20.955,0.205,0.053,21.022,20.817
20.949,20.949,0.205,0.049,21.022,20.817
20.942,20.942,0.184,0.046,21.017,20.833
20.925,20.925,0.284,0.059,21.017,20.733
20.915,20.915,0.284,0.063,21.017,20.733
20.904,20.904,0.254,0.057,20.987,20.733
20.928,20.928,0.187,0.052,20.999,20.812
20.949,20.949,0.15,0.049,21.014,20.864
20.955,20.955,0.198,0.056,21.037,20.839
20.95,20.95,0.198,0.056,21.037,20.839
20.945,20.945,0.198,0.056,21.037,20.839
20.961,20.961,0.163,0.041,21.026,20.863
20.96,20.96,0.214,0.053,21.027,20.813
20.945,20.945,0.214,0.06,21.027,20.813
20.932,20.932,0.214,0.063,21.027,20.813
20.933,20.933,0.187,0.053,21.0,20.813
20.947,20.947,0.238,0.051,21.061,20.823
20.964,20.964,0.208,0.043,21.061,20.853
20.972,20.972,0.208,0.047,21.061,20.853
20.965,20.965,0.228,0.052,21.049,20.821
20.951,20.951,0.228,0.057,21.049,20.821
20.948,20.948,0.213,0.055,21.034,20.821
20.958,20.958,0.185,0.052,21.034,20.849
20.959,20.959,0.174,0.048,21.023,20.849
20.962,20.962,0.212,0.055,21.061,20.849
20.975,20.975,0.193,0.059,21.066,20.873
20.979,20.979,0.179,0.057,21.066,20.887
20.972,20.972,0.221,0.06,21.066,20.845
20.969,20.969,0.207,0.054,21.052,20.845
20.966,20.966,0.207,0.057,21.052,20.845
20.968,20.968,0.192,0.055,21.04,20.848
20.96,20.96,0.201,0.056,21.049,20.848
20.984,20.984,0.221,0.058,21.069,20.848
20.992,20.993,0.207,0.053,21.069,20.862
20.992,20.992,0.199,0.053,21.077,20.878
20.971,20.971,0.215,0.056,21.077,20.862
20.976,20.976,0.215,0.059,21.077,20.862
20.979,20.979,0.198,0.064,21.06,20.862
20.989,20.989,0.187,0.061,21.06,20.873
20.985,20.985,0.204,0.063,21.064,20.86
20.99,20.99,0.236,0.056,21.096,20.86
20.995,20.995,0.236,0.052,21.096,20.86
21.011,21.011,0.162,0.048,21.096,20.934
21.014,21.014,0.18,0.051,21.085,20.905
21.02,21.02,0.18,0.049,21.085,20.905
21.008,21.008,0.176,0.05,21.081,20.905
21.002,21.003,0.15,0.044,21.073,20.923
20.987,20.987,0.244,0.051,21.073,20.829
20.985,20.985,0.264,0.054,21.093,20.829
20.989,20.989,0.264,0.06,21.093,20.829
21.002,21.002,0.236,0.057,21.093,20.857
21.002,21.002,0.237,0.058,21.094,20.857
21.01,21.01,0.201,0.059,21.094,20.893
20.997,20.997,0.201,0.064,21.094,20.893
21.0,21.001,0.193,0.065,21.098,20.905
20.998,20.998,0.193,0.062,21.098,20.905
20.999,20.999,0.222,0.067,21.098,20.876
21.005,21.005,0.214,0.062,21.09,20.876
20.996,20.997,0.214,0.063,21.09,20.876
21.01,21.01,0.195,0.053,21.09,20.895
20.988,20.988,0.176,0.06,21.071,20.895
20.981,20.981,0.202,0.064,21.073,20.871
20.979,20.98,0.232,0.068,21.081,20.849
20.986,20.986,0.232,0.063,21.081,20.849
21.012,21.012,0.234,0.059,21.083,20.849
21.019,21.019,0.207,0.057,21.114,20.907
21.03,21.03,0.202,0.056,21.114,20.912
21.015,21.015,0.203,0.06,21.114,20.911
21.016,21.016,0.195,0.056,21.106,20.911
21.017,21.017,0.208,0.054,21.094,20.886
21.027,21.027,0.208,0.055,21.094,20.886
21.029,21.029,0.222,0.055,21.108,20.886
21.016,21.017,0.217,0.066,21.108,20.891
21.008,21.008,0.217,0.063,21.108,20.891
20.981,20.981,0.241,0.069,21.079,20.838
20.993,20.993,0.241,0.068,21.079,20.838
20.982,20.982,0.241,0.074,21.079,20.838
20.986,20.986,0.194,0.07,21.072,20.878
20.986,20.987,0.199,0.066,21.077,20.878
20.993,20.993,0.199,0.066,21.077,20.878
21.007,21.007,0.194,0.058,21.077,20.883
20.99,20.99,0.219,0.071,21.075,20.856
21.005,21.005,0.248,0.07,21.104,20.856
21.02,21.02,0.248,0.072,21.104,20.856
21.044,21.044,0.257,0.057,21.119,20.862
21.024,21.024,0.257,0.064,21.119,20.862
21.004,21.004,0.257,0.062,21.119,20.862
20.995,20.995,0.243,0.057,21.098,20.855
21.01,21.01,0.265,0.058,21.12,20.855
21.012,21.012,0.265,0.061,21.12,20.855
21.008,21.008,0.211,0.056,21.12,20.909
21.009,21.01,0.186,0.055,21.095,20.909
21.014,21.014,0.195,0.052,21.104,20.909
21.02,21.02,0.205,0.05,21.109,20.904
21.022,21.022,0.206,0.056,21.11,20.904
21.023,21.023,0.212,0.055,21.116,20.904
21.025,21.025,0.199,0.053,21.116,20.917
21.013,21.013,0.199,0.041,21.116,20.917
21.011,21.011,0.193,0.044,21.11,20.917
21.0,21.0,0.193,0.046,21.11,20.917
21.006,21.006,0.193,0.053,21.11,20.917
21.001,21.001,0.18,0.054,21.09,20.91
21.011,21.012,0.178,0.048,21.088,20.91
21.008,21.008,0.178,0.047,21.088,20.91
21.013,21.013,0.199,0.047,21.114,20.915
21.01,21.01,0.199,0.056,21.114,20.915
21.011,21.011,0.199,0.062,21.114,20.915
21.009,21.009,0.236,0.067,21.101,20.865
21.01,21.011,0.277,0.074,21.103,20.826
21.003,21.004,0.277,0.07,21.103,20.826
21.003,21.003,0.279,0.063,21.105,20.826
21.0,21.001,0.191,0.051,21.105,20.914
20.996,20.996,0.266,0.06,21.131,20.865
21.005,21.005,0.266,0.063,21.131,20.865
21.012,21.013,0.266,0.065,21.131,20.865
21.021,21.021,0.204,0.051,21.127,20.923
21.026,21.026,0.194,0.057,21.117,20.923
21.028,21.028,0.182,0.056,21.117,20.935
21.043,21.043,0.27,0.071,21.143,20.873
21.052,21.053,0.274,0.072,21.147,20.873
21.047,21.047,0.274,0.075,21.147,20.873
21.04,21.04,0.211,0.063,21.147,20.936
21.031,21.031,0.205,0.055,21.141,20.936
21.042,21.042,0.205,0.055,21.141,20.936
21.053,21.053,0.175,0.05,21.141,20.966
21.043,21.043,0.267,0.065,21.136,20.869
21.051,21.051,0.276,0.068,21.145,20.869
21.039,21.039,0.276,0.07,21.145,20.869
21.045,21.045,0.251,0.067,21.16,20.909
21.049,21.049,0.251,0.065,21.16,20.909
21.051,21.051,0.251,0.064,21.16,20.909
21.067,21.067,0.221,0.062,21.17,20.949
21.059,21.059,0.215,0.069,21.17,20.955
21.057,21.057,0.215,0.068,21.17,20.955
21.03,21.03,0.248,0.063,21.156,20.908
21.043,21.043,0.255,0.059,21.163,20.908
21.046,21.046,0.255,0.062,21.163,20.908
21.064,21.064,0.217,0.056,21.181,20.964
21.057,21.058,0.217,0.058,21.181,20.964
21.066,21.066,0.217,0.058,21.181,20.964
21.065,21.065,0.214,0.061,21.178,20.964
21.062,21.062,0.217,0.061,21.178,20.961
21.073,21.073,0.217,0.055,21.178,20.961
21.072,21.072,0.217,0.058,21.165,20.948
21.067,21.067,0.217,0.059,21.165,20.948
21.051,21.051,0.233,0.061,21.181,20.948
21.055,21.055,0.208,0.059,21.181,20.973
21.072,21.072,0.208,0.063,21.181,20.973
21.078,21.078,0.232,0.069,21.177,20.945
21.077,21.077,0.226,0.068,21.171,20.945
21.061,21.061,0.223,0.063,21.168,20.945
21.062,21.062,0.199,0.058,21.177,20.978
21.055,21.055,0.247,0.061,21.177,20.93
21.059,21.059,0.258,0.066,21.188,20.93
21.076,21.076,0.271,0.076,21.201,20.93
21.08,21.08,0.222,0.069,21.201,20.979
21.089,21.089,0.246,0.074,21.213,20.967
21.075,21.075,0.246,0.068,21.213,20.967
21.075,21.075,0.287,0.074,21.213,20.926
21.078,21.078,0.29,0.067,21.216,20.926
21.083,21.083,0.293,0.069,21.219,20.926
21.081,21.081,0.251,0.065,21.219,20.968
21.074,21.074,0.251,0.064,21.219,20.968
21.08,21.08,0.221,0.062,21.197,20.976
21.094,21.094,0.222,0.064,21.216,20.994
21.1,21.101,0.25,0.071,21.223,20.973
21.093,21.093,0.25,0.067,21.223,20.973
21.109,21.109,0.251,0.065,21.224,20.973
21.126,21.126,0.213,0.05,21.224,21.011
21.125,21.125,0.21,0.052,21.224,21.014
21.112,21.112,0.217,0.055,21.223,21.006
21.09,21.09,0.191,0.054,21.197,21.006
21.088,21.088,0.231,0.061,21.223,20.992
21.081,21.081,0.242,0.06,21.223,20.981
21.093,21.093,0.242,0.058,21.223,20.981
21.104,21.104,0.221,0.056,21.202,20.981
21.02,21.02,0.466,0.153,21.193,20.727
20.943,20.944,0.466,0.14,21.193,20.727
20.862,20.862,0.365,0.071,21.092,20.727
20.864,20.864,0.244,0.054,20.967,20.723
20.851,20.851,0.236,0.054,20.959,20.723
20.841,20.842,0.265,0.058,20.959,20.694
20.847,20.847,0.271,0.062,20.965,20.694
20.834,20.834,0.293,0.069,20.987,20.694
20.839,20.839,0.242,0.071,20.987,20.745
20.835,20.835,0.242,0.068,20.987,20.745
20.847,20.847,0.203,0.056,20.957,20.754
20.834,20.834,0.302,0.062,20.957,20.655
20.832,20.832,0.29,0.058,20.945,20.655
20.829,20.829,0.291,0.057,20.946,20.655
20.844,20.844,0.206,0.049,20.948,20.742
20.847,20.847,0.176,0.053,20.95,20.774
20.847,20.847,0.246,0.066,20.95,20.704
20.848,20.848,0.246,0.065,20.95,20.704
20.854,20.854,0.238,0.064,20.942,20.704
20.848,20.849,0.285,0.062,20.956,20.671
20.844,20.845,0.313,0.067,20.984,20.671
20.84,20.84,0.313,0.063,20.984,20.671
20.844,20.844,0.26,0.061,20.984,20.724
20.835,20.835,0.242,0.057,20.966,20.724
20.844,20.844,0.242,0.063,20.966,20.724
20.846,20.846,0.22,0.058,20.966,20.746
20.862,20.862,0.24,0.06,20.982,20.742
20.863,20.863,0.24,0.063,20.982,20.742
20.874,20.874,0.269,0.063,21.011,20.742
20.884,20.884,0.231,0.061,21.011,20.78
20.88,20.88,0.231,0.062,21.011,20.78
20.87,20.87,0.248,0.064,21.002,20.754
20.876,20.876,0.244,0.065,20.998,20.754
20.877,20.877,0.245,0.065,20.999,20.754
20.891,20.891,0.263,0.067,20.999,20.736
20.883,20.883,0.28,0.072,20.999,20.719
20.885,20.885,0.264,0.075,20.983,20.719
20.889,20.889,0.277,0.075,20.996,20.719
20.895,20.895,0.256,0.067,20.996,20.74
20.899,20.899,0.242,0.062,20.996,20.754
20.885,20.885,0.273,0.066,20.988,20.715
20.858,20.858,0.273,0.07,20.988,20.715
20.846,20.846,0.281,0.068,20.988,20.707
20.847,20.847,0.246,0.062,20.953,20.707
20.856,20.856,0.256,0.069,20.963,20.707
20.861,20.861,0.235,0.067,20.963,20.728
20.867,20.867,0.25,0.074,20.978,20.728
20.87,20.87,0.228,0.064,20.978,20.75
20.886,20.886,0.238,0.071,20.988,20.75
20.888,20.888,0.238,0.07,20.988,20.75
20.91,20.91,0.215,0.075,20.991,20.776
20.908,20.908,0.269,0.076,20.998,20.729
20.906,20.906,0.269,0.078,20.998,20.729
20.887,20.887,0.272,0.078,21.001,20.729
20.883,20.883,0.268,0.075,21.006,20.738
20.88,20.88,0.269,0.075,21.007,20.738
20.904,20.905,0.306,0.083,21.044,20.738
20.909,20.909,0.271,0.077,21.044,20.773
20.916,20.917,0.302,0.087,21.044,20.742
20.896,20.896,0.277,0.08,21.019,20.742
20.913,20.914,0.277,0.084,21.019,20.742
20.911,20.911,0.237,0.065,21.013,20.776
20.92,20.92,0.229,0.063,21.013,20.784
20.896,20.896,0.273,0.069,21.021,20.748
20.889,20.889,0.296,0.084,21.021,20.725
20.878,20.878,0.3,0.082,21.021,20.721
20.885,20.885,0.274,0.079,20.995,20.721
20.894,20.894,0.272,0.063,20.993,20.721
20.902,20.902,0.249,0.067,20.993,20.744
20.9,20.9,0.249,0.062,20.993,20.744
20.898,20.898,0.248,0.063,20.992,20.744
20.89,20.89,0.264,0.063,21.012,20.748
20.88,20.88,0.264,0.068,21.012,20.748
20.879,20.879,0.271,0.07,21.019,20.748
20.882,20.883,0.254,0.065,21.019,20.765
20.902,20.902,0.24,0.063,21.019,20.779
20.914,20.914,0.217,0.059,20.999,20.782
20.924,20.924,0.203,0.053,21.001,20.798
20.922,20.922,0.21,0.06,21.008,20.798
20.923,20.923,0.211,0.062,21.018,20.807
20.932,20.932,0.211,0.058,21.018,20.807
20.938,20.938,0.258,0.065,21.032,20.774
20.942,20.942,0.294,0.071,21.032,20.738
20.922,20.923,0.302,0.087,21.032,20.73
20.918,20.918,0.283,0.084,21.011,20.728
20.91,20.911,0.28,0.083,21.002,20.722
20.912,20.912,0.278,0.074,21.0,20.722
20.913,20.913,0.266,0.063,20.988,20.722
20.906,20.906,0.187,0.054,20.988,20.801
20.908,20.908,0.178,0.05,20.99,20.812
20.91,20.91,0.202,0.049,21.014,20.812
20.916,20.916,0.261,0.058,21.014,20.753
20.909,20.909,0.274,0.069,21.014,20.74
20.89,20.89,0.265,0.079,21.005,20.74
20.888,20.888,0.249,0.077,20.989,20.74
20.887,20.887,0.245,0.072,20.989,20.744
20.889,20.889,0.244,0.061,20.989,20.745
20.866,20.866,0.269,0.07,20.989,20.72
20.886,20.886,0.29,0.08,21.01,20.72
20.905,20.905,0.29,0.081,21.01,20.72
20.924,20.924,0.27,0.069,21.01,20.74
20.909,20.91,0.265,0.07,20.999,20.734
20.908,20.909,0.265,0.074,20.999,20.734
20.91,20.91,0.253,0.06,20.987,20.734
20.913,20.913,0.19,0.054,20.987,20.797
20.885,20.886,0.255,0.059,20.98,20.725
20.897,20.897,0.261,0.061,20.986,20.725
20.895,20.895,0.261,0.063,20.986,20.725
20.909,20.91,0.211,0.055,20.997,20.786
20.903,20.904,0.211,0.062,20.997,20.786
20.91,20.91,0.211,0.059,20.997,20.786
20.915,20.915,0.195,0.053,20.984,20.789
20.92,20.92,0.156,0.045,20.99,20.834
20.924,20.924,0.147,0.044,20.99,20.843
20.932,20.932,0.147,0.041,20.99,20.843
20.925,20.925,0.166,0.045,20.983,20.817
20.921,20.921,0.173,0.045,20.975,20.802
20.902,20.902,0.163,0.048,20.962,20.799
20.902,20.902,0.154,0.041,20.953,20.799
20.904,20.904,0.252,0.056,21.041,20.789
20.917,20.917,0.252,0.055,21.041,20.789
20.927,20.927,0.252,0.06,21.041,20.789
20.927,20.927,0.164,0.047,21.024,20.86
20.93,20.93,0.181,0.044,21.024,20.843
20.913,20.913,0.226,0.053,21.023,20.797
20.899,20.9,0.229,0.059,21.023,20.794
20.893,20.893,0.229,0.063,21.023,20.794
20.891,20.891,0.228,0.056,21.022,20.794
20.913,20.913,0.268,0.072,21.05,20.782
20.908,20.908,0.268,0.068,21.05,20.782
20.914,20.914,0.268,0.067,21.05,20.782
20.898,20.898,0.135,0.037,20.968,20.833
20.905,20.905,0.238,0.047,21.056,20.818
20.917,20.917,0.238,0.049,21.056,20.818
20.935,20.935,0.238,0.054,21.056,20.818
20.951,20.951,0.178,0.044,21.052,20.874
20.94,20.94,0.289,0.057,21.052,20.763
20.923,20.923,0.286,0.061,21.049,20.763
20.903,20.903,0.239,0.062,21.002,20.763
20.894,20.894,0.218,0.057,21.002,20.784
20.878,20.878,0.215,0.059,21.002,20.787
20.874,20.874,0.177,0.048,20.964,20.787
20.89,20.89,0.26,0.06,21.063,20.803
20.903,20.903,0.236,0.053,21.063,20.827
20.922,20.922,0.264,0.06,21.091,20.827
20.927,20.927,0.264,0.059,21.091,20.827
20.936,20.936,0.275,0.062,21.091,20.816
20.923,20.923,0.253,0.069,21.062,20.809
20.902,20.902,0.279,0.078,21.061,20.782
20.913,20.913,0.279,0.081,21.061,20.782
20.903,20.903,0.268,0.084,21.039,20.771
20.898,20.899,0.271,0.081,21.039,20.768
20.881,20.881,0.297,0.074,21.065,20.768
20.906,20.906,0.314,0.083,21.082,20.768
20.932,20.932,0.288,0.081,21.082,20.794
20.94,20.94,0.274,0.082,21.082,20.808
20.922,20.922,0.245,0.078,21.064,20.819
20.898,20.898,0.255,0.068,21.064,20.809
20.882,20.882,0.262,0.061,21.031,20.769
20.889,20.889,0.262,0.063,21.031,20.769
20.896,20.896,0.262,0.073,21.031,20.769
20.899,20.899,0.255,0.066,21.025,20.77
20.89,20.89,0.255,0.066,21.025,20.77
20.886,20.886,0.262,0.067,21.004,20.742
20.871,20.871,0.262,0.076,21.004,20.742
20.876,20.876,0.301,0.084,21.043,20.742
20.898,20.898,0.301,0.087,21.056,20.755
20.931,20.931,0.301,0.078,21.056,20.755
20.936,20.936,0.274,0.069,21.056,20.782
20.924,20.924,0.274,0.073,21.056,20.782
20.903,20.904,0.283,0.078,21.056,20.773
20.901,20.901,0.283,0.075,21.056,20.773
20.898,20.898,0.274,0.07,21.047,20.773
20.906,20.906,0.244,0.062,21.047,20.803
20.906,20.906,0.271,0.07,21.047,20.776
20.904,20.904,0.283,0.078,21.05,20.767
20.89,20.89,0.283,0.083,21.05,20.767
20.897,20.897,0.311,0.089,21.078,20.767
20.909,20.91,0.31,0.081,21.078,20.768
20.92,20.92,0.281,0.07,21.078,20.797
20.916,20.916,0.219,0.058,21.056,20.837
20.9,20.9,0.241,0.061,21.056,20.815
20.895,20.895,0.273,0.062,21.056,20.783
20.889,20.889,0.217,0.055,21.0,20.783
20.896,20.896,0.244,0.065,21.018,20.774
20.898,20.898,0.283,0.069,21.057,20.774
20.887,20.887,0.283,0.074,21.057,20.774
20.899,20.899,0.293,0.084,21.084,20.791
20.896,20.897,0.293,0.077,21.084,20.791
20.906,20.906,0.293,0.073,21.084,20.791
20.892,20.892,0.279,0.062,21.066,20.787
20.894,20.894,0.279,0.073,21.066,20.787
20.891,20.892,0.279,0.072,21.066,20.787
20.894,20.894,0.255,0.059,21.052,20.797
20.904,20.904,0.213,0.052,21.004,20.791
20.9,20.9,0.201,0.043,20.992,20.791
20.894,20.894,0.189,0.044,20.98,20.791
20.886,20.886,0.158,0.038,20.966,20.808
20.892,20.892,0.179,0.046,20.987,20.808
20.901,20.901,0.184,0.046,20.996,20.812
20.9,20.9,0.184,0.045,20.996,20.812
20.903,20.903,0.184,0.037,20.996,20.812
20.907,20.907,0.173,0.038,20.985,20.812
20.911,20.911,0.141,0.038,20.985,20.844
20.912,20.912,0.167,0.042,20.985,20.818
20.904,20.904,0.168,0.043,20.986,20.818
20.905,20.905,0.173,0.044,20.991,20.818
20.901,20.901,0.158,0.037,20.991,20.833
20.897,20.897,0.158,0.034,20.991,20.833
20.891,20.891,0.167,0.034,20.976,20.809
20.896,20.896,0.195,0.039,21.004,20.809
20.903,20.903,0.195,0.037,21.004,20.809
20.908,20.908,0.18,0.037,21.009,20.829
20.921,20.921,0.185,0.048,21.014,20.829
20.927,20.927,0.214,0.059,21.042,20.828
20.931,20.931,0.214,0.052,21.042,20.828
20.927,20.927,0.214,0.042,21.042,20.828
20.924,20.924,0.117,0.024,21.0,20.883
20.931,20.931,0.239,0.043,21.089,20.85
20.931,20.931,0.259,0.046,21.089,20.83
20.936,20.936,0.259,0.048,21.089,20.83
20.937,20.937,0.193,0.033,21.023,20.83
20.935,20.935,0.128,0.024,21.023,20.895
20.933,20.933,0.219,0.036,21.067,20.848
20.932,20.932,0.253,0.052,21.085,20.832
20.951,20.951,0.279,0.071,21.111,20.832
20.961,20.961,0.279,0.065,21.111,20.832
20.967,20.967,0.262,0.055,21.111,20.849
20.956,20.956,0.198,0.044,21.078,20.88
20.942,20.942,0.236,0.055,21.078,20.842
20.93,20.93,0.236,0.056,21.078,20.842
20.928,20.928,0.218,0.05,21.06,20.842
20.931,20.931,0.171,0.039,21.025,20.854
20.935,20.935,0.247,0.046,21.091,20.844
20.942,20.942,0.247,0.062,21.091,20.844
20.949,20.949,0.247,0.074,21.091,20.844
20.953,20.953,0.244,0.066,21.091,20.847
20.96,20.96,0.277,0.061,21.124,20.847
20.978,20.978,0.274,0.057,21.162,20.888
20.996,20.996,0.237,0.06,21.162,20.925
20.991,20.991,0.252,0.058,21.162,20.91
20.975,20.975,0.299,0.062,21.16,20.861
20.962,20.962,0.262,0.056,21.123,20.861
20.972,20.972,0.262,0.062,21.123,20.861
20.974,20.974,0.236,0.05,21.098,20.862
20.98,20.98,0.172,0.043,21.098,20.926
20.979,20.979,0.247,0.052,21.119,20.872
20.985,20.985,0.269,0.06,21.141,20.872
21.002,21.002,0.269,0.066,21.141,20.872
21.008,21.008,0.248,0.064,21.141,20.893
21.004,21.004,0.224,0.061,21.129,20.905
20.995,20.995,0.224,0.056,21.129,20.905
20.985,20.985,0.163,0.046,21.068,20.905
20.997,20.997,0.197,0.05,21.113,20.916
20.989,20.989,0.23,0.056,21.113,20.883
20.99,20.99,0.23,0.059,21.113,20.883
20.989,20.989,0.249,0.061,21.132,20.883
20.982,20.982,0.256,0.058,21.132,20.876
20.981,20.982,0.256,0.063,21.132,20.876
20.983,20.984,0.241,0.061,21.117,20.876
21.019,21.019,0.319,0.078,21.208,20.889
21.043,21.043,0.308,0.07,21.208,20.9
21.057,21.058,0.308,0.072,21.208,20.9
21.046,21.046,0.281,0.069,21.195,20.914
21.036,21.036,0.281,0.075,21.195,20.914
21.035,21.035,0.259,0.074,21.173,20.914
21.022,21.022,0.272,0.071,21.17,20.898
21.021,21.021,0.257,0.064,21.155,20.898
21.0,21.0,0.2,0.054,21.098,20.898
21.02,21.02,0.243,0.069,21.166,20.923
21.014,21.014,0.243,0.073,21.166,20.923
21.021,21.021,0.27,0.072,21.166,20.896
21.005,21.005,0.213,0.062,21.109,20.896
21.012,21.012,0.266,0.066,21.162,20.896
21.026,21.026,0.252,0.066,21.164,20.912
21.046,21.046,0.241,0.073,21.182,20.941
21.046,21.046,0.252,0.075,21.193,20.941
21.038,21.038,0.252,0.073,21.193,20.941
21.03,21.03,0.244,0.057,21.193,20.949
21.04,21.041,0.247,0.055,21.196,20.949
21.035,21.035,0.246,0.061,21.196,20.95
21.057,21.057,0.262,0.072,21.212,20.95
21.056,21.056,0.262,0.068,21.212,20.95
21.075,21.075,0.276,0.066,21.227,20.951
21.056,21.056,0.276,0.06,21.227,20.951
21.053,21.054,0.29,0.07,21.227,20.937
21.043,21.044,0.262,0.068,21.189,20.927
21.043,21.043,0.262,0.071,21.189,20.927
21.044,21.044,0.259,0.059,21.186,20.927
21.067,21.067,0.24,0.061,21.195,20.955
21.07,21.07,0.224,0.06,21.195,20.971
21.071,21.071,0.224,0.059,21.195,20.971
21.069,21.069,0.213,0.059,21.184,20.971
21.083,21.083,0.174,0.054,21.184,21.01
21.106,21.106,0.19,0.054,21.2,21.01
21.106,21.106,0.232,0.058,21.242,21.01
21.112,21.112,0.225,0.057,21.242,21.017
21.104,21.104,0.249,0.064,21.242,20.993
21.111,21.112,0.25,0.063,21.243,20.993
21.118,21.118,0.25,0.065,21.243,20.993
21.129,21.129,0.218,0.058,21.259,21.041
21.127,21.127,0.262,0.062,21.259,20.997
21.129,21.129,0.265,0.064,21.262,20.997
21.124,21.124,0.265,0.065,21.262,20.997
21.12,21.12,0.234,0.06,21.262,21.028
21.108,21.108,0.214,0.051,21.242,21.028
21.11,21.11,0.214,0.046,21.242,21.028
21.118,21.118,0.157,0.046,21.203,21.046
21.135,21.135,0.146,0.044,21.203,21.057
21.129,21.129,0.146,0.046,21.203,21.057
21.132,21.132,0.13,0.039,21.203,21.073
21.133,21.133,0.131,0.038,21.215,21.084
21.152,21.152,0.209,0.047,21.295,21.086
21.15,21.15,0.209,0.049,21.295,21.086
21.135,21.135,0.255,0.052,21.295,21.04
21.128,21.128,0.155,0.039,21.195,21.04
21.122,21.122,0.16,0.042,21.195,21.035
21.141,21.141,0.273,0.057,21.308,21.035
21.142,21.142,0.273,0.058,21.308,21.035
21.155,21.155,0.267,0.064,21.308,21.041
21.154,21.154,0.25,0.055,21.291,21.041
21.148,21.148,0.25,0.057,21.291,21.041
21.143,21.143,0.246,0.053,21.291,21.045
21.13,21.13,0.246,0.051,21.291,21.045
21.138,21.138,0.243,0.052,21.291,21.048
21.138,21.138,0.177,0.041,21.234,21.057
21.152,21.152,0.151,0.036,21.234,21.083
21.162,21.162,0.222,0.048,21.307,21.085
21.172,21.172,0.222,0.049,21.307,21.085
21.172,21.172,0.23,0.055,21.307,21.077
21.16,21.16,0.235,0.05,21.295,21.06
21.15,21.15,0.179,0.044,21.239,21.06
21.158,21.158,0.241,0.052,21.301,21.06
21.172,21.172,0.222,0.054,21.31,21.088
21.175,21.175,0.209,0.052,21.31,21.101
21.166,21.167,0.239,0.045,21.31,21.071
21.163,21.163,0.185,0.035,21.256,21.071
21.172,21.172,0.185,0.041,21.256,21.071
21.189,21.189,0.262,0.057,21.351,21.089
21.189,21.189,0.262,0.055,21.351,21.089
21.189,21.189,0.242,0.05,21.351,21.109
21.179,21.179,0.092,0.021,21.241,21.149
21.174,21.174,0.141,0.027,21.233,21.092
21.171,21.171,0.192,0.034,21.284,21.092
21.173,21.173,0.192,0.036,21.284,21.092
21.2,21.2,0.211,0.049,21.303,21.092
21.218,21.218,0.143,0.044,21.303,21.16
21.225,21.225,0.153,0.04,21.303,21.15
21.212,21.212,0.153,0.036,21.303,21.15
21.201,21.201,0.176,0.037,21.295,21.119
21.203,21.203,0.184,0.04,21.303,21.119
21.205,21.205,0.184,0.04,21.303,21.119
21.201,21.201,0.177,0.037,21.303,21.126
21.202,21.202,0.151,0.037,21.277,21.126
21.205,21.205,0.167,0.041,21.283,21.116
21.21,21.21,0.167,0.038,21.283,21.116
21.208,21.208,0.167,0.036,21.283,21.116
21.209,21.209,0.153,0.031,21.287,21.134
21.21,21.21,0.153,0.029,21.287,21.134
21.21,21.21,0.15,0.029,21.287,21.137
21.208,21.208,0.154,0.026,21.291,21.137
21.211,21.211,0.154,0.026,21.291,21.137
21.221,21.221,0.148,0.027,21.298,21.15
21.219,21.219,0.159,0.033,21.298,21.139
21.221,21.221,0.159,0.034,21.298,21.139
21.234,21.234,0.192,0.044,21.331,21.139
21.25,21.25,0.182,0.038,21.331,21.149
21.256,21.256,0.17,0.036,21.331,21.161
21.251,21.251,0.156,0.031,21.317,21.161
21.254,21.254,0.161,0.03,21.322,21.161
21.254,21.254,0.146,0.028,21.322,21.176
21.243,21.243,0.163,0.036,21.322,21.159
21.233,21.233,0.132,0.036,21.291,21.159
21.236,21.236,0.177,0.04,21.327,21.15
21.233,21.233,0.193,0.044,21.327,21.134
21.239,21.239,0.193,0.042,21.327,21.134
21.235,21.235,0.224,0.044,21.358,21.134
21.245,21.245,0.206,0.041,21.358,21.152
21.238,21.238,0.206,0.04,21.358,21.152
21.24,21.24,0.145,0.034,21.297,21.152
21.243,21.243,0.142,0.032,21.312,21.17
21.244,21.244,0.142,0.034,21.312,21.17
21.245,21.245,0.14,0.028,21.312,21.172
21.244,21.244,0.107,0.022,21.279,21.172
21.249,21.249,0.092,0.019,21.286,21.194
21.253,21.253,0.182,0.034,21.33,21.148
21.276,21.276,0.182,0.044,21.33,21.148
21.292,21.292,0.183,0.041,21.331,21.148
21.291,21.291,0.145,0.034,21.331,21.186
21.276,21.276,0.145,0.034,21.331,21.186
21.265,21.265,0.135,0.033,21.321,21.186
21.272,21.272,0.129,0.032,21.321,21.192
21.26,21.26,0.192,0.043,21.321,21.129
21.258,21.258,0.191,0.041,21.32,21.129
21.244,21.244,0.191,0.041,21.32,21.129
21.249,21.249,0.148,0.033,21.307,21.159
21.243,21.243,0.121,0.032,21.28,21.159
21.241,21.241,0.207,0.042,21.29,21.083
21.245,21.245,0.224,0.042,21.307,21.083
21.234,21.234,0.224,0.05,21.307,21.083
21.244,21.244,0.145,0.042,21.307,21.162
21.235,21.235,0.14,0.044,21.302,21.162
21.255,21.255,0.144,0.039,21.306,21.162
21.271,21.271,0.163,0.044,21.325,21.162
21.285,21.285,0.153,0.039,21.328,21.175
21.29,21.29,0.156,0.035,21.331,21.175
21.282,21.282,0.156,0.036,21.331,21.175
21.271,21.271,0.277,0.052,21.331,21.054
21.272,21.273,0.279,0.054,21.333,21.054
21.274,21.274,0.284,0.056,21.338,21.054
21.287,21.287,0.211,0.045,21.338,21.127
21.286,21.286,0.211,0.047,21.338,21.127
21.281,21.281,0.205,0.053,21.332,21.127
21.281,21.281,0.17,0.047,21.328,21.158
21.283,21.283,0.188,0.045,21.346,21.158
21.286,21.286,0.136,0.038,21.346,21.21
21.285,21.285,0.136,0.038,21.346,21.21
21.284,21.284,0.124,0.034,21.334,21.21
21.287,21.287,0.152,0.034,21.328,21.176
21.278,21.278,0.185,0.043,21.328,21.143
21.27,21.27,0.207,0.054,21.328,21.121
21.27,21.27,0.203,0.051,21.324,21.121
21.27,21.27,0.203,0.047,21.324,21.121
21.273,21.274,0.208,0.047,21.322,21.114
21.27,21.27,0.208,0.047,21.322,21.114
21.283,21.283,0.208,0.04,21.322,21.114
21.278,21.278,0.13,0.035,21.315,21.185
21.278,21.278,0.162,0.039,21.312,21.15
21.28,21.28,0.185,0.045,21.335,21.15
21.294,21.294,0.194,0.038,21.344,21.15
21.309,21.309,0.173,0.04,21.4,21.227
21.298,21.298,0.272,0.051,21.4,21.128
21.284,21.284,0.272,0.059,21.4,21.128
21.266,21.266,0.195,0.048,21.323,21.128
21.274,21.274,0.188,0.045,21.329,21.141
21.273,21.273,0.283,0.055,21.329,21.046
21.277,21.277,0.303,0.061,21.349,21.046
21.27,21.27,0.303,0.061,21.349,21.046
21.277,21.277,0.146,0.049,21.349,21.203
21.281,21.281,0.131,0.044,21.334,21.203
21.288,21.288,0.131,0.041,21.334,21.203
21.294,21.294,0.135,0.035,21.35,21.215
21.285,21.285,0.191,0.045,21.35,21.159
21.286,21.286,0.191,0.046,21.35,21.159
21.284,21.284,0.182,0.046,21.341,21.159
21.287,21.287,0.168,0.042,21.341,21.173
21.29,21.29,0.276,0.055,21.422,21.146
21.289,21.289,0.276,0.056,21.422,21.146
21.291,21.291,0.276,0.052,21.422,21.146
21.285,21.285,0.135,0.035,21.346,21.211
21.283,21.283,0.123,0.035,21.334,21.211
21.279,21.279,0.164,0.037,21.334,21.17
21.284,21.284,0.233,0.047,21.398,21.165
21.287,21.287,0.233,0.051,21.398,21.165
21.283,21.283,0.25,0.056,21.398,21.148
21.287,21.287,0.2,0.05,21.348,21.148
21.286,21.286,0.2,0.046,21.348,21.148
21.302,21.302,0.171,0.03,21.365,21.194
21.298,21.298,0.171,0.029,21.365,21.194
21.303,21.303,0.115,0.023,21.365,21.25
21.298,21.298,0.163,0.035,21.332,21.169
21.302,21.302,0.168,0.037,21.337,21.169
21.308,21.308,0.247,0.043,21.416,21.169
21.31,21.31,0.189,0.039,21.416,21.227
21.302,21.302,0.197,0.046,21.416,21.219
21.293,21.293,0.136,0.041,21.355,21.219
21.282,21.282,0.211,0.047,21.347,21.136
21.275,21.275,0.256,0.059,21.384,21.128
21.276,21.276,0.256,0.06,21.384,21.128
21.283,21.283,0.256,0.056,21.384,21.128
21.289,21.289,0.144,0.04,21.355,21.211
21.291,21.291,0.209,0.047,21.355,21.146
21.296,21.296,0.208,0.045,21.354,21.146
21.3,21.3,0.227,0.052,21.373,21.146
21.305,21.305,0.199,0.046,21.373,21.174
21.304,21.304,0.199,0.047,21.373,21.174
21.295,21.295,0.2,0.046,21.353,21.153
21.287,21.287,0.199,0.048,21.352,21.153
21.293,21.293,0.193,0.046,21.346,21.153
21.304,21.304,0.146,0.038,21.346,21.2
21.3,21.3,0.22,0.048,21.37,21.15
21.3,21.3,0.22,0.048,21.37,21.15
21.304,21.304,0.22,0.045,21.37,21.15
21.297,21.297,0.176,0.043,21.352,21.176
21.3,21.3,0.187,0.046,21.363,21.176
21.301,21.302,0.195,0.051,21.371,21.176
21.317,21.317,0.195,0.043,21.371,21.176
21.322,21.322,0.2,0.042,21.376,21.176
21.329,21.329,0.241,0.039,21.417,21.176
21.327,21.327,0.194,0.038,21.417,21.223
21.315,21.315,0.205,0.046,21.417,21.212
21.286,21.286,0.172,0.048,21.372,21.2
21.278,21.278,0.195,0.048,21.372,21.177
21.283,21.283,0.191,0.048,21.368,21.177
21.303,21.303,0.225,0.047,21.402,21.177
21.302,21.302,0.256,0.049,21.402,21.146
21.303,21.303,0.276,0.049,21.422,21.146
21.286,21.286,0.314,0.057,21.422,21.108
21.276,21.276,0.314,0.06,21.422,21.108
21.27,21.27,0.266,0.057,21.374,21.108
21.278,21.278,0.238,0.049,21.374,21.136
21.298,21.298,0.158,0.036,21.374,21.216
21.293,21.293,0.196,0.042,21.335,21.139
21.289,21.289,0.247,0.05,21.386,21.139
21.278,21.279,0.247,0.049,21.386,21.139
21.27,21.27,0.196,0.042,21.386,21.19
21.266,21.266,0.255,0.048,21.356,21.101
21.261,21.261,0.255,0.051,21.356,21.101
21.266,21.266,0.274,0.061,21.36,21.086
21.267,21.267,0.274,0.063,21.36,21.086
21.273,21.273,0.274,0.068,21.36,21.086
21.27,21.27,0.226,0.059,21.347,21.121
21.27,21.27,0.214,0.047,21.335,21.121
21.254,21.254,0.239,0.049,21.335,21.096
21.249,21.249,0.239,0.052,21.335,21.096
21.25,21.25,0.243,0.051,21.339,21.096
21.263,21.263,0.161,0.04,21.339,21.178
21.271,21.271,0.136,0.038,21.339,21.203
21.271,21.271,0.16,0.042,21.361,21.201
21.26,21.26,0.237,0.051,21.361,21.124
21.237,21.238,0.264,0.061,21.361,21.097
21.227,21.227,0.253,0.056,21.35,21.097
21.233,21.233,0.25,0.054,21.347,21.097
21.248,21.248,0.177,0.044,21.347,21.17
21.26,21.26,0.178,0.047,21.351,21.173
21.273,21.273,0.195,0.047,21.368,21.173
21.276,21.276,0.199,0.044,21.368,21.169
21.269,21.269,0.199,0.043,21.368,21.169
21.251,21.251,0.16,0.042,21.329,21.169
21.253,21.253,0.168,0.048,21.348,21.18
21.251,21.251,0.18,0.052,21.357,21.177
21.252,21.252,0.193,0.054,21.357,21.164
21.256,21.256,0.202,0.056,21.366,21.164
21.261,21.261,0.202,0.057,21.366,21.164
21.273,21.273,0.182,0.057,21.366,21.184
21.267,21.267,0.17,0.051,21.354,21.184
21.273,21.273,0.181,0.049,21.366,21.185
21.263,21.263,0.188,0.047,21.366,21.178
21.261,21.261,0.188,0.054,21.366,21.178
21.247,21.247,0.193,0.051,21.364,21.171
21.254,21.254,0.193,0.055,21.364,21.171
21.252,21.252,0.174,0.046,21.345,21.171
21.254,21.254,0.174,0.046,21.345,21.171
21.249,21.249,0.178,0.043,21.345,21.167
21.262,21.262,0.2,0.051,21.367,21.167
21.261,21.261,0.2,0.047,21.367,21.167
21.264,21.264,0.188,0.044,21.367,21.179
21.249,21.249,0.198,0.045,21.328,21.13
21.249,21.249,0.198,0.055,21.328,21.13
21.248,21.248,0.219,0.065,21.349,21.13
21.25,21.25,0.204,0.065,21.349,21.145
21.248,21.248,0.201,0.062,21.349,21.148
21.255,21.255,0.202,0.06,21.368,21.166
21.255,21.256,0.202,0.051,21.368,21.166
21.242,21.242,0.206,0.054,21.368,21.162
21.231,21.231,0.175,0.04,21.337,21.162
21.222,21.222,0.183,0.044,21.337,21.154
21.236,21.236,0.183,0.042,21.337,21.154
21.235,21.235,0.21,0.055,21.331,21.121
21.234,21.234,0.21,0.052,21.331,21.121
21.239,21.239,0.212,0.06,21.333,21.121
21.229,21.229,0.209,0.056,21.333,21.124
21.228,21.228,0.209,0.06,21.333,21.124
21.219,21.219,0.204,0.057,21.332,21.128
21.236,21.236,0.199,0.054,21.327,21.128
21.236,21.236,0.206,0.058,21.327,21.121
21.234,21.234,0.206,0.056,21.327,21.121
21.216,21.216,0.255,0.068,21.359,21.104
21.203,21.203,0.256,0.069,21.359,21.103
21.2,21.2,0.287,0.071,21.359,21.072
21.208,21.208,0.25,0.063,21.322,21.072
21.213,21.213,0.263,0.064,21.322,21.059
21.219,21.219,0.264,0.06,21.323,21.059
21.214,21.214,0.264,0.058,21.323,21.059
21.23,21.23,0.189,0.05,21.323,21.134
21.226,21.226,0.205,0.056,21.32,21.115
21.242,21.242,0.25,0.058,21.365,21.115
21.226,21.226,0.25,0.06,21.365,21.115
21.215,21.215,0.28,0.071,21.365,21.085
21.189,21.189,0.258,0.061,21.343,21.085
21.189,21.189,0.258,0.068,21.343,21.085
21.207,21.207,0.269,0.065,21.361,21.092
21.214,21.214,0.269,0.064,21.361,21.092
21.236,21.236,0.3,0.068,21.409,21.109
21.235,21.235,0.32,0.068,21.409,21.089
21.234,21.234,0.32,0.066,21.409,21.089
21.229,21.229,0.282,0.052,21.371,21.089
21.215,21.215,0.253,0.056,21.347,21.094
21.221,21.221,0.256,0.064,21.35,21.094
21.196,21.196,0.256,0.066,21.35,21.094
21.19,21.19,0.277,0.061,21.35,21.073
21.171,21.171,0.201,0.046,21.274,21.073
21.167,21.167,0.241,0.058,21.304,21.063
21.17,21.171,0.241,0.057,21.304,21.063
21.187,21.187,0.295,0.07,21.358,21.063
21.218,21.218,0.32,0.075,21.422,21.102
21.216,21.216,0.32,0.072,21.422,21.102
21.208,21.209,0.296,0.065,21.422,21.126
21.191,21.191,0.265,0.05,21.349,21.084
21.186,21.186,0.265,0.053,21.349,21.084
21.193,21.193,0.291,0.061,21.375,21.084
21.189,21.189,0.275,0.057,21.375,21.1
21.196,21.196,0.289,0.058,21.375,21.086
21.179,21.179,0.184,0.048,21.27,21.086
21.185,21.185,0.238,0.056,21.324,21.086
21.188,21.188,0.232,0.064,21.324,21.092
21.214,21.214,0.265,0.083,21.357,21.092
21.233,21.234,0.292,0.09,21.384,21.092
21.251,21.252,0.278,0.084,21.384,21.106
21.25,21.25,0.274,0.083,21.384,21.11
21.23,21.23,0.25,0.076,21.376,21.126
21.232,21.232,0.251,0.083,21.377,21.126
21.214,21.214,0.251,0.069,21.377,21.126
21.234,21.234,0.255,0.076,21.394,21.139
21.235,21.235,0.256,0.065,21.394,21.138
21.237,21.237,0.277,0.071,21.394,21.117
21.218,21.218,0.249,0.066,21.353,21.104
21.195,21.196,0.249,0.059,21.353,21.104
21.195,21.195,0.249,0.062,21.353,21.104
21.188,21.188,0.247,0.058,21.344,21.097
21.188,21.188,0.247,0.06,21.344,21.097
21.193,21.193,0.194,0.056,21.291,21.097
21.195,21.195,0.218,0.058,21.314,21.096
21.203,21.203,0.3,0.07,21.353,21.053
21.196,21.196,0.3,0.066,21.353,21.053
21.203,21.203,0.3,0.067,21.353,21.053
21.202,21.202,0.28,0.065,21.362,21.082
21.205,21.205,0.326,0.079,21.389,21.063
21.204,21.204,0.326,0.078,21.389,21.063
21.196,21.196,0.326,0.067,21.389,21.063
21.201,21.201,0.274,0.067,21.362,21.088
21.192,21.192,0.272,0.063,21.362,21.09
21.197,21.198,0.272,0.068,21.362,21.09
21.189,21.189,0.25,0.065,21.353,21.103
21.189,21.189,0.277,0.073,21.353,21.076
21.194,21.194,0.272,0.069,21.348,21.076
21.206,21.206,0.263,0.064,21.339,21.076
21.214,21.214,0.22,0.05,21.339,21.119
21.197,21.197,0.204,0.056,21.284,21.08
21.2,21.2,0.303,0.064,21.383,21.08
21.201,21.201,0.303,0.073,21.383,21.08
21.218,21.218,0.277,0.066,21.383,21.106
21.2,21.2,0.241,0.067,21.319,21.078
21.21,21.21,0.24,0.064,21.318,21.078
21.203,21.204,0.24,0.063,21.318,21.078
21.208,21.208,0.232,0.048,21.318,21.086
21.197,21.197,0.204,0.043,21.29,21.086
21.19,21.19,0.171,0.038,21.29,21.119
21.191,21.191,0.226,0.048,21.341,21.115
21.178,21.178,0.239,0.048,21.341,21.102
21.195,21.195,0.267,0.061,21.369,21.102
21.195,21.195,0.267,0.056,21.369,21.102
21.224,21.224,0.244,0.059,21.374,21.13
21.234,21.234,0.291,0.064,21.421,21.13
21.24,21.24,0.341,0.073,21.421,21.08
21.219,21.219,0.341,0.082,21.421,21.08
21.188,21.188,0.314,0.077,21.394,21.08
21.179,21.179,0.279,0.069,21.343,21.064
21.172,21.172,0.26,0.061,21.324,21.064
21.185,21.186,0.294,0.07,21.358,21.064
21.206,21.206,0.336,0.081,21.405,21.069
21.225,21.225,0.317,0.08,21.405,21.088
21.23,21.23,0.293,0.078,21.405,21.112
21.216,21.217,0.271,0.075,21.377,21.106
21.218,21.218,0.271,0.078,21.377,21.106
21.205,21.205,0.256,0.076,21.347,21.091
21.194,21.194,0.274,0.078,21.365,21.091
21.185,21.185,0.3,0.074,21.365,21.065
21.2,21.2,0.3,0.075,21.365,21.065
21.217,21.217,0.298,0.066,21.363,21.065
21.224,21.224,0.262,0.065,21.374,21.112
21.211,21.211,0.288,0.068,21.374,21.086
21.198,21.198,0.288,0.08,21.374,21.086
21.173,21.173,0.288,0.07,21.37,21.082
21.17,21.17,0.288,0.066,21.37,21.082
21.169,21.169,0.203,0.057,21.285,21.082
21.17,21.17,0.224,0.062,21.285,21.061
21.179,21.179,0.259,0.066,21.32,21.061
21.193,21.193,0.295,0.073,21.356,21.061
21.214,21.214,0.277,0.077,21.364,21.087
21.22,21.22,0.277,0.082,21.364,21.087
21.208,21.208,0.277,0.079,21.364,21.087
21.201,21.201,0.257,0.072,21.36,21.103
21.172,21.172,0.256,0.064,21.324,21.068
21.158,21.158,0.289,0.071,21.324,21.035
21.159,21.159,0.262,0.071,21.297,21.035
21.182,21.182,0.297,0.075,21.332,21.035
21.201,21.201,0.221,0.064,21.332,21.111
21.189,21.189,0.254,0.064,21.332,21.078
21.205,21.205,0.272,0.077,21.35,21.078
21.203,21.203,0.287,0.078,21.35,21.063
21.226,21.227,0.302,0.075,21.365,21.063
21.208,21.208,0.302,0.065,21.365,21.063
21.204,21.204,0.258,0.059,21.365,21.107
21.195,21.195,0.204,0.043,21.311,21.107
21.197,21.197,0.162,0.04,21.269,21.107
21.208,21.208,0.267,0.047,21.375,21.108
21.201,21.201,0.267,0.055,21.375,21.108
21.182,21.183,0.283,0.06,21.375,21.092
21.173,21.174,0.23,0.056,21.322,21.092
21.182,21.183,0.278,0.063,21.37,21.092
21.197,21.197,0.256,0.061,21.37,21.114
21.201,21.201,0.256,0.058,21.37,21.114
21.193,21.193,0.199,0.048,21.313,21.114
21.215,21.215,0.256,0.066,21.38,21.124
21.219,21.219,0.279,0.068,21.38,21.101
21.227,21.227,0.279,0.068,21.38,21.101
21.219,21.219,0.255,0.062,21.356,21.101
21.217,21.217,0.249,0.054,21.356,21.107
21.22,21.221,0.235,0.06,21.373,21.138
21.21,21.21,0.235,0.048,21.373,21.138
21.213,21.213,0.255,0.052,21.373,21.118
21.219,21.219,0.259,0.058,21.377,21.118
21.221,21.221,0.259,0.06,21.377,21.118
21.224,21.224,0.242,0.061,21.377,21.135
21.21,21.21,0.207,0.049,21.302,21.095
21.206,21.206,0.207,0.048,21.302,21.095
21.201,21.201,0.278,0.059,21.373,21.095
21.211,21.211,0.289,0.065,21.373,21.084
21.201,21.201,0.289,0.069,21.373,21.084
21.194,21.194,0.222,0.063,21.306,21.084
21.188,21.188,0.212,0.051,21.305,21.093
21.204,21.204,0.287,0.058,21.38,21.093
21.21,21.211,0.263,0.049,21.38,21.117
21.211,21.211,0.263,0.048,21.38,21.117
21.203,21.203,0.161,0.035,21.278,21.117
21.206,21.206,0.155,0.035,21.275,21.12
21.213,21.213,0.175,0.041,21.295,21.12
21.226,21.226,0.202,0.047,21.322,21.12
21.235,21.235,0.18,0.047,21.322,21.142
21.236,21.236,0.204,0.05,21.322,21.118
21.232,21.232,0.202,0.044,21.32,21.118
21.216,21.216,0.202,0.049,21.32,21.118
21.208,21.208,0.177,0.052,21.298,21.121
21.204,21.204,0.184,0.057,21.305,21.121
21.208,21.208,0.196,0.054,21.317,21.121
21.204,21.204,0.189,0.049,21.317,21.128
21.21,21.21,0.23,0.053,21.317,21.087
21.217,21.217,0.233,0.056,21.32,21.087
21.213,21.213,0.233,0.056,21.32,21.087
21.215,21.215,0.219,0.047,21.32,21.101
21.212,21.212,0.207,0.048,21.308,21.101
21.214,21.214,0.191,0.045,21.308,21.117
21.203,21.203,0.191,0.044,21.308,21.117
21.197,21.197,0.27,0.052,21.381,21.111
21.195,21.195,0.27,0.058,21.381,21.111
21.203,21.203,0.27,0.062,21.381,21.111
21.207,21.207,0.251,0.056,21.362,21.111
21.208,21.208,0.244,0.05,21.362,21.118
21.198,21.198,0.263,0.048,21.362,21.099
21.186,21.186,0.183,0.048,21.277,21.094
21.195,21.195,0.213,0.051,21.307,21.094
21.209,21.209,0.281,0.061,21.375,21.094
21.219,21.219,0.257,0.059,21.375,21.118
21.22,21.22,0.257,0.064,21.375,21.118
21.211,21.211,0.255,0.059,21.373,21.118
21.216,21.216,0.234,0.056,21.362,21.128
21.205,21.205,0.242,0.047,21.362,21.12
21.211,21.211,0.242,0.044,21.362,21.12
21.197,21.197,0.176,0.037,21.278,21.102
21.205,21.205,0.184,0.038,21.286,21.102
21.201,21.201,0.184,0.04,21.286,21.102
21.207,21.207,0.172,0.037,21.286,21.114
21.205,21.205,0.138,0.034,21.252,21.114
21.2,21.2,0.13,0.036,21.252,21.122
21.206,21.206,0.201,0.042,21.323,21.122
21.205,21.205,0.205,0.05,21.323,21.118
21.211,21.211,0.205,0.05,21.323,21.118
21.212,21.212,0.21,0.049,21.328,21.118
21.216,21.216,0.197,0.047,21.328,21.131
21.221,21.221,0.197,0.048,21.328,21.131
21.22,21.22,0.185,0.044,21.316,21.131
21.219,21.219,0.173,0.039,21.304,21.131
21.215,21.215,0.174,0.033,21.302,21.128
21.223,21.223,0.195,0.042,21.316,21.121
21.226,21.226,0.225,0.051,21.346,21.121
21.234,21.235,0.255,0.054,21.376,21.121
21.233,21.233,0.243,0.058,21.376,21.133
21.228,21.228,0.243,0.054,21.376,21.133
21.229,21.229,0.206,0.051,21.339,21.133
21.227,21.227,0.167,0.048,21.322,21.155
21.237,21.237,0.161,0.041,21.322,21.161
21.241,21.241,0.176,0.042,21.337,21.161
21.242,21.242,0.178,0.036,21.337,21.159
21.232,21.232,0.186,0.047,21.337,21.151
21.219,21.219,0.168,0.046,21.311,21.143
21.218,21.218,0.155,0.042,21.298,21.143
21.231,21.231,0.249,0.051,21.392,21.143
21.241,21.241,0.251,0.05,21.392,21.141
21.251,21.251,0.251,0.054,21.392,21.141
21.24,21.24,0.199,0.05,21.34,21.141
21.237,21.237,0.185,0.052,21.34,21.155
21.232,21.232,0.179,0.045,21.334,21.155
21.242,21.242,0.186,0.041,21.334,21.148
21.25,21.25,0.185,0.036,21.333,21.148
21.242,21.242,0.185,0.041,21.333,21.148
21.243,21.243,0.302,0.059,21.463,21.161
21.234,21.234,0.296,0.057,21.463,21.167
21.244,21.244,0.296,0.057,21.463,21.167
21.233,21.233,0.169,0.043,21.324,21.155
21.234,21.234,0.169,0.04,21.324,21.155
21.231,21.231,0.145,0.039,21.3,21.155
21.237,21.237,0.14,0.033,21.295,21.155
21.239,21.239,0.13,0.034,21.285,21.155
21.242,21.242,0.181,0.04,21.336,21.155
21.244,21.244,0.156,0.038,21.336,21.18
21.24,21.24,0.174,0.041,21.336,21.162
21.241,21.241,0.174,0.043,21.336,21.162
21.238,21.238,0.183,0.049,21.336,21.153
21.237,21.237,0.183,0.051,21.336,21.153
21.228,21.228,0.181,0.047,21.322,21.141
21.231,21.231,0.149,0.043,21.29,21.141
21.239,21.239,0.229,0.053,21.37,21.141
21.245,21.246,0.199,0.056,21.37,21.171
21.248,21.248,0.199,0.054,21.37,21.171
21.25,21.25,0.165,0.041,21.337,21.172
21.251,21.251,0.144,0.034,21.324,21.18
21.251,21.251,0.242,0.05,21.422,21.18
21.25,21.25,0.242,0.05,21.422,21.18
21.264,21.264,0.246,0.058,21.422,21.176
21.27,21.27,0.209,0.051,21.385,21.176
21.269,21.269,0.209,0.053,21.385,21.176
21.259,21.259,0.176,0.043,21.352,21.176
21.259,21.26,0.196,0.048,21.386,21.19
21.265,21.265,0.196,0.047,21.386,21.19
21.262,21.262,0.192,0.046,21.386,21.194
21.263,21.263,0.19,0.041,21.383,21.193
21.263,21.263,0.19,0.044,21.383,21.193
21.269,21.269,0.197,0.05,21.383,21.186
21.271,21.271,0.189,0.046,21.375,21.186
21.272,21.273,0.189,0.043,21.375,21.186
21.278,21.278,0.154,0.036,21.366,21.212
21.276,21.276,0.154,0.036,21.366,21.212
21.281,21.281,0.195,0.044,21.389,21.194
21.272,21.272,0.195,0.047,21.389,21.194
21.27,21.27,0.216,0.052,21.389,21.173
21.263,21.263,0.206,0.047,21.379,21.173
21.263,21.263,0.206,0.046,21.379,21.173
21.267,21.267,0.166,0.043,21.352,21.186
21.276,21.276,0.195,0.048,21.381,21.186
21.273,21.274,0.195,0.048,21.381,21.186
21.266,21.266,0.182,0.047,21.381,21.199
21.257,21.257,0.175,0.039,21.359,21.184
21.256,21.257,0.175,0.038,21.359,21.184
21.262,21.262,0.165,0.038,21.349,21.184
21.275,21.275,0.189,0.048,21.389,21.2
21.288,21.288,0.189,0.051,21.389,21.2
21.287,21.287,0.189,0.05,21.389,21.2
21.282,21.282,0.194,0.045,21.386,21.192
21.285,21.285,0.214,0.045,21.406,21.192
21.299,21.299,0.214,0.045,21.406,21.192
21.309,21.309,0.179,0.043,21.406,21.227
21.31,21.31,0.162,0.035,21.404,21.242
21.309,21.309,0.157,0.037,21.404,21.247
21.311,21.311,0.182,0.045,21.423,21.241
21.309,21.309,0.182,0.053,21.423,21.241
21.308,21.308,0.182,0.051,21.423,21.241
21.299,21.299,0.163,0.044,21.399,21.236
21.302,21.302,0.119,0.038,21.355,21.236
21.298,21.298,0.118,0.038,21.354,21.236
21.299,21.299,0.114,0.036,21.354,21.24
21.29,21.29,0.115,0.037,21.345,21.23
21.286,21.286,0.115,0.039,21.345,21.23
21.286,21.286,0.131,0.038,21.36,21.229
21.296,21.296,0.19,0.044,21.419,21.229
21.306,21.306,0.213,0.051,21.442,21.229
21.303,21.303,0.219,0.053,21.442,21.223
21.3,21.3,0.219,0.049,21.442,21.223
21.296,21.296,0.155,0.043,21.374,21.219
21.302,21.302,0.194,0.045,21.413,21.219
21.3,21.3,0.194,0.045,21.413,21.219
21.305,21.305,0.171,0.047,21.413,21.242
21.309,21.309,0.183,0.05,21.388,21.205
21.31,21.31,0.183,0.048,21.388,21.205
21.313,21.313,0.183,0.046,21.388,21.205
21.316,21.316,0.127,0.038,21.386,21.259
21.32,21.321,0.123,0.035,21.386,21.263
21.325,21.325,0.123,0.038,21.386,21.263
21.33,21.33,0.108,0.038,21.38,21.272
21.341,21.341,0.108,0.034,21.38,21.272
21.345,21.345,0.123,0.035,21.385,21.262
21.351,21.352,0.123,0.03,21.385,21.262
21.349,21.349,0.123,0.033,21.385,21.262
21.349,21.349,0.146,0.035,21.392,21.246
21.348,21.348,0.146,0.039,21.392,21.246
21.342,21.342,0.146,0.042,21.392,21.246
21.346,21.346,0.131,0.037,21.388,21.257
21.338,21.338,0.126,0.034,21.383,21.257
21.341,21.341,0.11,0.034,21.384,21.274
21.331,21.331,0.137,0.037,21.396,21.259
21.331,21.331,0.161,0.04,21.42,21.259
21.334,21.334,0.161,0.041,21.42,21.259
21.337,21.337,0.161,0.041,21.42,21.259
21.337,21.337,0.154,0.047,21.408,21.254
21.261,21.262,0.457,0.149,21.408,20.951
21.141,21.142,0.473,0.178,21.408,20.935
21.033,21.034,0.446,0.117,21.378,20.932
20.995,20.995,0.123,0.038,21.055,20.932
21.001,21.001,0.208,0.04,21.086,20.878
20.997,20.997,0.208,0.04,21.086,20.878
21.005,21.005,0.208,0.04,21.086,20.878
21.007,21.007,0.128,0.035,21.071,20.943
21.012,21.012,0.131,0.038,21.074,20.943
21.011,21.011,0.143,0.044,21.074,20.931
21.016,21.016,0.274,0.056,21.153,20.879
21.017,21.017,0.274,0.058,21.153,20.879
21.025,21.025,0.285,0.063,21.153,20.868
21.036,21.036,0.28,0.056,21.148,20.868
21.047,21.047,0.28,0.053,21.148,20.868
21.048,21.048,0.204,0.047,21.148,20.944
21.048,21.048,0.176,0.041,21.12,20.944
21.045,21.045,0.15,0.037,21.094,20.944
21.032,21.032,0.161,0.041,21.085,20.924
21.021,21.021,0.156,0.043,21.08,20.924
21.018,21.018,0.159,0.042,21.083,20.924
21.025,21.025,0.123,0.039,21.083,20.96
21.029,21.029,0.107,0.034,21.083,20.976
21.029,21.029,0.104,0.035,21.085,20.981
21.034,21.034,0.155,0.039,21.136,20.981
21.031,21.031,0.152,0.041,21.136,20.984
21.034,21.034,0.217,0.052,21.188,20.971
21.033,21.033,0.217,0.05,21.188,20.971
21.03,21.03,0.223,0.051,21.188,20.965
21.025,21.025,0.154,0.039,21.119,20.965
21.029,21.029,0.139,0.042,21.104,20.965
21.034,21.035,0.162,0.044,21.104,20.942
21.038,21.038,0.162,0.045,21.104,20.942
21.041,21.042,0.156,0.043,21.098,20.942
21.045,21.045,0.153,0.045,21.124,20.971
21.058,21.058,0.177,0.046,21.148,20.971
21.056,21.056,0.177,0.045,21.148,20.971
21.075,21.075,0.169,0.045,21.171,21.002
21.071,21.071,0.169,0.043,21.171,21.002
21.079,21.079,0.163,0.039,21.171,21.008
21.073,21.073,0.121,0.03,21.129,21.008
21.077,21.077,0.146,0.033,21.129,20.983
21.084,21.084,0.263,0.046,21.246,20.983
21.079,21.08,0.279,0.055,21.246,20.967
21.071,21.071,0.279,0.056,21.246,20.967
21.067,21.067,0.197,0.046,21.164,20.967
21.069,21.069,0.204,0.047,21.198,20.994
21.081,21.082,0.195,0.047,21.198,21.003
21.073,21.073,0.206,0.049,21.198,20.992
21.067,21.067,0.158,0.04,21.15,20.992
21.058,21.058,0.142,0.039,21.123,20.981
21.061,21.061,0.148,0.039,21.129,20.981
21.067,21.067,0.162,0.043,21.143,20.981
21.062,21.062,0.21,0.052,21.143,20.933
21.066,21.066,0.218,0.053,21.151,20.933
21.066,21.066,0.24,0.058,21.151,20.911
21.086,21.086,0.251,0.051,21.162,20.911
21.096,21.096,0.251,0.052,21.162,20.911
21.107,21.107,0.154,0.044,21.162,21.008
21.101,21.101,0.204,0.052,21.161,20.957
21.101,21.101,0.204,0.05,21.161,20.957
21.099,21.099,0.204,0.049,21.161,20.957
21.11,21.11,0.175,0.04,21.157,20.982
21.116,21.116,0.188,0.039,21.17,20.982
21.12,21.12,0.114,0.034,21.17,21.056
21.122,21.122,0.11,0.035,21.17,21.06
21.123,21.123,0.122,0.037,21.177,21.055
21.127,21.127,0.128,0.035,21.177,21.049
21.12,21.12,0.128,0.034,21.177,21.049
21.122,21.122,0.127,0.033,21.174,21.047
21.124,21.124,0.127,0.031,21.174,21.047
21.125,21.125,0.155,0.038,21.202,21.047
21.125,21.125,0.151,0.037,21.202,21.051
21.117,21.117,0.199,0.045,21.202,21.003
21.12,21.12,0.19,0.045,21.193,21.003
21.113,21.113,0.19,0.047,21.193,21.003
21.118,21.118,0.157,0.045,21.193,21.036
21.118,21.118,0.167,0.045,21.203,21.036
21.116,21.116,0.164,0.045,21.203,21.039
21.114,21.114,0.161,0.047,21.203,21.042
21.121,21.121,0.179,0.047,21.221,21.042
21.138,21.138,0.179,0.048,21.221,21.042
21.147,21.148,0.154,0.04,21.221,21.067
21.134,21.134,0.172,0.047,21.217,21.045
21.131,21.131,0.174,0.046,21.219,21.045
21.135,21.135,0.174,0.048,21.219,21.045
21.158,21.158,0.155,0.041,21.219,21.064
21.151,21.151,0.148,0.041,21.21,21.062
21.137,21.137,0.235,0.053,21.21,20.975
21.133,21.133,0.23,0.05,21.205,20.975
21.147,21.147,0.233,0.052,21.208,20.975
21.164,21.164,0.12,0.036,21.213,21.093
21.164,21.164,0.191,0.045,21.221,21.03
21.163,21.163,0.191,0.045,21.221,21.03
21.163,21.163,0.217,0.049,21.247,21.03
21.166,21.166,0.208,0.044,21.247,21.039
21.165,21.165,0.208,0.045,21.247,21.039
21.151,21.151,0.18,0.048,21.206,21.026
21.142,21.142,0.18,0.047,21.206,21.026
21.134,21.134,0.219,0.052,21.216,20.997
21.142,21.142,0.219,0.053,21.216,20.997
21.148,21.148,0.22,0.054,21.217,20.997
21.153,21.153,0.187,0.046,21.218,21.031
21.154,21.154,0.155,0.041,21.218,21.063
21.157,21.157,0.153,0.041,21.22,21.067
21.17,21.17,0.174,0.041,21.241,21.067
21.179,21.179,0.144,0.038,21.243,21.099
21.187,21.187,0.236,0.047,21.261,21.025
21.176,21.176,0.236,0.06,21.261,21.025
21.177,21.178,0.245,0.069,21.27,21.025
21.164,21.164,0.221,0.068,21.27,21.049
21.171,21.171,0.232,0.069,21.27,21.038
21.179,21.179,0.237,0.065,21.275,21.038
21.149,21.149,0.568,0.154,21.275,20.707
21.007,21.008,0.636,0.231,21.275,20.639
20.897,20.898,0.628,0.223,21.267,20.639
20.947,20.948,0.639,0.234,21.278,20.639
21.095,21.096,0.638,0.208,21.282,20.644
21.089,21.09,0.604,0.198,21.282,20.678
20.945,20.946,0.652,0.214,21.282,20.63
20.797,20.798,0.532,0.109,21.162,20.63
20.767,20.767,0.251,0.055,20.881,20.63
20.763,20.763,0.19,0.048,20.843,20.653
20.755,20.755,0.205,0.053,20.843,20.638
20.751,20.751,0.205,0.048,20.843,20.638
20.75,20.75,0.172,0.046,20.81,20.638
20.753,20.753,0.168,0.047,20.813,20.645
20.774,20.774,0.202,0.047,20.857,20.655
20.776,20.776,0.202,0.05,20.857,20.655
20.791,20.791,0.252,0.054,20.897,20.645
20.778,20.778,0.252,0.057,20.897,20.645
20.785,20.785,0.252,0.051,20.897,20.645
20.777,20.777,0.189,0.044,20.837,20.648
20.771,20.771,0.201,0.045,20.849,20.648
20.751,20.751,0.221,0.054,20.849,20.628
20.754,20.754,0.231,0.052,20.859,20.628
20.758,20.759,0.231,0.055,20.859,20.628
20.764,20.764,0.227,0.049,20.859,20.632
20.771,20.771,0.232,0.05,20.864,20.632
20.765,20.765,0.259,0.052,20.864,20.605
20.77,20.77,0.259,0.049,20.864,20.605
20.768,20.768,0.285,0.049,20.89,20.605
20.781,20.781,0.181,0.044,20.89,20.709
20.787,20.787,0.181,0.045,20.89,20.709
20.789,20.789,0.171,0.045,20.88,20.709
20.804,20.805,0.273,0.059,20.968,20.695
20.804,20.804,0.298,0.067,20.968,20.67
20.797,20.797,0.299,0.071,20.968,20.669
20.783,20.783,0.252,0.054,20.921,20.669
20.784,20.784,0.252,0.048,20.921,20.669
20.791,20.791,0.196,0.044,20.921,20.725
20.795,20.795,0.188,0.047,20.921,20.733
20.791,20.791,0.174,0.045,20.898,20.724
20.78,20.78,0.232,0.048,20.898,20.666
20.773,20.773,0.226,0.05,20.88,20.654
20.765,20.765,0.216,0.056,20.843,20.627
20.767,20.767,0.216,0.066,20.843,20.627
20.766,20.766,0.216,0.064,20.843,20.627
20.783,20.783,0.273,0.06,20.903,20.63
20.784,20.784,0.241,0.051,20.903,20.662
20.789,20.789,0.241,0.055,20.903,20.662
20.781,20.781,0.232,0.053,20.894,20.662
20.785,20.785,0.203,0.051,20.894,20.691
20.774,20.774,0.167,0.041,20.864,20.697
20.772,20.772,0.235,0.05,20.874,20.639
20.765,20.765,0.235,0.049,20.874,20.639
20.77,20.77,0.235,0.05,20.874,20.639
20.779,20.779,0.24,0.046,20.889,20.649
20.787,20.787,0.171,0.043,20.889,20.718
20.775,20.775,0.26,0.059,20.889,20.629
20.762,20.762,0.24,0.059,20.869,20.629
20.746,20.746,0.215,0.06,20.844,20.629
20.757,20.757,0.197,0.051,20.844,20.647
20.752,20.752,0.18,0.051,20.823,20.643
20.76,20.76,0.18,0.044,20.823,20.643
20.765,20.765,0.175,0.047,20.818,20.643
20.774,20.774,0.258,0.048,20.889,20.631
20.786,20.786,0.258,0.048,20.889,20.631
20.787,20.787,0.258,0.048,20.889,20.631
20.793,20.793,0.118,0.033,20.839,20.721
20.788,20.788,0.137,0.031,20.839,20.702
20.782,20.782,0.164,0.039,20.858,20.694
20.763,20.763,0.233,0.054,20.858,20.625
20.754,20.754,0.233,0.061,20.858,20.625
20.76,20.76,0.248,0.064,20.873,20.625
20.775,20.775,0.236,0.053,20.873,20.637
20.795,20.795,0.266,0.055,20.926,20.66
20.791,20.791,0.266,0.051,20.926,20.66
20.793,20.793,0.266,0.047,20.926,20.66
20.785,20.785,0.093,0.027,20.831,20.738
20.78,20.78,0.106,0.028,20.828,20.722
20.765,20.765,0.198,0.04,20.814,20.616
20.749,20.749,0.191,0.039,20.807,20.616
20.757,20.757,0.292,0.049,20.908,20.616
20.768,20.768,0.218,0.044,20.908,20.69
20.786,20.786,0.183,0.04,20.908,20.725
20.787,20.787,0.155,0.039,20.873,20.718
20.791,20.791,0.185,0.046,20.891,20.706
20.788,20.788,0.185,0.043,20.891,20.706
20.777,20.777,0.185,0.043,20.891,20.706
20.778,20.778,0.151,0.04,20.862,20.711
20.77,20.77,0.151,0.042,20.862,20.711
20.777,20.777,0.15,0.039,20.862,20.712
20.779,20.779,0.116,0.032,20.835,20.719
20.791,20.791,0.221,0.042,20.944,20.723
20.793,20.793,0.218,0.043,20.944,20.726
20.798,20.798,0.218,0.053,20.944,20.726
20.8,20.8,0.209,0.052,20.914,20.705
20.799,20.799,0.209,0.053,20.914,20.705
20.785,20.785,0.207,0.052,20.912,20.705
20.766,20.766,0.156,0.043,20.87,20.714
20.765,20.765,0.181,0.048,20.87,20.689
20.765,20.766,0.167,0.041,20.856,20.689
20.774,20.774,0.199,0.047,20.888,20.689
20.77,20.77,0.192,0.048,20.891,20.699
20.774,20.774,0.192,0.048,20.891,20.699
20.779,20.779,0.192,0.042,20.891,20.699
20.781,20.781,0.122,0.036,20.83,20.708
20.789,20.789,0.196,0.041,20.904,20.708
20.781,20.782,0.196,0.045,20.904,20.708
20.775,20.775,0.198,0.048,20.904,20.706
20.76,20.76,0.158,0.045,20.858,20.7
20.758,20.758,0.158,0.044,20.858,20.7
20.762,20.763,0.158,0.042,20.858,20.7
20.771,20.771,0.213,0.046,20.914,20.701
20.783,20.783,0.212,0.049,20.914,20.702
20.793,20.793,0.202,0.045,20.914,20.712
20.794,20.794,0.207,0.045,20.912,20.705
20.789,20.789,0.207,0.041,20.912,20.705
20.785,20.785,0.207,0.041,20.912,20.705
20.774,20.774,0.121,0.036,20.825,20.704
20.775,20.775,0.183,0.041,20.887,20.704
20.772,20.772,0.183,0.042,20.887,20.704
20.779,20.779,0.181,0.04,20.887,20.706
20.775,20.775,0.154,0.039,20.86,20.706
20.776,20.776,0.207,0.049,20.902,20.695
20.771,20.772,0.221,0.055,20.902,20.681
20.767,20.767,0.23,0.054,20.902,20.672
20.762,20.762,0.207,0.049,20.879,20.672
20.768,20.768,0.185,0.046,20.857,20.672
20.774,20.774,0.175,0.045,20.857,20.682
20.784,20.784,0.19,0.04,20.872,20.682
20.782,20.782,0.171,0.039,20.872,20.701
20.786,20.786,0.169,0.033,20.872,20.703
20.783,20.783,0.181,0.041,20.884,20.703
20.782,20.782,0.181,0.039,20.884,20.703
20.78,20.78,0.183,0.046,20.884,20.701
20.781,20.781,0.186,0.052,20.887,20.701
20.775,20.775,0.272,0.063,20.887,20.615
20.786,20.786,0.272,0.063,20.887,20.615
20.783,20.784,0.269,0.062,20.884,20.615
20.799,20.799,0.236,0.053,20.884,20.648
20.784,20.784,0.236,0.054,20.884,20.648
20.779,20.779,0.24,0.054,20.883,20.643
20.782,20.782,0.233,0.05,20.876,20.643
20.784,20.785,0.233,0.046,20.876,20.643
20.797,20.797,0.154,0.036,20.872,20.718
20.793,20.793,0.162,0.04,20.872,20.71
20.791,20.791,0.168,0.045,20.872,20.704
20.787,20.787,0.197,0.05,20.901,20.704
20.777,20.777,0.197,0.049,20.901,20.704
20.781,20.781,0.196,0.05,20.901,20.705
20.783,20.783,0.171,0.043,20.876,20.705
20.799,20.799,0.206,0.052,20.898,20.692
20.799,20.799,0.206,0.045,20.898,20.692
20.8,20.8,0.206,0.045,20.898,20.692
20.796,20.796,0.196,0.039,20.924,20.728
20.796,20.796,0.206,0.045,20.924,20.718
20.801,20.801,0.206,0.047,20.924,20.718
20.801,20.801,0.212,0.043,20.907,20.695
20.814,20.814,0.221,0.043,20.916,20.695
20.817,20.817,0.221,0.041,20.916,20.695
20.814,20.814,0.204,0.04,20.916,20.712
20.8,20.8,0.183,0.042,20.895,20.712
20.798,20.798,0.175,0.046,20.887,20.712
20.795,20.795,0.173,0.045,20.887,20.714
20.788,20.788,0.269,0.052,20.887,20.618
20.779,20.779,0.248,0.046,20.866,20.618
20.783,20.783,0.284,0.051,20.902,20.618
20.789,20.789,0.199,0.041,20.902,20.703
20.797,20.797,0.222,0.043,20.925,20.703
20.792,20.792,0.28,0.045,20.925,20.645
20.801,20.801,0.28,0.048,20.925,20.645
20.799,20.799,0.242,0.048,20.887,20.645
20.805,20.805,0.162,0.041,20.887,20.725
20.793,20.793,0.162,0.039,20.887,20.725
20.796,20.796,0.18,0.041,20.906,20.726
20.794,20.794,0.2,0.041,20.906,20.706
20.793,20.794,0.2,0.043,20.906,20.706
20.784,20.784,0.208,0.043,20.904,20.696
20.784,20.784,0.208,0.049,20.904,20.696
20.799,20.799,0.208,0.052,20.904,20.696
20.801,20.801,0.195,0.047,20.898,20.703
20.807,20.807,0.19,0.048,20.914,20.724
20.801,20.801,0.197,0.05,20.914,20.717
20.806,20.806,0.197,0.053,20.914,20.717
20.814,20.814,0.179,0.051,20.896,20.717
20.824,20.824,0.186,0.046,20.905,20.719
20.832,20.832,0.182,0.042,20.916,20.734
20.824,20.824,0.197,0.042,20.916,20.719
20.813,20.813,0.203,0.047,20.916,20.713
20.805,20.805,0.192,0.042,20.905,20.713
20.805,20.805,0.198,0.046,20.907,20.709
20.819,20.819,0.227,0.053,20.936,20.709
20.82,20.82,0.227,0.056,20.936,20.709
20.817,20.817,0.227,0.056,20.936,20.709
20.795,20.795,0.21,0.044,20.919,20.709
20.787,20.787,0.182,0.041,20.891,20.709
20.79,20.79,0.146,0.038,20.855,20.709
20.818,20.818,0.235,0.05,20.944,20.709
20.827,20.827,0.212,0.045,20.944,20.732
20.817,20.817,0.217,0.05,20.944,20.727
20.801,20.801,0.165,0.038,20.892,20.727
20.792,20.792,0.187,0.042,20.892,20.705
20.818,20.818,0.204,0.05,20.909,20.705
20.835,20.835,0.218,0.053,20.923,20.705
20.838,20.838,0.165,0.049,20.923,20.758
20.815,20.815,0.182,0.052,20.923,20.741
20.785,20.785,0.203,0.043,20.91,20.707
20.803,20.803,0.225,0.052,20.932,20.707
20.813,20.813,0.225,0.052,20.932,20.707
20.828,20.828,0.274,0.054,20.981,20.707
20.805,20.805,0.274,0.059,20.981,20.707
20.789,20.789,0.274,0.056,20.981,20.707
20.792,20.792,0.162,0.046,20.872,20.71
20.811,20.811,0.21,0.045,20.926,20.716
20.822,20.823,0.173,0.043,20.926,20.753
20.818,20.818,0.188,0.046,20.926,20.738
20.788,20.788,0.229,0.054,20.901,20.672
20.765,20.765,0.195,0.054,20.867,20.672
20.756,20.756,0.215,0.056,20.887,20.672
20.768,20.768,0.21,0.059,20.888,20.678
20.784,20.784,0.226,0.06,20.904,20.678
20.783,20.783,0.202,0.057,20.904,20.702
20.792,20.792,0.269,0.063,20.971,20.702
20.784,20.784,0.285,0.058,20.971,20.686
20.781,20.781,0.287,0.064,20.971,20.684
20.821,20.821,0.616,0.17,21.3,20.684
20.966,20.967,0.616,0.238,21.3,20.684
21.101,21.102,0.614,0.197,21.3,20.686
21.191,21.191,0.218,0.062,21.294,21.076
21.185,21.185,0.194,0.06,21.291,21.097
21.191,21.191,0.191,0.053,21.291,21.1
21.176,21.176,0.183,0.052,21.279,21.096
21.164,21.164,0.235,0.058,21.305,21.07
21.16,21.16,0.242,0.067,21.305,21.063
21.171,21.171,0.278,0.073,21.341,21.063
21.171,21.171,0.278,0.068,21.341,21.063
21.164,21.164,0.257,0.059,21.341,21.084
21.156,21.156,0.157,0.043,21.241,21.084
21.151,21.151,0.164,0.041,21.241,21.077
21.156,21.157,0.214,0.044,21.291,21.077
21.157,21.157,0.216,0.057,21.293,21.077
21.176,21.176,0.224,0.06,21.303,21.079
21.166,21.166,0.21,0.056,21.303,21.093
21.154,21.154,0.272,0.051,21.303,21.031
21.131,21.131,0.194,0.047,21.214,21.02
21.138,21.138,0.264,0.062,21.284,21.02
21.135,21.135,0.269,0.062,21.284,21.015
21.14,21.14,0.269,0.053,21.284,21.015
21.122,21.122,0.158,0.036,21.173,21.015
21.117,21.117,0.137,0.037,21.174,21.037
21.106,21.106,0.179,0.045,21.216,21.037
21.111,21.111,0.164,0.044,21.216,21.052
21.118,21.118,0.173,0.046,21.216,21.043
21.118,21.118,0.154,0.036,21.197,21.043
21.104,21.104,0.143,0.037,21.185,21.042
21.087,21.087,0.147,0.033,21.185,21.038
21.087,21.087,0.152,0.032,21.19,21.038
21.091,21.091,0.152,0.029,21.19,21.038
21.098,21.098,0.14,0.03,21.19,21.05
21.081,21.081,0.132,0.035,21.146,21.014
21.066,21.066,0.132,0.034,21.146,21.014
21.055,21.055,0.161,0.033,21.139,20.978
21.058,21.058,0.161,0.033,21.139,20.978
21.068,21.068,0.161,0.035,21.139,20.978
21.074,21.074,0.152,0.029,21.138,20.986
21.071,21.071,0.108,0.027,21.138,21.03
21.058,21.058,0.097,0.025,21.127,21.03
21.044,21.044,0.188,0.031,21.127,20.939
21.042,21.042,0.191,0.04,21.13,20.939
21.034,21.034,0.191,0.044,21.13,20.939
21.034,21.034,0.19,0.047,21.13,20.94
21.031,21.031,0.141,0.046,21.081,20.94
21.03,21.03,0.14,0.045,21.081,20.941
21.035,21.035,0.14,0.038,21.081,20.941
21.026,21.026,0.145,0.037,21.077,20.932
21.025,21.025,0.157,0.036,21.089,20.932
21.023,21.023,0.157,0.039,21.089,20.932
21.028,21.028,0.167,0.04,21.108,20.941
21.009,21.009,0.232,0.055,21.108,20.876
21.0,21.0,0.232,0.053,21.108,20.876
20.998,20.998,0.21,0.048,21.086,20.876
21.012,21.012,0.189,0.039,21.101,20.912
21.012,21.012,0.189,0.037,21.101,20.912
21.0,21.0,0.2,0.046,21.101,20.901
20.979,20.979,0.153,0.048,21.051,20.898
20.977,20.977,0.196,0.05,21.094,20.898
20.964,20.964,0.2,0.048,21.094,20.894
20.965,20.965,0.219,0.046,21.094,20.875
20.95,20.95,0.156,0.044,21.024,20.868
20.95,20.95,0.156,0.047,21.024,20.868
20.945,20.945,0.157,0.047,21.024,20.867
20.954,20.954,0.171,0.041,21.038,20.867
20.95,20.95,0.196,0.043,21.038,20.842
20.942,20.942,0.196,0.051,21.038,20.842
20.919,20.919,0.196,0.05,21.038,20.842
20.916,20.916,0.186,0.048,21.038,20.852
20.914,20.914,0.183,0.044,21.013,20.83
20.92,20.92,0.186,0.051,21.016,20.83
20.926,20.926,0.186,0.049,21.016,20.83
20.922,20.922,0.186,0.05,21.016,20.83
20.911,20.911,0.135,0.044,20.969,20.834
20.896,20.897,0.126,0.039,20.96,20.834
20.882,20.882,0.15,0.042,20.953,20.803
20.88,20.88,0.146,0.039,20.949,20.803
20.873,20.873,0.208,0.047,20.941,20.733
20.877,20.877,0.208,0.046,20.941,20.733
20.876,20.876,0.254,0.052,20.987,20.733
20.877,20.877,0.196,0.05,21.001,20.805
20.887,20.887,0.224,0.053,21.001,20.777
20.878,20.878,0.224,0.056,21.001,20.777
20.883,20.883,0.209,0.054,20.986,20.777
20.865,20.865,0.218,0.053,20.973,20.755
20.872,20.872,0.218,0.051,20.973,20.755
20.848,20.848,0.21,0.051,20.965,20.755
20.854,20.854,0.2,0.053,20.965,20.765
20.833,20.833,0.252,0.057,20.93,20.678
20.847,20.847,0.28,0.064,20.958,20.678
20.828,20.829,0.28,0.066,20.958,20.678
20.832,20.832,0.241,0.061,20.958,20.717
20.822,20.822,0.205,0.056,20.939,20.734
20.829,20.829,0.246,0.06,20.939,20.693
20.83,20.83,0.246,0.057,20.939,20.693
20.826,20.826,0.221,0.052,20.914,20.693
20.808,20.808,0.233,0.053,20.914,20.681
20.79,20.791,0.233,0.057,20.914,20.681
20.776,20.776,0.189,0.055,20.87,20.681
20.766,20.766,0.194,0.056,20.87,20.676
20.763,20.763,0.183,0.054,20.859,20.676
20.76,20.76,0.199,0.056,20.875,20.676
20.769,20.77,0.228,0.062,20.882,20.654
20.884,20.885,0.617,0.186,21.271,20.654
21.0,21.001,0.617,0.186,21.271,20.654
21.121,21.121,0.408,0.091,21.271,20.863
21.122,21.122,0.251,0.064,21.236,20.985
21.102,21.102,0.258,0.074,21.236,20.978
21.09,21.09,0.251,0.069,21.219,20.968
21.096,21.096,0.256,0.07,21.224,20.968
21.112,21.112,0.256,0.068,21.224,20.968
21.112,21.113,0.255,0.066,21.224,20.969
21.1,21.1,0.252,0.068,21.22,20.968
21.081,21.082,0.245,0.068,21.21,20.965
21.063,21.064,0.256,0.067,21.189,20.933
21.042,21.042,0.256,0.062,21.189,20.933
21.046,21.047,0.274,0.071,21.199,20.925
21.062,21.062,0.276,0.08,21.201,20.925
21.086,21.086,0.294,0.086,21.219,20.925
21.081,21.081,0.287,0.077,21.219,20.932
21.079,21.079,0.287,0.071,21.219,20.932
21.063,21.063,0.26,0.057,21.192,20.932
21.071,21.071,0.224,0.067,21.202,20.978
21.066,21.066,0.237,0.068,21.202,20.965
21.071,21.072,0.237,0.068,21.202,20.965
21.071,21.071,0.259,0.067,21.196,20.937
21.072,21.072,0.253,0.066,21.19,20.937
21.065,21.065,0.286,0.072,21.176,20.89
21.061,21.061,0.279,0.069,21.169,20.89
21.053,21.053,0.267,0.066,21.157,20.89
21.051,21.051,0.252,0.066,21.154,20.902
21.062,21.062,0.262,0.066,21.164,20.902
21.06,21.061,0.262,0.069,21.164,20.902
21.057,21.058,0.252,0.068,21.164,20.912
21.03,21.03,0.215,0.06,21.127,20.912
21.023,21.023,0.23,0.061,21.142,20.912
21.024,21.024,0.202,0.058,21.142,20.94
21.021,21.021,0.22,0.06,21.142,20.922
21.014,21.014,0.197,0.054,21.119,20.922
21.012,21.012,0.193,0.053,21.115,20.922
21.005,21.006,0.28,0.058,21.115,20.835
21.007,21.007,0.28,0.062,21.115,20.835
21.002,21.002,0.284,0.057,21.119,20.835
21.012,21.012,0.186,0.052,21.119,20.933
21.008,21.008,0.23,0.049,21.119,20.889
20.985,20.985,0.213,0.057,21.102,20.889
20.972,20.972,0.191,0.052,21.08,20.889
20.971,20.971,0.212,0.056,21.104,20.892
20.98,20.98,0.201,0.049,21.104,20.903
20.991,20.991,0.218,0.059,21.121,20.903
20.983,20.983,0.281,0.063,21.184,20.903
20.991,20.991,0.274,0.064,21.184,20.91
20.985,20.985,0.282,0.068,21.184,20.902
20.986,20.986,0.255,0.061,21.148,20.893
20.98,20.981,0.255,0.061,21.148,20.893
20.982,20.982,0.266,0.053,21.159,20.893
20.988,20.989,0.255,0.054,21.159,20.904
20.992,20.992,0.235,0.052,21.159,20.924
20.99,20.99,0.187,0.049,21.111,20.924
20.995,20.995,0.233,0.057,21.148,20.915
20.999,20.999,0.243,0.067,21.148,20.905
20.998,20.998,0.243,0.064,21.148,20.905
20.985,20.985,0.26,0.06,21.143,20.883
20.962,20.962,0.186,0.052,21.069,20.883
20.946,20.946,0.169,0.047,21.052,20.883
20.946,20.947,0.163,0.039,21.047,20.884
20.963,20.963,0.182,0.041,21.066,20.884
20.975,20.975,0.251,0.051,21.153,20.902
20.968,20.968,0.274,0.054,21.153,20.879
20.967,20.967,0.274,0.059,21.153,20.879
20.965,20.965,0.254,0.058,21.133,20.879
20.971,20.971,0.246,0.057,21.133,20.887
20.965,20.965,0.246,0.05,21.133,20.887
20.962,20.962,0.152,0.038,21.046,20.894
20.955,20.955,0.187,0.04,21.036,20.849
20.951,20.951,0.226,0.049,21.06,20.834
20.95,20.95,0.25,0.052,21.084,20.834
20.955,20.955,0.256,0.066,21.084,20.828
20.959,20.959,0.272,0.067,21.084,20.812
20.954,20.954,0.26,0.068,21.072,20.812
20.948,20.948,0.246,0.063,21.058,20.812
20.944,20.944,0.199,0.059,21.058,20.859
20.946,20.946,0.199,0.062,21.058,20.859
20.953,20.953,0.192,0.06,21.051,20.859
20.953,20.953,0.187,0.056,21.051,20.864
20.966,20.966,0.218,0.056,21.082,20.864
20.978,20.978,0.201,0.057,21.082,20.881
20.988,20.988,0.2,0.053,21.082,20.882
20.979,20.979,0.199,0.05,21.081,20.882
20.969,20.969,0.252,0.051,21.076,20.824
20.958,20.958,0.274,0.062,21.076,20.802
20.945,20.945,0.274,0.066,21.076,20.802
20.935,20.935,0.255,0.058,21.057,20.802
20.943,20.943,0.219,0.05,21.028,20.809
20.945,20.945,0.26,0.054,21.045,20.785
20.95,20.95,0.297,0.065,21.082,20.785
20.944,20.944,0.297,0.068,21.082,20.785
20.954,20.954,0.215,0.065,21.082,20.867
20.955,20.955,0.177,0.057,21.044,20.867
20.945,20.945,0.179,0.055,21.042,20.863
20.942,20.942,0.18,0.049,21.042,20.862
20.939,20.939,0.202,0.048,21.064,20.862
20.951,20.951,0.236,0.061,21.067,20.831
20.954,20.954,0.236,0.059,21.067,20.831
20.951,20.951,0.236,0.054,21.067,20.831
20.952,20.953,0.143,0.033,21.029,20.886
20.947,20.947,0.113,0.03,20.994,20.881
20.947,20.947,0.113,0.028,20.994,20.881
20.946,20.946,0.12,0.033,21.001,20.881
20.956,20.956,0.119,0.035,21.001,20.882
20.962,20.962,0.119,0.033,21.001,20.882
20.962,20.962,0.121,0.032,21.001,20.88
20.949,20.949,0.149,0.037,21.002,20.853
20.949,20.949,0.149,0.038,21.002,20.853
20.954,20.954,0.149,0.035,21.002,20.853
20.963,20.963,0.149,0.027,21.027,20.878
20.957,20.957,0.221,0.042,21.027,20.806
20.948,20.948,0.238,0.055,21.027,20.789
20.95,20.95,0.257,0.057,21.046,20.789
20.951,20.951,0.264,0.053,21.053,20.789
20.948,20.948,0.218,0.05,21.056,20.838
20.938,20.938,0.218,0.046,21.056,20.838
20.931,20.931,0.218,0.046,21.056,20.838
20.935,20.935,0.143,0.04,20.992,20.849
20.946,20.946,0.194,0.041,21.043,20.849
20.958,20.958,0.173,0.037,21.043,20.87
20.96,20.96,0.15,0.036,21.043,20.893
20.96,20.96,0.147,0.036,21.04,20.893
20.961,20.961,0.132,0.035,21.007,20.875
20.963,20.963,0.142,0.037,21.01,20.868
20.961,20.961,0.142,0.04,21.01,20.868
20.969,20.969,0.155,0.037,21.023,20.868
20.97,20.97,0.154,0.029,21.023,20.869
20.966,20.966,0.151,0.031,21.023,20.872
20.959,20.959,0.126,0.03,20.998,20.872
20.955,20.955,0.126,0.031,20.998,20.872
20.956,20.956,0.127,0.025,21.006,20.879
20.961,20.961,0.094,0.022,21.006,20.912
20.964,20.964,0.083,0.022,21.006,20.923
20.966,20.966,0.13,0.027,21.018,20.888
20.965,20.965,0.13,0.028,21.018,20.888
20.971,20.971,0.13,0.029,21.018,20.888
20.978,20.978,0.13,0.028,21.059,20.929
20.993,20.993,0.148,0.035,21.078,20.93
20.999,20.999,0.148,0.034,21.078,20.93
20.997,20.997,0.175,0.034,21.078,20.903
20.988,20.988,0.169,0.033,21.072,20.903
20.989,20.989,0.169,0.031,21.072,20.903
20.993,20.993,0.159,0.025,21.072,20.913
20.987,20.987,0.123,0.023,21.041,20.918
20.98,20.98,0.097,0.024,21.015,20.918
20.966,20.966,0.138,0.028,21.01,20.872
20.958,20.958,0.127,0.026,20.999,20.872
20.952,20.953,0.113,0.023,20.985,20.872
20.956,20.956,0.108,0.023,20.996,20.888
20.981,20.981,0.185,0.037,21.073,20.888
21.006,21.006,0.185,0.038,21.073,20.888
21.016,21.016,0.117,0.03,21.073,20.956
21.01,21.01,0.105,0.031,21.058,20.953
20.996,20.996,0.149,0.031,21.051,20.902
20.998,20.998,0.14,0.026,21.042,20.902
20.995,20.995,0.135,0.026,21.037,20.902
21.0,21.0,0.091,0.022,21.037,20.946
20.996,20.996,0.156,0.038,21.044,20.888
20.991,20.991,0.156,0.042,21.044,20.888
20.987,20.987,0.156,0.041,21.044,20.888
20.98,20.981,0.137,0.034,21.029,20.892
20.992,20.992,0.148,0.035,21.04,20.892
20.999,20.999,0.148,0.035,21.04,20.892
21.006,21.006,0.2,0.038,21.049,20.849
20.987,20.987,0.2,0.052,21.049,20.849
20.977,20.977,0.205,0.057,21.054,20.849
20.978,20.978,0.199,0.049,21.054,20.855
20.994,20.994,0.178,0.041,21.054,20.876
21.005,21.005,0.147,0.028,21.047,20.9
21.008,21.009,0.147,0.031,21.047,20.9
21.013,21.013,0.128,0.025,21.047,20.919
21.011,21.011,0.135,0.032,21.054,20.919
21.023,21.023,0.169,0.037,21.118,20.949
21.029,21.029,0.169,0.041,21.118,20.949
21.032,21.032,0.181,0.042,21.118,20.937
21.018,21.018,0.208,0.046,21.088,20.88
21.01,21.01,0.221,0.045,21.101,20.88
21.007,21.007,0.221,0.039,21.101,20.88
20.994,20.995,0.247,0.046,21.101,20.854
20.992,20.992,0.19,0.044,21.044,20.854
20.995,20.995,0.191,0.045,21.045,20.854
21.005,21.005,0.168,0.036,21.091,20.923
21.018,21.018,0.168,0.039,21.091,20.923
21.031,21.031,0.262,0.056,21.164,20.902
21.037,21.037,0.262,0.05,21.164,20.902
21.031,21.032,0.262,0.059,21.164,20.902
21.012,21.012,0.187,0.048,21.119,20.932
21.017,21.017,0.187,0.05,21.119,20.932
21.001,21.001,0.184,0.045,21.09,20.906
21.002,21.002,0.257,0.054,21.12,20.863
20.994,20.994,0.267,0.056,21.12,20.853
21.022,21.022,0.308,0.061,21.161,20.853
21.042,21.042,0.308,0.054,21.161,20.853
21.066,21.066,0.262,0.053,21.171,20.909
21.044,21.044,0.262,0.06,21.171,20.909
21.031,21.031,0.262,0.065,21.171,20.909
21.008,21.009,0.211,0.053,21.133,20.922
21.011,21.011,0.211,0.063,21.133,20.922
21.007,21.007,0.202,0.054,21.124,20.922
21.03,21.03,0.256,0.065,21.184,20.928
21.054,21.054,0.256,0.059,21.184,20.928
21.072,21.072,0.218,0.057,21.184,20.966
21.061,21.061,0.214,0.059,21.183,20.969
21.059,21.059,0.214,0.056,21.183,20.969
21.049,21.049,0.194,0.057,21.163,20.969
21.046,21.047,0.201,0.057,21.163,20.962
21.04,21.04,0.223,0.057,21.163,20.94
21.034,21.034,0.185,0.058,21.125,20.94
21.023,21.023,0.202,0.062,21.141,20.939
21.015,21.015,0.202,0.056,21.141,20.939
21.031,21.031,0.202,0.06,21.141,20.939
21.051,21.051,0.275,0.056,21.165,20.89
21.059,21.06,0.275,0.069,21.165,20.89
21.051,21.051,0.275,0.071,21.165,20.89
21.04,21.04,0.267,0.064,21.165,20.898
21.05,21.05,0.227,0.056,21.167,20.94
21.061,21.061,0.208,0.055,21.167,20.959
21.076,21.076,0.196,0.053,21.167,20.971
21.069,21.069,0.17,0.055,21.141,20.971
21.06,21.06,0.176,0.053,21.136,20.96
21.037,21.037,0.188,0.052,21.136,20.948
21.035,21.035,0.184,0.055,21.125,20.941
21.045,21.045,0.214,0.066,21.155,20.941
21.075,21.075,0.241,0.067,21.182,20.941
21.087,21.087,0.21,0.062,21.182,20.972
21.078,21.078,0.272,0.065,21.214,20.942
21.057,21.057,0.272,0.067,21.214,20.942
21.046,21.046,0.304,0.073,21.246,20.942
21.052,21.052,0.292,0.069,21.246,20.954
21.054,21.054,0.283,0.065,21.246,20.963
21.055,21.055,0.207,0.058,21.17,20.963
21.051,21.051,0.205,0.059,21.176,20.971
21.057,21.057,0.205,0.056,21.176,20.971
21.067,21.067,0.203,0.051,21.176,20.973
21.092,21.092,0.274,0.058,21.254,20.98
21.107,21.107,0.265,0.052,21.254,20.989
21.111,21.111,0.275,0.064,21.256,20.981
21.098,21.098,0.275,0.057,21.256,20.981
21.08,21.08,0.275,0.06,21.256,20.981
21.074,21.074,0.178,0.045,21.169,20.991
21.069,21.069,0.178,0.046,21.169,20.991
21.087,21.087,0.178,0.045,21.169,20.991
21.075,21.075,0.161,0.047,21.158,20.997
21.079,21.079,0.168,0.044,21.165,20.997
21.079,21.079,0.188,0.047,21.185,20.997
21.106,21.106,0.178,0.045,21.199,21.021
21.108,21.108,0.228,0.05,21.199,20.971
21.097,21.097,0.228,0.056,21.199,20.971
21.079,21.079,0.23,0.058,21.189,20.959
21.073,21.073,0.23,0.058,21.189,20.959
21.096,21.096,0.265,0.067,21.224,20.959
21.098,21.098,0.256,0.063,21.224,20.968
21.108,21.108,0.204,0.058,21.224,21.02
21.091,21.091,0.194,0.051,21.214,21.02
21.098,21.098,0.179,0.049,21.2,21.021
21.101,21.101,0.179,0.042,21.2,21.021
21.113,21.113,0.175,0.045,21.229,21.054
21.123,21.123,0.18,0.041,21.236,21.056
21.13,21.13,0.18,0.044,21.236,21.056
21.135,21.135,0.178,0.041,21.236,21.058
21.123,21.123,0.199,0.047,21.211,21.012
21.116,21.116,0.199,0.049,21.211,21.012
21.107,21.107,0.193,0.044,21.205,21.012
21.106,21.106,0.165,0.037,21.205,21.04
21.1,21.1,0.167,0.035,21.205,21.038
21.094,21.094,0.152,0.033,21.19,21.038
21.093,21.093,0.152,0.032,21.19,21.038
21.103,21.103,0.161,0.033,21.211,21.05
21.109,21.109,0.14,0.024,21.211,21.071
21.119,21.119,0.162,0.033,21.211,21.049
21.128,21.128,0.147,0.037,21.196,21.049
21.147,21.147,0.147,0.04,21.196,21.049
21.162,21.162,0.188,0.032,21.252,21.064
21.159,21.159,0.177,0.034,21.252,21.075
21.145,21.145,0.191,0.043,21.252,21.061
21.131,21.132,0.17,0.041,21.219,21.049
21.129,21.129,0.17,0.037,21.219,21.049
21.13,21.131,0.148,0.032,21.197,21.049
21.134,21.134,0.161,0.033,21.21,21.049
21.134,21.134,0.173,0.038,21.222,21.049
21.124,21.124,0.173,0.04,21.222,21.049
21.122,21.122,0.172,0.038,21.222,21.05
21.113,21.113,0.17,0.035,21.22,21.05
21.126,21.126,0.168,0.035,21.22,21.052
21.147,21.147,0.156,0.043,21.208,21.052
21.174,21.174,0.159,0.032,21.268,21.109
21.177,21.177,0.204,0.031,21.268,21.064
21.168,21.168,0.218,0.038,21.282,21.064
21.158,21.158,0.218,0.035,21.282,21.064
21.156,21.156,0.192,0.034,21.282,21.09
21.146,21.146,0.152,0.039,21.201,21.049
21.139,21.139,0.163,0.041,21.212,21.049
21.137,21.137,0.179,0.042,21.228,21.049
21.137,21.137,0.189,0.046,21.238,21.049
21.137,21.137,0.192,0.049,21.241,21.049
21.139,21.139,0.192,0.049,21.241,21.049
21.148,21.148,0.186,0.043,21.256,21.07
21.16,21.16,0.188,0.042,21.274,21.086
21.165,21.165,0.188,0.042,21.274,21.086
21.176,21.176,0.175,0.038,21.274,21.099
21.177,21.177,0.13,0.032,21.229,21.099
21.181,21.181,0.13,0.028,21.242,21.112
21.163,21.163,0.235,0.044,21.242,21.007
21.156,21.156,0.248,0.05,21.255,21.007
21.147,21.147,0.248,0.05,21.255,21.007
21.153,21.153,0.2,0.047,21.255,21.055
21.153,21.153,0.186,0.04,21.241,21.055
21.162,21.162,0.207,0.043,21.262,21.055
21.154,21.154,0.255,0.045,21.262,21.007
21.156,21.156,0.255,0.05,21.262,21.007
21.145,21.145,0.233,0.047,21.24,21.007
21.157,21.157,0.182,0.042,21.244,21.062
21.159,21.159,0.199,0.044,21.261,21.062
21.169,21.169,0.224,0.048,21.301,21.077
21.172,21.172,0.262,0.053,21.301,21.039
21.174,21.174,0.262,0.049,21.301,21.039
21.184,21.184,0.218,0.042,21.257,21.039
21.19,21.19,0.148,0.034,21.257,21.109
21.184,21.184,0.199,0.041,21.243,21.044
21.177,21.177,0.188,0.043,21.232,21.044
21.183,21.183,0.241,0.048,21.285,21.044
21.195,21.195,0.177,0.036,21.285,21.108
21.196,21.196,0.172,0.037,21.285,21.113
21.184,21.184,0.141,0.041,21.238,21.097
21.18,21.18,0.141,0.045,21.238,21.097
21.185,21.185,0.141,0.04,21.238,21.097
21.186,21.186,0.142,0.038,21.238,21.096
21.191,21.191,0.142,0.031,21.238,21.096
21.192,21.192,0.142,0.034,21.238,21.096
21.196,21.196,0.127,0.028,21.238,21.111
21.186,21.186,0.154,0.042,21.243,21.089
21.18,21.18,0.154,0.045,21.243,21.089
21.175,21.175,0.154,0.043,21.243,21.089
21.183,21.183,0.133,0.04,21.231,21.098
21.194,21.194,0.168,0.044,21.274,21.106
21.206,21.206,0.168,0.044,21.274,21.106
21.209,21.209,0.157,0.042,21.274,21.117
21.204,21.204,0.138,0.035,21.258,21.12
21.198,21.198,0.164,0.04,21.252,21.088
21.204,21.204,0.173,0.04,21.261,21.088
21.194,21.194,0.245,0.058,21.261,21.016
21.194,21.194,0.245,0.053,21.261,21.016
21.186,21.186,0.233,0.054,21.249,21.016
21.183,21.183,0.19,0.052,21.249,21.059
21.185,21.185,0.19,0.057,21.249,21.059
21.185,21.185,0.192,0.058,21.251,21.059
21.197,21.197,0.177,0.052,21.255,21.078
21.194,21.194,0.202,0.056,21.255,21.053
21.197,21.197,0.209,0.057,21.262,21.053
21.186,21.186,0.217,0.064,21.262,21.045
21.195,21.195,0.217,0.059,21.262,21.045
21.184,21.184,0.21,0.06,21.255,21.045
21.188,21.188,0.204,0.054,21.261,21.057
21.176,21.176,0.204,0.055,21.261,21.057
21.174,21.174,0.189,0.057,21.261,21.072
21.175,21.175,0.272,0.065,21.258,20.986
21.161,21.161,0.272,0.066,21.258,20.986
21.174,21.174,0.272,0.061,21.258,20.986
21.163,21.163,0.222,0.061,21.24,21.018
21.16,21.16,0.222,0.06,21.24,21.018
21.147,21.147,0.212,0.058,21.23,21.018
21.157,21.157,0.179,0.048,21.233,21.054
21.172,21.172,0.179,0.043,21.233,21.054
21.18,21.181,0.13,0.039,21.233,21.103
21.176,21.176,0.18,0.047,21.23,21.05
21.166,21.166,0.245,0.055,21.245,21.0
21.163,21.163,0.245,0.061,21.245,21.0
21.163,21.163,0.245,0.062,21.245,21.0
21.169,21.169,0.185,0.058,21.234,21.049
21.161,21.161,0.183,0.054,21.234,21.051
21.154,21.154,0.204,0.052,21.22,21.016
21.141,21.141,0.202,0.049,21.218,21.016
21.143,21.143,0.187,0.048,21.203,21.016
21.136,21.137,0.163,0.044,21.203,21.04
21.148,21.148,0.193,0.055,21.227,21.034
21.147,21.147,0.21,0.06,21.244,21.034
21.165,21.165,0.21,0.054,21.244,21.034
21.163,21.163,0.199,0.048,21.244,21.045
21.168,21.168,0.188,0.043,21.238,21.05
21.159,21.159,0.199,0.049,21.249,21.05
21.149,21.149,0.234,0.053,21.249,21.015
21.137,21.137,0.239,0.053,21.254,21.015
21.136,21.136,0.243,0.055,21.258,21.015
21.149,21.149,0.182,0.054,21.258,21.076
21.165,21.166,0.215,0.055,21.266,21.051
21.164,21.164,0.215,0.053,21.266,21.051
21.16,21.16,0.215,0.051,21.266,21.051
21.156,21.156,0.186,0.05,21.27,21.084
21.15,21.15,0.245,0.05,21.27,21.025
21.139,21.139,0.247,0.06,21.27,21.023
21.126,21.126,0.233,0.064,21.248,21.015
21.133,21.133,0.233,0.062,21.248,21.015
21.146,21.146,0.233,0.053,21.248,21.015
21.166,21.166,0.264,0.055,21.275,21.011
21.17,21.17,0.264,0.059,21.275,21.011
21.179,21.179,0.271,0.066,21.282,21.011
21.177,21.177,0.197,0.056,21.282,21.085
21.169,21.169,0.26,0.061,21.282,21.022
21.149,21.149,0.234,0.058,21.256,21.022
21.142,21.142,0.214,0.053,21.236,21.022
21.139,21.139,0.202,0.053,21.254,21.052
21.155,21.156,0.202,0.054,21.254,21.052
21.147,21.148,0.202,0.056,21.254,21.052
21.157,21.157,0.196,0.053,21.254,21.058
21.142,21.142,0.196,0.049,21.254,21.058
21.146,21.146,0.178,0.044,21.254,21.076
