mean,RMS,ptp,std,max,min
21.021,21.022,0.309,0.087,21.179,20.87
21.003,21.004,0.309,0.09,21.179,20.87
21.009,21.009,0.309,0.098,21.179,20.87
21.004,21.004,0.301,0.092,21.171,20.87
21.001,21.001,0.308,0.095,21.171,20.863
21.009,21.009,0.308,0.094,21.171,20.863
21.024,21.025,0.308,0.093,21.171,20.863
21.014,21.014,0.302,0.089,21.165,20.863
21.011,21.012,0.302,0.092,21.165,20.863
21.014,21.015,0.283,0.087,21.165,20.882
21.005,21.005,0.289,0.085,21.161,20.872
20.984,20.985,0.273,0.078,21.144,20.871
20.988,20.989,0.289,0.083,21.16,20.871
20.989,20.99,0.29,0.084,21.161,20.871
20.984,20.984,0.29,0.086,21.161,20.871
21.001,21.001,0.314,0.092,21.185,20.871
21.013,21.013,0.304,0.09,21.185,20.881
21.013,21.013,0.304,0.086,21.185,20.881
21.004,21.004,0.304,0.082,21.185,20.881
21.005,21.005,0.293,0.084,21.185,20.892
20.992,20.992,0.264,0.076,21.156,20.892
20.994,20.994,0.292,0.079,21.184,20.892
20.993,20.994,0.292,0.078,21.184,20.892
21.003,21.003,0.286,0.085,21.184,20.898
21.007,21.008,0.285,0.082,21.184,20.899
21.011,21.011,0.286,0.084,21.184,20.898
21.009,21.009,0.297,0.083,21.182,20.885
21.009,21.009,0.297,0.085,21.182,20.885
21.007,21.007,0.271,0.082,21.156,20.885
21.016,21.017,0.314,0.084,21.199,20.885
21.014,21.014,0.314,0.083,21.199,20.885
21.012,21.012,0.327,0.083,21.199,20.872
21.003,21.003,0.327,0.081,21.199,20.872
21.011,21.011,0.327,0.079,21.199,20.872
21.009,21.009,0.312,0.079,21.184,20.872
21.008,21.008,0.312,0.082,21.184,20.872
21.009,21.009,0.295,0.079,21.184,20.889
21.012,21.012,0.295,0.076,21.184,20.889
20.997,20.997,0.295,0.074,21.184,20.889
20.987,20.987,0.263,0.071,21.15,20.887
20.995,20.995,0.261,0.07,21.148,20.887
20.989,20.989,0.261,0.072,21.148,20.887
20.988,20.988,0.261,0.068,21.148,20.887
20.997,20.997,0.266,0.074,21.153,20.887
20.99,20.99,0.285,0.075,21.179,20.894
20.981,20.982,0.324,0.079,21.179,20.855
20.978,20.978,0.324,0.078,21.179,20.855
20.983,20.983,0.324,0.084,21.179,20.855
20.974,20.974,0.324,0.077,21.179,20.855
20.977,20.977,0.312,0.071,21.167,20.855
20.977,20.977,0.279,0.059,21.15,20.871
20.991,20.991,0.279,0.063,21.162,20.883
20.986,20.986,0.272,0.063,21.162,20.89
20.983,20.983,0.275,0.068,21.162,20.887
20.987,20.987,0.284,0.069,21.162,20.878
20.993,20.993,0.297,0.075,21.175,20.878
20.98,20.98,0.318,0.071,21.175,20.857
20.967,20.968,0.324,0.07,21.175,20.851
20.97,20.97,0.324,0.067,21.175,20.851
20.968,20.969,0.324,0.066,21.175,20.851
20.967,20.967,0.236,0.062,21.087,20.851
20.967,20.967,0.236,0.061,21.087,20.851
20.982,20.982,0.26,0.06,21.125,20.865
20.988,20.988,0.26,0.061,21.125,20.865
20.988,20.989,0.235,0.06,21.125,20.89
20.985,20.985,0.248,0.06,21.125,20.877
20.993,20.993,0.25,0.059,21.125,20.875
20.987,20.987,0.245,0.06,21.091,20.846
20.98,20.98,0.245,0.061,21.091,20.846
20.969,20.969,0.245,0.06,21.091,20.846
20.966,20.966,0.245,0.061,21.091,20.846
20.966,20.966,0.245,0.059,21.091,20.846
20.971,20.971,0.254,0.06,21.101,20.847
20.979,20.979,0.263,0.064,21.101,20.838
20.985,20.985,0.263,0.064,21.101,20.838
20.982,20.982,0.263,0.066,21.101,20.838
20.979,20.979,0.263,0.066,21.101,20.838
20.971,20.971,0.254,0.068,21.063,20.809
20.955,20.955,0.263,0.072,21.063,20.8
20.955,20.955,0.263,0.074,21.063,20.8
20.954,20.954,0.264,0.076,21.064,20.8
20.953,20.953,0.272,0.079,21.072,20.8
20.955,20.955,0.272,0.074,21.072,20.8
20.962,20.962,0.258,0.07,21.072,20.814
20.952,20.952,0.258,0.067,21.072,20.814
20.943,20.943,0.258,0.064,21.072,20.814
20.931,20.931,0.242,0.06,21.056,20.814
20.934,20.934,0.225,0.064,21.039,20.814
20.938,20.938,0.202,0.06,21.039,20.837
20.941,20.941,0.239,0.065,21.076,20.837
20.945,20.946,0.264,0.065,21.076,20.812
20.956,20.956,0.264,0.067,21.076,20.812
20.952,20.953,0.264,0.065,21.076,20.812
20.95,20.95,0.264,0.065,21.076,20.812
20.953,20.953,0.254,0.062,21.055,20.801
20.957,20.957,0.254,0.06,21.055,20.801
20.953,20.953,0.243,0.059,21.044,20.801
20.949,20.949,0.236,0.059,21.037,20.801
20.942,20.942,0.248,0.063,21.03,20.782
20.943,20.943,0.27,0.061,21.052,20.782
20.943,20.943,0.27,0.072,21.052,20.782
20.942,20.942,0.27,0.071,21.052,20.782
20.942,20.942,0.27,0.074,21.052,20.782
20.954,20.955,0.268,0.07,21.052,20.784
20.941,20.941,0.262,0.074,21.046,20.784
20.931,20.931,0.226,0.066,21.039,20.813
20.926,20.926,0.229,0.065,21.042,20.813
20.916,20.916,0.289,0.068,21.042,20.753
20.903,20.903,0.289,0.064,21.042,20.753
20.911,20.911,0.311,0.071,21.064,20.753
20.919,20.919,0.314,0.076,21.067,20.753
20.916,20.916,0.32,0.08,21.067,20.747
20.92,20.92,0.32,0.078,21.067,20.747
20.926,20.926,0.32,0.076,21.067,20.747
20.923,20.923,0.32,0.073,21.067,20.747
20.916,20.916,0.293,0.075,21.04,20.747
20.919,20.919,0.281,0.07,21.04,20.759
20.919,20.92,0.281,0.07,21.04,20.759
20.911,20.911,0.281,0.07,21.04,20.759
20.905,20.905,0.315,0.074,21.04,20.725
20.899,20.899,0.288,0.072,21.013,20.725
20.904,20.904,0.288,0.074,21.013,20.725
20.905,20.905,0.288,0.071,21.013,20.725
20.905,20.905,0.288,0.071,21.013,20.725
20.911,20.911,0.25,0.065,21.013,20.763
20.916,20.916,0.237,0.056,21.013,20.776
20.909,20.909,0.237,0.057,21.013,20.776
20.91,20.91,0.237,0.06,21.013,20.776
20.906,20.906,0.246,0.063,21.013,20.767
20.902,20.902,0.246,0.062,21.013,20.767
20.899,20.899,0.246,0.064,21.013,20.767
20.898,20.898,0.224,0.062,20.991,20.767
20.887,20.887,0.224,0.06,20.991,20.767
20.9,20.9,0.195,0.059,20.994,20.799
20.893,20.894,0.291,0.063,20.994,20.703
20.892,20.892,0.291,0.063,20.994,20.703
20.893,20.893,0.297,0.065,21.0,20.703
20.904,20.904,0.297,0.065,21.0,20.703
20.899,20.899,0.321,0.071,21.024,20.703
20.907,20.907,0.287,0.07,21.024,20.737
20.919,20.92,0.287,0.066,21.024,20.737
20.926,20.926,0.287,0.061,21.024,20.737
20.914,20.914,0.287,0.067,21.024,20.737
20.906,20.906,0.314,0.066,20.998,20.684
20.896,20.896,0.314,0.067,20.998,20.684
20.886,20.886,0.314,0.065,20.998,20.684
20.881,20.881,0.308,0.062,20.992,20.684
20.891,20.891,0.308,0.063,20.992,20.684
20.902,20.902,0.24,0.057,20.992,20.752
20.916,20.916,0.196,0.048,20.992,20.796
20.914,20.915,0.264,0.052,20.992,20.728
20.915,20.915,0.262,0.053,20.99,20.728
20.911,20.911,0.262,0.053,20.99,20.728
20.903,20.903,0.262,0.054,20.99,20.728
20.894,20.894,0.262,0.056,20.99,20.728
20.895,20.896,0.281,0.057,20.99,20.709
20.889,20.889,0.261,0.059,20.97,20.709
20.886,20.886,0.261,0.062,20.97,20.709
20.885,20.886,0.261,0.064,20.97,20.709
20.882,20.882,0.262,0.07,20.971,20.709
20.885,20.885,0.273,0.069,20.986,20.713
20.891,20.891,0.284,0.069,20.997,20.713
20.892,20.892,0.284,0.07,20.997,20.713
20.896,20.896,0.284,0.068,20.997,20.713
20.903,20.903,0.216,0.058,20.997,20.781
20.903,20.903,0.216,0.056,20.997,20.781
20.891,20.891,0.21,0.06,20.989,20.779
20.89,20.89,0.197,0.055,20.976,20.779
20.887,20.887,0.197,0.052,20.976,20.779
20.874,20.874,0.235,0.056,20.976,20.741
20.866,20.867,0.214,0.053,20.955,20.741
20.865,20.865,0.225,0.054,20.955,20.73
20.859,20.859,0.217,0.058,20.938,20.721
20.861,20.862,0.226,0.06,20.947,20.721
20.87,20.87,0.254,0.062,20.975,20.721
20.87,20.87,0.254,0.063,20.975,20.721
20.877,20.877,0.254,0.059,20.975,20.721
20.885,20.885,0.223,0.051,20.975,20.752
20.88,20.88,0.223,0.051,20.975,20.752
20.877,20.877,0.254,0.054,20.951,20.697
20.886,20.886,0.258,0.052,20.955,20.697
20.889,20.889,0.259,0.052,20.956,20.697
20.889,20.889,0.259,0.053,20.956,20.697
20.884,20.884,0.259,0.053,20.956,20.697
20.879,20.879,0.204,0.049,20.956,20.752
20.87,20.87,0.204,0.047,20.956,20.752
20.861,20.861,0.199,0.047,20.947,20.748
20.862,20.862,0.209,0.049,20.957,20.748
20.872,20.872,0.238,0.055,20.986,20.748
20.887,20.887,0.238,0.056,20.986,20.748
20.891,20.891,0.238,0.054,20.986,20.748
20.892,20.892,0.211,0.05,20.986,20.775
20.893,20.893,0.195,0.048,20.986,20.791
20.893,20.893,0.183,0.045,20.974,20.791
20.891,20.891,0.166,0.043,20.957,20.791
20.893,20.893,0.166,0.045,20.957,20.791
20.89,20.89,0.18,0.047,20.957,20.777
20.888,20.888,0.179,0.047,20.956,20.777
20.89,20.89,0.187,0.052,20.964,20.777
20.889,20.889,0.196,0.053,20.973,20.777
20.891,20.891,0.204,0.053,20.981,20.777
20.899,20.899,0.196,0.046,20.981,20.785
20.898,20.898,0.196,0.047,20.981,20.785
20.891,20.891,0.212,0.047,20.993,20.781
20.897,20.897,0.212,0.046,20.993,20.781
20.895,20.896,0.212,0.044,20.993,20.781
20.899,20.9,0.212,0.047,20.993,20.781
20.902,20.902,0.212,0.045,20.993,20.781
20.907,20.907,0.144,0.04,20.972,20.828
20.901,20.901,0.21,0.044,20.993,20.783
20.901,20.901,0.21,0.045,20.993,20.783
20.897,20.897,0.218,0.047,20.993,20.775
20.904,20.904,0.218,0.048,20.993,20.775
20.902,20.902,0.218,0.046,20.993,20.775
20.908,20.908,0.206,0.043,20.981,20.775
20.909,20.909,0.206,0.043,20.981,20.775
20.913,20.913,0.141,0.039,20.981,20.84
20.913,20.913,0.152,0.041,20.992,20.84
20.915,20.915,0.152,0.042,20.992,20.84
20.906,20.906,0.194,0.048,20.992,20.798
20.902,20.902,0.239,0.053,20.992,20.753
20.901,20.901,0.239,0.057,20.992,20.753
20.904,20.905,0.231,0.054,20.984,20.753
20.901,20.901,0.225,0.052,20.978,20.753
20.912,20.912,0.225,0.047,20.978,20.753
20.926,20.926,0.196,0.042,20.999,20.803
20.939,20.939,0.27,0.048,21.023,20.753
20.937,20.937,0.27,0.053,21.023,20.753
20.942,20.942,0.27,0.054,21.023,20.753
20.943,20.943,0.27,0.059,21.023,20.753
20.938,20.938,0.27,0.059,21.023,20.753
20.928,20.928,0.21,0.051,21.001,20.791
20.924,20.924,0.202,0.054,20.989,20.787
20.932,20.932,0.235,0.055,21.022,20.787
20.937,20.937,0.235,0.057,21.022,20.787
20.938,20.938,0.235,0.058,21.022,20.787
20.943,20.944,0.235,0.054,21.022,20.787
20.949,20.949,0.205,0.051,21.022,20.817
20.936,20.936,0.289,0.058,21.022,20.733
20.926,20.926,0.284,0.057,21.017,20.733
20.919,20.919,0.284,0.056,21.017,20.733
20.924,20.924,0.284,0.058,21.017,20.733
20.93,20.931,0.281,0.06,21.014,20.733
20.937,20.937,0.225,0.058,21.037,20.812
20.944,20.944,0.198,0.053,21.037,20.839
20.955,20.955,0.198,0.052,21.037,20.839
20.956,20.956,0.198,0.052,21.037,20.839
20.951,20.951,0.224,0.056,21.037,20.813
20.949,20.949,0.214,0.055,21.027,20.813
20.945,20.945,0.214,0.058,21.027,20.813
20.943,20.943,0.214,0.055,21.027,20.813
20.941,20.941,0.248,0.058,21.061,20.813
20.948,20.948,0.248,0.054,21.061,20.813
20.96,20.96,0.238,0.049,21.061,20.823
20.961,20.961,0.24,0.05,21.061,20.821
20.958,20.958,0.24,0.054,21.061,20.821
20.96,20.96,0.228,0.052,21.049,20.821
20.957,20.957,0.228,0.054,21.049,20.821
20.951,20.951,0.213,0.053,21.034,20.821
20.959,20.959,0.212,0.053,21.061,20.849
20.972,20.972,0.217,0.055,21.066,20.849
20.969,20.969,0.217,0.056,21.066,20.849
20.967,20.967,0.221,0.059,21.066,20.845
20.978,20.978,0.221,0.057,21.066,20.845
20.972,20.972,0.221,0.057,21.066,20.845
20.963,20.963,0.207,0.055,21.052,20.845
20.966,20.966,0.207,0.057,21.052,20.845
20.979,20.979,0.221,0.056,21.069,20.848
20.977,20.977,0.221,0.057,21.069,20.848
20.982,20.982,0.229,0.056,21.077,20.848
20.981,20.981,0.215,0.057,21.077,20.862
20.986,20.986,0.215,0.057,21.077,20.862
20.979,20.979,0.215,0.06,21.077,20.862
20.979,20.979,0.215,0.061,21.077,20.862
20.982,20.982,0.204,0.062,21.064,20.86
20.99,20.99,0.236,0.059,21.096,20.86
20.99,20.99,0.236,0.058,21.096,20.86
21.001,21.001,0.236,0.054,21.096,20.86
21.005,21.005,0.236,0.054,21.096,20.86
21.011,21.011,0.191,0.049,21.096,20.905
21.012,21.012,0.18,0.049,21.085,20.905
21.01,21.01,0.18,0.048,21.085,20.905
20.997,20.997,0.252,0.052,21.081,20.829
20.995,20.995,0.264,0.052,21.093,20.829
20.991,20.991,0.264,0.054,21.093,20.829
20.993,20.993,0.264,0.055,21.093,20.829
20.995,20.995,0.265,0.06,21.094,20.829
21.005,21.005,0.237,0.059,21.094,20.857
21.0,21.0,0.237,0.06,21.094,20.857
21.002,21.002,0.205,0.063,21.098,20.893
21.003,21.003,0.205,0.062,21.098,20.893
20.998,20.998,0.222,0.065,21.098,20.876
20.999,20.999,0.222,0.064,21.098,20.876
21.003,21.003,0.222,0.062,21.098,20.876
21.004,21.004,0.214,0.059,21.09,20.876
20.993,20.993,0.214,0.063,21.09,20.876
20.992,20.992,0.219,0.061,21.09,20.871
20.988,20.988,0.232,0.063,21.081,20.849
20.986,20.986,0.232,0.063,21.081,20.849
20.993,20.993,0.234,0.065,21.083,20.849
21.007,21.007,0.265,0.064,21.114,20.849
21.015,21.016,0.265,0.061,21.114,20.849
21.015,21.015,0.207,0.058,21.114,20.907
21.025,21.025,0.203,0.055,21.114,20.911
21.018,21.018,0.228,0.058,21.114,20.886
21.019,21.019,0.22,0.057,21.106,20.886
21.025,21.025,0.222,0.054,21.108,20.886
21.019,21.019,0.222,0.062,21.108,20.886
21.014,21.014,0.222,0.061,21.108,20.886
21.003,21.004,0.27,0.069,21.108,20.838
20.998,20.999,0.27,0.069,21.108,20.838
20.986,20.986,0.241,0.07,21.079,20.838
20.985,20.985,0.241,0.069,21.079,20.838
20.986,20.986,0.241,0.07,21.079,20.838
20.993,20.993,0.199,0.068,21.077,20.878
20.994,20.994,0.199,0.065,21.077,20.878
20.99,20.99,0.221,0.068,21.077,20.856
21.004,21.005,0.248,0.067,21.104,20.856
21.014,21.014,0.248,0.069,21.104,20.856
21.021,21.021,0.263,0.069,21.119,20.856
21.014,21.014,0.263,0.071,21.119,20.856
21.023,21.023,0.257,0.06,21.119,20.862
21.015,21.015,0.264,0.063,21.119,20.855
21.008,21.008,0.265,0.063,21.12,20.855
21.004,21.004,0.265,0.058,21.12,20.855
21.005,21.005,0.265,0.057,21.12,20.855
21.012,21.012,0.265,0.058,21.12,20.855
21.015,21.015,0.211,0.054,21.12,20.909
21.011,21.011,0.205,0.053,21.109,20.904
21.018,21.018,0.206,0.056,21.11,20.904
21.024,21.025,0.212,0.052,21.116,20.904
21.021,21.021,0.212,0.052,21.116,20.904
21.017,21.017,0.212,0.05,21.116,20.904
21.019,21.019,0.199,0.05,21.116,20.917
21.008,21.008,0.199,0.047,21.116,20.917
21.007,21.007,0.193,0.048,21.11,20.917
21.005,21.005,0.2,0.05,21.11,20.91
21.007,21.007,0.2,0.051,21.11,20.91
21.005,21.005,0.18,0.049,21.09,20.91
21.012,21.012,0.204,0.05,21.114,20.91
21.009,21.009,0.204,0.053,21.114,20.91
21.011,21.011,0.199,0.054,21.114,20.915
21.011,21.011,0.249,0.062,21.114,20.865
21.01,21.01,0.288,0.068,21.114,20.826
21.005,21.006,0.277,0.068,21.103,20.826
21.006,21.006,0.279,0.066,21.105,20.826
21.004,21.004,0.279,0.063,21.105,20.826
20.997,20.998,0.305,0.063,21.131,20.826
21.003,21.003,0.266,0.059,21.131,20.865
21.009,21.01,0.266,0.06,21.131,20.865
21.008,21.008,0.266,0.058,21.131,20.865
21.018,21.018,0.266,0.063,21.131,20.865
21.028,21.028,0.204,0.055,21.127,20.923
21.031,21.031,0.27,0.065,21.143,20.873
21.042,21.042,0.274,0.068,21.147,20.873
21.044,21.044,0.274,0.068,21.147,20.873
21.039,21.04,0.274,0.068,21.147,20.873
21.045,21.045,0.274,0.067,21.147,20.873
21.044,21.044,0.211,0.059,21.147,20.936
21.04,21.04,0.205,0.054,21.141,20.936
21.042,21.042,0.272,0.061,21.141,20.869
21.05,21.05,0.276,0.062,21.145,20.869
21.044,21.044,0.276,0.063,21.145,20.869
21.044,21.044,0.291,0.068,21.16,20.869
21.047,21.048,0.291,0.07,21.16,20.869
21.049,21.049,0.251,0.063,21.16,20.909
21.054,21.054,0.261,0.066,21.17,20.909
21.059,21.059,0.261,0.069,21.17,20.909
21.056,21.056,0.221,0.064,21.17,20.949
21.043,21.043,0.262,0.066,21.17,20.908
21.054,21.054,0.262,0.067,21.17,20.908
21.044,21.044,0.255,0.062,21.163,20.908
21.046,21.046,0.273,0.059,21.181,20.908
21.054,21.054,0.273,0.061,21.181,20.908
21.065,21.065,0.217,0.057,21.181,20.964
21.059,21.059,0.217,0.06,21.181,20.964
21.064,21.064,0.22,0.059,21.181,20.961
21.071,21.071,0.217,0.057,21.178,20.961
21.068,21.068,0.23,0.06,21.178,20.948
21.065,21.065,0.23,0.06,21.178,20.948
21.062,21.062,0.233,0.058,21.181,20.948
21.064,21.064,0.233,0.06,21.181,20.948
21.064,21.064,0.233,0.064,21.181,20.948
21.066,21.066,0.236,0.065,21.181,20.945
21.069,21.069,0.236,0.066,21.181,20.945
21.07,21.07,0.232,0.065,21.177,20.945
21.07,21.07,0.232,0.064,21.177,20.945
21.059,21.059,0.247,0.064,21.177,20.93
21.059,21.059,0.258,0.062,21.188,20.93
21.07,21.07,0.271,0.069,21.201,20.93
21.071,21.071,0.271,0.069,21.201,20.93
21.075,21.075,0.283,0.074,21.213,20.93
21.082,21.082,0.246,0.071,21.213,20.967
21.08,21.08,0.287,0.073,21.213,20.926
21.076,21.076,0.29,0.068,21.216,20.926
21.083,21.083,0.293,0.071,21.219,20.926
21.076,21.076,0.293,0.067,21.219,20.926
21.076,21.076,0.293,0.066,21.219,20.926
21.086,21.086,0.251,0.063,21.219,20.968
21.085,21.085,0.251,0.066,21.219,20.968
21.087,21.087,0.25,0.069,21.223,20.973
21.093,21.093,0.25,0.064,21.223,20.973
21.106,21.106,0.251,0.065,21.224,20.973
21.114,21.114,0.251,0.064,21.224,20.973
21.112,21.112,0.251,0.059,21.224,20.973
21.113,21.113,0.218,0.054,21.224,21.006
21.112,21.113,0.218,0.057,21.224,21.006
21.099,21.099,0.231,0.058,21.223,20.992
21.086,21.086,0.242,0.058,21.223,20.981
21.093,21.093,0.242,0.058,21.223,20.981
21.095,21.095,0.242,0.058,21.223,20.981
21.044,21.044,0.496,0.128,21.223,20.727
21.007,21.007,0.475,0.138,21.202,20.727
20.963,20.964,0.466,0.139,21.193,20.727
20.906,20.906,0.47,0.123,21.193,20.723
20.855,20.855,0.369,0.067,21.092,20.723
20.857,20.857,0.273,0.055,20.967,20.694
20.848,20.848,0.271,0.058,20.965,20.694
20.838,20.838,0.293,0.065,20.987,20.694
20.842,20.842,0.293,0.066,20.987,20.694
20.838,20.838,0.293,0.067,20.987,20.694
20.842,20.842,0.242,0.065,20.987,20.745
20.834,20.834,0.332,0.066,20.987,20.655
20.837,20.837,0.302,0.06,20.957,20.655
20.835,20.835,0.302,0.056,20.957,20.655
20.84,20.84,0.293,0.055,20.948,20.655
20.836,20.836,0.295,0.058,20.95,20.655
20.843,20.843,0.246,0.059,20.95,20.704
20.849,20.849,0.246,0.059,20.95,20.704
20.851,20.851,0.246,0.062,20.95,20.704
20.846,20.846,0.285,0.066,20.956,20.671
20.847,20.848,0.313,0.068,20.984,20.671
20.847,20.847,0.313,0.06,20.984,20.671
20.844,20.844,0.313,0.063,20.984,20.671
20.836,20.836,0.313,0.063,20.984,20.671
20.845,20.845,0.26,0.061,20.984,20.724
20.845,20.845,0.242,0.057,20.966,20.724
20.849,20.849,0.258,0.063,20.982,20.724
20.856,20.856,0.24,0.062,20.982,20.742
20.868,20.869,0.269,0.06,21.011,20.742
20.873,20.873,0.269,0.063,21.011,20.742
20.877,20.877,0.269,0.064,21.011,20.742
20.873,20.873,0.257,0.062,21.011,20.754
20.881,20.881,0.257,0.064,21.011,20.754
20.878,20.878,0.248,0.065,21.002,20.754
20.877,20.877,0.263,0.067,20.999,20.736
20.883,20.883,0.28,0.069,20.999,20.719
20.887,20.887,0.28,0.071,20.999,20.719
20.885,20.885,0.28,0.073,20.999,20.719
20.894,20.894,0.277,0.07,20.996,20.719
20.892,20.892,0.277,0.069,20.996,20.719
20.886,20.886,0.281,0.07,20.996,20.715
20.878,20.878,0.281,0.07,20.996,20.715
20.866,20.866,0.281,0.069,20.988,20.707
20.857,20.857,0.281,0.067,20.988,20.707
20.852,20.852,0.281,0.07,20.988,20.707
20.852,20.852,0.256,0.066,20.963,20.707
20.862,20.862,0.271,0.069,20.978,20.707
20.867,20.867,0.25,0.068,20.978,20.728
20.875,20.876,0.26,0.073,20.988,20.728
20.882,20.882,0.238,0.07,20.988,20.75
20.896,20.896,0.241,0.074,20.991,20.75
20.9,20.9,0.269,0.074,20.998,20.729
20.903,20.903,0.269,0.076,20.998,20.729
20.897,20.897,0.272,0.078,21.001,20.729
20.897,20.897,0.277,0.077,21.006,20.729
20.885,20.885,0.278,0.076,21.007,20.729
20.895,20.895,0.306,0.082,21.044,20.738
20.899,20.899,0.306,0.077,21.044,20.738
20.902,20.902,0.306,0.084,21.044,20.738
20.902,20.903,0.302,0.083,21.044,20.742
20.919,20.919,0.302,0.08,21.044,20.742
20.906,20.906,0.277,0.074,21.019,20.742
20.909,20.909,0.277,0.076,21.019,20.742
20.906,20.906,0.273,0.07,21.021,20.748
20.902,20.903,0.296,0.077,21.021,20.725
20.888,20.888,0.3,0.076,21.021,20.721
20.89,20.891,0.3,0.078,21.021,20.721
20.887,20.887,0.3,0.075,21.021,20.721
20.892,20.892,0.274,0.075,20.995,20.721
20.897,20.897,0.272,0.064,20.993,20.721
20.899,20.899,0.249,0.061,20.993,20.744
20.894,20.895,0.268,0.066,21.012,20.744
20.888,20.888,0.268,0.068,21.012,20.744
20.885,20.885,0.271,0.064,21.019,20.748
20.884,20.884,0.271,0.067,21.019,20.748
20.891,20.891,0.271,0.068,21.019,20.748
20.899,20.9,0.254,0.064,21.019,20.765
20.91,20.91,0.24,0.061,21.019,20.779
20.916,20.917,0.226,0.061,21.008,20.782
20.924,20.924,0.22,0.058,21.018,20.798
20.928,20.928,0.22,0.057,21.018,20.798
20.931,20.931,0.258,0.065,21.032,20.774
20.935,20.935,0.294,0.069,21.032,20.738
20.929,20.929,0.302,0.075,21.032,20.73
20.928,20.928,0.304,0.079,21.032,20.728
20.922,20.922,0.31,0.084,21.032,20.722
20.913,20.913,0.289,0.079,21.011,20.722
20.911,20.911,0.28,0.073,21.002,20.722
20.912,20.912,0.278,0.066,21.0,20.722
20.907,20.907,0.268,0.058,20.99,20.722
20.91,20.91,0.213,0.052,21.014,20.801
20.914,20.914,0.261,0.055,21.014,20.753
20.905,20.905,0.274,0.062,21.014,20.74
20.901,20.901,0.274,0.07,21.014,20.74
20.902,20.902,0.274,0.073,21.014,20.74
20.891,20.891,0.265,0.074,21.005,20.74
20.885,20.885,0.249,0.069,20.989,20.74
20.876,20.877,0.269,0.074,20.989,20.72
20.888,20.889,0.29,0.075,21.01,20.72
20.895,20.895,0.29,0.073,21.01,20.72
20.899,20.899,0.29,0.078,21.01,20.72
20.901,20.901,0.29,0.08,21.01,20.72
20.92,20.92,0.276,0.068,21.01,20.734
20.913,20.913,0.265,0.065,20.999,20.734
20.905,20.906,0.265,0.065,20.999,20.734
20.897,20.897,0.262,0.064,20.987,20.725
20.906,20.906,0.262,0.06,20.987,20.725
20.897,20.897,0.261,0.057,20.986,20.725
20.897,20.897,0.272,0.06,20.997,20.725
20.9,20.9,0.272,0.064,20.997,20.725
20.912,20.912,0.211,0.056,20.997,20.786
20.908,20.908,0.211,0.056,20.997,20.786
20.915,20.915,0.211,0.054,20.997,20.786
20.921,20.921,0.201,0.05,20.99,20.789
20.925,20.925,0.156,0.044,20.99,20.834
20.924,20.925,0.173,0.044,20.99,20.817
20.924,20.924,0.188,0.045,20.99,20.802
20.914,20.914,0.184,0.047,20.983,20.799
20.911,20.911,0.176,0.044,20.975,20.799
20.908,20.908,0.252,0.053,21.041,20.789
20.909,20.909,0.252,0.052,21.041,20.789
20.915,20.915,0.252,0.054,21.041,20.789
20.923,20.923,0.252,0.052,21.041,20.789
20.926,20.926,0.252,0.053,21.041,20.789
20.92,20.92,0.227,0.052,21.024,20.797
20.912,20.912,0.23,0.057,21.024,20.794
20.906,20.906,0.229,0.058,21.023,20.794
20.898,20.898,0.229,0.057,21.023,20.794
20.902,20.902,0.268,0.07,21.05,20.782
20.903,20.903,0.268,0.066,21.05,20.782
20.907,20.907,0.268,0.062,21.05,20.782
20.905,20.905,0.268,0.057,21.05,20.782
20.911,20.911,0.274,0.061,21.056,20.782
20.909,20.909,0.238,0.047,21.056,20.818
20.921,20.921,0.238,0.05,21.056,20.818
20.933,20.933,0.238,0.051,21.056,20.818
20.934,20.934,0.293,0.056,21.056,20.763
20.932,20.932,0.289,0.056,21.052,20.763
20.924,20.924,0.289,0.062,21.052,20.763
20.91,20.91,0.286,0.061,21.049,20.763
20.889,20.889,0.239,0.061,21.002,20.763
20.884,20.884,0.218,0.056,21.002,20.784
20.89,20.89,0.276,0.058,21.063,20.787
20.889,20.889,0.276,0.056,21.063,20.787
20.901,20.901,0.288,0.061,21.091,20.803
20.919,20.92,0.264,0.057,21.091,20.827
20.927,20.927,0.275,0.062,21.091,20.816
20.921,20.921,0.282,0.066,21.091,20.809
20.919,20.919,0.309,0.072,21.091,20.782
20.921,20.921,0.28,0.075,21.062,20.782
20.906,20.906,0.29,0.08,21.061,20.771
20.896,20.896,0.293,0.08,21.061,20.768
20.896,20.896,0.297,0.08,21.065,20.768
20.908,20.909,0.314,0.083,21.082,20.768
20.908,20.908,0.314,0.083,21.082,20.768
20.919,20.919,0.314,0.083,21.082,20.768
20.922,20.922,0.288,0.08,21.082,20.794
20.918,20.918,0.274,0.077,21.082,20.808
20.904,20.904,0.295,0.074,21.064,20.769
20.897,20.897,0.295,0.069,21.064,20.769
20.891,20.891,0.262,0.066,21.031,20.769
20.89,20.89,0.262,0.064,21.031,20.769
20.892,20.892,0.262,0.068,21.031,20.769
20.893,20.893,0.283,0.069,21.025,20.742
20.879,20.879,0.283,0.073,21.025,20.742
20.88,20.881,0.301,0.075,21.043,20.742
20.893,20.893,0.314,0.082,21.056,20.742
20.904,20.904,0.314,0.085,21.056,20.742
20.911,20.911,0.301,0.082,21.056,20.755
20.925,20.925,0.301,0.076,21.056,20.755
20.92,20.92,0.283,0.077,21.056,20.773
20.913,20.913,0.283,0.074,21.056,20.773
20.905,20.905,0.283,0.072,21.056,20.773
20.902,20.902,0.283,0.071,21.056,20.773
20.902,20.902,0.274,0.071,21.047,20.773
20.905,20.905,0.283,0.072,21.05,20.767
20.895,20.895,0.283,0.076,21.05,20.767
20.901,20.902,0.311,0.083,21.078,20.767
20.907,20.907,0.311,0.082,21.078,20.767
20.903,20.903,0.311,0.078,21.078,20.767
20.908,20.909,0.31,0.073,21.078,20.768
20.913,20.913,0.281,0.068,21.078,20.797
20.902,20.903,0.273,0.059,21.056,20.783
20.896,20.896,0.273,0.058,21.056,20.783
20.899,20.899,0.282,0.065,21.056,20.774
20.892,20.892,0.283,0.064,21.057,20.774
20.888,20.888,0.283,0.066,21.057,20.774
20.901,20.901,0.31,0.079,21.084,20.774
20.896,20.896,0.31,0.076,21.084,20.774
20.895,20.895,0.293,0.072,21.084,20.791
20.897,20.898,0.297,0.075,21.084,20.787
20.901,20.901,0.297,0.075,21.084,20.787
20.89,20.89,0.279,0.064,21.066,20.787
20.896,20.896,0.279,0.065,21.066,20.787
20.899,20.899,0.279,0.063,21.066,20.787
20.895,20.895,0.261,0.054,21.052,20.791
20.896,20.896,0.213,0.047,21.004,20.791
20.896,20.896,0.201,0.043,20.992,20.791
20.893,20.894,0.196,0.046,20.987,20.791
20.894,20.894,0.188,0.043,20.996,20.808
20.896,20.896,0.188,0.044,20.996,20.808
20.899,20.899,0.184,0.042,20.996,20.812
20.907,20.907,0.184,0.042,20.996,20.812
20.908,20.908,0.184,0.039,20.996,20.812
20.905,20.905,0.173,0.04,20.985,20.812
20.909,20.909,0.168,0.04,20.986,20.818
20.909,20.909,0.173,0.043,20.991,20.818
20.902,20.902,0.173,0.04,20.991,20.818
20.9,20.9,0.173,0.038,20.991,20.818
20.897,20.897,0.182,0.039,20.991,20.809
20.897,20.897,0.195,0.037,21.004,20.809
20.899,20.899,0.195,0.034,21.004,20.809
20.901,20.901,0.2,0.039,21.009,20.809
20.911,20.911,0.205,0.047,21.014,20.809
20.92,20.921,0.214,0.05,21.042,20.828
20.922,20.922,0.214,0.048,21.042,20.828
20.926,20.926,0.214,0.048,21.042,20.828
20.93,20.93,0.214,0.043,21.042,20.828
20.928,20.928,0.261,0.045,21.089,20.828
20.928,20.928,0.259,0.04,21.089,20.83
20.933,20.933,0.259,0.041,21.089,20.83
20.934,20.934,0.259,0.04,21.089,20.83
20.934,20.934,0.259,0.039,21.089,20.83
20.934,20.934,0.237,0.037,21.067,20.83
20.935,20.935,0.253,0.043,21.085,20.832
20.943,20.943,0.279,0.057,21.111,20.832
20.949,20.949,0.279,0.059,21.111,20.832
20.954,20.954,0.279,0.06,21.111,20.832
20.957,20.957,0.279,0.059,21.111,20.832
20.955,20.955,0.269,0.059,21.111,20.842
20.942,20.942,0.236,0.051,21.078,20.842
20.937,20.937,0.236,0.05,21.078,20.842
20.934,20.934,0.236,0.049,21.078,20.842
20.929,20.929,0.249,0.05,21.091,20.842
20.937,20.937,0.247,0.055,21.091,20.844
20.945,20.945,0.247,0.062,21.091,20.844
20.944,20.944,0.247,0.062,21.091,20.844
20.954,20.954,0.28,0.066,21.124,20.844
20.971,20.971,0.315,0.066,21.162,20.847
20.977,20.977,0.315,0.065,21.162,20.847
20.979,20.979,0.274,0.056,21.162,20.888
20.984,20.984,0.301,0.061,21.162,20.861
20.978,20.978,0.301,0.062,21.162,20.861
20.975,20.975,0.299,0.059,21.16,20.861
20.971,20.971,0.262,0.054,21.123,20.861
20.971,20.972,0.262,0.053,21.123,20.861
20.978,20.978,0.257,0.053,21.119,20.862
20.985,20.985,0.269,0.055,21.141,20.872
20.99,20.99,0.269,0.058,21.141,20.872
20.997,20.998,0.269,0.062,21.141,20.872
20.999,20.999,0.269,0.065,21.141,20.872
20.999,20.999,0.248,0.059,21.141,20.893
20.997,20.997,0.224,0.055,21.129,20.905
20.996,20.996,0.224,0.055,21.129,20.905
20.988,20.988,0.23,0.053,21.113,20.883
20.989,20.989,0.23,0.053,21.113,20.883
20.993,20.993,0.249,0.059,21.132,20.883
20.986,20.986,0.256,0.06,21.132,20.876
20.98,20.98,0.256,0.06,21.132,20.876
20.989,20.989,0.256,0.062,21.132,20.876
21.003,21.003,0.332,0.074,21.208,20.876
21.012,21.012,0.332,0.075,21.208,20.876
21.035,21.035,0.319,0.074,21.208,20.889
21.042,21.042,0.308,0.072,21.208,20.9
21.044,21.044,0.308,0.074,21.208,20.9
21.044,21.045,0.281,0.07,21.195,20.914
21.029,21.029,0.297,0.073,21.195,20.898
21.022,21.022,0.275,0.068,21.173,20.898
21.017,21.017,0.272,0.065,21.17,20.898
21.019,21.019,0.268,0.069,21.166,20.898
21.01,21.01,0.268,0.066,21.166,20.898
21.017,21.017,0.27,0.066,21.166,20.896
21.01,21.01,0.27,0.068,21.166,20.896
21.017,21.017,0.27,0.071,21.166,20.896
21.02,21.02,0.268,0.065,21.164,20.896
21.028,21.029,0.286,0.071,21.182,20.896
21.032,21.032,0.281,0.074,21.193,20.912
21.04,21.04,0.252,0.069,21.193,20.941
21.039,21.039,0.252,0.064,21.193,20.941
21.041,21.041,0.255,0.068,21.196,20.941
21.033,21.033,0.247,0.062,21.196,20.949
21.046,21.046,0.263,0.063,21.212,20.949
21.051,21.051,0.262,0.065,21.212,20.95
21.06,21.06,0.277,0.069,21.227,20.95
21.055,21.055,0.277,0.066,21.227,20.95
21.063,21.063,0.29,0.068,21.227,20.937
21.052,21.052,0.3,0.067,21.227,20.927
21.048,21.048,0.3,0.068,21.227,20.927
21.044,21.044,0.262,0.063,21.189,20.927
21.059,21.059,0.268,0.069,21.195,20.927
21.058,21.058,0.268,0.064,21.195,20.927
21.061,21.061,0.24,0.058,21.195,20.955
21.074,21.074,0.224,0.058,21.195,20.971
21.081,21.081,0.224,0.059,21.195,20.971
21.084,21.084,0.229,0.06,21.2,20.971
21.095,21.096,0.232,0.058,21.242,21.01
21.105,21.105,0.232,0.057,21.242,21.01
21.105,21.105,0.249,0.06,21.242,20.993
21.113,21.113,0.25,0.061,21.243,20.993
21.112,21.112,0.25,0.064,21.243,20.993
21.119,21.119,0.266,0.061,21.259,20.993
21.122,21.122,0.266,0.064,21.259,20.993
21.127,21.127,0.265,0.063,21.262,20.997
21.126,21.126,0.265,0.062,21.262,20.997
21.124,21.124,0.265,0.061,21.262,20.997
21.115,21.115,0.265,0.06,21.262,20.997
21.116,21.116,0.234,0.053,21.262,21.028
21.117,21.117,0.214,0.05,21.242,21.028
21.122,21.122,0.214,0.049,21.242,21.028
21.121,21.121,0.157,0.044,21.203,21.046
21.132,21.132,0.146,0.042,21.203,21.057
21.135,21.135,0.158,0.043,21.215,21.057
21.141,21.141,0.222,0.046,21.295,21.073
21.14,21.14,0.211,0.046,21.295,21.084
21.139,21.139,0.255,0.047,21.295,21.04
21.139,21.139,0.255,0.046,21.295,21.04
21.134,21.134,0.26,0.049,21.295,21.035
21.133,21.133,0.273,0.052,21.308,21.035
21.134,21.134,0.273,0.051,21.308,21.035
21.146,21.146,0.273,0.058,21.308,21.035
21.149,21.149,0.273,0.06,21.308,21.035
21.149,21.15,0.267,0.058,21.308,21.041
21.147,21.147,0.25,0.056,21.291,21.041
21.142,21.142,0.25,0.057,21.291,21.041
21.139,21.139,0.246,0.05,21.291,21.045
21.137,21.137,0.246,0.047,21.291,21.045
21.144,21.144,0.243,0.046,21.291,21.048
21.15,21.15,0.25,0.048,21.307,21.057
21.162,21.162,0.224,0.047,21.307,21.083
21.165,21.165,0.23,0.048,21.307,21.077
21.164,21.164,0.247,0.051,21.307,21.06
21.161,21.161,0.247,0.051,21.307,21.06
21.162,21.162,0.241,0.051,21.301,21.06
21.164,21.164,0.25,0.053,21.31,21.06
21.163,21.163,0.25,0.05,21.31,21.06
21.166,21.166,0.239,0.048,21.31,21.071
21.171,21.171,0.239,0.047,21.31,21.071
21.171,21.171,0.239,0.043,21.31,21.071
21.176,21.176,0.28,0.051,21.351,21.071
21.18,21.18,0.28,0.05,21.351,21.071
21.185,21.185,0.262,0.047,21.351,21.089
21.186,21.186,0.262,0.044,21.351,21.089
21.181,21.181,0.259,0.044,21.351,21.092
21.175,21.175,0.192,0.03,21.284,21.092
21.176,21.176,0.192,0.031,21.284,21.092
21.187,21.187,0.211,0.044,21.303,21.092
21.198,21.198,0.211,0.049,21.303,21.092
21.207,21.207,0.211,0.044,21.303,21.092
21.212,21.212,0.153,0.04,21.303,21.15
21.215,21.215,0.184,0.042,21.303,21.119
21.209,21.209,0.184,0.039,21.303,21.119
21.204,21.204,0.184,0.036,21.303,21.119
21.2,21.2,0.184,0.038,21.303,21.119
21.203,21.203,0.184,0.039,21.303,21.119
21.206,21.206,0.187,0.039,21.303,21.116
21.204,21.204,0.167,0.038,21.283,21.116
21.204,21.204,0.167,0.037,21.283,21.116
21.211,21.211,0.171,0.036,21.287,21.116
21.21,21.21,0.171,0.034,21.287,21.116
21.207,21.207,0.153,0.029,21.287,21.134
21.21,21.21,0.157,0.028,21.291,21.134
21.212,21.212,0.154,0.028,21.291,21.137
21.215,21.215,0.161,0.027,21.298,21.137
21.215,21.215,0.161,0.031,21.298,21.137
21.218,21.218,0.159,0.032,21.298,21.139
21.23,21.23,0.192,0.038,21.331,21.139
21.238,21.238,0.192,0.04,21.331,21.139
21.24,21.24,0.192,0.042,21.331,21.139
21.249,21.249,0.182,0.035,21.331,21.149
21.258,21.258,0.17,0.031,21.331,21.161
21.252,21.252,0.161,0.032,21.322,21.161
21.245,21.245,0.163,0.033,21.322,21.159
21.244,21.244,0.163,0.034,21.322,21.159
21.243,21.243,0.177,0.039,21.327,21.15
21.232,21.232,0.193,0.04,21.327,21.134
21.235,21.235,0.193,0.04,21.327,21.134
21.238,21.238,0.224,0.044,21.358,21.134
21.239,21.239,0.224,0.043,21.358,21.134
21.237,21.237,0.224,0.04,21.358,21.134
21.242,21.242,0.206,0.037,21.358,21.152
21.242,21.242,0.206,0.038,21.358,21.152
21.242,21.242,0.16,0.033,21.312,21.152
21.243,21.243,0.142,0.029,21.312,21.17
21.245,21.245,0.142,0.028,21.312,21.17
21.247,21.247,0.14,0.025,21.312,21.172
21.249,21.249,0.182,0.031,21.33,21.148
21.265,21.265,0.182,0.038,21.33,21.148
21.275,21.275,0.183,0.04,21.331,21.148
21.277,21.277,0.183,0.04,21.331,21.148
21.281,21.281,0.183,0.04,21.331,21.148
21.282,21.282,0.145,0.036,21.331,21.186
21.274,21.274,0.145,0.033,21.331,21.186
21.262,21.262,0.192,0.04,21.321,21.129
21.263,21.263,0.192,0.039,21.321,21.129
21.255,21.255,0.192,0.04,21.321,21.129
21.252,21.252,0.191,0.039,21.32,21.129
21.245,21.245,0.191,0.037,21.32,21.129
21.244,21.244,0.224,0.038,21.307,21.083
21.244,21.244,0.224,0.039,21.307,21.083
21.239,21.239,0.224,0.044,21.307,21.083
21.241,21.241,0.224,0.043,21.307,21.083
21.239,21.239,0.224,0.046,21.307,21.083
21.247,21.247,0.145,0.043,21.307,21.162
21.256,21.256,0.163,0.048,21.325,21.162
21.27,21.27,0.166,0.043,21.328,21.162
21.275,21.275,0.169,0.043,21.331,21.162
21.285,21.285,0.156,0.035,21.331,21.175
21.28,21.28,0.277,0.048,21.331,21.054
21.276,21.276,0.279,0.049,21.333,21.054
21.278,21.278,0.284,0.047,21.338,21.054
21.278,21.278,0.284,0.053,21.338,21.054
21.279,21.279,0.284,0.054,21.338,21.054
21.284,21.284,0.211,0.047,21.338,21.127
21.283,21.283,0.211,0.048,21.338,21.127
21.284,21.284,0.219,0.047,21.346,21.127
21.283,21.283,0.188,0.043,21.346,21.158
21.282,21.282,0.188,0.043,21.346,21.158
21.286,21.286,0.136,0.035,21.346,21.21
21.286,21.287,0.17,0.035,21.346,21.176
21.279,21.279,0.191,0.042,21.334,21.143
21.276,21.276,0.207,0.047,21.328,21.121
21.277,21.277,0.207,0.045,21.328,21.121
21.271,21.271,0.207,0.049,21.328,21.121
21.269,21.269,0.21,0.052,21.324,21.114
21.272,21.272,0.21,0.047,21.324,21.114
21.278,21.278,0.208,0.04,21.322,21.114
21.274,21.274,0.208,0.044,21.322,21.114
21.277,21.277,0.208,0.043,21.322,21.114
21.282,21.282,0.185,0.038,21.335,21.15
21.288,21.288,0.194,0.038,21.344,21.15
21.293,21.293,0.25,0.046,21.4,21.15
21.294,21.294,0.272,0.048,21.4,21.128
21.292,21.292,0.272,0.051,21.4,21.128
21.285,21.285,0.272,0.051,21.4,21.128
21.282,21.282,0.272,0.052,21.4,21.128
21.27,21.27,0.283,0.055,21.329,21.046
21.273,21.273,0.303,0.055,21.349,21.046
21.273,21.273,0.303,0.053,21.349,21.046
21.276,21.276,0.303,0.055,21.349,21.046
21.277,21.277,0.303,0.055,21.349,21.046
21.283,21.283,0.146,0.046,21.349,21.203
21.286,21.286,0.147,0.041,21.35,21.203
21.286,21.286,0.191,0.044,21.35,21.159
21.288,21.288,0.191,0.043,21.35,21.159
21.288,21.288,0.191,0.042,21.35,21.159
21.285,21.285,0.191,0.044,21.35,21.159
21.286,21.286,0.276,0.054,21.422,21.146
21.29,21.29,0.276,0.049,21.422,21.146
21.288,21.288,0.276,0.048,21.422,21.146
21.287,21.287,0.276,0.048,21.422,21.146
21.288,21.288,0.276,0.046,21.422,21.146
21.281,21.281,0.176,0.037,21.346,21.17
21.284,21.284,0.233,0.042,21.398,21.165
21.285,21.285,0.233,0.045,21.398,21.165
21.28,21.28,0.25,0.051,21.398,21.148
21.286,21.286,0.25,0.051,21.398,21.148
21.289,21.289,0.25,0.049,21.398,21.148
21.291,21.291,0.217,0.044,21.365,21.148
21.293,21.293,0.217,0.039,21.365,21.148
21.301,21.301,0.171,0.027,21.365,21.194
21.298,21.298,0.196,0.034,21.365,21.169
21.303,21.303,0.196,0.032,21.365,21.169
21.305,21.305,0.247,0.036,21.416,21.169
21.304,21.305,0.247,0.04,21.416,21.169
21.302,21.302,0.247,0.044,21.416,21.169
21.301,21.301,0.197,0.04,21.416,21.219
21.293,21.293,0.28,0.048,21.416,21.136
21.283,21.283,0.256,0.054,21.384,21.128
21.281,21.281,0.256,0.053,21.384,21.128
21.281,21.281,0.256,0.053,21.384,21.128
21.28,21.28,0.256,0.054,21.384,21.128
21.287,21.287,0.256,0.053,21.384,21.128
21.294,21.294,0.209,0.043,21.355,21.146
21.295,21.295,0.227,0.049,21.373,21.146
21.3,21.3,0.227,0.048,21.373,21.146
21.303,21.303,0.227,0.047,21.373,21.146
21.297,21.297,0.22,0.048,21.373,21.153
21.295,21.295,0.22,0.05,21.373,21.153
21.298,21.298,0.2,0.043,21.353,21.153
21.296,21.296,0.199,0.044,21.352,21.153
21.293,21.293,0.22,0.05,21.37,21.15
21.301,21.301,0.22,0.044,21.37,21.15
21.306,21.306,0.22,0.041,21.37,21.15
21.296,21.296,0.22,0.048,21.37,21.15
21.298,21.299,0.22,0.048,21.37,21.15
21.307,21.307,0.195,0.043,21.371,21.176
21.306,21.306,0.195,0.047,21.371,21.176
21.309,21.309,0.2,0.048,21.376,21.176
21.326,21.326,0.241,0.039,21.417,21.176
21.322,21.322,0.241,0.042,21.417,21.176
21.317,21.317,0.241,0.044,21.417,21.176
21.307,21.307,0.217,0.049,21.417,21.2
21.296,21.296,0.24,0.051,21.417,21.177
21.29,21.29,0.195,0.048,21.372,21.177
21.293,21.293,0.225,0.049,21.402,21.177
21.289,21.289,0.256,0.05,21.402,21.146
21.3,21.3,0.276,0.049,21.422,21.146
21.298,21.298,0.314,0.053,21.422,21.108
21.285,21.285,0.314,0.057,21.422,21.108
21.28,21.28,0.314,0.056,21.422,21.108
21.283,21.283,0.314,0.053,21.422,21.108
21.282,21.282,0.266,0.05,21.374,21.108
21.284,21.284,0.238,0.048,21.374,21.136
21.291,21.291,0.247,0.046,21.386,21.139
21.287,21.287,0.247,0.044,21.386,21.139
21.279,21.279,0.247,0.045,21.386,21.139
21.271,21.271,0.285,0.052,21.386,21.101
21.267,21.268,0.285,0.049,21.386,21.101
21.265,21.265,0.274,0.051,21.36,21.086
21.264,21.264,0.274,0.06,21.36,21.086
21.269,21.269,0.274,0.064,21.36,21.086
21.268,21.268,0.274,0.058,21.36,21.086
21.27,21.27,0.274,0.058,21.36,21.086
21.262,21.262,0.251,0.058,21.347,21.096
21.258,21.258,0.239,0.052,21.335,21.096
21.256,21.256,0.243,0.046,21.339,21.096
21.257,21.258,0.243,0.047,21.339,21.096
21.259,21.259,0.243,0.048,21.339,21.096
21.266,21.267,0.183,0.042,21.361,21.178
21.264,21.264,0.237,0.046,21.361,21.124
21.251,21.251,0.264,0.056,21.361,21.097
21.245,21.245,0.264,0.056,21.361,21.097
21.241,21.241,0.264,0.055,21.361,21.097
21.237,21.238,0.253,0.053,21.35,21.097
21.245,21.245,0.254,0.054,21.351,21.097
21.262,21.262,0.198,0.047,21.368,21.17
21.266,21.266,0.199,0.046,21.368,21.169
21.267,21.267,0.199,0.045,21.368,21.169
21.264,21.264,0.199,0.046,21.368,21.169
21.262,21.262,0.199,0.047,21.368,21.169
21.254,21.254,0.188,0.048,21.357,21.169
21.249,21.25,0.193,0.049,21.357,21.164
21.254,21.255,0.202,0.054,21.366,21.164
21.26,21.26,0.202,0.057,21.366,21.164
21.261,21.262,0.202,0.056,21.366,21.164
21.264,21.264,0.202,0.054,21.366,21.164
21.272,21.272,0.182,0.053,21.366,21.184
21.266,21.266,0.188,0.051,21.366,21.178
21.264,21.264,0.188,0.052,21.366,21.178
21.257,21.257,0.195,0.05,21.366,21.171
21.258,21.258,0.195,0.053,21.366,21.171
21.252,21.252,0.193,0.049,21.364,21.171
21.252,21.252,0.193,0.05,21.364,21.171
21.25,21.251,0.178,0.046,21.345,21.167
21.26,21.26,0.2,0.049,21.367,21.167
21.256,21.256,0.2,0.045,21.367,21.167
21.258,21.258,0.2,0.046,21.367,21.167
21.257,21.257,0.237,0.049,21.367,21.13
21.256,21.256,0.237,0.053,21.367,21.13
21.25,21.25,0.219,0.055,21.349,21.13
21.251,21.251,0.219,0.06,21.349,21.13
21.246,21.246,0.219,0.062,21.349,21.13
21.254,21.254,0.223,0.063,21.368,21.145
21.255,21.255,0.22,0.058,21.368,21.148
21.242,21.243,0.206,0.055,21.368,21.162
21.242,21.242,0.206,0.051,21.368,21.162
21.239,21.239,0.214,0.05,21.368,21.154
21.231,21.231,0.183,0.042,21.337,21.154
21.23,21.23,0.216,0.051,21.337,21.121
21.234,21.234,0.216,0.049,21.337,21.121
21.236,21.236,0.212,0.054,21.333,21.121
21.233,21.234,0.212,0.057,21.333,21.121
21.23,21.23,0.212,0.059,21.333,21.121
21.226,21.226,0.209,0.056,21.333,21.124
21.235,21.235,0.209,0.058,21.333,21.124
21.228,21.228,0.211,0.058,21.332,21.121
21.229,21.229,0.206,0.057,21.327,21.121
21.228,21.228,0.255,0.064,21.359,21.104
21.218,21.219,0.256,0.067,21.359,21.103
21.207,21.207,0.287,0.067,21.359,21.072
21.211,21.211,0.287,0.066,21.359,21.072
21.206,21.206,0.3,0.069,21.359,21.059
21.209,21.209,0.264,0.062,21.323,21.059
21.217,21.217,0.264,0.059,21.323,21.059
21.224,21.224,0.264,0.058,21.323,21.059
21.22,21.22,0.264,0.059,21.323,21.059
21.234,21.234,0.25,0.055,21.365,21.115
21.228,21.228,0.25,0.057,21.365,21.115
21.22,21.22,0.28,0.067,21.365,21.085
21.21,21.21,0.28,0.066,21.365,21.085
21.206,21.206,0.28,0.068,21.365,21.085
21.199,21.2,0.276,0.066,21.361,21.085
21.202,21.202,0.276,0.067,21.361,21.085
21.219,21.219,0.317,0.068,21.409,21.092
21.227,21.227,0.32,0.07,21.409,21.089
21.23,21.23,0.32,0.064,21.409,21.089
21.232,21.232,0.32,0.059,21.409,21.089
21.228,21.228,0.32,0.065,21.409,21.089
21.221,21.221,0.282,0.061,21.371,21.089
21.209,21.209,0.256,0.059,21.35,21.094
21.201,21.201,0.277,0.064,21.35,21.073
21.186,21.186,0.277,0.06,21.35,21.073
21.18,21.18,0.287,0.062,21.35,21.063
21.171,21.171,0.241,0.054,21.304,21.063
21.181,21.181,0.295,0.062,21.358,21.063
21.196,21.196,0.359,0.074,21.422,21.063
21.198,21.198,0.359,0.073,21.422,21.063
21.206,21.206,0.32,0.064,21.422,21.102
21.208,21.208,0.338,0.067,21.422,21.084
21.197,21.197,0.338,0.064,21.422,21.084
21.191,21.191,0.291,0.053,21.375,21.084
21.192,21.192,0.291,0.056,21.375,21.084
21.19,21.19,0.291,0.059,21.375,21.084
21.184,21.184,0.289,0.052,21.375,21.086
21.192,21.192,0.289,0.058,21.375,21.086
21.187,21.187,0.238,0.06,21.324,21.086
21.199,21.199,0.271,0.072,21.357,21.086
21.214,21.214,0.292,0.082,21.384,21.092
21.23,21.23,0.292,0.084,21.384,21.092
21.238,21.239,0.292,0.086,21.384,21.092
21.239,21.24,0.278,0.083,21.384,21.106
21.241,21.241,0.274,0.083,21.384,21.11
21.227,21.227,0.251,0.075,21.377,21.126
21.229,21.229,0.268,0.077,21.394,21.126
21.232,21.232,0.268,0.072,21.394,21.126
21.231,21.231,0.277,0.072,21.394,21.117
21.22,21.22,0.29,0.066,21.394,21.104
21.22,21.221,0.29,0.07,21.394,21.104
21.208,21.208,0.249,0.065,21.353,21.104
21.192,21.192,0.256,0.059,21.353,21.097
21.191,21.191,0.256,0.06,21.353,21.097
21.193,21.193,0.247,0.058,21.344,21.097
21.192,21.192,0.248,0.059,21.344,21.096
21.196,21.196,0.3,0.065,21.353,21.053
21.197,21.197,0.3,0.063,21.353,21.053
21.201,21.201,0.3,0.063,21.353,21.053
21.201,21.201,0.309,0.07,21.362,21.053
21.203,21.203,0.336,0.075,21.389,21.053
21.201,21.201,0.326,0.068,21.389,21.063
21.201,21.201,0.326,0.071,21.389,21.063
21.202,21.202,0.326,0.075,21.389,21.063
21.195,21.195,0.326,0.067,21.389,21.063
21.197,21.197,0.274,0.064,21.362,21.088
21.193,21.193,0.272,0.067,21.362,21.09
21.191,21.191,0.286,0.071,21.362,21.076
21.193,21.193,0.277,0.066,21.353,21.076
21.202,21.202,0.277,0.068,21.353,21.076
21.201,21.201,0.272,0.062,21.348,21.076
21.197,21.197,0.263,0.06,21.339,21.076
21.209,21.209,0.303,0.061,21.383,21.08
21.205,21.205,0.303,0.064,21.383,21.08
21.204,21.204,0.303,0.063,21.383,21.08
21.2,21.2,0.305,0.07,21.383,21.078
21.213,21.213,0.305,0.068,21.383,21.078
21.206,21.207,0.241,0.063,21.319,21.078
21.204,21.204,0.24,0.056,21.318,21.078
21.2,21.2,0.24,0.055,21.318,21.078
21.2,21.2,0.232,0.047,21.318,21.086
21.193,21.193,0.255,0.046,21.341,21.086
21.185,21.185,0.239,0.045,21.341,21.102
21.193,21.193,0.267,0.054,21.369,21.102
21.192,21.192,0.267,0.054,21.369,21.102
21.205,21.205,0.272,0.061,21.374,21.102
21.219,21.219,0.319,0.066,21.421,21.102
21.229,21.229,0.341,0.068,21.421,21.08
21.22,21.22,0.341,0.073,21.421,21.08
21.214,21.214,0.341,0.079,21.421,21.08
21.202,21.202,0.357,0.079,21.421,21.064
21.182,21.182,0.33,0.07,21.394,21.064
21.182,21.182,0.294,0.071,21.358,21.064
21.193,21.194,0.341,0.076,21.405,21.064
21.205,21.205,0.341,0.076,21.405,21.064
21.212,21.213,0.336,0.079,21.405,21.069
21.22,21.22,0.317,0.08,21.405,21.088
21.224,21.224,0.299,0.078,21.405,21.106
21.212,21.212,0.286,0.076,21.377,21.091
21.202,21.202,0.286,0.078,21.377,21.091
21.197,21.197,0.3,0.077,21.365,21.065
21.202,21.202,0.3,0.076,21.365,21.065
21.202,21.202,0.3,0.071,21.365,21.065
21.208,21.209,0.309,0.073,21.374,21.065
21.212,21.212,0.309,0.07,21.374,21.065
21.209,21.21,0.288,0.073,21.374,21.086
21.193,21.193,0.292,0.073,21.374,21.082
21.184,21.184,0.292,0.071,21.374,21.082
21.176,21.176,0.288,0.067,21.37,21.082
21.168,21.168,0.309,0.066,21.37,21.061
21.172,21.172,0.259,0.06,21.32,21.061
21.188,21.188,0.295,0.069,21.356,21.061
21.194,21.194,0.303,0.076,21.364,21.061
21.203,21.203,0.303,0.079,21.364,21.061
21.21,21.21,0.277,0.075,21.364,21.087
21.207,21.208,0.277,0.078,21.364,21.087
21.191,21.191,0.296,0.077,21.364,21.068
21.177,21.177,0.325,0.075,21.36,21.035
21.171,21.171,0.289,0.07,21.324,21.035
21.175,21.176,0.297,0.072,21.332,21.035
21.177,21.177,0.297,0.071,21.332,21.035
21.181,21.181,0.297,0.071,21.332,21.035
21.204,21.204,0.272,0.073,21.35,21.078
21.203,21.204,0.287,0.072,21.35,21.063
21.208,21.208,0.302,0.074,21.365,21.063
21.208,21.208,0.302,0.073,21.365,21.063
21.212,21.212,0.302,0.068,21.365,21.063
21.202,21.202,0.302,0.056,21.365,21.063
21.204,21.204,0.258,0.051,21.365,21.107
21.201,21.201,0.268,0.049,21.375,21.107
21.197,21.198,0.268,0.049,21.375,21.107
21.192,21.192,0.283,0.053,21.375,21.092
21.188,21.188,0.283,0.058,21.375,21.092
21.189,21.189,0.283,0.062,21.375,21.092
21.185,21.185,0.278,0.059,21.37,21.092
21.188,21.188,0.278,0.06,21.37,21.092
21.195,21.195,0.256,0.055,21.37,21.114
21.21,21.21,0.266,0.064,21.38,21.114
21.21,21.21,0.279,0.064,21.38,21.101
21.213,21.213,0.279,0.062,21.38,21.101
21.221,21.221,0.279,0.065,21.38,21.101
21.224,21.224,0.279,0.064,21.38,21.101
21.216,21.216,0.272,0.059,21.373,21.101
21.215,21.215,0.266,0.054,21.373,21.107
21.216,21.216,0.255,0.054,21.373,21.118
21.216,21.216,0.259,0.056,21.377,21.118
21.218,21.218,0.259,0.058,21.377,21.118
21.218,21.218,0.259,0.055,21.377,21.118
21.217,21.217,0.282,0.057,21.377,21.095
21.213,21.213,0.282,0.056,21.377,21.095
21.207,21.207,0.278,0.056,21.373,21.095
21.211,21.211,0.289,0.059,21.373,21.084
21.199,21.199,0.289,0.06,21.373,21.084
21.197,21.198,0.289,0.064,21.373,21.084
21.2,21.2,0.289,0.062,21.373,21.084
21.201,21.201,0.296,0.06,21.38,21.084
21.197,21.197,0.287,0.054,21.38,21.093
21.206,21.206,0.287,0.05,21.38,21.093
21.207,21.207,0.263,0.043,21.38,21.117
21.209,21.209,0.263,0.045,21.38,21.117
21.211,21.211,0.178,0.039,21.295,21.117
21.216,21.216,0.202,0.043,21.322,21.12
21.223,21.223,0.202,0.046,21.322,21.12
21.231,21.231,0.204,0.047,21.322,21.118
21.232,21.232,0.204,0.046,21.322,21.118
21.224,21.225,0.204,0.05,21.322,21.118
21.22,21.22,0.202,0.052,21.32,21.118
21.213,21.213,0.202,0.054,21.32,21.118
21.207,21.207,0.196,0.051,21.317,21.121
21.204,21.204,0.196,0.053,21.317,21.121
21.209,21.209,0.23,0.056,21.317,21.087
21.213,21.213,0.233,0.053,21.32,21.087
21.209,21.209,0.233,0.052,21.32,21.087
21.214,21.214,0.233,0.051,21.32,21.087
21.217,21.217,0.233,0.052,21.32,21.087
21.212,21.212,0.219,0.048,21.32,21.101
21.205,21.205,0.207,0.044,21.308,21.101
21.208,21.208,0.27,0.051,21.381,21.111
21.2,21.2,0.27,0.055,21.381,21.111
21.199,21.199,0.27,0.053,21.381,21.111
21.203,21.203,0.27,0.057,21.381,21.111
21.203,21.203,0.27,0.058,21.381,21.111
21.2,21.2,0.263,0.051,21.362,21.099
21.198,21.198,0.268,0.051,21.362,21.094
21.198,21.198,0.268,0.052,21.362,21.094
21.201,21.201,0.281,0.054,21.375,21.094
21.204,21.204,0.281,0.058,21.375,21.094
21.212,21.212,0.281,0.062,21.375,21.094
21.216,21.216,0.257,0.058,21.375,21.118
21.217,21.217,0.257,0.059,21.375,21.118
21.21,21.21,0.255,0.054,21.373,21.118
21.211,21.211,0.242,0.049,21.362,21.12
21.203,21.203,0.26,0.044,21.362,21.102
21.207,21.207,0.26,0.042,21.362,21.102
21.202,21.202,0.184,0.038,21.286,21.102
21.205,21.205,0.184,0.038,21.286,21.102
21.203,21.203,0.184,0.036,21.286,21.102
21.203,21.204,0.172,0.037,21.286,21.114
21.205,21.205,0.209,0.041,21.323,21.114
21.205,21.206,0.205,0.043,21.323,21.118
21.206,21.206,0.205,0.046,21.323,21.118
21.209,21.209,0.21,0.049,21.328,21.118
21.215,21.215,0.21,0.048,21.328,21.118
21.215,21.215,0.21,0.05,21.328,21.118
21.218,21.218,0.197,0.045,21.328,21.131
21.219,21.219,0.197,0.041,21.328,21.131
21.217,21.217,0.188,0.041,21.316,21.128
21.222,21.222,0.195,0.042,21.316,21.121
21.222,21.222,0.225,0.044,21.346,21.121
21.226,21.226,0.255,0.049,21.376,21.121
21.231,21.231,0.255,0.054,21.376,21.121
21.23,21.231,0.255,0.054,21.376,21.121
21.23,21.23,0.243,0.053,21.376,21.133
21.231,21.231,0.243,0.052,21.376,21.133
21.232,21.232,0.206,0.047,21.339,21.133
21.234,21.234,0.182,0.044,21.337,21.155
21.239,21.239,0.178,0.042,21.337,21.159
21.234,21.234,0.186,0.044,21.337,21.151
21.23,21.23,0.194,0.044,21.337,21.143
21.228,21.228,0.194,0.044,21.337,21.143
21.228,21.228,0.249,0.049,21.392,21.143
21.229,21.229,0.251,0.051,21.392,21.141
21.239,21.239,0.251,0.05,21.392,21.141
21.24,21.24,0.251,0.051,21.392,21.141
21.241,21.241,0.251,0.055,21.392,21.141
21.24,21.24,0.199,0.047,21.34,21.141
21.241,21.241,0.192,0.045,21.34,21.148
21.24,21.241,0.186,0.045,21.334,21.148
21.241,21.241,0.186,0.041,21.334,21.148
21.244,21.244,0.315,0.05,21.463,21.148
21.242,21.242,0.315,0.052,21.463,21.148
21.242,21.242,0.302,0.051,21.463,21.161
21.234,21.234,0.308,0.053,21.463,21.155
21.237,21.237,0.308,0.052,21.463,21.155
21.235,21.235,0.169,0.039,21.324,21.155
21.236,21.236,0.169,0.038,21.324,21.155
21.234,21.234,0.145,0.037,21.3,21.155
21.24,21.24,0.181,0.037,21.336,21.155
21.241,21.241,0.181,0.038,21.336,21.155
21.24,21.24,0.181,0.038,21.336,21.155
21.243,21.243,0.174,0.042,21.336,21.162
21.241,21.241,0.183,0.046,21.336,21.153
21.237,21.237,0.183,0.045,21.336,21.153
21.233,21.233,0.195,0.048,21.336,21.141
21.235,21.235,0.195,0.048,21.336,21.141
21.235,21.235,0.229,0.051,21.37,21.141
21.238,21.238,0.229,0.053,21.37,21.141
21.242,21.242,0.229,0.05,21.37,21.141
21.248,21.248,0.199,0.046,21.37,21.171
21.25,21.25,0.199,0.048,21.37,21.171
21.249,21.249,0.25,0.048,21.422,21.172
21.251,21.251,0.242,0.042,21.422,21.18
21.26,21.26,0.246,0.051,21.422,21.176
21.261,21.261,0.246,0.055,21.422,21.176
21.262,21.262,0.246,0.053,21.422,21.176
21.265,21.265,0.209,0.046,21.385,21.176
21.267,21.267,0.21,0.053,21.386,21.176
21.262,21.262,0.21,0.046,21.386,21.176
21.26,21.26,0.196,0.043,21.386,21.19
21.263,21.263,0.196,0.046,21.386,21.19
21.264,21.264,0.193,0.046,21.386,21.193
21.265,21.265,0.197,0.044,21.383,21.186
21.267,21.267,0.197,0.046,21.383,21.186
21.27,21.27,0.197,0.045,21.383,21.186
21.274,21.274,0.189,0.042,21.375,21.186
21.275,21.275,0.189,0.042,21.375,21.186
21.278,21.278,0.195,0.041,21.389,21.194
21.274,21.274,0.195,0.042,21.389,21.194
21.274,21.274,0.216,0.047,21.389,21.173
21.269,21.269,0.216,0.048,21.389,21.173
21.266,21.266,0.216,0.048,21.389,21.173
21.266,21.266,0.206,0.046,21.379,21.173
21.271,21.271,0.208,0.049,21.381,21.173
21.268,21.269,0.195,0.045,21.381,21.186
21.268,21.268,0.195,0.046,21.381,21.186
21.267,21.267,0.197,0.046,21.381,21.184
21.262,21.262,0.197,0.043,21.381,21.184
21.259,21.259,0.175,0.038,21.359,21.184
21.268,21.268,0.205,0.046,21.389,21.184
21.275,21.275,0.205,0.048,21.389,21.184
21.277,21.277,0.189,0.047,21.389,21.2
21.283,21.283,0.197,0.047,21.389,21.192
21.289,21.289,0.214,0.05,21.406,21.192
21.292,21.292,0.214,0.046,21.406,21.192
21.296,21.296,0.214,0.044,21.406,21.192
21.303,21.303,0.214,0.042,21.406,21.192
21.308,21.308,0.179,0.039,21.406,21.227
21.312,21.312,0.182,0.042,21.423,21.241
21.309,21.309,0.182,0.047,21.423,21.241
21.307,21.307,0.182,0.045,21.423,21.241
21.305,21.305,0.187,0.048,21.423,21.236
21.305,21.305,0.187,0.047,21.423,21.236
21.299,21.299,0.163,0.04,21.399,21.236
21.299,21.299,0.119,0.037,21.355,21.236
21.294,21.294,0.124,0.039,21.354,21.23
21.292,21.292,0.124,0.038,21.354,21.23
21.289,21.289,0.131,0.037,21.36,21.229
21.293,21.293,0.19,0.043,21.419,21.229
21.296,21.296,0.213,0.047,21.442,21.229
21.297,21.297,0.219,0.048,21.442,21.223
21.301,21.301,0.219,0.048,21.442,21.223
21.302,21.302,0.223,0.049,21.442,21.219
21.301,21.301,0.223,0.049,21.442,21.219
21.298,21.298,0.194,0.045,21.413,21.219
21.303,21.303,0.194,0.044,21.413,21.219
21.306,21.306,0.208,0.049,21.413,21.205
21.306,21.306,0.208,0.048,21.413,21.205
21.31,21.31,0.183,0.045,21.388,21.205
21.316,21.316,0.183,0.044,21.388,21.205
21.316,21.316,0.183,0.042,21.388,21.205
21.32,21.32,0.127,0.037,21.386,21.259
21.327,21.327,0.123,0.037,21.386,21.263
21.332,21.332,0.123,0.037,21.386,21.263
21.337,21.337,0.123,0.037,21.385,21.262
21.346,21.346,0.123,0.034,21.385,21.262
21.347,21.347,0.123,0.033,21.385,21.262
21.349,21.349,0.146,0.034,21.392,21.246
21.35,21.35,0.146,0.036,21.392,21.246
21.345,21.345,0.146,0.038,21.392,21.246
21.346,21.346,0.146,0.037,21.392,21.246
21.344,21.344,0.146,0.037,21.392,21.246
21.34,21.34,0.131,0.037,21.388,21.257
21.336,21.336,0.139,0.036,21.396,21.257
21.337,21.337,0.161,0.037,21.42,21.259
21.333,21.333,0.161,0.039,21.42,21.259
21.335,21.335,0.161,0.041,21.42,21.259
21.335,21.335,0.166,0.045,21.42,21.254
21.29,21.291,0.469,0.124,21.42,20.951
21.221,21.221,0.473,0.171,21.408,20.935
21.154,21.155,0.476,0.176,21.408,20.932
21.085,21.086,0.476,0.156,21.408,20.932
21.019,21.019,0.5,0.096,21.378,20.878
20.996,20.996,0.208,0.04,21.086,20.878
21.004,21.004,0.208,0.037,21.086,20.878
21.003,21.003,0.208,0.038,21.086,20.878
21.007,21.007,0.208,0.041,21.086,20.878
21.01,21.01,0.143,0.04,21.074,20.931
21.014,21.014,0.274,0.049,21.153,20.879
21.014,21.014,0.274,0.052,21.153,20.879
21.021,21.021,0.285,0.057,21.153,20.868
21.029,21.029,0.285,0.059,21.153,20.868
21.035,21.035,0.285,0.059,21.153,20.868
21.04,21.04,0.28,0.052,21.148,20.868
21.047,21.047,0.28,0.048,21.148,20.868
21.047,21.047,0.204,0.042,21.148,20.944
21.038,21.038,0.196,0.043,21.12,20.924
21.031,21.031,0.17,0.043,21.094,20.924
21.03,21.03,0.161,0.041,21.085,20.924
21.024,21.024,0.159,0.041,21.083,20.924
21.022,21.022,0.159,0.039,21.083,20.924
21.027,21.028,0.125,0.037,21.085,20.96
21.032,21.032,0.16,0.038,21.136,20.976
21.029,21.029,0.155,0.038,21.136,20.981
21.033,21.033,0.217,0.045,21.188,20.971
21.034,21.034,0.217,0.047,21.188,20.971
21.03,21.03,0.223,0.048,21.188,20.965
21.028,21.028,0.223,0.046,21.188,20.965
21.033,21.033,0.223,0.048,21.188,20.965
21.03,21.03,0.177,0.043,21.119,20.942
21.031,21.031,0.162,0.042,21.104,20.942
21.039,21.04,0.162,0.043,21.104,20.942
21.042,21.042,0.182,0.046,21.124,20.942
21.048,21.048,0.206,0.046,21.148,20.942
21.052,21.052,0.177,0.044,21.148,20.971
21.064,21.064,0.2,0.048,21.171,20.971
21.066,21.066,0.2,0.046,21.171,20.971
21.073,21.073,0.169,0.04,21.171,21.002
21.074,21.074,0.169,0.038,21.171,21.002
21.079,21.079,0.188,0.037,21.171,20.983
21.078,21.078,0.263,0.041,21.246,20.983
21.078,21.078,0.279,0.047,21.246,20.967
21.074,21.074,0.279,0.049,21.246,20.967
21.075,21.075,0.279,0.05,21.246,20.967
21.074,21.074,0.279,0.054,21.246,20.967
21.073,21.073,0.231,0.049,21.198,20.967
21.071,21.071,0.206,0.045,21.198,20.992
21.071,21.071,0.206,0.045,21.198,20.992
21.067,21.067,0.217,0.046,21.198,20.981
21.066,21.066,0.169,0.041,21.15,20.981
21.062,21.062,0.162,0.041,21.143,20.981
21.061,21.061,0.21,0.048,21.143,20.933
21.065,21.065,0.218,0.049,21.151,20.933
21.067,21.067,0.24,0.052,21.151,20.911
21.076,21.076,0.251,0.055,21.162,20.911
21.083,21.083,0.251,0.056,21.162,20.911
21.094,21.094,0.251,0.05,21.162,20.911
21.097,21.097,0.251,0.053,21.162,20.911
21.104,21.104,0.205,0.047,21.162,20.957
21.102,21.102,0.204,0.048,21.161,20.957
21.106,21.106,0.204,0.047,21.161,20.957
21.109,21.109,0.213,0.045,21.17,20.957
21.113,21.113,0.188,0.038,21.17,20.982
21.118,21.118,0.188,0.038,21.17,20.982
21.123,21.123,0.122,0.035,21.177,21.055
21.123,21.123,0.128,0.036,21.177,21.049
21.12,21.12,0.128,0.034,21.177,21.049
21.124,21.124,0.13,0.034,21.177,21.047
21.125,21.125,0.13,0.033,21.177,21.047
21.121,21.121,0.155,0.035,21.202,21.047
21.123,21.123,0.155,0.035,21.202,21.047
21.123,21.123,0.199,0.041,21.202,21.003
21.12,21.12,0.199,0.042,21.202,21.003
21.117,21.117,0.199,0.045,21.202,21.003
21.119,21.119,0.19,0.045,21.193,21.003
21.116,21.116,0.2,0.046,21.203,21.003
21.116,21.116,0.167,0.045,21.203,21.036
21.116,21.116,0.167,0.046,21.203,21.036
21.121,21.121,0.182,0.046,21.221,21.039
21.128,21.128,0.179,0.048,21.221,21.042
21.133,21.133,0.179,0.047,21.221,21.042
21.131,21.132,0.179,0.047,21.221,21.042
21.138,21.139,0.176,0.046,21.221,21.045
21.141,21.141,0.174,0.046,21.219,21.045
21.144,21.144,0.174,0.046,21.219,21.045
21.141,21.141,0.174,0.046,21.219,21.045
21.143,21.143,0.244,0.05,21.219,20.975
21.145,21.145,0.235,0.048,21.21,20.975
21.148,21.148,0.235,0.048,21.21,20.975
21.146,21.147,0.238,0.049,21.213,20.975
21.152,21.152,0.246,0.051,21.221,20.975
21.164,21.164,0.191,0.041,21.221,21.03
21.164,21.165,0.217,0.045,21.247,21.03
21.164,21.164,0.217,0.046,21.247,21.03
21.164,21.164,0.217,0.045,21.247,21.03
21.157,21.157,0.221,0.048,21.247,21.026
21.151,21.152,0.221,0.048,21.247,21.026
21.147,21.147,0.219,0.05,21.216,20.997
21.142,21.142,0.219,0.052,21.216,20.997
21.141,21.141,0.22,0.052,21.217,20.997
21.149,21.149,0.221,0.049,21.218,20.997
21.149,21.149,0.221,0.049,21.218,20.997
21.155,21.155,0.189,0.044,21.22,21.031
21.165,21.165,0.178,0.041,21.241,21.063
21.168,21.168,0.176,0.041,21.243,21.067
21.175,21.175,0.236,0.048,21.261,21.025
21.179,21.179,0.236,0.052,21.261,21.025
21.18,21.18,0.245,0.058,21.27,21.025
21.172,21.172,0.245,0.064,21.27,21.025
21.174,21.174,0.245,0.069,21.27,21.025
21.175,21.175,0.237,0.068,21.275,21.038
21.155,21.155,0.568,0.127,21.275,20.707
21.072,21.073,0.636,0.2,21.275,20.639
21.015,21.016,0.636,0.229,21.275,20.639
21.02,21.022,0.639,0.232,21.278,20.639
21.022,21.023,0.643,0.233,21.282,20.639
20.979,20.98,0.643,0.23,21.282,20.639
20.983,20.984,0.652,0.227,21.282,20.63
20.962,20.963,0.652,0.221,21.282,20.63
20.871,20.872,0.652,0.192,21.282,20.63
20.784,20.784,0.532,0.093,21.162,20.63
20.762,20.762,0.251,0.053,20.881,20.63
20.755,20.755,0.205,0.048,20.843,20.638
20.755,20.755,0.205,0.05,20.843,20.638
20.753,20.753,0.205,0.048,20.843,20.638
20.761,20.761,0.219,0.05,20.857,20.638
20.768,20.768,0.212,0.049,20.857,20.645
20.777,20.777,0.252,0.054,20.897,20.645
20.778,20.778,0.252,0.054,20.897,20.645
20.787,20.787,0.252,0.048,20.897,20.645
20.779,20.779,0.252,0.052,20.897,20.645
20.775,20.775,0.252,0.052,20.897,20.645
20.763,20.763,0.221,0.051,20.849,20.628
20.765,20.765,0.231,0.051,20.859,20.628
20.759,20.759,0.231,0.053,20.859,20.628
20.756,20.756,0.231,0.052,20.859,20.628
20.765,20.765,0.236,0.053,20.864,20.628
20.767,20.767,0.259,0.05,20.864,20.605
20.765,20.766,0.259,0.05,20.864,20.605
20.77,20.77,0.285,0.048,20.89,20.605
20.777,20.777,0.285,0.048,20.89,20.605
20.775,20.775,0.285,0.049,20.89,20.605
20.785,20.785,0.181,0.044,20.89,20.709
20.798,20.798,0.273,0.055,20.968,20.695
20.797,20.797,0.298,0.061,20.968,20.67
20.794,20.794,0.299,0.061,20.968,20.669
20.796,20.796,0.299,0.06,20.968,20.669
20.793,20.794,0.299,0.062,20.968,20.669
20.786,20.786,0.252,0.052,20.921,20.669
20.79,20.79,0.252,0.046,20.921,20.669
20.79,20.79,0.197,0.046,20.921,20.724
20.784,20.784,0.255,0.048,20.921,20.666
20.784,20.784,0.244,0.048,20.898,20.654
20.774,20.774,0.271,0.055,20.898,20.627
20.767,20.767,0.253,0.058,20.88,20.627
20.769,20.769,0.216,0.059,20.843,20.627
20.776,20.776,0.276,0.061,20.903,20.627
20.774,20.774,0.276,0.06,20.903,20.627
20.783,20.783,0.273,0.059,20.903,20.63
20.785,20.785,0.241,0.052,20.903,20.662
20.785,20.785,0.241,0.051,20.903,20.662
20.778,20.778,0.232,0.049,20.894,20.662
20.777,20.777,0.255,0.052,20.894,20.639
20.771,20.771,0.235,0.048,20.874,20.639
20.771,20.771,0.235,0.047,20.874,20.639
20.773,20.773,0.25,0.049,20.889,20.639
20.779,20.779,0.25,0.05,20.889,20.639
20.773,20.773,0.26,0.052,20.889,20.629
20.771,20.771,0.26,0.055,20.889,20.629
20.764,20.765,0.26,0.059,20.889,20.629
20.759,20.759,0.24,0.054,20.869,20.629
20.751,20.751,0.215,0.056,20.844,20.629
20.755,20.756,0.201,0.05,20.844,20.643
20.761,20.761,0.18,0.047,20.823,20.643
20.768,20.768,0.258,0.049,20.889,20.631
20.773,20.773,0.258,0.051,20.889,20.631
20.782,20.782,0.258,0.044,20.889,20.631
20.788,20.788,0.258,0.043,20.889,20.631
20.787,20.787,0.258,0.042,20.889,20.631
20.786,20.786,0.164,0.037,20.858,20.694
20.774,20.774,0.233,0.049,20.858,20.625
20.767,20.767,0.233,0.054,20.858,20.625
20.767,20.767,0.248,0.056,20.873,20.625
20.766,20.766,0.248,0.058,20.873,20.625
20.775,20.775,0.301,0.064,20.926,20.625
20.784,20.784,0.289,0.055,20.926,20.637
20.79,20.79,0.266,0.047,20.926,20.66
20.79,20.79,0.266,0.042,20.926,20.66
20.787,20.787,0.266,0.041,20.926,20.66
20.772,20.772,0.215,0.037,20.831,20.616
20.764,20.764,0.212,0.039,20.828,20.616
20.765,20.765,0.292,0.043,20.908,20.616
20.762,20.762,0.292,0.043,20.908,20.616
20.768,20.768,0.292,0.046,20.908,20.616
20.778,20.778,0.218,0.044,20.908,20.69
20.787,20.787,0.202,0.044,20.908,20.706
20.787,20.787,0.185,0.04,20.891,20.706
20.784,20.784,0.185,0.042,20.891,20.706
20.782,20.783,0.185,0.044,20.891,20.706
20.776,20.776,0.185,0.042,20.891,20.706
20.775,20.775,0.151,0.037,20.862,20.711
20.777,20.777,0.151,0.038,20.862,20.711
20.784,20.784,0.232,0.043,20.944,20.712
20.784,20.784,0.225,0.041,20.944,20.719
20.794,20.794,0.221,0.045,20.944,20.723
20.799,20.799,0.239,0.05,20.944,20.705
20.796,20.796,0.239,0.052,20.944,20.705
20.79,20.79,0.209,0.051,20.914,20.705
20.782,20.782,0.209,0.053,20.914,20.705
20.776,20.776,0.223,0.051,20.912,20.689
20.769,20.769,0.181,0.043,20.87,20.689
20.767,20.767,0.199,0.046,20.888,20.689
20.767,20.767,0.202,0.047,20.891,20.689
20.774,20.774,0.202,0.046,20.891,20.689
20.776,20.776,0.192,0.042,20.891,20.699
20.776,20.776,0.192,0.045,20.891,20.699
20.783,20.783,0.205,0.044,20.904,20.699
20.783,20.783,0.196,0.04,20.904,20.708
20.777,20.777,0.198,0.044,20.904,20.706
20.772,20.772,0.204,0.048,20.904,20.7
20.769,20.769,0.204,0.046,20.904,20.7
20.761,20.761,0.158,0.042,20.858,20.7
20.766,20.766,0.214,0.047,20.914,20.7
20.774,20.774,0.214,0.048,20.914,20.7
20.781,20.781,0.213,0.045,20.914,20.701
20.787,20.787,0.212,0.048,20.914,20.702
20.79,20.79,0.209,0.045,20.914,20.705
20.789,20.789,0.207,0.041,20.912,20.705
20.781,20.781,0.208,0.041,20.912,20.704
20.78,20.78,0.208,0.043,20.912,20.704
20.776,20.776,0.183,0.039,20.887,20.704
20.775,20.775,0.183,0.039,20.887,20.704
20.773,20.773,0.183,0.041,20.887,20.704
20.778,20.778,0.207,0.047,20.902,20.695
20.773,20.773,0.221,0.048,20.902,20.681
20.771,20.771,0.23,0.05,20.902,20.672
20.768,20.768,0.23,0.052,20.902,20.672
20.769,20.769,0.23,0.051,20.902,20.672
20.769,20.769,0.207,0.047,20.879,20.672
20.775,20.775,0.2,0.045,20.872,20.672
20.778,20.778,0.19,0.042,20.872,20.682
20.783,20.783,0.19,0.037,20.872,20.682
20.784,20.784,0.183,0.04,20.884,20.701
20.783,20.783,0.181,0.038,20.884,20.703
20.781,20.781,0.183,0.041,20.884,20.701
20.783,20.783,0.186,0.048,20.887,20.701
20.777,20.777,0.272,0.056,20.887,20.615
20.783,20.783,0.272,0.055,20.887,20.615
20.784,20.784,0.272,0.061,20.887,20.615
20.788,20.788,0.272,0.062,20.887,20.615
20.785,20.785,0.269,0.056,20.884,20.615
20.786,20.787,0.241,0.055,20.884,20.643
20.785,20.785,0.241,0.054,20.884,20.643
20.785,20.785,0.24,0.047,20.883,20.643
20.786,20.786,0.233,0.045,20.876,20.643
20.791,20.791,0.233,0.046,20.876,20.643
20.793,20.793,0.168,0.04,20.872,20.704
20.788,20.788,0.197,0.046,20.901,20.704
20.786,20.786,0.197,0.048,20.901,20.704
20.783,20.783,0.197,0.048,20.901,20.704
20.782,20.782,0.197,0.047,20.901,20.704
20.79,20.79,0.209,0.052,20.901,20.692
20.791,20.791,0.206,0.046,20.898,20.692
20.796,20.796,0.206,0.044,20.898,20.692
20.799,20.799,0.232,0.045,20.924,20.692
20.799,20.799,0.232,0.047,20.924,20.692
20.798,20.798,0.206,0.041,20.924,20.718
20.801,20.801,0.229,0.044,20.924,20.695
20.807,20.807,0.229,0.046,20.924,20.695
20.811,20.811,0.221,0.043,20.916,20.695
20.811,20.811,0.221,0.041,20.916,20.695
20.806,20.806,0.221,0.043,20.916,20.695
20.808,20.808,0.204,0.045,20.916,20.712
20.8,20.8,0.183,0.043,20.895,20.712
20.788,20.788,0.269,0.048,20.887,20.618
20.787,20.787,0.269,0.049,20.887,20.618
20.79,20.79,0.284,0.049,20.902,20.618
20.783,20.783,0.284,0.045,20.902,20.618
20.789,20.789,0.307,0.048,20.925,20.618
20.792,20.792,0.28,0.044,20.925,20.645
20.796,20.796,0.28,0.046,20.925,20.645
20.798,20.798,0.28,0.045,20.925,20.645
20.802,20.802,0.28,0.044,20.925,20.645
20.794,20.794,0.242,0.043,20.887,20.645
20.801,20.801,0.181,0.043,20.906,20.725
20.797,20.797,0.2,0.04,20.906,20.706
20.791,20.791,0.2,0.04,20.906,20.706
20.788,20.788,0.21,0.044,20.906,20.696
20.792,20.792,0.21,0.047,20.906,20.696
20.792,20.792,0.208,0.047,20.904,20.696
20.793,20.793,0.208,0.048,20.904,20.696
20.8,20.8,0.218,0.051,20.914,20.696
20.803,20.803,0.211,0.05,20.914,20.703
20.806,20.806,0.197,0.049,20.914,20.717
20.808,20.809,0.197,0.05,20.914,20.717
20.817,20.817,0.197,0.05,20.914,20.717
20.821,20.821,0.199,0.048,20.916,20.717
20.822,20.822,0.197,0.045,20.916,20.719
20.821,20.821,0.203,0.046,20.916,20.713
20.816,20.816,0.203,0.043,20.916,20.713
20.811,20.811,0.207,0.045,20.916,20.709
20.813,20.813,0.227,0.051,20.936,20.709
20.814,20.814,0.227,0.051,20.936,20.709
20.813,20.813,0.227,0.051,20.936,20.709
20.807,20.807,0.227,0.054,20.936,20.709
20.803,20.803,0.227,0.052,20.936,20.709
20.796,20.796,0.21,0.042,20.919,20.709
20.806,20.806,0.235,0.049,20.944,20.709
20.808,20.809,0.235,0.047,20.944,20.709
20.809,20.809,0.235,0.047,20.944,20.709
20.814,20.814,0.217,0.045,20.944,20.727
20.81,20.81,0.239,0.049,20.944,20.705
20.81,20.81,0.204,0.047,20.909,20.705
20.819,20.819,0.218,0.051,20.923,20.705
20.822,20.822,0.218,0.051,20.923,20.705
20.818,20.818,0.218,0.053,20.923,20.705
20.814,20.814,0.216,0.054,20.923,20.707
20.813,20.813,0.225,0.054,20.932,20.707
20.805,20.805,0.225,0.049,20.932,20.707
20.808,20.808,0.274,0.054,20.981,20.707
20.806,20.806,0.274,0.058,20.981,20.707
20.808,20.808,0.274,0.056,20.981,20.707
20.802,20.802,0.274,0.052,20.981,20.707
20.805,20.805,0.274,0.054,20.981,20.707
20.805,20.805,0.216,0.049,20.926,20.71
20.81,20.81,0.21,0.044,20.926,20.716
20.804,20.804,0.254,0.053,20.926,20.672
20.789,20.789,0.254,0.059,20.926,20.672
20.777,20.777,0.229,0.057,20.901,20.672
20.771,20.771,0.216,0.057,20.888,20.672
20.768,20.768,0.232,0.059,20.904,20.672
20.774,20.774,0.226,0.059,20.904,20.678
20.788,20.788,0.293,0.063,20.971,20.678
20.785,20.785,0.285,0.058,20.971,20.686
20.782,20.782,0.287,0.061,20.971,20.684
20.81,20.81,0.616,0.139,21.3,20.684
20.895,20.896,0.616,0.207,21.3,20.684
20.967,20.969,0.616,0.226,21.3,20.684
21.053,21.055,0.616,0.217,21.3,20.684
21.137,21.138,0.614,0.163,21.3,20.686
21.19,21.19,0.218,0.057,21.294,21.076
21.179,21.179,0.195,0.057,21.291,21.096
21.175,21.175,0.235,0.06,21.305,21.07
21.171,21.171,0.242,0.062,21.305,21.063
21.171,21.171,0.278,0.065,21.341,21.063
21.163,21.163,0.278,0.066,21.341,21.063
21.164,21.164,0.278,0.065,21.341,21.063
21.166,21.166,0.278,0.058,21.341,21.063
21.158,21.158,0.264,0.052,21.341,21.077
21.155,21.156,0.214,0.046,21.291,21.077
21.158,21.158,0.216,0.051,21.293,21.077
21.165,21.165,0.226,0.053,21.303,21.077
21.162,21.162,0.226,0.054,21.303,21.077
21.159,21.159,0.272,0.056,21.303,21.031
21.149,21.15,0.283,0.058,21.303,21.02
21.151,21.151,0.283,0.059,21.303,21.02
21.134,21.134,0.269,0.054,21.284,21.015
21.134,21.134,0.269,0.053,21.284,21.015
21.132,21.132,0.269,0.053,21.284,21.015
21.126,21.126,0.269,0.05,21.284,21.015
21.114,21.114,0.201,0.042,21.216,21.015
21.118,21.118,0.179,0.042,21.216,21.037
21.113,21.113,0.179,0.042,21.216,21.037
21.111,21.111,0.173,0.042,21.216,21.043
21.11,21.11,0.174,0.042,21.216,21.042
21.102,21.102,0.159,0.038,21.197,21.038
21.096,21.096,0.152,0.036,21.19,21.038
21.094,21.094,0.152,0.031,21.19,21.038
21.09,21.09,0.152,0.031,21.19,21.038
21.083,21.083,0.176,0.034,21.19,21.014
21.081,21.081,0.176,0.036,21.19,21.014
21.071,21.071,0.168,0.037,21.146,20.978
21.062,21.062,0.168,0.035,21.146,20.978
21.064,21.064,0.161,0.033,21.139,20.978
21.067,21.067,0.161,0.033,21.139,20.978
21.065,21.065,0.161,0.031,21.139,20.978
21.066,21.066,0.152,0.028,21.138,20.986
21.059,21.059,0.199,0.035,21.138,20.939
21.049,21.049,0.191,0.036,21.13,20.939
21.042,21.042,0.191,0.037,21.13,20.939
21.036,21.036,0.191,0.043,21.13,20.939
21.033,21.033,0.191,0.045,21.13,20.939
21.034,21.034,0.19,0.045,21.13,20.94
21.032,21.032,0.141,0.042,21.081,20.94
21.027,21.027,0.149,0.042,21.081,20.932
21.028,21.028,0.157,0.039,21.089,20.932
21.028,21.028,0.157,0.037,21.089,20.932
21.026,21.026,0.176,0.038,21.108,20.932
21.013,21.013,0.232,0.049,21.108,20.876
21.012,21.012,0.232,0.049,21.108,20.876
21.01,21.01,0.232,0.048,21.108,20.876
21.007,21.007,0.232,0.048,21.108,20.876
21.002,21.002,0.225,0.045,21.101,20.876
21.004,21.004,0.2,0.042,21.101,20.901
20.994,20.994,0.203,0.048,21.101,20.898
20.989,20.989,0.203,0.049,21.101,20.898
20.975,20.975,0.2,0.048,21.094,20.894
20.966,20.966,0.219,0.047,21.094,20.875
20.96,20.96,0.226,0.047,21.094,20.868
20.957,20.958,0.226,0.049,21.094,20.868
20.947,20.947,0.157,0.044,21.024,20.867
20.954,20.954,0.171,0.043,21.038,20.867
20.948,20.948,0.196,0.046,21.038,20.842
20.942,20.942,0.196,0.048,21.038,20.842
20.935,20.935,0.196,0.049,21.038,20.842
20.931,20.931,0.196,0.051,21.038,20.842
20.919,20.919,0.208,0.048,21.038,20.83
20.917,20.917,0.208,0.051,21.038,20.83
20.922,20.922,0.186,0.048,21.016,20.83
20.921,20.921,0.186,0.048,21.016,20.83
20.914,20.914,0.186,0.048,21.016,20.83
20.911,20.911,0.186,0.048,21.016,20.83
20.898,20.898,0.166,0.047,20.969,20.803
20.886,20.886,0.157,0.04,20.96,20.803
20.882,20.882,0.22,0.045,20.953,20.733
20.877,20.877,0.216,0.045,20.949,20.733
20.874,20.874,0.254,0.047,20.987,20.733
20.879,20.879,0.268,0.049,21.001,20.733
20.881,20.881,0.268,0.053,21.001,20.733
20.877,20.877,0.224,0.052,21.001,20.777
20.882,20.882,0.224,0.053,21.001,20.777
20.875,20.875,0.246,0.055,21.001,20.755
20.874,20.874,0.231,0.053,20.986,20.755
20.859,20.859,0.218,0.054,20.973,20.755
20.86,20.86,0.218,0.053,20.973,20.755
20.844,20.844,0.287,0.056,20.965,20.678
20.848,20.848,0.287,0.06,20.965,20.678
20.834,20.834,0.28,0.061,20.958,20.678
20.835,20.835,0.28,0.061,20.958,20.678
20.829,20.83,0.28,0.062,20.958,20.678
20.831,20.832,0.265,0.063,20.958,20.693
20.824,20.824,0.246,0.056,20.939,20.693
20.828,20.828,0.246,0.054,20.939,20.693
20.817,20.817,0.258,0.059,20.939,20.681
20.805,20.805,0.233,0.058,20.914,20.681
20.796,20.796,0.233,0.056,20.914,20.681
20.778,20.779,0.238,0.058,20.914,20.676
20.767,20.767,0.194,0.054,20.87,20.676
20.767,20.768,0.199,0.057,20.875,20.676
20.766,20.766,0.228,0.059,20.882,20.654
20.832,20.833,0.617,0.16,21.271,20.654
20.908,20.909,0.617,0.187,21.271,20.654
20.981,20.982,0.617,0.19,21.271,20.654
21.049,21.05,0.617,0.162,21.271,20.654
21.107,21.108,0.408,0.085,21.271,20.863
21.104,21.105,0.268,0.069,21.236,20.968
21.107,21.107,0.268,0.071,21.236,20.968
21.102,21.102,0.256,0.07,21.224,20.968
21.099,21.099,0.256,0.069,21.224,20.968
21.105,21.105,0.256,0.067,21.224,20.968
21.096,21.097,0.259,0.071,21.224,20.965
21.08,21.08,0.287,0.07,21.22,20.933
21.063,21.063,0.277,0.068,21.21,20.933
21.057,21.057,0.274,0.072,21.199,20.925
21.057,21.057,0.276,0.073,21.201,20.925
21.066,21.066,0.294,0.08,21.219,20.925
21.068,21.068,0.294,0.079,21.219,20.925
21.079,21.079,0.294,0.076,21.219,20.925
21.076,21.076,0.287,0.071,21.219,20.932
21.073,21.073,0.287,0.071,21.219,20.932
21.067,21.067,0.27,0.063,21.202,20.932
21.07,21.07,0.237,0.065,21.202,20.965
21.068,21.069,0.265,0.068,21.202,20.937
21.072,21.072,0.265,0.068,21.202,20.937
21.066,21.066,0.306,0.068,21.196,20.89
21.065,21.065,0.3,0.069,21.19,20.89
21.061,21.061,0.286,0.068,21.176,20.89
21.054,21.054,0.279,0.068,21.169,20.89
21.059,21.06,0.274,0.069,21.164,20.89
21.059,21.059,0.262,0.066,21.164,20.902
21.052,21.052,0.262,0.067,21.164,20.902
21.046,21.046,0.262,0.068,21.164,20.902
21.042,21.042,0.252,0.066,21.164,20.912
21.029,21.03,0.23,0.061,21.142,20.912
21.022,21.022,0.23,0.059,21.142,20.912
21.016,21.016,0.22,0.055,21.142,20.922
21.019,21.019,0.22,0.058,21.142,20.922
21.011,21.011,0.284,0.058,21.119,20.835
21.006,21.006,0.28,0.056,21.115,20.835
21.008,21.008,0.284,0.057,21.119,20.835
21.01,21.01,0.284,0.057,21.119,20.835
21.004,21.004,0.284,0.054,21.119,20.835
20.995,20.995,0.23,0.058,21.119,20.889
20.989,20.989,0.23,0.054,21.119,20.889
20.985,20.985,0.215,0.056,21.104,20.889
20.976,20.976,0.215,0.052,21.104,20.889
20.978,20.978,0.229,0.057,21.121,20.892
20.984,20.984,0.281,0.059,21.184,20.903
20.987,20.987,0.281,0.06,21.184,20.903
20.986,20.987,0.282,0.064,21.184,20.902
20.988,20.988,0.291,0.065,21.184,20.893
20.981,20.981,0.291,0.061,21.184,20.893
20.986,20.986,0.266,0.059,21.159,20.893
20.986,20.986,0.266,0.059,21.159,20.893
20.985,20.985,0.266,0.051,21.159,20.893
20.989,20.989,0.255,0.052,21.159,20.904
20.995,20.995,0.244,0.057,21.159,20.915
20.995,20.995,0.243,0.06,21.148,20.905
20.994,20.994,0.243,0.059,21.148,20.905
20.991,20.991,0.265,0.062,21.148,20.883
20.978,20.978,0.265,0.064,21.148,20.883
20.965,20.965,0.26,0.058,21.143,20.883
20.96,20.96,0.186,0.047,21.069,20.883
20.957,20.957,0.183,0.045,21.066,20.883
20.959,20.959,0.269,0.05,21.153,20.884
20.963,20.963,0.274,0.049,21.153,20.879
20.97,20.97,0.274,0.052,21.153,20.879
20.97,20.97,0.274,0.058,21.153,20.879
20.968,20.968,0.274,0.058,21.153,20.879
20.964,20.964,0.254,0.051,21.133,20.879
20.966,20.966,0.246,0.051,21.133,20.887
20.961,20.961,0.284,0.047,21.133,20.849
20.956,20.956,0.226,0.045,21.06,20.834
20.953,20.954,0.25,0.047,21.084,20.834
20.955,20.955,0.256,0.057,21.084,20.828
20.954,20.954,0.272,0.062,21.084,20.812
20.953,20.953,0.272,0.064,21.084,20.812
20.953,20.953,0.272,0.065,21.084,20.812
20.95,20.95,0.26,0.066,21.072,20.812
20.947,20.947,0.246,0.061,21.058,20.812
20.949,20.949,0.199,0.06,21.058,20.859
20.95,20.95,0.199,0.058,21.058,20.859
20.958,20.958,0.223,0.057,21.082,20.859
20.969,20.97,0.218,0.06,21.082,20.864
20.975,20.975,0.218,0.055,21.082,20.864
20.974,20.974,0.201,0.051,21.082,20.881
20.979,20.979,0.258,0.055,21.082,20.824
20.97,20.97,0.279,0.06,21.081,20.802
20.954,20.954,0.274,0.058,21.076,20.802
20.947,20.947,0.274,0.059,21.076,20.802
20.948,20.948,0.274,0.059,21.076,20.802
20.939,20.939,0.272,0.058,21.057,20.785
20.943,20.943,0.297,0.06,21.082,20.785
20.948,20.948,0.297,0.06,21.082,20.785
20.951,20.951,0.297,0.062,21.082,20.785
20.95,20.95,0.297,0.064,21.082,20.785
20.948,20.948,0.219,0.06,21.082,20.863
20.946,20.946,0.182,0.053,21.044,20.862
20.947,20.948,0.202,0.053,21.064,20.862
20.946,20.946,0.236,0.057,21.067,20.831
20.945,20.945,0.236,0.055,21.067,20.831
20.951,20.951,0.236,0.052,21.067,20.831
20.952,20.952,0.236,0.049,21.067,20.831
20.95,20.95,0.236,0.046,21.067,20.831
20.949,20.949,0.148,0.032,21.029,20.881
20.947,20.947,0.12,0.031,21.001,20.881
20.953,20.953,0.12,0.033,21.001,20.881
20.954,20.954,0.12,0.034,21.001,20.881
20.957,20.957,0.121,0.033,21.001,20.88
20.954,20.954,0.149,0.038,21.002,20.853
20.956,20.956,0.149,0.036,21.002,20.853
20.956,20.956,0.149,0.033,21.002,20.853
20.955,20.955,0.174,0.035,21.027,20.853
20.953,20.953,0.221,0.041,21.027,20.806
20.955,20.955,0.238,0.045,21.027,20.789
20.956,20.956,0.257,0.048,21.046,20.789
20.95,20.951,0.264,0.051,21.053,20.789
20.946,20.946,0.267,0.055,21.056,20.789
20.945,20.945,0.267,0.051,21.056,20.789
20.94,20.94,0.218,0.047,21.056,20.838
20.937,20.937,0.218,0.045,21.056,20.838
20.942,20.942,0.218,0.044,21.056,20.838
20.946,20.946,0.194,0.04,21.043,20.849
20.95,20.95,0.194,0.041,21.043,20.849
20.959,20.959,0.173,0.035,21.043,20.87
20.961,20.961,0.168,0.035,21.043,20.875
20.96,20.96,0.172,0.038,21.04,20.868
20.961,20.961,0.142,0.037,21.01,20.868
20.967,20.967,0.155,0.036,21.023,20.868
20.966,20.966,0.155,0.034,21.023,20.868
20.965,20.965,0.155,0.035,21.023,20.868
20.964,20.964,0.154,0.032,21.023,20.869
20.962,20.962,0.151,0.03,21.023,20.872
20.957,20.957,0.134,0.027,21.006,20.872
20.959,20.959,0.134,0.028,21.006,20.872
20.961,20.961,0.127,0.024,21.006,20.879
20.962,20.962,0.13,0.025,21.018,20.888
20.965,20.965,0.13,0.025,21.018,20.888
20.969,20.969,0.13,0.026,21.018,20.888
20.972,20.972,0.171,0.03,21.059,20.888
20.983,20.983,0.19,0.035,21.078,20.888
20.989,20.989,0.149,0.033,21.078,20.929
20.991,20.991,0.175,0.033,21.078,20.903
20.993,20.993,0.175,0.035,21.078,20.903
20.995,20.995,0.175,0.033,21.078,20.903
20.991,20.991,0.169,0.028,21.072,20.903
20.987,20.987,0.169,0.028,21.072,20.903
20.985,20.985,0.159,0.027,21.072,20.913
20.977,20.977,0.169,0.028,21.041,20.872
20.968,20.968,0.143,0.028,21.015,20.872
20.961,20.961,0.138,0.026,21.01,20.872
20.958,20.958,0.127,0.025,20.999,20.872
20.969,20.969,0.201,0.036,21.073,20.872
20.984,20.984,0.185,0.041,21.073,20.888
20.994,20.994,0.185,0.039,21.073,20.888
21.003,21.003,0.185,0.035,21.073,20.888
21.008,21.009,0.171,0.032,21.073,20.902
21.004,21.004,0.156,0.03,21.058,20.902
20.997,20.997,0.149,0.028,21.051,20.902
20.998,20.998,0.14,0.025,21.042,20.902
20.996,20.996,0.156,0.034,21.044,20.888
20.993,20.993,0.156,0.035,21.044,20.888
20.992,20.992,0.156,0.036,21.044,20.888
20.987,20.987,0.156,0.039,21.044,20.888
20.989,20.989,0.156,0.041,21.044,20.888
20.994,20.994,0.148,0.034,21.04,20.892
20.996,20.996,0.2,0.038,21.049,20.849
20.989,20.989,0.2,0.048,21.049,20.849
20.991,20.991,0.205,0.05,21.054,20.849
20.988,20.988,0.205,0.048,21.054,20.849
20.986,20.986,0.205,0.05,21.054,20.849
20.991,20.991,0.199,0.045,21.054,20.855
21.001,21.001,0.178,0.037,21.054,20.876
21.008,21.008,0.147,0.029,21.047,20.9
21.01,21.01,0.154,0.031,21.054,20.9
21.018,21.018,0.199,0.034,21.118,20.919
21.022,21.022,0.199,0.037,21.118,20.919
21.024,21.024,0.181,0.039,21.118,20.937
21.021,21.021,0.238,0.045,21.118,20.88
21.022,21.022,0.238,0.044,21.118,20.88
21.015,21.015,0.221,0.041,21.101,20.88
21.0,21.0,0.247,0.047,21.101,20.854
20.998,20.998,0.247,0.045,21.101,20.854
21.001,21.001,0.247,0.041,21.101,20.854
20.997,20.998,0.237,0.042,21.091,20.854
21.004,21.004,0.237,0.047,21.091,20.854
21.023,21.023,0.262,0.048,21.164,20.902
21.024,21.024,0.262,0.048,21.164,20.902
21.026,21.026,0.262,0.054,21.164,20.902
21.027,21.027,0.262,0.053,21.164,20.902
21.024,21.024,0.262,0.054,21.164,20.902
21.008,21.008,0.213,0.048,21.119,20.906
21.006,21.006,0.257,0.054,21.12,20.863
21.001,21.002,0.267,0.052,21.12,20.853
21.014,21.014,0.308,0.057,21.161,20.853
21.021,21.021,0.308,0.061,21.161,20.853
21.04,21.041,0.318,0.064,21.171,20.853
21.039,21.039,0.318,0.059,21.171,20.853
21.043,21.043,0.262,0.059,21.171,20.909
21.033,21.033,0.262,0.062,21.171,20.909
21.02,21.021,0.262,0.065,21.171,20.909
21.008,21.008,0.211,0.053,21.133,20.922
21.024,21.024,0.262,0.064,21.184,20.922
21.034,21.035,0.262,0.065,21.184,20.922
21.046,21.046,0.256,0.064,21.184,20.928
21.054,21.054,0.256,0.06,21.184,20.928
21.066,21.066,0.218,0.057,21.184,20.966
21.057,21.057,0.214,0.056,21.183,20.969
21.049,21.049,0.221,0.059,21.183,20.962
21.047,21.047,0.223,0.057,21.163,20.94
21.041,21.041,0.223,0.056,21.163,20.94
21.028,21.028,0.224,0.061,21.163,20.939
21.026,21.026,0.202,0.058,21.141,20.939
21.032,21.032,0.202,0.058,21.141,20.939
21.034,21.035,0.275,0.062,21.165,20.89
21.042,21.042,0.275,0.068,21.165,20.89
21.048,21.048,0.275,0.062,21.165,20.89
21.049,21.049,0.275,0.064,21.165,20.89
21.053,21.053,0.277,0.065,21.167,20.89
21.054,21.054,0.269,0.062,21.167,20.898
21.059,21.059,0.227,0.057,21.167,20.94
21.064,21.064,0.208,0.055,21.167,20.959
21.066,21.066,0.207,0.053,21.167,20.96
21.051,21.051,0.193,0.056,21.141,20.948
21.049,21.049,0.195,0.058,21.136,20.941
21.048,21.048,0.214,0.06,21.155,20.941
21.055,21.055,0.241,0.065,21.182,20.941
21.065,21.065,0.241,0.067,21.182,20.941
21.073,21.073,0.273,0.066,21.214,20.941
21.069,21.069,0.272,0.068,21.214,20.942
21.065,21.065,0.304,0.071,21.246,20.942
21.059,21.059,0.304,0.068,21.246,20.942
21.049,21.049,0.304,0.067,21.246,20.942
21.051,21.051,0.292,0.066,21.246,20.954
21.055,21.055,0.283,0.063,21.246,20.963
21.056,21.056,0.213,0.056,21.176,20.963
21.06,21.06,0.205,0.056,21.176,20.971
21.078,21.078,0.283,0.062,21.254,20.971
21.087,21.087,0.281,0.057,21.254,20.973
21.096,21.096,0.276,0.061,21.256,20.98
21.102,21.103,0.275,0.057,21.256,20.981
21.094,21.094,0.275,0.06,21.256,20.981
21.085,21.085,0.275,0.055,21.256,20.981
21.08,21.08,0.275,0.055,21.256,20.981
21.08,21.08,0.178,0.045,21.169,20.991
21.071,21.071,0.178,0.047,21.169,20.991
21.079,21.079,0.178,0.045,21.169,20.991
21.083,21.083,0.188,0.046,21.185,20.997
21.093,21.094,0.202,0.048,21.199,20.997
21.091,21.091,0.228,0.052,21.199,20.971
21.096,21.096,0.228,0.051,21.199,20.971
21.094,21.094,0.24,0.056,21.199,20.959
21.087,21.087,0.24,0.059,21.199,20.959
21.09,21.09,0.265,0.063,21.224,20.959
21.088,21.088,0.265,0.063,21.224,20.959
21.094,21.094,0.265,0.061,21.224,20.959
21.098,21.098,0.256,0.058,21.224,20.968
21.103,21.103,0.204,0.055,21.224,21.02
21.097,21.097,0.194,0.046,21.214,21.02
21.106,21.106,0.208,0.047,21.229,21.021
21.112,21.112,0.215,0.046,21.236,21.021
21.12,21.12,0.182,0.043,21.236,21.054
21.128,21.128,0.18,0.041,21.236,21.056
21.126,21.126,0.224,0.047,21.236,21.012
21.122,21.123,0.224,0.045,21.236,21.012
21.119,21.119,0.199,0.045,21.211,21.012
21.111,21.111,0.199,0.044,21.211,21.012
21.102,21.102,0.193,0.04,21.205,21.012
21.101,21.101,0.167,0.038,21.205,21.038
21.098,21.098,0.167,0.033,21.205,21.038
21.099,21.099,0.173,0.032,21.211,21.038
21.103,21.103,0.173,0.031,21.211,21.038
21.109,21.109,0.162,0.034,21.211,21.049
21.119,21.119,0.162,0.035,21.211,21.049
21.135,21.135,0.162,0.038,21.211,21.049
21.145,21.145,0.203,0.039,21.252,21.049
21.149,21.149,0.203,0.04,21.252,21.049
21.151,21.151,0.191,0.039,21.252,21.061
21.147,21.147,0.203,0.04,21.252,21.049
21.138,21.138,0.203,0.04,21.252,21.049
21.132,21.132,0.17,0.037,21.219,21.049
21.131,21.131,0.17,0.037,21.219,21.049
21.132,21.132,0.173,0.035,21.222,21.049
21.127,21.128,0.173,0.036,21.222,21.049
21.127,21.127,0.173,0.038,21.222,21.049
21.121,21.121,0.173,0.038,21.222,21.049
21.123,21.123,0.172,0.037,21.222,21.05
21.135,21.135,0.17,0.042,21.22,21.05
21.151,21.151,0.216,0.043,21.268,21.052
21.157,21.157,0.216,0.041,21.268,21.052
21.168,21.168,0.218,0.035,21.282,21.064
21.17,21.17,0.218,0.034,21.282,21.064
21.162,21.162,0.218,0.035,21.282,21.064
21.151,21.152,0.233,0.039,21.282,21.049
21.147,21.147,0.233,0.04,21.282,21.049
21.143,21.143,0.179,0.038,21.228,21.049
21.139,21.139,0.189,0.045,21.238,21.049
21.136,21.136,0.192,0.047,21.241,21.049
21.139,21.139,0.192,0.045,21.241,21.049
21.144,21.144,0.207,0.046,21.256,21.049
21.15,21.15,0.225,0.049,21.274,21.049
21.156,21.156,0.204,0.043,21.274,21.07
21.168,21.168,0.188,0.04,21.274,21.086
21.173,21.173,0.188,0.038,21.274,21.086
21.176,21.176,0.175,0.035,21.274,21.099
21.169,21.169,0.235,0.041,21.242,21.007
21.167,21.167,0.248,0.045,21.255,21.007
21.158,21.158,0.248,0.045,21.255,21.007
21.155,21.155,0.248,0.048,21.255,21.007
21.15,21.151,0.248,0.047,21.255,21.007
21.158,21.158,0.207,0.044,21.262,21.055
21.153,21.153,0.255,0.044,21.262,21.007
21.156,21.156,0.255,0.047,21.262,21.007
21.153,21.153,0.255,0.045,21.262,21.007
21.156,21.156,0.255,0.046,21.262,21.007
21.154,21.154,0.254,0.047,21.261,21.007
21.162,21.162,0.239,0.047,21.301,21.062
21.165,21.165,0.262,0.048,21.301,21.039
21.172,21.172,0.262,0.047,21.301,21.039
21.178,21.178,0.262,0.047,21.301,21.039
21.184,21.184,0.262,0.043,21.301,21.039
21.181,21.181,0.218,0.043,21.257,21.039
21.181,21.181,0.213,0.041,21.257,21.044
21.189,21.189,0.241,0.041,21.285,21.044
21.187,21.187,0.241,0.041,21.285,21.044
21.184,21.184,0.241,0.043,21.285,21.044
21.189,21.189,0.188,0.041,21.285,21.097
21.189,21.189,0.188,0.042,21.285,21.097
21.185,21.185,0.141,0.038,21.238,21.097
21.184,21.184,0.142,0.041,21.238,21.096
21.187,21.187,0.142,0.038,21.238,21.096
21.19,21.19,0.142,0.034,21.238,21.096
21.194,21.194,0.142,0.031,21.238,21.096
21.187,21.187,0.154,0.04,21.243,21.089
21.187,21.187,0.154,0.039,21.243,21.089
21.184,21.184,0.154,0.04,21.243,21.089
21.182,21.182,0.154,0.042,21.243,21.089
21.186,21.186,0.185,0.047,21.274,21.089
21.196,21.196,0.176,0.043,21.274,21.098
21.199,21.199,0.168,0.042,21.274,21.106
21.203,21.203,0.168,0.041,21.274,21.106
21.205,21.205,0.186,0.041,21.274,21.088
21.205,21.205,0.173,0.039,21.261,21.088
21.195,21.195,0.245,0.05,21.261,21.016
21.196,21.196,0.245,0.048,21.261,21.016
21.194,21.194,0.245,0.052,21.261,21.016
21.186,21.186,0.245,0.056,21.261,21.016
21.184,21.184,0.233,0.057,21.249,21.016
21.189,21.189,0.192,0.052,21.251,21.059
21.188,21.188,0.196,0.056,21.255,21.059
21.189,21.189,0.202,0.058,21.255,21.053
21.197,21.197,0.209,0.055,21.262,21.053
21.189,21.189,0.217,0.06,21.262,21.045
21.196,21.196,0.217,0.058,21.262,21.045
21.19,21.19,0.217,0.06,21.262,21.045
21.185,21.185,0.217,0.058,21.262,21.045
21.183,21.183,0.216,0.057,21.261,21.045
21.182,21.182,0.204,0.057,21.261,21.057
21.173,21.173,0.275,0.061,21.261,20.986
21.169,21.169,0.275,0.062,21.261,20.986
21.174,21.174,0.272,0.06,21.258,20.986
21.165,21.165,0.272,0.065,21.258,20.986
21.161,21.161,0.272,0.063,21.258,20.986
21.157,21.157,0.222,0.057,21.24,21.018
21.163,21.163,0.222,0.055,21.24,21.018
21.16,21.16,0.215,0.054,21.233,21.018
21.167,21.167,0.179,0.046,21.233,21.054
21.172,21.173,0.183,0.046,21.233,21.05
21.171,21.171,0.245,0.05,21.245,21.0
21.171,21.171,0.245,0.054,21.245,21.0
21.167,21.167,0.245,0.058,21.245,21.0
21.165,21.165,0.245,0.059,21.245,21.0
21.162,21.162,0.245,0.057,21.245,21.0
21.16,21.16,0.218,0.057,21.234,21.016
21.152,21.152,0.218,0.054,21.234,21.016
21.149,21.149,0.204,0.049,21.22,21.016
21.14,21.14,0.202,0.048,21.218,21.016
21.144,21.144,0.211,0.053,21.227,21.016
21.145,21.145,0.21,0.053,21.244,21.034
21.155,21.155,0.21,0.053,21.244,21.034
21.156,21.156,0.21,0.054,21.244,21.034
21.164,21.164,0.21,0.052,21.244,21.034
21.161,21.161,0.204,0.049,21.249,21.045
21.157,21.157,0.234,0.049,21.249,21.015
21.147,21.147,0.239,0.052,21.254,21.015
21.145,21.145,0.243,0.054,21.258,21.015
21.146,21.146,0.243,0.054,21.258,21.015
21.151,21.151,0.251,0.056,21.266,21.015
21.154,21.154,0.215,0.055,21.266,21.051
21.16,21.16,0.215,0.052,21.266,21.051
21.162,21.163,0.219,0.051,21.27,21.051
21.155,21.155,0.245,0.053,21.27,21.025
21.144,21.144,0.247,0.055,21.27,21.023
21.139,21.139,0.255,0.061,21.27,21.015
21.139,21.139,0.255,0.06,21.27,21.015
21.138,21.138,0.233,0.056,21.248,21.015
21.149,21.149,0.264,0.065,21.275,21.011
21.158,21.158,0.264,0.061,21.275,21.011
21.17,21.17,0.271,0.056,21.282,21.011
21.175,21.175,0.271,0.059,21.282,21.011
21.171,21.171,0.271,0.064,21.282,21.011
21.16,21.16,0.26,0.059,21.282,21.022
21.158,21.159,0.26,0.059,21.282,21.022
21.147,21.147,0.234,0.056,21.256,21.022
21.147,21.147,0.232,0.055,21.254,21.022
21.146,21.146,0.202,0.054,21.254,21.052
21.152,21.152,0.202,0.054,21.254,21.052
21.147,21.147,0.202,0.052,21.254,21.052
21.15,21.15,0.196,0.049,21.254,21.058
