mean,RMS,ptp,std,max,min
19.545,19.545,0.128,0.042,19.591,19.463
19.525,19.525,0.139,0.047,19.578,19.439
19.531,19.531,0.177,0.05,19.595,19.418
19.528,19.528,0.186,0.071,19.624,19.438
19.556,19.556,0.155,0.046,19.614,19.459
19.53,19.53,0.162,0.056,19.608,19.446
19.568,19.568,0.116,0.038,19.615,19.499
19.503,19.503,0.17,0.051,19.605,19.435
19.533,19.533,0.092,0.035,19.593,19.501
19.504,19.505,0.123,0.032,19.573,19.45
19.571,19.571,0.125,0.047,19.623,19.498
19.563,19.564,0.161,0.058,19.617,19.456
19.57,19.57,0.121,0.042,19.613,19.492
19.558,19.558,0.14,0.045,19.614,19.474
19.543,19.543,0.176,0.052,19.613,19.437
19.528,19.529,0.149,0.049,19.603,19.454
19.571,19.571,0.111,0.038,19.627,19.516
19.546,19.546,0.153,0.048,19.601,19.448
19.565,19.565,0.133,0.042,19.606,19.473
19.539,19.539,0.165,0.058,19.607,19.442
19.542,19.542,0.145,0.054,19.611,19.466
19.53,19.53,0.159,0.061,19.603,19.444
19.542,19.542,0.166,0.049,19.61,19.444
19.508,19.508,0.174,0.051,19.609,19.435
19.548,19.548,0.18,0.066,19.615,19.435
19.549,19.549,0.127,0.04,19.61,19.483
19.551,19.551,0.092,0.034,19.601,19.509
19.553,19.553,0.137,0.045,19.62,19.483
19.578,19.578,0.108,0.039,19.62,19.512
19.557,19.557,0.119,0.04,19.615,19.496
19.516,19.516,0.171,0.054,19.618,19.447
19.524,19.524,0.142,0.036,19.601,19.459
19.54,19.54,0.084,0.026,19.599,19.515
19.537,19.537,0.16,0.058,19.618,19.458
19.565,19.565,0.199,0.061,19.647,19.448
19.54,19.54,0.159,0.059,19.607,19.448
19.535,19.535,0.168,0.048,19.597,19.429
19.508,19.508,0.185,0.065,19.614,19.429
19.496,19.496,0.17,0.051,19.615,19.445
19.494,19.494,0.15,0.053,19.599,19.449
19.545,19.545,0.137,0.047,19.611,19.474
19.501,19.501,0.201,0.061,19.62,19.419
19.553,19.553,0.161,0.048,19.62,19.459
19.514,19.514,0.159,0.044,19.618,19.459
19.555,19.555,0.149,0.047,19.623,19.474
19.538,19.538,0.136,0.051,19.6,19.464
19.543,19.543,0.147,0.051,19.621,19.474
19.531,19.531,0.157,0.056,19.606,19.449
19.58,19.58,0.094,0.037,19.61,19.516
19.57,19.57,0.106,0.039,19.621,19.515
19.564,19.564,0.159,0.052,19.621,19.462
19.548,19.548,0.137,0.056,19.615,19.478
19.528,19.528,0.172,0.058,19.623,19.451
19.525,19.525,0.174,0.066,19.628,19.454
19.55,19.55,0.107,0.04,19.614,19.507
19.544,19.544,0.202,0.06,19.63,19.428
19.537,19.537,0.144,0.034,19.613,19.469
19.564,19.564,0.118,0.045,19.632,19.514
19.503,19.503,0.127,0.04,19.593,19.466
19.564,19.564,0.098,0.035,19.609,19.511
19.513,19.513,0.083,0.026,19.549,19.466
19.512,19.512,0.157,0.045,19.61,19.453
19.506,19.506,0.088,0.031,19.534,19.446
19.545,19.545,0.168,0.053,19.621,19.453
19.557,19.557,0.111,0.041,19.624,19.513
19.522,19.522,0.159,0.043,19.615,19.456
19.524,19.524,0.066,0.018,19.548,19.482
19.546,19.546,0.172,0.049,19.614,19.442
19.536,19.536,0.11,0.026,19.596,19.486
19.537,19.537,0.136,0.032,19.61,19.474
19.579,19.579,0.152,0.053,19.644,19.492
19.529,19.529,0.149,0.043,19.638,19.489
19.506,19.507,0.172,0.061,19.616,19.444
19.516,19.516,0.161,0.047,19.625,19.464
19.538,19.538,0.159,0.054,19.623,19.464
19.542,19.542,0.148,0.049,19.621,19.473
19.56,19.56,0.149,0.057,19.621,19.472
19.536,19.536,0.148,0.054,19.609,19.461
19.526,19.526,0.125,0.031,19.604,19.479
19.523,19.523,0.141,0.037,19.596,19.455
19.512,19.512,0.081,0.032,19.536,19.455
19.534,19.534,0.138,0.033,19.607,19.469
19.518,19.518,0.179,0.049,19.627,19.448
19.515,19.515,0.172,0.045,19.614,19.442
19.531,19.531,0.169,0.049,19.615,19.446
19.522,19.522,0.106,0.03,19.552,19.446
19.565,19.565,0.179,0.052,19.647,19.468
19.562,19.562,0.17,0.046,19.647,19.477
19.535,19.535,0.133,0.031,19.615,19.482
19.527,19.527,0.147,0.036,19.619,19.472
19.545,19.545,0.132,0.04,19.62,19.488
19.544,19.544,0.144,0.047,19.632,19.488
19.533,19.533,0.165,0.049,19.622,19.457
19.553,19.553,0.129,0.04,19.622,19.493
19.548,19.548,0.159,0.057,19.612,19.453
19.526,19.526,0.124,0.035,19.565,19.441
19.51,19.51,0.188,0.051,19.629,19.441
19.563,19.563,0.147,0.054,19.629,19.482
19.515,19.515,0.169,0.051,19.626,19.457
19.504,19.504,0.098,0.036,19.56,19.462
19.527,19.527,0.09,0.026,19.56,19.47
19.534,19.534,0.05,0.015,19.563,19.513
19.547,19.547,0.087,0.025,19.613,19.526
19.523,19.523,0.095,0.032,19.569,19.474
19.543,19.543,0.159,0.044,19.623,19.464
19.557,19.557,0.148,0.041,19.638,19.49
19.552,19.552,0.139,0.057,19.612,19.473
19.513,19.513,0.082,0.03,19.553,19.471
19.552,19.552,0.111,0.035,19.636,19.525
19.548,19.548,0.068,0.018,19.594,19.526
19.559,19.559,0.078,0.028,19.614,19.536
19.527,19.527,0.075,0.023,19.561,19.486
19.497,19.497,0.096,0.034,19.553,19.457
19.539,19.539,0.185,0.042,19.642,19.457
19.53,19.53,0.107,0.026,19.563,19.456
19.558,19.558,0.126,0.034,19.638,19.512
19.53,19.53,0.134,0.035,19.593,19.459
19.546,19.546,0.136,0.035,19.622,19.486
19.547,19.547,0.139,0.042,19.606,19.467
19.545,19.546,0.123,0.035,19.61,19.487
19.552,19.552,0.086,0.023,19.619,19.533
19.538,19.538,0.069,0.019,19.56,19.491
19.54,19.54,0.126,0.036,19.64,19.514
19.57,19.571,0.118,0.042,19.632,19.514
19.575,19.575,0.146,0.057,19.66,19.514
19.54,19.54,0.138,0.031,19.613,19.475
19.53,19.53,0.139,0.036,19.616,19.477
19.515,19.515,0.093,0.03,19.546,19.453
19.542,19.542,0.172,0.041,19.636,19.464
19.537,19.537,0.126,0.032,19.62,19.494
19.519,19.519,0.111,0.036,19.589,19.478
19.541,19.541,0.048,0.014,19.57,19.522
19.525,19.525,0.074,0.021,19.547,19.473
19.537,19.537,0.183,0.048,19.655,19.472
19.542,19.542,0.089,0.024,19.57,19.481
19.549,19.549,0.16,0.051,19.626,19.466
19.527,19.528,0.094,0.032,19.553,19.459
19.516,19.516,0.113,0.041,19.582,19.469
19.54,19.54,0.139,0.039,19.614,19.475
19.552,19.552,0.013,0.004,19.559,19.546
19.521,19.521,0.176,0.057,19.627,19.451
19.561,19.561,0.096,0.035,19.631,19.535
19.548,19.548,0.024,0.008,19.561,19.537
19.554,19.554,0.154,0.038,19.639,19.485
19.553,19.553,0.029,0.011,19.567,19.538
19.547,19.547,0.017,0.006,19.556,19.539
19.552,19.552,0.103,0.036,19.62,19.517
19.534,19.534,0.046,0.014,19.561,19.515
19.524,19.524,0.092,0.026,19.551,19.459
19.536,19.536,0.073,0.024,19.562,19.489
19.542,19.542,0.077,0.024,19.568,19.491
19.552,19.552,0.097,0.025,19.622,19.525
19.551,19.551,0.093,0.032,19.612,19.519
19.533,19.533,0.035,0.013,19.553,19.518
19.553,19.553,0.082,0.028,19.606,19.524
19.548,19.548,0.09,0.026,19.611,19.521
19.532,19.532,0.074,0.027,19.555,19.481
19.549,19.549,0.09,0.025,19.612,19.522
19.556,19.556,0.145,0.05,19.629,19.484
19.539,19.539,0.135,0.034,19.622,19.487
19.543,19.543,0.073,0.019,19.566,19.493
19.528,19.528,0.083,0.031,19.562,19.479
19.546,19.546,0.134,0.032,19.613,19.479
19.538,19.538,0.078,0.021,19.563,19.485
19.553,19.553,0.026,0.008,19.564,19.538
19.54,19.54,0.044,0.014,19.564,19.52
19.537,19.537,0.026,0.009,19.551,19.525
19.555,19.555,0.09,0.029,19.608,19.518
19.543,19.543,0.085,0.023,19.608,19.523
19.542,19.542,0.115,0.037,19.627,19.512
19.545,19.545,0.039,0.01,19.56,19.521
19.534,19.534,0.084,0.023,19.57,19.486
19.535,19.535,0.104,0.034,19.583,19.479
19.553,19.553,0.168,0.039,19.647,19.479
19.536,19.536,0.083,0.027,19.57,19.487
19.543,19.543,0.044,0.012,19.557,19.513
19.531,19.531,0.044,0.016,19.556,19.512
19.54,19.54,0.04,0.01,19.561,19.521
19.534,19.534,0.018,0.006,19.543,19.525
19.533,19.533,0.029,0.008,19.549,19.52
19.536,19.536,0.081,0.022,19.6,19.519
19.529,19.529,0.033,0.011,19.541,19.508
19.535,19.535,0.032,0.011,19.552,19.52
19.542,19.542,0.089,0.025,19.56,19.471
19.551,19.551,0.052,0.015,19.582,19.53
19.534,19.534,0.095,0.032,19.568,19.473
19.554,19.554,0.028,0.01,19.566,19.538
19.544,19.545,0.101,0.031,19.574,19.473
19.545,19.545,0.066,0.024,19.561,19.495
19.53,19.53,0.09,0.035,19.571,19.481
19.55,19.55,0.083,0.027,19.583,19.5
19.554,19.555,0.047,0.014,19.583,19.536
19.549,19.549,0.036,0.011,19.564,19.528
19.548,19.548,0.054,0.017,19.575,19.521
19.556,19.556,0.04,0.012,19.576,19.536
19.56,19.56,0.058,0.019,19.587,19.529
19.546,19.546,0.091,0.025,19.572,19.481
19.545,19.545,0.035,0.011,19.562,19.527
19.553,19.553,0.038,0.011,19.571,19.533
19.529,19.529,0.086,0.03,19.571,19.485
19.551,19.551,0.04,0.013,19.577,19.537
19.543,19.543,0.031,0.009,19.561,19.53
19.55,19.55,0.067,0.023,19.58,19.513
19.547,19.547,0.08,0.032,19.582,19.502
19.554,19.554,0.056,0.02,19.576,19.52
19.552,19.552,0.085,0.031,19.594,19.509
19.548,19.549,0.09,0.035,19.594,19.504
19.534,19.535,0.084,0.024,19.594,19.51
19.549,19.549,0.156,0.043,19.655,19.499
19.54,19.54,0.099,0.035,19.59,19.491
19.521,19.521,0.076,0.025,19.569,19.493
19.547,19.547,0.077,0.028,19.583,19.506
19.537,19.537,0.083,0.026,19.587,19.504
19.545,19.545,0.085,0.028,19.595,19.51
19.543,19.543,0.086,0.035,19.595,19.509
19.553,19.553,0.141,0.044,19.646,19.505
19.559,19.56,0.149,0.037,19.646,19.497
19.55,19.55,0.079,0.03,19.587,19.508
19.539,19.539,0.066,0.02,19.574,19.508
19.588,19.589,0.157,0.057,19.658,19.501
19.566,19.566,0.116,0.031,19.638,19.522
19.562,19.562,0.062,0.022,19.579,19.517
19.532,19.532,0.09,0.03,19.59,19.5
19.56,19.56,0.083,0.029,19.59,19.507
19.542,19.542,0.09,0.03,19.575,19.485
19.551,19.551,0.074,0.023,19.583,19.509
19.525,19.525,0.079,0.021,19.577,19.498
19.544,19.544,0.082,0.027,19.58,19.498
19.539,19.539,0.105,0.035,19.608,19.503
19.541,19.541,0.083,0.031,19.592,19.509
19.53,19.53,0.065,0.018,19.578,19.513
19.545,19.545,0.081,0.029,19.586,19.505
19.555,19.555,0.082,0.034,19.593,19.511
19.554,19.554,0.136,0.043,19.634,19.498
19.561,19.561,0.084,0.025,19.589,19.505
19.539,19.539,0.093,0.03,19.583,19.49
19.534,19.534,0.103,0.033,19.589,19.486
19.541,19.541,0.098,0.041,19.596,19.498
19.564,19.564,0.087,0.031,19.596,19.509
19.575,19.575,0.081,0.027,19.609,19.528
19.55,19.55,0.099,0.035,19.597,19.498
19.548,19.548,0.108,0.036,19.609,19.501
19.548,19.548,0.065,0.027,19.578,19.513
19.531,19.531,0.081,0.025,19.591,19.51
19.56,19.56,0.079,0.023,19.589,19.51
19.545,19.545,0.082,0.028,19.585,19.503
19.546,19.546,0.088,0.032,19.58,19.492
19.542,19.542,0.159,0.055,19.655,19.496
19.557,19.557,0.087,0.031,19.597,19.51
19.542,19.542,0.097,0.038,19.59,19.493
19.56,19.561,0.095,0.033,19.606,19.511
19.56,19.56,0.085,0.03,19.594,19.509
19.57,19.57,0.16,0.045,19.661,19.501
19.538,19.538,0.113,0.031,19.614,19.501
19.548,19.548,0.098,0.032,19.613,19.515
19.52,19.52,0.079,0.023,19.573,19.494
19.571,19.571,0.169,0.041,19.66,19.491
19.554,19.554,0.155,0.041,19.654,19.499
19.551,19.551,0.087,0.028,19.591,19.504
19.548,19.548,0.068,0.027,19.584,19.516
19.556,19.556,0.079,0.031,19.595,19.516
19.545,19.545,0.086,0.031,19.593,19.507
19.552,19.552,0.101,0.037,19.614,19.513
19.541,19.541,0.108,0.036,19.589,19.481
19.552,19.552,0.095,0.032,19.596,19.501
19.544,19.544,0.093,0.033,19.596,19.503
19.568,19.568,0.142,0.04,19.644,19.502
19.567,19.567,0.048,0.014,19.588,19.54
19.546,19.546,0.065,0.027,19.573,19.508
19.519,19.519,0.091,0.027,19.58,19.489
19.575,19.575,0.159,0.055,19.666,19.507
19.562,19.562,0.151,0.042,19.666,19.515
19.569,19.569,0.087,0.024,19.598,19.511
19.56,19.56,0.091,0.035,19.605,19.514
19.539,19.54,0.095,0.034,19.594,19.499
19.569,19.569,0.069,0.018,19.585,19.516
19.557,19.557,0.096,0.037,19.591,19.495
19.539,19.539,0.119,0.04,19.616,19.497
19.534,19.534,0.072,0.025,19.572,19.5
19.56,19.56,0.104,0.033,19.616,19.512
19.536,19.536,0.088,0.034,19.588,19.5
19.556,19.556,0.157,0.047,19.657,19.5
19.566,19.566,0.139,0.045,19.642,19.503
19.56,19.56,0.126,0.037,19.648,19.522
19.566,19.566,0.078,0.02,19.594,19.516
19.556,19.556,0.093,0.03,19.597,19.504
19.534,19.534,0.093,0.034,19.573,19.48
19.546,19.546,0.088,0.034,19.58,19.492
19.546,19.546,0.124,0.038,19.627,19.503
19.531,19.531,0.06,0.021,19.564,19.504
19.559,19.559,0.031,0.01,19.576,19.545
19.57,19.57,0.178,0.057,19.685,19.507
19.534,19.534,0.086,0.029,19.577,19.491
19.547,19.547,0.137,0.048,19.643,19.506
19.568,19.568,0.145,0.035,19.643,19.498
19.55,19.551,0.092,0.037,19.597,19.505
19.547,19.547,0.086,0.034,19.591,19.505
19.554,19.554,0.171,0.058,19.657,19.486
19.52,19.521,0.063,0.024,19.56,19.497
19.538,19.538,0.088,0.028,19.594,19.506
19.514,19.514,0.074,0.025,19.557,19.483
19.539,19.539,0.098,0.036,19.587,19.489
19.549,19.549,0.117,0.034,19.613,19.496
19.539,19.539,0.071,0.03,19.575,19.504
19.564,19.564,0.111,0.032,19.626,19.515
19.548,19.548,0.09,0.037,19.601,19.511
19.545,19.545,0.105,0.037,19.6,19.495
19.532,19.532,0.078,0.025,19.581,19.503
19.546,19.546,0.089,0.029,19.592,19.503
19.562,19.562,0.088,0.025,19.592,19.504
19.558,19.558,0.078,0.022,19.58,19.502
19.555,19.555,0.084,0.022,19.583,19.499
19.543,19.543,0.105,0.031,19.595,19.49
19.547,19.547,0.15,0.05,19.642,19.492
19.56,19.56,0.083,0.031,19.593,19.51
19.555,19.555,0.092,0.034,19.599,19.507
19.557,19.557,0.098,0.036,19.591,19.493
19.536,19.536,0.08,0.027,19.572,19.492
19.559,19.559,0.055,0.02,19.579,19.524
19.548,19.548,0.114,0.036,19.609,19.495
19.556,19.557,0.097,0.029,19.597,19.5
19.552,19.552,0.084,0.028,19.579,19.495
19.537,19.537,0.079,0.028,19.573,19.494
19.554,19.554,0.138,0.039,19.639,19.501
19.53,19.53,0.068,0.024,19.567,19.499
19.552,19.552,0.083,0.028,19.585,19.502
19.53,19.53,0.079,0.034,19.575,19.496
19.538,19.538,0.068,0.025,19.564,19.496
19.547,19.547,0.103,0.032,19.604,19.501
19.558,19.558,0.126,0.034,19.619,19.493
19.541,19.541,0.095,0.034,19.58,19.485
19.539,19.539,0.112,0.034,19.593,19.481
19.537,19.537,0.099,0.031,19.584,19.485
19.55,19.55,0.078,0.026,19.572,19.494
19.526,19.526,0.096,0.033,19.579,19.483
19.53,19.53,0.093,0.034,19.579,19.486
19.518,19.518,0.074,0.027,19.567,19.493
19.562,19.562,0.139,0.04,19.635,19.496
19.545,19.545,0.098,0.034,19.591,19.493
19.523,19.523,0.091,0.033,19.584,19.493
19.547,19.547,0.087,0.033,19.59,19.503
19.526,19.526,0.084,0.03,19.574,19.49
19.552,19.552,0.093,0.026,19.583,19.49
19.543,19.543,0.092,0.027,19.582,19.49
19.55,19.55,0.082,0.027,19.574,19.492
19.559,19.559,0.093,0.026,19.582,19.489
19.523,19.523,0.092,0.033,19.582,19.49
19.543,19.543,0.105,0.034,19.582,19.477
19.56,19.56,0.07,0.02,19.579,19.509
19.542,19.542,0.053,0.018,19.56,19.507
19.542,19.542,0.101,0.033,19.593,19.492
19.556,19.556,0.095,0.034,19.587,19.492
19.558,19.559,0.076,0.019,19.588,19.512
19.548,19.548,0.108,0.036,19.588,19.48
19.544,19.544,0.109,0.035,19.577,19.468
19.532,19.532,0.084,0.029,19.568,19.484
19.556,19.556,0.129,0.033,19.638,19.509
19.544,19.544,0.074,0.025,19.578,19.504
19.543,19.543,0.087,0.03,19.6,19.513
19.544,19.544,0.071,0.024,19.569,19.498
19.55,19.55,0.075,0.025,19.571,19.496
19.544,19.544,0.088,0.029,19.595,19.507
19.549,19.549,0.077,0.028,19.581,19.504
19.558,19.558,0.069,0.023,19.582,19.513
19.554,19.554,0.094,0.03,19.588,19.494
19.545,19.546,0.09,0.032,19.576,19.486
19.543,19.543,0.075,0.025,19.569,19.494
19.538,19.538,0.069,0.028,19.569,19.5
19.548,19.548,0.089,0.032,19.579,19.49
19.544,19.544,0.106,0.039,19.587,19.481
19.546,19.546,0.089,0.024,19.575,19.486
19.532,19.532,0.089,0.038,19.577,19.488
19.546,19.546,0.1,0.038,19.588,19.488
19.546,19.546,0.113,0.04,19.606,19.493
19.548,19.548,0.072,0.027,19.573,19.501
19.562,19.562,0.119,0.034,19.634,19.515
19.543,19.543,0.084,0.032,19.583,19.499
19.528,19.528,0.088,0.028,19.586,19.498
19.551,19.551,0.085,0.031,19.586,19.501
19.533,19.533,0.093,0.033,19.582,19.489
19.544,19.544,0.071,0.023,19.576,19.505
19.533,19.533,0.098,0.032,19.579,19.481
19.547,19.547,0.096,0.031,19.594,19.498
19.554,19.554,0.071,0.023,19.583,19.512
19.536,19.536,0.08,0.03,19.58,19.5
19.536,19.536,0.086,0.026,19.574,19.488
19.534,19.534,0.084,0.03,19.585,19.501
19.551,19.551,0.066,0.027,19.582,19.516
19.556,19.556,0.094,0.03,19.586,19.492
19.568,19.568,0.085,0.023,19.595,19.51
19.538,19.538,0.133,0.045,19.587,19.454
19.54,19.54,0.141,0.041,19.593,19.452
19.545,19.545,0.073,0.027,19.578,19.505
19.56,19.56,0.089,0.032,19.608,19.519
19.556,19.556,0.125,0.042,19.608,19.483
19.546,19.546,0.122,0.037,19.605,19.483
19.55,19.55,0.073,0.025,19.581,19.508
19.542,19.542,0.078,0.031,19.582,19.504
19.538,19.538,0.091,0.026,19.599,19.508
19.554,19.554,0.071,0.029,19.59,19.519
19.567,19.567,0.088,0.027,19.589,19.501
19.541,19.541,0.139,0.043,19.587,19.448
19.54,19.54,0.077,0.03,19.588,19.511
19.559,19.559,0.094,0.029,19.595,19.501
19.549,19.549,0.095,0.039,19.587,19.492
19.546,19.546,0.099,0.037,19.598,19.499
19.544,19.544,0.111,0.042,19.61,19.499
19.544,19.544,0.075,0.028,19.592,19.517
19.534,19.534,0.111,0.032,19.611,19.5
19.524,19.524,0.068,0.023,19.57,19.502
19.547,19.547,0.133,0.044,19.624,19.491
19.53,19.531,0.081,0.029,19.586,19.505
19.548,19.548,0.077,0.028,19.593,19.516
19.547,19.547,0.073,0.03,19.598,19.525
19.542,19.542,0.099,0.033,19.607,19.508
19.562,19.562,0.17,0.05,19.665,19.495
19.548,19.548,0.084,0.032,19.603,19.519
19.566,19.566,0.168,0.046,19.676,19.508
19.596,19.596,0.157,0.05,19.676,19.519
19.543,19.543,0.09,0.031,19.6,19.51
19.546,19.546,0.087,0.029,19.6,19.513
19.539,19.539,0.076,0.026,19.579,19.503
19.547,19.547,0.082,0.028,19.574,19.492
19.563,19.563,0.178,0.06,19.66,19.482
19.563,19.563,0.131,0.04,19.639,19.508
19.559,19.559,0.091,0.03,19.584,19.493
19.552,19.553,0.083,0.029,19.584,19.501
19.541,19.541,0.09,0.03,19.59,19.5
19.548,19.548,0.156,0.048,19.648,19.492
19.549,19.549,0.083,0.032,19.582,19.499
19.562,19.562,0.158,0.047,19.665,19.507
19.557,19.557,0.15,0.054,19.657,19.507
19.55,19.55,0.14,0.044,19.649,19.509
19.534,19.534,0.085,0.023,19.593,19.508
19.548,19.548,0.118,0.043,19.618,19.5
19.562,19.562,0.15,0.058,19.666,19.516
19.542,19.542,0.107,0.035,19.614,19.507
19.574,19.574,0.1,0.035,19.607,19.507
19.571,19.571,0.089,0.028,19.608,19.519
19.561,19.561,0.098,0.033,19.609,19.511
19.555,19.555,0.078,0.027,19.59,19.512
19.537,19.537,0.089,0.029,19.604,19.515
19.542,19.543,0.1,0.042,19.597,19.497
19.531,19.531,0.106,0.034,19.599,19.493
19.54,19.54,0.091,0.037,19.599,19.508
19.566,19.566,0.096,0.037,19.627,19.531
19.559,19.559,0.082,0.027,19.605,19.523
19.567,19.567,0.064,0.026,19.605,19.541
19.566,19.566,0.082,0.033,19.611,19.529
19.567,19.567,0.158,0.048,19.681,19.523
19.584,19.584,0.152,0.053,19.681,19.529
19.54,19.54,0.114,0.037,19.597,19.483
19.521,19.522,0.092,0.025,19.584,19.492
19.513,19.513,0.109,0.026,19.587,19.478
19.523,19.523,0.132,0.044,19.625,19.493
19.522,19.522,0.1,0.035,19.59,19.49
19.517,19.517,0.083,0.024,19.585,19.502
19.517,19.517,0.047,0.014,19.546,19.499
19.529,19.529,0.155,0.048,19.645,19.49
19.512,19.512,0.1,0.026,19.585,19.485
19.529,19.529,0.077,0.025,19.577,19.5
19.585,19.585,0.136,0.052,19.641,19.505
19.52,19.52,0.114,0.04,19.6,19.486
19.51,19.51,0.086,0.024,19.567,19.481
19.51,19.51,0.033,0.009,19.534,19.501
19.521,19.521,0.079,0.02,19.576,19.497
19.548,19.548,0.183,0.052,19.667,19.484
19.523,19.523,0.076,0.027,19.567,19.491
19.519,19.519,0.091,0.025,19.591,19.5
19.55,19.55,0.075,0.027,19.587,19.512
19.532,19.532,0.154,0.044,19.645,19.491
19.523,19.523,0.08,0.022,19.584,19.504
19.515,19.515,0.088,0.021,19.569,19.481
19.499,19.499,0.043,0.015,19.519,19.476
19.527,19.527,0.1,0.03,19.598,19.498
19.513,19.513,0.076,0.027,19.56,19.484
19.515,19.515,0.096,0.024,19.58,19.484
19.528,19.528,0.172,0.049,19.658,19.486
19.524,19.525,0.055,0.015,19.563,19.508
19.534,19.535,0.042,0.015,19.564,19.522
19.52,19.52,0.028,0.01,19.531,19.503
19.517,19.517,0.054,0.02,19.546,19.492
19.523,19.523,0.069,0.02,19.569,19.5
19.522,19.522,0.033,0.01,19.533,19.5
19.514,19.514,0.042,0.014,19.54,19.498
19.513,19.513,0.095,0.025,19.574,19.479
19.522,19.523,0.07,0.024,19.57,19.5
19.517,19.517,0.088,0.022,19.57,19.482
19.533,19.533,0.065,0.028,19.564,19.499
19.54,19.54,0.068,0.022,19.576,19.508
19.507,19.507,0.065,0.017,19.546,19.481
19.544,19.544,0.084,0.031,19.58,19.496
19.539,19.539,0.064,0.024,19.567,19.503
19.523,19.523,0.084,0.029,19.572,19.488
19.504,19.505,0.063,0.017,19.554,19.491
19.523,19.523,0.106,0.033,19.594,19.488
19.523,19.523,0.107,0.036,19.594,19.487
19.52,19.52,0.085,0.022,19.571,19.486
19.546,19.547,0.082,0.027,19.581,19.499
19.521,19.521,0.087,0.029,19.581,19.494
19.536,19.537,0.063,0.02,19.575,19.512
19.526,19.526,0.056,0.02,19.564,19.508
19.519,19.519,0.092,0.03,19.578,19.486
19.506,19.506,0.079,0.021,19.565,19.486
19.519,19.519,0.128,0.038,19.568,19.44
19.508,19.508,0.068,0.019,19.556,19.488
19.53,19.53,0.087,0.03,19.575,19.488
19.52,19.52,0.064,0.019,19.564,19.5
19.509,19.509,0.07,0.019,19.564,19.494
19.519,19.519,0.066,0.022,19.561,19.495
19.534,19.534,0.072,0.026,19.574,19.502
19.528,19.528,0.08,0.029,19.575,19.495
19.519,19.519,0.071,0.02,19.562,19.491
19.516,19.516,0.07,0.02,19.567,19.497
19.516,19.516,0.088,0.024,19.564,19.476
19.509,19.509,0.03,0.01,19.526,19.496
19.503,19.503,0.029,0.009,19.514,19.485
19.496,19.496,0.114,0.039,19.533,19.419
19.515,19.515,0.076,0.021,19.562,19.486
19.531,19.531,0.075,0.025,19.575,19.5
19.498,19.498,0.105,0.029,19.525,19.42
19.524,19.524,0.077,0.025,19.567,19.49
19.504,19.504,0.132,0.03,19.564,19.432
19.523,19.523,0.071,0.028,19.566,19.495
19.517,19.517,0.13,0.037,19.571,19.441
19.521,19.521,0.086,0.03,19.571,19.485
19.51,19.51,0.063,0.017,19.546,19.483
19.522,19.522,0.078,0.026,19.573,19.495
19.5,19.5,0.125,0.03,19.573,19.448
19.512,19.512,0.072,0.02,19.56,19.488
19.525,19.525,0.07,0.027,19.568,19.498
19.518,19.518,0.086,0.027,19.57,19.484
19.526,19.526,0.076,0.027,19.57,19.494
19.508,19.508,0.081,0.026,19.556,19.475
19.507,19.507,0.053,0.017,19.539,19.486
19.512,19.512,0.094,0.031,19.568,19.474
19.484,19.485,0.058,0.017,19.529,19.471
19.504,19.504,0.025,0.007,19.514,19.489
19.523,19.523,0.085,0.031,19.57,19.485
19.494,19.495,0.137,0.032,19.57,19.433
19.518,19.518,0.094,0.025,19.574,19.48
19.518,19.518,0.082,0.029,19.571,19.489
19.524,19.524,0.084,0.025,19.571,19.487
19.51,19.51,0.129,0.031,19.561,19.432
19.513,19.513,0.083,0.022,19.563,19.48
19.511,19.511,0.061,0.017,19.56,19.499
19.499,19.499,0.037,0.01,19.521,19.484
19.505,19.505,0.074,0.02,19.562,19.488
19.502,19.502,0.095,0.025,19.528,19.433
19.502,19.502,0.095,0.027,19.528,19.433
19.519,19.519,0.034,0.01,19.54,19.506
19.492,19.492,0.114,0.048,19.542,19.428
19.519,19.519,0.157,0.04,19.591,19.434
19.523,19.523,0.044,0.012,19.551,19.507
19.505,19.505,0.129,0.034,19.551,19.422
19.492,19.492,0.078,0.022,19.505,19.427
19.517,19.517,0.038,0.011,19.531,19.493
19.507,19.507,0.12,0.031,19.538,19.418
19.508,19.508,0.038,0.013,19.528,19.49
19.509,19.509,0.06,0.018,19.535,19.475
19.515,19.516,0.027,0.011,19.531,19.504
19.51,19.51,0.055,0.018,19.543,19.488
19.521,19.521,0.018,0.006,19.528,19.51
19.521,19.521,0.031,0.011,19.539,19.508
19.518,19.518,0.037,0.012,19.533,19.496
19.528,19.528,0.051,0.014,19.557,19.506
19.507,19.507,0.072,0.022,19.547,19.475
19.519,19.519,0.032,0.011,19.531,19.499
19.508,19.509,0.038,0.013,19.525,19.487
19.504,19.504,0.018,0.006,19.511,19.493
19.5,19.5,0.084,0.022,19.522,19.438
19.499,19.499,0.075,0.022,19.513,19.438
19.504,19.504,0.048,0.015,19.535,19.487
19.503,19.503,0.051,0.017,19.529,19.478
19.516,19.516,0.041,0.014,19.531,19.49
19.518,19.518,0.032,0.01,19.53,19.498
19.506,19.506,0.042,0.014,19.528,19.486
19.496,19.496,0.058,0.018,19.515,19.457
19.511,19.511,0.036,0.009,19.536,19.5
19.5,19.5,0.062,0.022,19.524,19.462
19.505,19.505,0.059,0.017,19.525,19.466
19.509,19.509,0.091,0.023,19.539,19.448
19.494,19.494,0.093,0.037,19.55,19.457
19.506,19.506,0.081,0.03,19.542,19.461
19.521,19.521,0.102,0.028,19.552,19.45
19.508,19.509,0.121,0.028,19.571,19.45
19.508,19.508,0.083,0.022,19.528,19.445
19.513,19.513,0.077,0.02,19.535,19.458
19.51,19.51,0.027,0.009,19.523,19.496
19.496,19.496,0.07,0.019,19.513,19.443
19.493,19.493,0.082,0.026,19.53,19.448
19.504,19.504,0.069,0.021,19.519,19.45
19.509,19.509,0.128,0.032,19.578,19.45
19.513,19.513,0.037,0.011,19.53,19.493
19.513,19.513,0.083,0.023,19.53,19.447
19.529,19.529,0.105,0.029,19.605,19.5
19.54,19.54,0.107,0.042,19.605,19.498
19.498,19.498,0.1,0.032,19.533,19.433
19.49,19.49,0.075,0.026,19.521,19.446
19.495,19.495,0.028,0.008,19.512,19.484
19.523,19.523,0.108,0.035,19.598,19.49
19.508,19.508,0.104,0.026,19.545,19.441
19.516,19.517,0.171,0.049,19.608,19.437
19.538,19.538,0.178,0.044,19.608,19.43
19.534,19.534,0.03,0.01,19.546,19.516
19.534,19.534,0.034,0.012,19.55,19.516
19.546,19.546,0.052,0.019,19.568,19.516
19.552,19.552,0.025,0.008,19.566,19.541
19.54,19.54,0.068,0.02,19.557,19.489
19.514,19.514,0.126,0.038,19.546,19.42
19.539,19.539,0.105,0.027,19.571,19.466
19.536,19.536,0.11,0.03,19.559,19.449
19.528,19.528,0.099,0.028,19.555,19.456
19.541,19.542,0.037,0.014,19.552,19.515
19.534,19.534,0.041,0.013,19.556,19.515
19.527,19.527,0.086,0.022,19.553,19.467
19.535,19.535,0.108,0.031,19.553,19.445
19.534,19.535,0.105,0.03,19.553,19.448
19.532,19.532,0.075,0.02,19.56,19.485
19.528,19.528,0.076,0.031,19.556,19.48
19.545,19.545,0.032,0.01,19.557,19.525
19.514,19.514,0.088,0.029,19.55,19.462
19.528,19.528,0.079,0.022,19.55,19.471
19.518,19.518,0.112,0.035,19.557,19.445
19.525,19.525,0.095,0.031,19.555,19.46
19.508,19.508,0.091,0.034,19.545,19.454
19.542,19.542,0.039,0.014,19.56,19.521
19.548,19.548,0.047,0.014,19.574,19.527
19.521,19.521,0.079,0.032,19.547,19.468
19.526,19.526,0.095,0.034,19.55,19.455
19.546,19.546,0.034,0.01,19.562,19.528
19.53,19.531,0.036,0.012,19.546,19.51
19.514,19.514,0.103,0.032,19.545,19.442
19.536,19.536,0.031,0.008,19.555,19.524
19.516,19.516,0.073,0.025,19.541,19.468
19.529,19.529,0.094,0.023,19.562,19.468
19.528,19.528,0.123,0.04,19.562,19.439
19.522,19.522,0.127,0.043,19.566,19.439
19.539,19.539,0.1,0.026,19.566,19.466
19.536,19.536,0.09,0.025,19.554,19.464
19.536,19.536,0.036,0.011,19.557,19.521
19.513,19.513,0.095,0.025,19.543,19.448
19.506,19.506,0.104,0.036,19.537,19.433
19.532,19.532,0.085,0.023,19.582,19.497
19.52,19.52,0.17,0.054,19.591,19.421
19.541,19.541,0.083,0.028,19.588,19.505
19.524,19.524,0.147,0.044,19.603,19.456
19.518,19.518,0.159,0.047,19.579,19.42
19.533,19.533,0.124,0.035,19.586,19.462
19.528,19.528,0.047,0.014,19.556,19.509
19.535,19.535,0.031,0.009,19.556,19.525
19.515,19.515,0.129,0.038,19.575,19.446
19.541,19.541,0.094,0.027,19.593,19.499
19.514,19.514,0.117,0.031,19.552,19.435
19.528,19.528,0.066,0.024,19.571,19.505
19.51,19.51,0.105,0.028,19.536,19.431
19.515,19.515,0.142,0.045,19.583,19.441
19.524,19.524,0.16,0.039,19.601,19.441
19.527,19.527,0.113,0.032,19.581,19.468
19.511,19.511,0.113,0.03,19.541,19.428
19.539,19.539,0.065,0.023,19.571,19.506
19.527,19.527,0.097,0.028,19.569,19.472
19.523,19.523,0.172,0.043,19.596,19.424
19.526,19.526,0.155,0.041,19.591,19.436
19.533,19.533,0.096,0.034,19.591,19.495
19.525,19.525,0.153,0.04,19.581,19.428
19.516,19.516,0.045,0.013,19.535,19.49
19.515,19.516,0.126,0.038,19.57,19.444
19.536,19.536,0.066,0.022,19.575,19.509
19.533,19.533,0.039,0.012,19.55,19.511
19.534,19.534,0.056,0.019,19.57,19.514
19.524,19.524,0.098,0.028,19.57,19.472
19.528,19.528,0.079,0.026,19.552,19.473
19.54,19.54,0.044,0.012,19.563,19.519
19.516,19.516,0.077,0.026,19.549,19.472
19.522,19.522,0.051,0.015,19.538,19.487
19.513,19.513,0.034,0.009,19.53,19.496
19.504,19.505,0.087,0.028,19.531,19.444
19.513,19.513,0.119,0.033,19.539,19.42
19.514,19.514,0.084,0.026,19.543,19.459
19.525,19.525,0.083,0.023,19.556,19.473
19.514,19.514,0.094,0.036,19.54,19.446
19.507,19.507,0.092,0.029,19.545,19.453
19.506,19.506,0.109,0.039,19.537,19.428
19.522,19.522,0.126,0.033,19.554,19.428
19.516,19.516,0.082,0.024,19.542,19.46
19.511,19.511,0.029,0.009,19.528,19.499
19.52,19.52,0.06,0.021,19.564,19.504
19.511,19.511,0.039,0.012,19.528,19.489
19.51,19.51,0.041,0.015,19.527,19.486
19.515,19.515,0.021,0.007,19.527,19.506
19.53,19.53,0.05,0.017,19.557,19.507
19.519,19.519,0.047,0.013,19.548,19.501
19.538,19.538,0.111,0.03,19.581,19.47
19.524,19.525,0.033,0.01,19.54,19.507
19.522,19.522,0.071,0.02,19.542,19.471
19.518,19.518,0.041,0.015,19.54,19.499
19.52,19.52,0.038,0.01,19.535,19.497
19.524,19.524,0.1,0.033,19.562,19.462
19.513,19.513,0.096,0.027,19.545,19.449
19.498,19.499,0.117,0.037,19.545,19.428
19.495,19.495,0.093,0.035,19.539,19.446
19.511,19.511,0.075,0.023,19.545,19.47
19.514,19.514,0.116,0.036,19.564,19.448
19.503,19.503,0.132,0.048,19.575,19.443
19.51,19.51,0.108,0.034,19.562,19.454
19.513,19.513,0.098,0.033,19.548,19.45
19.527,19.527,0.143,0.042,19.6,19.457
19.525,19.525,0.118,0.042,19.558,19.44
19.535,19.535,0.144,0.034,19.613,19.469
19.521,19.521,0.122,0.037,19.587,19.465
19.5,19.5,0.107,0.039,19.549,19.442
19.508,19.508,0.098,0.037,19.549,19.451
19.52,19.52,0.156,0.046,19.618,19.462
19.516,19.517,0.169,0.056,19.609,19.44
19.507,19.507,0.165,0.054,19.599,19.434
19.504,19.504,0.171,0.055,19.617,19.446
19.517,19.517,0.18,0.058,19.617,19.437
19.494,19.494,0.147,0.044,19.584,19.437
19.522,19.522,0.151,0.049,19.593,19.442
19.511,19.511,0.171,0.058,19.593,19.422
19.514,19.514,0.154,0.055,19.591,19.437
19.51,19.511,0.133,0.038,19.575,19.442
19.46,19.46,0.158,0.042,19.583,19.425
19.537,19.537,0.157,0.054,19.596,19.439
19.541,19.541,0.136,0.044,19.592,19.456
19.533,19.533,0.171,0.045,19.61,19.439
19.572,19.572,0.078,0.028,19.604,19.526
19.515,19.515,0.146,0.046,19.588,19.442
19.483,19.483,0.101,0.032,19.538,19.437
19.496,19.497,0.148,0.042,19.59,19.442
19.54,19.541,0.104,0.029,19.605,19.501
19.491,19.492,0.124,0.048,19.559,19.435
19.502,19.502,0.162,0.055,19.591,19.429
19.52,19.52,0.054,0.015,19.547,19.493
19.514,19.514,0.083,0.023,19.538,19.455
19.503,19.503,0.08,0.026,19.535,19.455
19.516,19.516,0.153,0.048,19.583,19.43
19.508,19.508,0.144,0.049,19.582,19.438
19.541,19.541,0.118,0.039,19.588,19.47
19.529,19.529,0.16,0.045,19.59,19.43
19.507,19.507,0.142,0.047,19.575,19.433
19.512,19.512,0.158,0.044,19.567,19.409
19.504,19.504,0.105,0.03,19.538,19.433
19.491,19.491,0.103,0.039,19.538,19.435
19.523,19.523,0.138,0.047,19.586,19.448
19.533,19.533,0.164,0.049,19.598,19.434
19.526,19.526,0.079,0.026,19.578,19.499
19.555,19.555,0.102,0.041,19.601,19.499
19.524,19.524,0.169,0.057,19.596,19.427
19.528,19.528,0.149,0.044,19.574,19.425
19.493,19.493,0.158,0.047,19.581,19.423
19.524,19.524,0.13,0.04,19.581,19.451
19.503,19.503,0.147,0.043,19.587,19.44
19.515,19.515,0.135,0.035,19.557,19.422
19.54,19.54,0.084,0.032,19.59,19.506
19.498,19.498,0.156,0.051,19.585,19.429
19.515,19.515,0.158,0.051,19.593,19.435
19.538,19.538,0.157,0.053,19.61,19.453
19.552,19.552,0.098,0.035,19.611,19.513
19.533,19.533,0.148,0.04,19.587,19.439
19.532,19.532,0.159,0.038,19.598,19.439
19.551,19.551,0.131,0.041,19.598,19.467
19.526,19.526,0.134,0.048,19.588,19.454
19.512,19.512,0.142,0.051,19.589,19.447
19.529,19.529,0.163,0.058,19.586,19.423
19.511,19.511,0.148,0.054,19.592,19.444
19.486,19.486,0.12,0.038,19.544,19.424
19.522,19.522,0.144,0.038,19.573,19.429
19.51,19.511,0.182,0.053,19.611,19.429
19.501,19.501,0.141,0.046,19.582,19.441
19.513,19.513,0.171,0.052,19.612,19.441
19.508,19.508,0.161,0.044,19.603,19.442
19.524,19.524,0.13,0.04,19.572,19.442
19.499,19.499,0.095,0.037,19.535,19.44
19.491,19.491,0.119,0.036,19.564,19.445
19.545,19.545,0.088,0.028,19.585,19.497
19.547,19.547,0.116,0.037,19.608,19.492
19.525,19.525,0.112,0.04,19.585,19.473
19.531,19.531,0.17,0.056,19.603,19.433
19.506,19.506,0.096,0.037,19.541,19.445
19.517,19.517,0.094,0.031,19.545,19.451
19.552,19.552,0.096,0.038,19.607,19.511
19.517,19.517,0.168,0.048,19.603,19.435
19.497,19.497,0.141,0.043,19.583,19.442
19.536,19.536,0.126,0.036,19.578,19.452
19.517,19.517,0.126,0.03,19.57,19.444
19.539,19.539,0.175,0.053,19.606,19.431
19.553,19.553,0.092,0.038,19.592,19.5
19.528,19.528,0.159,0.06,19.59,19.431
19.533,19.533,0.086,0.034,19.589,19.503
19.519,19.519,0.181,0.053,19.597,19.416
19.499,19.499,0.112,0.039,19.543,19.431
19.508,19.508,0.107,0.03,19.536,19.429
19.534,19.534,0.08,0.025,19.592,19.512
19.529,19.529,0.087,0.023,19.595,19.508
19.536,19.536,0.097,0.029,19.589,19.492
19.523,19.523,0.08,0.022,19.541,19.461
19.509,19.509,0.106,0.033,19.556,19.45
19.524,19.524,0.168,0.052,19.604,19.436
19.524,19.524,0.128,0.033,19.581,19.453
19.533,19.533,0.133,0.038,19.587,19.454
19.519,19.519,0.106,0.028,19.548,19.442
19.528,19.529,0.092,0.022,19.584,19.492
19.511,19.511,0.091,0.024,19.533,19.442
19.535,19.535,0.074,0.025,19.582,19.508
19.546,19.546,0.114,0.038,19.621,19.507
19.526,19.526,0.162,0.047,19.584,19.422
19.504,19.504,0.139,0.039,19.57,19.431
19.496,19.496,0.153,0.049,19.594,19.441
19.511,19.511,0.129,0.036,19.574,19.445
19.548,19.549,0.067,0.025,19.583,19.516
19.515,19.516,0.155,0.05,19.583,19.428
19.522,19.522,0.172,0.04,19.593,19.421
19.534,19.534,0.053,0.014,19.566,19.513
19.518,19.518,0.145,0.047,19.577,19.432
19.526,19.526,0.172,0.047,19.596,19.424
19.54,19.541,0.159,0.054,19.583,19.424
19.522,19.522,0.147,0.035,19.583,19.436
19.537,19.537,0.143,0.038,19.598,19.455
19.494,19.494,0.099,0.037,19.546,19.447
19.529,19.529,0.138,0.041,19.581,19.443
19.513,19.513,0.11,0.036,19.55,19.44
19.488,19.488,0.104,0.038,19.541,19.437
19.525,19.525,0.08,0.02,19.548,19.468
19.511,19.511,0.093,0.026,19.548,19.455
19.516,19.516,0.101,0.025,19.551,19.45
19.541,19.541,0.154,0.043,19.59,19.436
19.512,19.512,0.133,0.042,19.564,19.431
19.509,19.509,0.129,0.037,19.531,19.402
19.52,19.52,0.091,0.025,19.568,19.477
19.538,19.538,0.118,0.045,19.59,19.472
19.526,19.526,0.077,0.025,19.581,19.504
19.521,19.521,0.122,0.043,19.566,19.444
19.51,19.51,0.142,0.047,19.584,19.442
19.524,19.524,0.081,0.027,19.571,19.49
19.502,19.502,0.142,0.034,19.567,19.425
19.51,19.51,0.153,0.042,19.567,19.414
19.507,19.507,0.143,0.044,19.577,19.434
19.532,19.532,0.111,0.036,19.589,19.478
19.526,19.526,0.066,0.024,19.557,19.491
19.509,19.509,0.145,0.035,19.589,19.444
19.529,19.529,0.073,0.025,19.582,19.509
19.516,19.516,0.135,0.049,19.585,19.45
19.514,19.514,0.131,0.035,19.581,19.45
19.546,19.546,0.094,0.037,19.588,19.494
19.518,19.518,0.151,0.059,19.582,19.431
19.543,19.543,0.168,0.055,19.594,19.426
19.512,19.512,0.096,0.033,19.577,19.481
19.518,19.518,0.107,0.041,19.58,19.473
19.504,19.504,0.162,0.051,19.588,19.426
19.523,19.523,0.102,0.029,19.557,19.455
19.524,19.525,0.129,0.045,19.569,19.44
19.505,19.505,0.174,0.05,19.566,19.392
19.52,19.52,0.121,0.043,19.582,19.461
19.522,19.523,0.108,0.035,19.57,19.462
19.51,19.511,0.143,0.05,19.579,19.436
19.519,19.519,0.122,0.039,19.57,19.448
19.517,19.517,0.074,0.024,19.555,19.481
19.546,19.546,0.065,0.019,19.579,19.514
19.541,19.541,0.103,0.029,19.582,19.479
19.517,19.517,0.141,0.046,19.578,19.437
19.519,19.519,0.13,0.041,19.575,19.445
19.518,19.519,0.127,0.033,19.566,19.439
19.541,19.541,0.099,0.035,19.59,19.491
19.525,19.525,0.096,0.034,19.578,19.482
19.535,19.535,0.145,0.051,19.585,19.44
19.529,19.529,0.091,0.035,19.578,19.487
19.556,19.556,0.048,0.017,19.577,19.529
19.541,19.541,0.088,0.033,19.58,19.492
19.51,19.51,0.045,0.017,19.531,19.486
19.551,19.551,0.094,0.034,19.589,19.495
19.53,19.53,0.071,0.025,19.573,19.502
19.538,19.538,0.121,0.036,19.572,19.451
19.514,19.514,0.148,0.053,19.585,19.437
19.559,19.559,0.088,0.027,19.599,19.511
19.538,19.538,0.126,0.043,19.581,19.455
19.536,19.536,0.102,0.03,19.573,19.471
19.518,19.518,0.132,0.047,19.569,19.437
19.515,19.515,0.162,0.055,19.581,19.419
19.532,19.532,0.112,0.036,19.581,19.469
19.504,19.504,0.099,0.028,19.568,19.469
19.521,19.521,0.163,0.045,19.577,19.414
19.521,19.521,0.131,0.037,19.58,19.449
19.54,19.54,0.101,0.029,19.588,19.487
19.527,19.527,0.078,0.025,19.564,19.486
19.537,19.537,0.174,0.046,19.603,19.429
19.527,19.528,0.158,0.047,19.587,19.429
19.536,19.536,0.077,0.033,19.588,19.511
19.542,19.542,0.163,0.047,19.593,19.43
19.536,19.536,0.085,0.027,19.593,19.508
19.516,19.516,0.07,0.022,19.568,19.498
19.565,19.565,0.074,0.027,19.596,19.522
19.512,19.512,0.146,0.053,19.579,19.433
19.535,19.535,0.099,0.032,19.576,19.477
19.522,19.522,0.137,0.044,19.585,19.448
19.529,19.529,0.046,0.017,19.551,19.505
19.54,19.54,0.09,0.031,19.573,19.483
19.544,19.544,0.105,0.038,19.598,19.493
19.526,19.526,0.069,0.028,19.57,19.501
19.522,19.522,0.138,0.039,19.57,19.432
19.54,19.54,0.072,0.027,19.569,19.497
19.524,19.524,0.097,0.031,19.579,19.482
19.517,19.517,0.11,0.035,19.596,19.486
19.514,19.515,0.095,0.029,19.581,19.486
19.517,19.517,0.154,0.043,19.577,19.423
19.514,19.515,0.157,0.043,19.595,19.438
19.527,19.527,0.181,0.071,19.595,19.414
19.486,19.486,0.149,0.056,19.568,19.419
19.529,19.529,0.142,0.049,19.588,19.446
19.531,19.531,0.076,0.023,19.577,19.501
19.526,19.526,0.073,0.028,19.568,19.495
19.53,19.53,0.155,0.046,19.589,19.434
19.517,19.517,0.154,0.041,19.565,19.411
19.548,19.548,0.111,0.037,19.58,19.469
19.532,19.532,0.1,0.031,19.587,19.487
19.531,19.531,0.106,0.031,19.601,19.495
19.522,19.522,0.157,0.04,19.601,19.444
19.505,19.505,0.144,0.039,19.588,19.444
19.533,19.533,0.096,0.039,19.579,19.483
19.557,19.557,0.105,0.034,19.601,19.496
19.549,19.549,0.113,0.037,19.601,19.488
19.523,19.523,0.101,0.037,19.572,19.471
19.512,19.512,0.15,0.048,19.555,19.405
19.478,19.478,0.13,0.049,19.546,19.416
19.54,19.54,0.078,0.031,19.579,19.501
19.551,19.551,0.179,0.05,19.603,19.424
19.562,19.562,0.047,0.014,19.592,19.545
19.53,19.53,0.155,0.052,19.577,19.422
19.518,19.518,0.154,0.046,19.575,19.421
19.511,19.511,0.162,0.049,19.583,19.421
19.569,19.569,0.072,0.022,19.591,19.519
19.521,19.521,0.147,0.041,19.595,19.448
19.539,19.539,0.079,0.026,19.574,19.495
19.542,19.542,0.098,0.035,19.587,19.489
19.532,19.532,0.136,0.042,19.586,19.45
19.549,19.549,0.108,0.039,19.6,19.492
19.534,19.534,0.077,0.026,19.578,19.501
19.526,19.526,0.129,0.038,19.603,19.474
19.532,19.532,0.117,0.032,19.591,19.474
19.56,19.56,0.107,0.038,19.605,19.498
19.513,19.513,0.156,0.056,19.59,19.434
19.565,19.565,0.073,0.019,19.59,19.517
19.54,19.54,0.126,0.047,19.59,19.464
19.545,19.545,0.085,0.027,19.584,19.499
19.546,19.547,0.101,0.031,19.589,19.488
19.541,19.541,0.082,0.03,19.578,19.496
19.561,19.561,0.077,0.021,19.587,19.51
19.545,19.545,0.065,0.028,19.577,19.512
19.539,19.539,0.098,0.035,19.583,19.485
19.531,19.531,0.133,0.041,19.566,19.433
19.55,19.55,0.092,0.032,19.586,19.494
19.522,19.522,0.156,0.046,19.584,19.428
19.565,19.565,0.093,0.025,19.59,19.497
19.532,19.532,0.115,0.035,19.565,19.45
19.557,19.558,0.089,0.023,19.606,19.517
19.528,19.528,0.075,0.028,19.568,19.493
19.501,19.501,0.136,0.042,19.572,19.436
19.54,19.54,0.149,0.046,19.585,19.436
19.542,19.542,0.086,0.034,19.575,19.489
19.546,19.546,0.076,0.024,19.573,19.497
19.517,19.517,0.161,0.057,19.581,19.42
19.528,19.528,0.174,0.045,19.58,19.406
19.523,19.523,0.159,0.048,19.603,19.444
19.514,19.514,0.157,0.049,19.581,19.424
19.544,19.544,0.144,0.041,19.592,19.448
19.529,19.529,0.104,0.032,19.57,19.466
19.525,19.525,0.132,0.041,19.577,19.445
19.499,19.499,0.164,0.056,19.577,19.413
19.531,19.531,0.12,0.045,19.58,19.46
19.53,19.53,0.149,0.056,19.576,19.427
19.534,19.534,0.169,0.056,19.595,19.426
19.546,19.546,0.135,0.042,19.59,19.455
19.556,19.556,0.09,0.031,19.583,19.493
19.539,19.539,0.097,0.038,19.579,19.482
19.511,19.511,0.086,0.029,19.568,19.482
19.524,19.524,0.165,0.064,19.586,19.421
19.499,19.499,0.157,0.058,19.575,19.418
19.534,19.535,0.091,0.027,19.581,19.49
19.519,19.519,0.17,0.056,19.59,19.42
19.524,19.524,0.152,0.059,19.586,19.434
19.575,19.575,0.031,0.011,19.59,19.559
19.525,19.525,0.171,0.057,19.588,19.417
19.545,19.545,0.095,0.036,19.603,19.508
19.515,19.515,0.149,0.036,19.584,19.435
19.529,19.529,0.154,0.042,19.589,19.435
19.514,19.514,0.131,0.037,19.561,19.43
19.555,19.555,0.09,0.032,19.586,19.496
19.549,19.549,0.087,0.033,19.592,19.505
19.534,19.534,0.146,0.052,19.583,19.437
19.552,19.552,0.086,0.031,19.588,19.502
19.516,19.516,0.156,0.05,19.566,19.41
19.527,19.527,0.094,0.034,19.587,19.493
19.519,19.519,0.144,0.046,19.596,19.452
19.554,19.554,0.09,0.034,19.596,19.506
19.546,19.546,0.105,0.04,19.598,19.493
19.548,19.549,0.085,0.032,19.591,19.506
19.529,19.529,0.159,0.05,19.595,19.436
19.54,19.54,0.073,0.03,19.583,19.51
19.558,19.558,0.1,0.032,19.591,19.491
19.514,19.514,0.162,0.051,19.588,19.426
19.542,19.542,0.102,0.037,19.587,19.485
19.553,19.553,0.078,0.025,19.588,19.51
19.543,19.543,0.106,0.041,19.586,19.48
19.545,19.545,0.072,0.027,19.58,19.508
19.504,19.504,0.164,0.041,19.596,19.432
19.498,19.498,0.153,0.047,19.578,19.425
19.544,19.544,0.153,0.045,19.589,19.436
19.531,19.531,0.135,0.051,19.578,19.443
19.54,19.54,0.125,0.043,19.588,19.463
19.531,19.531,0.122,0.035,19.585,19.463
19.525,19.525,0.136,0.038,19.591,19.455
19.516,19.516,0.147,0.038,19.591,19.444
19.536,19.536,0.105,0.036,19.598,19.493
19.533,19.533,0.096,0.035,19.582,19.486
19.542,19.543,0.068,0.028,19.585,19.517
19.553,19.553,0.091,0.028,19.585,19.494
19.556,19.556,0.163,0.049,19.588,19.425
19.561,19.561,0.088,0.027,19.598,19.51
19.534,19.534,0.171,0.045,19.606,19.435
19.562,19.562,0.112,0.039,19.608,19.496
19.537,19.537,0.155,0.054,19.592,19.437
19.533,19.533,0.155,0.06,19.593,19.438
19.539,19.54,0.162,0.047,19.59,19.428
19.554,19.555,0.083,0.033,19.59,19.507
19.547,19.547,0.151,0.044,19.605,19.454
19.535,19.535,0.147,0.048,19.591,19.444
19.554,19.554,0.12,0.033,19.592,19.472
19.534,19.534,0.122,0.037,19.594,19.472
19.528,19.528,0.146,0.037,19.59,19.444
19.526,19.526,0.104,0.026,19.587,19.483
19.537,19.537,0.111,0.036,19.598,19.487
19.527,19.527,0.132,0.031,19.598,19.466
19.525,19.525,0.037,0.013,19.542,19.505
19.525,19.525,0.173,0.041,19.608,19.435
19.539,19.539,0.078,0.025,19.588,19.51
19.539,19.539,0.132,0.041,19.583,19.451
19.535,19.535,0.157,0.042,19.597,19.44
19.558,19.558,0.134,0.044,19.597,19.463
19.549,19.549,0.112,0.035,19.606,19.494
19.533,19.533,0.158,0.051,19.597,19.439
19.561,19.561,0.084,0.026,19.604,19.52
19.551,19.551,0.095,0.037,19.604,19.509
19.512,19.512,0.152,0.039,19.59,19.438
19.534,19.534,0.128,0.033,19.592,19.464
19.519,19.519,0.14,0.035,19.575,19.435
19.53,19.53,0.153,0.042,19.588,19.435
19.552,19.552,0.084,0.035,19.595,19.511
19.534,19.534,0.085,0.023,19.6,19.515
19.543,19.543,0.105,0.036,19.607,19.502
19.557,19.557,0.071,0.024,19.593,19.522
19.522,19.522,0.129,0.03,19.571,19.442
19.525,19.525,0.12,0.03,19.575,19.455
19.521,19.521,0.134,0.041,19.588,19.454
19.518,19.518,0.141,0.052,19.582,19.441
19.54,19.54,0.141,0.039,19.579,19.438
19.517,19.517,0.146,0.048,19.584,19.438
19.533,19.533,0.127,0.039,19.583,19.456
19.553,19.553,0.1,0.032,19.588,19.488
19.542,19.542,0.085,0.033,19.585,19.5
19.525,19.525,0.099,0.027,19.559,19.46
19.551,19.551,0.141,0.04,19.601,19.46
19.543,19.543,0.085,0.031,19.582,19.497
19.537,19.537,0.162,0.066,19.599,19.437
19.552,19.552,0.138,0.045,19.59,19.452
19.503,19.503,0.13,0.038,19.582,19.452
19.516,19.517,0.161,0.046,19.604,19.443
19.555,19.555,0.094,0.035,19.604,19.51
19.546,19.546,0.159,0.043,19.61,19.451
19.513,19.513,0.178,0.061,19.61,19.432
19.522,19.522,0.155,0.043,19.592,19.437
19.557,19.557,0.082,0.032,19.595,19.513
19.522,19.522,0.132,0.041,19.571,19.439
19.543,19.543,0.163,0.049,19.615,19.452
19.482,19.482,0.175,0.051,19.605,19.43
19.53,19.53,0.157,0.042,19.61,19.453
19.506,19.506,0.163,0.047,19.595,19.432
19.525,19.525,0.148,0.057,19.587,19.439
19.534,19.534,0.145,0.034,19.602,19.457
19.524,19.524,0.106,0.029,19.544,19.438
19.565,19.565,0.086,0.036,19.613,19.527
19.549,19.549,0.097,0.027,19.613,19.516
19.48,19.48,0.114,0.038,19.553,19.439
19.509,19.509,0.173,0.048,19.61,19.437
19.522,19.522,0.173,0.04,19.61,19.437
19.545,19.545,0.091,0.039,19.594,19.503
19.527,19.527,0.085,0.031,19.574,19.489
19.522,19.522,0.05,0.015,19.556,19.506
19.504,19.504,0.138,0.05,19.575,19.437
19.519,19.519,0.144,0.039,19.583,19.439
19.534,19.534,0.071,0.02,19.589,19.518
19.517,19.517,0.102,0.033,19.572,19.47
19.506,19.506,0.144,0.049,19.573,19.429
19.513,19.513,0.131,0.042,19.561,19.43
19.528,19.528,0.093,0.028,19.599,19.506
19.521,19.521,0.088,0.023,19.562,19.474
19.526,19.526,0.092,0.032,19.579,19.487
19.543,19.543,0.08,0.032,19.579,19.499
19.523,19.523,0.085,0.03,19.567,19.482
19.524,19.524,0.151,0.044,19.578,19.427
19.536,19.536,0.136,0.04,19.575,19.439
19.522,19.523,0.154,0.045,19.598,19.444
19.525,19.525,0.149,0.04,19.583,19.434
19.519,19.519,0.16,0.047,19.577,19.417
19.469,19.469,0.107,0.039,19.524,19.417
19.508,19.508,0.148,0.039,19.565,19.417
19.543,19.543,0.142,0.038,19.577,19.435
19.516,19.517,0.118,0.035,19.553,19.435
19.526,19.526,0.125,0.034,19.574,19.449
19.526,19.526,0.154,0.054,19.574,19.42
19.504,19.504,0.138,0.034,19.558,19.42
19.52,19.52,0.162,0.05,19.583,19.421
19.526,19.527,0.118,0.033,19.575,19.457
19.52,19.521,0.139,0.052,19.575,19.436
19.487,19.487,0.104,0.039,19.525,19.421
19.455,19.455,0.113,0.041,19.522,19.409
19.532,19.533,0.139,0.045,19.575,19.436
19.508,19.508,0.119,0.034,19.558,19.439
19.496,19.496,0.128,0.031,19.554,19.426
19.541,19.541,0.07,0.027,19.571,19.501
19.49,19.49,0.092,0.039,19.52,19.428
19.504,19.504,0.175,0.056,19.603,19.428
19.52,19.52,0.148,0.048,19.58,19.432
19.501,19.501,0.14,0.053,19.571,19.431
19.529,19.529,0.173,0.058,19.596,19.423
19.52,19.52,0.129,0.038,19.57,19.441
19.537,19.537,0.185,0.062,19.603,19.418
19.477,19.477,0.107,0.044,19.534,19.427
19.513,19.513,0.153,0.052,19.589,19.436
19.518,19.519,0.179,0.056,19.593,19.414
19.503,19.503,0.136,0.048,19.57,19.434
19.531,19.531,0.15,0.051,19.583,19.433
19.54,19.54,0.18,0.059,19.607,19.427
19.541,19.541,0.143,0.043,19.607,19.464
19.515,19.515,0.146,0.045,19.583,19.437
19.558,19.558,0.08,0.033,19.59,19.51
19.526,19.526,0.102,0.029,19.567,19.465
19.49,19.49,0.13,0.038,19.565,19.435
19.483,19.483,0.092,0.035,19.519,19.427
19.508,19.508,0.121,0.031,19.549,19.428
19.524,19.524,0.103,0.035,19.566,19.463
19.518,19.518,0.159,0.041,19.572,19.413
19.522,19.522,0.145,0.051,19.58,19.435
19.521,19.521,0.056,0.017,19.55,19.494
19.498,19.498,0.148,0.052,19.562,19.414
19.488,19.488,0.156,0.056,19.57,19.414
19.517,19.517,0.125,0.04,19.572,19.447
19.512,19.512,0.17,0.064,19.577,19.407
19.486,19.486,0.145,0.05,19.563,19.418
19.521,19.521,0.155,0.056,19.578,19.423
19.537,19.537,0.148,0.044,19.578,19.43
19.489,19.489,0.144,0.053,19.574,19.43
19.496,19.496,0.128,0.038,19.569,19.441
19.504,19.504,0.16,0.061,19.586,19.426
19.515,19.515,0.158,0.061,19.576,19.418
19.545,19.545,0.171,0.048,19.587,19.416
19.548,19.548,0.09,0.032,19.587,19.497
19.51,19.51,0.158,0.048,19.588,19.43
19.484,19.484,0.128,0.035,19.553,19.425
19.452,19.452,0.179,0.061,19.568,19.389
19.511,19.511,0.139,0.038,19.56,19.421
19.512,19.512,0.098,0.03,19.56,19.462
19.507,19.507,0.138,0.048,19.571,19.433
19.534,19.534,0.091,0.029,19.57,19.479
19.499,19.499,0.163,0.054,19.571,19.408
19.499,19.499,0.167,0.054,19.575,19.408
19.46,19.46,0.165,0.049,19.568,19.403
19.526,19.526,0.16,0.058,19.583,19.423
19.528,19.528,0.083,0.027,19.562,19.479
19.496,19.496,0.146,0.041,19.567,19.421
19.516,19.516,0.073,0.029,19.556,19.483
19.499,19.499,0.162,0.05,19.568,19.406
19.517,19.517,0.174,0.048,19.566,19.392
19.511,19.511,0.151,0.053,19.578,19.427
19.489,19.489,0.154,0.057,19.57,19.416
19.492,19.492,0.179,0.065,19.576,19.397
19.541,19.541,0.083,0.026,19.577,19.494
19.518,19.518,0.123,0.037,19.548,19.425
19.513,19.513,0.185,0.05,19.577,19.392
19.489,19.489,0.157,0.053,19.549,19.392
19.523,19.523,0.066,0.024,19.557,19.491
19.501,19.501,0.134,0.047,19.55,19.416
19.487,19.487,0.157,0.045,19.546,19.389
19.514,19.514,0.095,0.039,19.562,19.467
19.514,19.515,0.159,0.048,19.574,19.415
19.519,19.519,0.092,0.031,19.569,19.477
19.499,19.499,0.152,0.048,19.546,19.394
19.465,19.465,0.128,0.036,19.524,19.396
19.491,19.491,0.133,0.051,19.547,19.414
19.503,19.503,0.111,0.035,19.539,19.428
19.513,19.513,0.087,0.026,19.537,19.45
19.497,19.497,0.155,0.05,19.547,19.392
19.498,19.498,0.176,0.056,19.56,19.384
19.48,19.48,0.16,0.05,19.544,19.384
19.507,19.507,0.153,0.052,19.561,19.408
19.504,19.504,0.135,0.048,19.541,19.406
19.512,19.512,0.072,0.024,19.539,19.467
19.491,19.491,0.146,0.043,19.534,19.388
19.494,19.494,0.067,0.02,19.536,19.469
19.498,19.498,0.093,0.033,19.549,19.456
19.504,19.504,0.146,0.045,19.549,19.403
19.502,19.502,0.135,0.04,19.565,19.43
19.499,19.499,0.121,0.037,19.557,19.436
19.492,19.492,0.092,0.025,19.555,19.463
19.499,19.499,0.133,0.038,19.546,19.413
19.49,19.49,0.074,0.025,19.531,19.457
19.48,19.48,0.157,0.054,19.546,19.389
19.523,19.523,0.073,0.024,19.554,19.481
19.503,19.503,0.132,0.04,19.539,19.407
19.49,19.49,0.17,0.057,19.55,19.38
19.522,19.522,0.069,0.023,19.545,19.476
19.475,19.475,0.123,0.045,19.529,19.406
19.52,19.52,0.092,0.031,19.554,19.462
19.492,19.492,0.154,0.055,19.562,19.408
19.499,19.499,0.155,0.059,19.563,19.408
19.495,19.495,0.155,0.054,19.552,19.397
19.496,19.496,0.126,0.044,19.54,19.414
19.504,19.504,0.125,0.034,19.567,19.442
19.506,19.506,0.083,0.035,19.549,19.466
19.524,19.524,0.072,0.029,19.552,19.48
19.499,19.499,0.125,0.039,19.549,19.424
19.495,19.495,0.119,0.041,19.555,19.436
19.507,19.507,0.071,0.023,19.555,19.484
19.521,19.521,0.118,0.037,19.566,19.448
19.493,19.493,0.085,0.025,19.533,19.448
19.491,19.491,0.033,0.009,19.512,19.479
19.498,19.498,0.073,0.025,19.549,19.476
19.481,19.481,0.107,0.036,19.541,19.434
19.501,19.501,0.097,0.033,19.549,19.452
19.5,19.5,0.092,0.035,19.549,19.457
19.476,19.476,0.152,0.037,19.563,19.411
19.488,19.489,0.06,0.021,19.52,19.46
19.502,19.502,0.083,0.033,19.538,19.455
19.503,19.503,0.138,0.038,19.549,19.411
19.513,19.513,0.087,0.027,19.559,19.472
19.501,19.501,0.081,0.028,19.537,19.456
19.498,19.498,0.077,0.029,19.538,19.461
19.504,19.504,0.069,0.026,19.538,19.469
19.488,19.488,0.084,0.026,19.539,19.455
19.501,19.501,0.076,0.024,19.54,19.464
19.495,19.495,0.068,0.026,19.532,19.464
19.504,19.504,0.082,0.03,19.546,19.464
19.512,19.512,0.08,0.021,19.563,19.483
19.507,19.507,0.066,0.02,19.546,19.48
19.514,19.514,0.06,0.025,19.546,19.486
19.505,19.505,0.088,0.027,19.561,19.473
19.499,19.499,0.071,0.025,19.538,19.467
19.517,19.517,0.075,0.023,19.542,19.467
19.481,19.481,0.115,0.037,19.53,19.415
19.476,19.476,0.085,0.032,19.522,19.437
19.501,19.501,0.087,0.031,19.555,19.468
19.511,19.511,0.068,0.029,19.541,19.473
19.49,19.49,0.071,0.023,19.524,19.453
19.494,19.494,0.084,0.033,19.53,19.446
19.511,19.511,0.108,0.033,19.557,19.449
19.494,19.494,0.069,0.023,19.532,19.463
19.502,19.502,0.136,0.038,19.551,19.415
19.512,19.512,0.076,0.029,19.54,19.464
19.492,19.492,0.082,0.032,19.537,19.455
19.502,19.502,0.067,0.028,19.531,19.464
19.48,19.48,0.094,0.032,19.545,19.451
19.502,19.502,0.088,0.027,19.526,19.438
19.516,19.516,0.099,0.032,19.564,19.465
19.534,19.534,0.081,0.02,19.561,19.48
19.521,19.521,0.072,0.021,19.561,19.489
19.514,19.514,0.093,0.026,19.561,19.468
19.517,19.517,0.082,0.026,19.546,19.464
19.517,19.517,0.088,0.027,19.558,19.47
19.487,19.487,0.065,0.023,19.528,19.463
19.489,19.489,0.071,0.025,19.531,19.46
19.5,19.5,0.084,0.031,19.545,19.461
19.503,19.503,0.073,0.024,19.545,19.472
19.499,19.499,0.092,0.028,19.553,19.461
19.501,19.501,0.094,0.031,19.55,19.456
19.501,19.501,0.105,0.033,19.561,19.456
19.506,19.506,0.078,0.027,19.548,19.47
19.507,19.507,0.064,0.02,19.535,19.471
19.509,19.509,0.085,0.035,19.551,19.466
19.522,19.522,0.101,0.035,19.572,19.471
19.512,19.512,0.081,0.029,19.547,19.466
19.503,19.503,0.074,0.029,19.54,19.466
19.513,19.513,0.101,0.035,19.559,19.458
19.522,19.522,0.064,0.021,19.548,19.484
19.522,19.522,0.086,0.03,19.551,19.465
19.509,19.509,0.09,0.033,19.55,19.46
19.511,19.511,0.096,0.028,19.562,19.466
19.513,19.513,0.091,0.029,19.546,19.455
19.523,19.523,0.1,0.03,19.574,19.474
19.51,19.511,0.077,0.026,19.54,19.463
19.498,19.498,0.063,0.025,19.528,19.465
19.516,19.516,0.069,0.023,19.54,19.471
19.523,19.523,0.092,0.025,19.563,19.471
19.515,19.515,0.077,0.023,19.539,19.462
19.52,19.52,0.099,0.029,19.545,19.446
19.505,19.505,0.09,0.028,19.556,19.466
19.51,19.51,0.09,0.032,19.54,19.45
19.508,19.508,0.078,0.026,19.545,19.467
19.508,19.508,0.138,0.04,19.549,19.411
19.533,19.533,0.103,0.028,19.562,19.459
19.536,19.536,0.052,0.018,19.563,19.511
19.521,19.521,0.062,0.019,19.542,19.48
19.537,19.537,0.024,0.006,19.547,19.523
19.513,19.513,0.101,0.037,19.552,19.451
19.485,19.485,0.151,0.043,19.557,19.406
19.526,19.526,0.089,0.025,19.557,19.468
19.516,19.516,0.091,0.03,19.565,19.474
19.519,19.519,0.078,0.023,19.561,19.483
19.522,19.522,0.092,0.027,19.561,19.469
19.51,19.51,0.092,0.031,19.559,19.467
19.51,19.51,0.089,0.034,19.557,19.468
19.536,19.536,0.033,0.009,19.556,19.523
19.525,19.525,0.094,0.03,19.563,19.469
19.523,19.523,0.072,0.02,19.551,19.479
19.504,19.504,0.116,0.035,19.537,19.421
19.525,19.525,0.063,0.017,19.551,19.488
19.528,19.528,0.041,0.01,19.548,19.507
19.521,19.521,0.09,0.029,19.546,19.456
19.536,19.536,0.04,0.014,19.556,19.516
19.531,19.531,0.06,0.017,19.556,19.496
19.534,19.534,0.048,0.014,19.563,19.515
19.51,19.511,0.111,0.033,19.555,19.444
19.52,19.52,0.086,0.029,19.548,19.462
19.517,19.517,0.067,0.021,19.548,19.481
19.527,19.528,0.061,0.017,19.557,19.496
19.516,19.516,0.095,0.024,19.557,19.462
19.525,19.525,0.018,0.006,19.532,19.514
19.53,19.53,0.033,0.009,19.542,19.509
19.527,19.527,0.056,0.014,19.559,19.503
19.539,19.539,0.088,0.029,19.597,19.509
19.511,19.511,0.096,0.032,19.547,19.451
19.529,19.529,0.03,0.008,19.537,19.507
19.542,19.542,0.034,0.012,19.555,19.521
19.527,19.527,0.088,0.024,19.557,19.469
19.54,19.54,0.036,0.011,19.551,19.515
19.532,19.532,0.037,0.011,19.549,19.512
19.524,19.524,0.036,0.014,19.544,19.508
19.516,19.516,0.07,0.019,19.546,19.476
19.528,19.528,0.081,0.025,19.556,19.475
19.534,19.535,0.044,0.014,19.558,19.514
19.523,19.523,0.071,0.021,19.558,19.487
19.52,19.52,0.066,0.024,19.549,19.483
19.528,19.528,0.075,0.027,19.556,19.481
19.533,19.533,0.072,0.022,19.552,19.48
19.516,19.517,0.141,0.043,19.552,19.411
19.498,19.498,0.152,0.044,19.563,19.411
19.499,19.499,0.122,0.042,19.539,19.417
19.519,19.519,0.092,0.029,19.547,19.455
19.519,19.519,0.083,0.026,19.551,19.468
19.53,19.53,0.019,0.006,19.538,19.519
19.522,19.523,0.082,0.022,19.546,19.464
19.525,19.525,0.077,0.022,19.541,19.464
19.531,19.531,0.021,0.006,19.538,19.517
19.527,19.527,0.067,0.018,19.546,19.479
19.531,19.531,0.075,0.02,19.552,19.477
19.519,19.519,0.083,0.026,19.545,19.462
19.525,19.525,0.046,0.012,19.547,19.501
19.524,19.524,0.032,0.009,19.537,19.505
19.517,19.517,0.052,0.014,19.529,19.477
19.507,19.507,0.084,0.028,19.537,19.453
19.525,19.525,0.087,0.029,19.558,19.471
19.526,19.526,0.067,0.021,19.545,19.478
19.522,19.522,0.068,0.02,19.549,19.481
19.534,19.534,0.18,0.041,19.626,19.446
19.518,19.518,0.072,0.027,19.54,19.468
19.511,19.511,0.146,0.044,19.61,19.464
19.53,19.53,0.135,0.037,19.61,19.475
19.507,19.507,0.08,0.027,19.555,19.475
19.532,19.532,0.07,0.02,19.551,19.481
19.528,19.528,0.141,0.036,19.601,19.46
19.535,19.535,0.138,0.036,19.596,19.458
19.517,19.517,0.099,0.034,19.557,19.458
19.504,19.504,0.07,0.029,19.541,19.471
19.516,19.516,0.086,0.027,19.553,19.467
19.517,19.517,0.072,0.025,19.542,19.47
19.515,19.515,0.074,0.024,19.55,19.476
19.521,19.521,0.161,0.048,19.622,19.461
19.499,19.499,0.075,0.027,19.534,19.459
19.539,19.539,0.104,0.025,19.591,19.487
19.522,19.522,0.082,0.033,19.558,19.476
19.497,19.497,0.07,0.026,19.542,19.472
19.531,19.531,0.101,0.038,19.564,19.463
19.511,19.511,0.071,0.026,19.542,19.471
19.51,19.51,0.075,0.027,19.559,19.484
19.513,19.513,0.095,0.036,19.557,19.462
19.496,19.496,0.101,0.033,19.56,19.459
19.509,19.509,0.086,0.031,19.558,19.472
19.519,19.519,0.134,0.041,19.602,19.468
19.533,19.533,0.171,0.045,19.633,19.462
19.501,19.501,0.07,0.026,19.54,19.47
19.513,19.513,0.14,0.043,19.602,19.462
19.513,19.513,0.101,0.036,19.575,19.474
19.524,19.524,0.084,0.03,19.568,19.484
19.537,19.537,0.18,0.048,19.638,19.458
19.507,19.507,0.06,0.02,19.55,19.49
19.512,19.512,0.082,0.029,19.565,19.483
19.517,19.517,0.072,0.028,19.553,19.481
19.499,19.499,0.078,0.021,19.559,19.481
19.52,19.52,0.152,0.054,19.626,19.474
19.509,19.509,0.1,0.034,19.573,19.473
19.528,19.528,0.132,0.045,19.61,19.478
19.495,19.495,0.08,0.028,19.53,19.45
19.519,19.519,0.084,0.031,19.556,19.472
19.499,19.499,0.072,0.025,19.547,19.475
19.505,19.506,0.058,0.026,19.54,19.482
19.525,19.525,0.097,0.034,19.564,19.467
19.526,19.527,0.071,0.026,19.559,19.488
19.535,19.535,0.141,0.036,19.615,19.474
19.519,19.519,0.09,0.033,19.56,19.47
19.524,19.524,0.15,0.042,19.625,19.475
19.502,19.502,0.082,0.026,19.549,19.467
19.517,19.517,0.09,0.034,19.556,19.466
19.535,19.535,0.089,0.032,19.568,19.479
19.525,19.525,0.083,0.025,19.565,19.482
19.495,19.495,0.051,0.015,19.526,19.475
19.517,19.517,0.087,0.035,19.564,19.477
19.504,19.504,0.055,0.019,19.543,19.488
19.496,19.496,0.072,0.02,19.54,19.468
19.494,19.494,0.07,0.024,19.538,19.468
19.511,19.511,0.081,0.031,19.561,19.48
19.514,19.514,0.081,0.03,19.553,19.472
19.495,19.495,0.067,0.023,19.532,19.465
19.508,19.508,0.075,0.021,19.547,19.472
19.51,19.51,0.084,0.028,19.565,19.481
19.51,19.51,0.085,0.027,19.555,19.47
19.513,19.513,0.101,0.035,19.571,19.47
19.532,19.532,0.112,0.037,19.583,19.471
19.538,19.538,0.083,0.028,19.576,19.493
19.509,19.509,0.133,0.038,19.595,19.462
19.518,19.518,0.113,0.039,19.593,19.48
19.539,19.539,0.131,0.035,19.625,19.494
19.508,19.509,0.085,0.034,19.556,19.471
19.536,19.536,0.147,0.049,19.626,19.479
19.518,19.518,0.099,0.036,19.582,19.483
19.492,19.492,0.042,0.011,19.508,19.466
19.516,19.516,0.076,0.024,19.576,19.5
19.508,19.508,0.085,0.029,19.554,19.469
19.523,19.523,0.063,0.02,19.545,19.482
19.505,19.505,0.081,0.025,19.548,19.467
19.53,19.53,0.125,0.037,19.605,19.48
19.51,19.51,0.103,0.034,19.563,19.46
19.514,19.514,0.109,0.034,19.577,19.468
19.507,19.507,0.113,0.041,19.558,19.445
19.52,19.52,0.074,0.026,19.558,19.484
19.509,19.509,0.105,0.034,19.566,19.461
19.552,19.552,0.164,0.055,19.652,19.488
19.519,19.519,0.063,0.023,19.55,19.487
19.531,19.531,0.134,0.042,19.621,19.487
19.518,19.519,0.09,0.026,19.564,19.474
19.504,19.504,0.089,0.03,19.55,19.461
19.5,19.5,0.087,0.027,19.552,19.465
19.507,19.507,0.076,0.031,19.552,19.476
19.503,19.503,0.142,0.039,19.61,19.468
19.521,19.521,0.173,0.052,19.636,19.463
19.516,19.516,0.164,0.049,19.627,19.463
19.516,19.516,0.082,0.028,19.559,19.477
19.514,19.514,0.079,0.028,19.556,19.477
19.536,19.536,0.182,0.054,19.657,19.475
19.523,19.523,0.077,0.029,19.565,19.488
19.544,19.544,0.137,0.04,19.626,19.489
19.526,19.526,0.155,0.056,19.626,19.471
19.518,19.518,0.149,0.049,19.62,19.471
19.522,19.522,0.071,0.024,19.554,19.483
19.501,19.501,0.086,0.027,19.544,19.458
19.512,19.512,0.143,0.041,19.616,19.473
19.52,19.52,0.106,0.034,19.573,19.467
19.538,19.538,0.153,0.036,19.63,19.477
19.504,19.504,0.082,0.03,19.55,19.468
19.523,19.523,0.081,0.028,19.558,19.477
19.521,19.521,0.14,0.044,19.611,19.471
19.526,19.526,0.147,0.046,19.613,19.466
19.516,19.516,0.077,0.027,19.554,19.477
19.507,19.507,0.081,0.026,19.558,19.477
19.534,19.534,0.154,0.047,19.614,19.46
19.499,19.499,0.089,0.024,19.549,19.46
19.537,19.537,0.093,0.026,19.572,19.479
19.524,19.524,0.062,0.023,19.549,19.487
19.518,19.518,0.081,0.032,19.565,19.484
19.516,19.516,0.064,0.022,19.539,19.475
19.518,19.518,0.084,0.026,19.573,19.489
19.512,19.512,0.053,0.02,19.539,19.486
19.531,19.531,0.068,0.022,19.561,19.493
19.515,19.515,0.078,0.028,19.561,19.483
19.529,19.529,0.096,0.032,19.576,19.48
19.514,19.514,0.09,0.028,19.555,19.465
19.527,19.527,0.068,0.024,19.555,19.487
19.532,19.532,0.141,0.046,19.625,19.484
19.518,19.518,0.092,0.031,19.581,19.489
19.527,19.527,0.072,0.03,19.561,19.489
19.508,19.508,0.075,0.025,19.557,19.482
19.522,19.522,0.066,0.024,19.564,19.498
19.523,19.523,0.081,0.03,19.574,19.493
19.51,19.51,0.023,0.006,19.518,19.495
19.509,19.509,0.092,0.027,19.569,19.477
19.527,19.527,0.081,0.029,19.558,19.477
19.509,19.509,0.06,0.019,19.541,19.481
19.52,19.52,0.062,0.022,19.556,19.494
19.509,19.509,0.07,0.026,19.551,19.481
19.514,19.514,0.103,0.033,19.575,19.472
19.52,19.52,0.088,0.031,19.576,19.488
19.517,19.517,0.094,0.031,19.57,19.476
19.506,19.507,0.067,0.022,19.546,19.479
19.536,19.536,0.083,0.027,19.556,19.473
19.536,19.536,0.08,0.031,19.562,19.482
19.534,19.534,0.075,0.024,19.566,19.491
19.51,19.51,0.074,0.022,19.555,19.481
19.524,19.524,0.08,0.031,19.567,19.487
19.526,19.527,0.095,0.033,19.576,19.481
19.541,19.541,0.161,0.044,19.647,19.486
19.511,19.511,0.097,0.03,19.577,19.48
19.523,19.523,0.094,0.031,19.574,19.48
19.535,19.535,0.109,0.035,19.591,19.482
19.515,19.515,0.077,0.025,19.562,19.485
19.521,19.521,0.114,0.037,19.592,19.478
19.525,19.525,0.095,0.032,19.564,19.469
19.547,19.547,0.086,0.031,19.573,19.487
19.512,19.512,0.084,0.027,19.571,19.487
19.514,19.514,0.115,0.039,19.58,19.465
19.536,19.536,0.092,0.033,19.58,19.488
19.528,19.528,0.1,0.033,19.588,19.488
19.549,19.549,0.079,0.023,19.581,19.502
19.522,19.522,0.081,0.027,19.569,19.488
19.508,19.508,0.062,0.021,19.55,19.488
19.524,19.525,0.092,0.034,19.567,19.475
19.533,19.533,0.072,0.026,19.57,19.498
19.513,19.513,0.072,0.026,19.553,19.481
19.511,19.511,0.076,0.03,19.56,19.484
19.507,19.507,0.074,0.026,19.557,19.483
19.539,19.539,0.065,0.026,19.569,19.504
19.531,19.531,0.081,0.033,19.571,19.49
19.515,19.515,0.073,0.026,19.563,19.49
19.543,19.543,0.099,0.035,19.592,19.493
19.513,19.513,0.063,0.025,19.551,19.488
19.503,19.503,0.082,0.029,19.553,19.471
19.523,19.523,0.078,0.032,19.556,19.478
19.54,19.54,0.151,0.05,19.629,19.478
19.533,19.533,0.08,0.027,19.557,19.477
19.533,19.533,0.086,0.028,19.575,19.489
19.531,19.531,0.097,0.032,19.587,19.49
19.526,19.526,0.103,0.031,19.569,19.466
19.52,19.52,0.089,0.029,19.565,19.476
19.535,19.535,0.104,0.036,19.58,19.476
19.509,19.509,0.112,0.03,19.572,19.46
19.537,19.538,0.091,0.029,19.574,19.483
19.529,19.529,0.077,0.027,19.566,19.489
19.526,19.526,0.075,0.029,19.566,19.491
19.527,19.527,0.083,0.034,19.575,19.492
19.539,19.539,0.076,0.029,19.569,19.493
19.524,19.524,0.111,0.034,19.587,19.476
19.508,19.508,0.083,0.021,19.555,19.472
19.523,19.523,0.083,0.026,19.572,19.489
19.513,19.513,0.135,0.038,19.561,19.426
19.511,19.511,0.154,0.043,19.567,19.413
19.482,19.482,0.122,0.038,19.535,19.413
19.533,19.533,0.085,0.033,19.563,19.478
19.509,19.509,0.078,0.027,19.549,19.471
19.513,19.513,0.094,0.032,19.558,19.464
19.537,19.537,0.09,0.029,19.575,19.485
19.521,19.521,0.096,0.036,19.577,19.481
19.528,19.528,0.098,0.04,19.575,19.477
19.54,19.54,0.076,0.028,19.568,19.492
19.545,19.545,0.071,0.027,19.578,19.507
19.524,19.524,0.074,0.027,19.562,19.488
19.533,19.533,0.101,0.029,19.593,19.492
19.54,19.54,0.073,0.022,19.566,19.493
19.521,19.521,0.07,0.025,19.563,19.493
19.52,19.521,0.1,0.034,19.563,19.463
19.521,19.521,0.11,0.036,19.574,19.464
19.545,19.545,0.074,0.021,19.558,19.484
19.534,19.534,0.075,0.03,19.567,19.492
19.521,19.521,0.088,0.031,19.581,19.493
19.508,19.508,0.059,0.02,19.55,19.491
19.536,19.536,0.079,0.026,19.567,19.488
19.518,19.518,0.087,0.032,19.567,19.48
19.514,19.514,0.089,0.033,19.564,19.475
19.53,19.53,0.162,0.047,19.575,19.413
19.531,19.531,0.097,0.033,19.574,19.477
19.524,19.525,0.078,0.028,19.564,19.486
19.558,19.558,0.095,0.024,19.596,19.501
19.542,19.543,0.071,0.025,19.578,19.507
19.553,19.553,0.096,0.034,19.59,19.494
19.554,19.554,0.074,0.029,19.581,19.507
19.534,19.535,0.089,0.033,19.578,19.489
19.524,19.524,0.094,0.028,19.577,19.483
19.534,19.535,0.091,0.036,19.574,19.483
19.546,19.546,0.056,0.02,19.575,19.519
19.528,19.529,0.094,0.03,19.575,19.481
19.514,19.514,0.136,0.048,19.567,19.431
19.544,19.544,0.065,0.022,19.563,19.498
19.55,19.55,0.079,0.023,19.572,19.493
19.533,19.533,0.09,0.033,19.583,19.493
19.541,19.541,0.083,0.027,19.569,19.486
19.523,19.523,0.087,0.028,19.569,19.482
19.531,19.531,0.071,0.025,19.563,19.492
19.528,19.528,0.074,0.029,19.559,19.485
19.528,19.528,0.078,0.024,19.569,19.491
19.522,19.522,0.09,0.032,19.577,19.487
19.502,19.502,0.177,0.055,19.591,19.414
19.546,19.547,0.074,0.03,19.576,19.502
19.533,19.533,0.091,0.037,19.587,19.496
19.548,19.548,0.089,0.036,19.591,19.502
19.544,19.544,0.081,0.028,19.591,19.51
19.543,19.543,0.08,0.028,19.579,19.499
19.529,19.529,0.091,0.034,19.574,19.483
19.532,19.532,0.106,0.033,19.589,19.483
19.528,19.528,0.107,0.04,19.589,19.482
19.528,19.529,0.096,0.037,19.578,19.482
19.524,19.524,0.081,0.033,19.567,19.486
19.527,19.527,0.083,0.032,19.566,19.483
19.518,19.518,0.057,0.022,19.554,19.497
19.526,19.526,0.091,0.031,19.58,19.489
19.529,19.529,0.095,0.03,19.591,19.496
19.538,19.538,0.072,0.028,19.573,19.501
19.549,19.549,0.075,0.028,19.574,19.499
19.526,19.526,0.056,0.018,19.558,19.502
19.525,19.525,0.085,0.026,19.587,19.502
19.533,19.533,0.088,0.027,19.572,19.484
19.55,19.55,0.093,0.039,19.591,19.498
19.512,19.512,0.155,0.038,19.577,19.422
19.546,19.546,0.079,0.027,19.584,19.505
19.55,19.55,0.157,0.049,19.584,19.427
19.518,19.518,0.06,0.018,19.559,19.499
19.54,19.54,0.087,0.033,19.588,19.501
19.54,19.541,0.084,0.029,19.582,19.498
19.544,19.544,0.086,0.029,19.592,19.506
19.538,19.538,0.086,0.026,19.592,19.506
19.533,19.533,0.079,0.023,19.574,19.495
19.523,19.523,0.074,0.019,19.569,19.495
19.533,19.533,0.078,0.023,19.582,19.504
19.55,19.55,0.067,0.021,19.584,19.517
19.551,19.551,0.073,0.025,19.587,19.514
19.543,19.543,0.087,0.032,19.586,19.499
19.541,19.541,0.077,0.028,19.585,19.508
19.545,19.545,0.104,0.033,19.586,19.482
19.535,19.535,0.128,0.036,19.629,19.501
19.548,19.548,0.147,0.04,19.639,19.492
19.54,19.54,0.068,0.024,19.577,19.509
19.534,19.534,0.086,0.028,19.587,19.501
19.526,19.526,0.101,0.025,19.573,19.472
19.537,19.537,0.066,0.023,19.575,19.509
19.542,19.542,0.069,0.026,19.575,19.506
19.551,19.551,0.102,0.032,19.587,19.485
19.542,19.542,0.171,0.049,19.643,19.472
19.545,19.545,0.135,0.039,19.643,19.508
19.522,19.522,0.031,0.012,19.541,19.51
19.525,19.525,0.04,0.013,19.542,19.502
19.525,19.525,0.101,0.028,19.6,19.499
19.537,19.537,0.106,0.032,19.606,19.5
19.553,19.553,0.103,0.033,19.613,19.51
19.525,19.525,0.118,0.04,19.592,19.474
19.533,19.533,0.068,0.024,19.57,19.502
19.529,19.529,0.093,0.031,19.573,19.48
19.565,19.565,0.172,0.052,19.648,19.476
19.545,19.545,0.138,0.045,19.635,19.497
19.527,19.527,0.123,0.035,19.617,19.494
19.558,19.558,0.157,0.047,19.651,19.494
19.551,19.551,0.102,0.036,19.598,19.496
19.543,19.543,0.152,0.047,19.651,19.499
19.543,19.543,0.134,0.051,19.633,19.499
19.552,19.552,0.136,0.056,19.624,19.488
19.554,19.554,0.153,0.057,19.629,19.476
19.549,19.549,0.151,0.045,19.643,19.492
19.538,19.538,0.142,0.051,19.634,19.492
19.542,19.542,0.13,0.042,19.624,19.494
19.507,19.507,0.053,0.018,19.53,19.477
19.526,19.526,0.091,0.03,19.59,19.499
19.548,19.548,0.119,0.042,19.608,19.489
19.54,19.54,0.097,0.038,19.59,19.493
19.553,19.553,0.146,0.051,19.637,19.491
19.524,19.524,0.11,0.027,19.6,19.49
19.527,19.527,0.103,0.031,19.598,19.495
19.535,19.535,0.147,0.047,19.633,19.486
19.551,19.551,0.142,0.052,19.633,19.491
19.557,19.557,0.112,0.04,19.612,19.5
19.545,19.545,0.107,0.038,19.596,19.489
19.537,19.537,0.134,0.045,19.621,19.487
19.567,19.567,0.15,0.05,19.656,19.506
19.539,19.539,0.169,0.061,19.652,19.483
19.535,19.535,0.067,0.024,19.581,19.514
19.523,19.523,0.11,0.041,19.585,19.475
19.516,19.516,0.091,0.03,19.574,19.483
19.53,19.53,0.127,0.036,19.614,19.487
19.538,19.538,0.141,0.051,19.635,19.494
19.596,19.597,0.144,0.052,19.647,19.503
19.559,19.559,0.144,0.049,19.642,19.498
19.559,19.559,0.147,0.048,19.647,19.5
19.547,19.547,0.136,0.041,19.632,19.496
19.594,19.594,0.16,0.059,19.659,19.499
19.531,19.531,0.126,0.038,19.622,19.496
19.548,19.548,0.132,0.043,19.641,19.509
19.527,19.527,0.084,0.025,19.583,19.499
19.55,19.55,0.154,0.046,19.646,19.492
19.531,19.531,0.076,0.025,19.576,19.5
19.543,19.543,0.124,0.034,19.607,19.483
19.521,19.521,0.08,0.025,19.557,19.477
19.515,19.515,0.065,0.022,19.562,19.497
19.538,19.538,0.102,0.032,19.603,19.501
19.536,19.536,0.104,0.038,19.593,19.489
19.553,19.553,0.1,0.041,19.6,19.5
19.54,19.54,0.11,0.037,19.608,19.498
19.567,19.567,0.132,0.043,19.633,19.501
19.539,19.539,0.12,0.042,19.603,19.483
19.557,19.557,0.175,0.065,19.653,19.478
19.52,19.52,0.124,0.039,19.602,19.478
19.51,19.51,0.069,0.019,19.565,19.496
19.549,19.549,0.14,0.051,19.623,19.483
19.559,19.56,0.157,0.063,19.64,19.483
19.534,19.534,0.075,0.028,19.566,19.491
19.539,19.539,0.124,0.042,19.612,19.488
19.55,19.55,0.129,0.045,19.621,19.492
19.516,19.516,0.091,0.026,19.59,19.499
19.541,19.541,0.13,0.04,19.633,19.503
19.558,19.558,0.141,0.047,19.636,19.495
19.556,19.556,0.15,0.056,19.637,19.487
19.525,19.525,0.163,0.048,19.641,19.478
19.522,19.522,0.114,0.035,19.592,19.478
19.54,19.54,0.089,0.035,19.571,19.482
19.543,19.543,0.138,0.041,19.619,19.481
19.593,19.593,0.157,0.047,19.659,19.502
19.555,19.555,0.09,0.034,19.6,19.51
19.53,19.53,0.084,0.026,19.576,19.492
19.535,19.535,0.115,0.035,19.609,19.494
19.51,19.511,0.087,0.024,19.577,19.49
19.526,19.526,0.115,0.036,19.591,19.476
19.539,19.539,0.087,0.032,19.583,19.496
19.534,19.534,0.094,0.026,19.599,19.505
19.563,19.564,0.146,0.043,19.637,19.491
19.544,19.544,0.117,0.042,19.608,19.491
19.567,19.567,0.146,0.043,19.65,19.504
19.53,19.53,0.102,0.036,19.582,19.48
19.545,19.545,0.092,0.028,19.584,19.492
19.547,19.547,0.108,0.034,19.596,19.488
19.533,19.533,0.099,0.04,19.591,19.492
19.566,19.566,0.149,0.051,19.641,19.492
19.562,19.562,0.127,0.043,19.637,19.51
19.553,19.553,0.14,0.043,19.63,19.49
19.56,19.56,0.127,0.03,19.635,19.508
19.526,19.526,0.08,0.024,19.573,19.493
19.515,19.515,0.078,0.021,19.555,19.477
19.553,19.553,0.144,0.058,19.645,19.501
19.567,19.567,0.134,0.039,19.645,19.511
19.527,19.527,0.1,0.031,19.587,19.487
19.535,19.535,0.146,0.044,19.639,19.493
19.553,19.553,0.082,0.031,19.585,19.503
19.528,19.528,0.089,0.031,19.585,19.496
19.537,19.537,0.168,0.052,19.647,19.479
19.576,19.576,0.154,0.049,19.653,19.499
19.536,19.536,0.154,0.048,19.638,19.484
19.524,19.524,0.121,0.04,19.595,19.474
19.55,19.55,0.091,0.032,19.595,19.504
19.556,19.556,0.09,0.025,19.599,19.509
19.549,19.549,0.083,0.03,19.586,19.503
19.54,19.54,0.092,0.033,19.571,19.479
19.525,19.525,0.096,0.037,19.584,19.488
19.562,19.562,0.166,0.051,19.657,19.491
19.565,19.565,0.155,0.051,19.657,19.502
19.532,19.532,0.13,0.039,19.627,19.497
19.533,19.533,0.066,0.026,19.575,19.509
19.537,19.537,0.101,0.031,19.589,19.488
19.558,19.558,0.055,0.02,19.576,19.521
19.568,19.569,0.136,0.044,19.648,19.512
19.535,19.535,0.088,0.03,19.58,19.492
19.544,19.544,0.082,0.034,19.574,19.492
19.54,19.54,0.078,0.029,19.582,19.504
19.522,19.522,0.067,0.025,19.563,19.496
19.54,19.54,0.119,0.04,19.587,19.468
19.519,19.519,0.109,0.035,19.577,19.468
19.558,19.558,0.143,0.047,19.639,19.496
19.536,19.536,0.069,0.027,19.572,19.503
19.546,19.546,0.132,0.04,19.628,19.496
19.519,19.519,0.084,0.027,19.572,19.488
19.542,19.542,0.15,0.043,19.636,19.486
19.54,19.54,0.141,0.042,19.639,19.498
19.534,19.534,0.1,0.035,19.586,19.486
19.556,19.556,0.094,0.031,19.59,19.496
19.524,19.525,0.115,0.039,19.609,19.494
19.546,19.546,0.072,0.026,19.573,19.501
19.546,19.546,0.073,0.023,19.577,19.504
19.549,19.549,0.135,0.039,19.632,19.497
19.547,19.547,0.078,0.027,19.575,19.497
19.522,19.522,0.096,0.032,19.578,19.482
19.533,19.533,0.088,0.034,19.583,19.495
19.544,19.544,0.095,0.037,19.587,19.492
19.52,19.52,0.062,0.023,19.552,19.49
19.533,19.533,0.1,0.036,19.583,19.483
19.563,19.563,0.152,0.04,19.654,19.502
19.564,19.564,0.079,0.022,19.582,19.503
19.529,19.529,0.076,0.032,19.564,19.488
19.521,19.521,0.094,0.036,19.574,19.48
19.549,19.549,0.141,0.039,19.635,19.494
19.558,19.558,0.132,0.038,19.635,19.503
19.538,19.539,0.074,0.03,19.576,19.502
19.548,19.548,0.084,0.027,19.586,19.502
19.56,19.56,0.072,0.02,19.584,19.512
19.558,19.558,0.059,0.017,19.583,19.524
19.535,19.535,0.092,0.035,19.572,19.48
19.56,19.56,0.068,0.017,19.584,19.516
19.545,19.546,0.081,0.025,19.58,19.499
19.551,19.551,0.081,0.032,19.592,19.511
19.554,19.554,0.068,0.028,19.58,19.512
19.526,19.526,0.064,0.022,19.568,19.504
19.524,19.524,0.083,0.032,19.573,19.49
19.545,19.545,0.062,0.022,19.566,19.504
19.548,19.548,0.164,0.047,19.659,19.495
19.542,19.542,0.086,0.034,19.58,19.494
19.542,19.542,0.092,0.033,19.586,19.494
19.565,19.565,0.106,0.034,19.605,19.499
19.569,19.569,0.084,0.029,19.599,19.515
19.546,19.546,0.075,0.03,19.586,19.511
19.557,19.557,0.069,0.021,19.58,19.511
19.56,19.56,0.087,0.026,19.602,19.515
19.551,19.551,0.066,0.017,19.581,19.515
19.572,19.572,0.087,0.026,19.636,19.549
19.543,19.543,0.086,0.029,19.583,19.497
19.546,19.547,0.079,0.027,19.578,19.499
19.549,19.549,0.089,0.027,19.574,19.485
19.556,19.556,0.116,0.04,19.601,19.485
19.56,19.56,0.083,0.026,19.59,19.507
19.536,19.536,0.094,0.033,19.6,19.506
19.56,19.56,0.069,0.018,19.588,19.519
19.535,19.535,0.082,0.025,19.583,19.501
19.543,19.543,0.115,0.038,19.602,19.487
19.534,19.534,0.083,0.034,19.578,19.495
19.539,19.539,0.092,0.03,19.589,19.497
19.548,19.548,0.09,0.032,19.59,19.5
19.531,19.531,0.083,0.023,19.584,19.501
19.565,19.565,0.063,0.018,19.586,19.523
19.541,19.541,0.102,0.03,19.586,19.484
19.527,19.527,0.129,0.043,19.586,19.457
19.531,19.531,0.064,0.018,19.579,19.515
19.545,19.545,0.08,0.025,19.579,19.499
19.554,19.554,0.085,0.031,19.582,19.497
19.567,19.567,0.082,0.024,19.598,19.516
19.527,19.527,0.093,0.027,19.575,19.482
19.56,19.56,0.107,0.033,19.603,19.496
19.541,19.541,0.103,0.037,19.583,19.48
19.545,19.545,0.096,0.029,19.576,19.48
19.539,19.539,0.08,0.024,19.581,19.501
19.542,19.542,0.106,0.039,19.581,19.475
19.559,19.559,0.126,0.04,19.601,19.475
19.56,19.56,0.103,0.037,19.604,19.501
19.536,19.536,0.135,0.037,19.594,19.459
19.562,19.562,0.112,0.032,19.622,19.51
19.552,19.552,0.15,0.046,19.598,19.448
19.564,19.564,0.097,0.039,19.593,19.496
19.564,19.564,0.087,0.032,19.596,19.509
19.562,19.562,0.081,0.028,19.595,19.514
19.544,19.544,0.093,0.027,19.595,19.502
19.546,19.547,0.073,0.026,19.582,19.509
19.555,19.555,0.089,0.025,19.598,19.509
19.561,19.561,0.087,0.029,19.592,19.505
19.559,19.559,0.11,0.042,19.597,19.487
19.531,19.531,0.155,0.044,19.583,19.428
19.544,19.544,0.086,0.036,19.582,19.496
19.559,19.559,0.099,0.028,19.598,19.499
19.578,19.578,0.036,0.011,19.598,19.562
19.542,19.542,0.077,0.03,19.581,19.504
19.518,19.518,0.121,0.043,19.561,19.44
19.538,19.538,0.158,0.044,19.599,19.441
19.53,19.531,0.156,0.046,19.582,19.426
19.548,19.548,0.091,0.036,19.587,19.496
19.556,19.556,0.082,0.026,19.586,19.504
19.555,19.555,0.09,0.032,19.594,19.504
19.543,19.543,0.082,0.032,19.575,19.493
19.535,19.535,0.087,0.03,19.575,19.488
19.554,19.554,0.144,0.043,19.585,19.441
19.532,19.532,0.158,0.049,19.585,19.427
19.535,19.535,0.083,0.026,19.582,19.499
19.54,19.54,0.089,0.032,19.581,19.492
19.53,19.53,0.084,0.03,19.572,19.488
19.568,19.568,0.066,0.018,19.586,19.52
19.557,19.557,0.118,0.032,19.599,19.481
19.539,19.539,0.105,0.038,19.586,19.481
19.54,19.54,0.082,0.031,19.578,19.496
19.549,19.549,0.09,0.027,19.585,19.495
19.509,19.509,0.153,0.044,19.568,19.415
19.553,19.553,0.084,0.022,19.591,19.507
19.503,19.503,0.117,0.04,19.564,19.447
19.516,19.516,0.091,0.029,19.566,19.475
19.542,19.542,0.109,0.035,19.584,19.475
19.524,19.524,0.166,0.054,19.597,19.431
19.56,19.56,0.116,0.039,19.597,19.481
19.533,19.533,0.154,0.054,19.605,19.451
19.5,19.5,0.124,0.036,19.55,19.426
19.556,19.557,0.062,0.024,19.586,19.524
19.551,19.551,0.081,0.032,19.589,19.508
19.552,19.552,0.069,0.027,19.583,19.514
19.551,19.551,0.151,0.052,19.588,19.437
19.524,19.525,0.125,0.041,19.594,19.469
19.54,19.54,0.085,0.031,19.58,19.495
19.528,19.528,0.148,0.039,19.58,19.432
19.543,19.543,0.162,0.046,19.594,19.432
19.556,19.556,0.101,0.031,19.607,19.506
19.539,19.539,0.148,0.054,19.583,19.435
19.547,19.547,0.147,0.042,19.585,19.438
19.566,19.566,0.149,0.043,19.599,19.45
19.56,19.56,0.107,0.032,19.601,19.494
19.547,19.547,0.063,0.026,19.577,19.514
19.539,19.539,0.09,0.036,19.584,19.494
19.547,19.547,0.1,0.037,19.594,19.494
19.532,19.532,0.13,0.043,19.576,19.446
19.519,19.519,0.137,0.041,19.583,19.446
19.552,19.552,0.071,0.024,19.576,19.505
19.543,19.543,0.122,0.037,19.593,19.471
19.556,19.557,0.086,0.031,19.588,19.502
19.54,19.541,0.076,0.03,19.58,19.504
19.562,19.562,0.06,0.021,19.579,19.519
19.537,19.537,0.078,0.032,19.577,19.499
19.548,19.548,0.087,0.032,19.587,19.5
19.539,19.539,0.084,0.032,19.574,19.49
19.52,19.52,0.153,0.049,19.586,19.433
19.544,19.544,0.076,0.033,19.577,19.501
19.52,19.52,0.097,0.03,19.58,19.483
19.563,19.563,0.084,0.029,19.588,19.504
19.563,19.563,0.097,0.031,19.596,19.499
19.563,19.563,0.106,0.033,19.591,19.485
19.564,19.564,0.063,0.024,19.59,19.527
19.548,19.548,0.094,0.031,19.588,19.494
19.542,19.542,0.095,0.031,19.59,19.495
19.534,19.534,0.079,0.031,19.574,19.495
19.565,19.565,0.072,0.024,19.593,19.521
19.54,19.54,0.092,0.032,19.589,19.497
19.545,19.545,0.075,0.032,19.582,19.507
19.565,19.566,0.086,0.031,19.593,19.507
19.546,19.546,0.163,0.051,19.594,19.431
19.538,19.538,0.094,0.031,19.588,19.494
19.54,19.54,0.139,0.04,19.588,19.449
19.566,19.566,0.091,0.031,19.598,19.507
19.554,19.554,0.085,0.034,19.598,19.513
19.554,19.554,0.082,0.027,19.583,19.501
19.553,19.553,0.123,0.044,19.615,19.492
19.521,19.521,0.135,0.042,19.584,19.449
19.52,19.52,0.114,0.033,19.564,19.45
19.544,19.544,0.084,0.032,19.586,19.502
19.542,19.542,0.081,0.029,19.582,19.501
19.513,19.513,0.152,0.051,19.58,19.428
19.542,19.542,0.164,0.056,19.598,19.434
19.521,19.521,0.159,0.052,19.592,19.433
19.527,19.527,0.141,0.043,19.592,19.451
19.528,19.528,0.125,0.042,19.593,19.468
19.567,19.567,0.086,0.026,19.594,19.508
19.546,19.546,0.118,0.036,19.585,19.467
19.559,19.559,0.09,0.027,19.59,19.5
19.546,19.547,0.074,0.026,19.578,19.504
19.546,19.546,0.091,0.034,19.595,19.504
19.54,19.54,0.089,0.029,19.58,19.491
19.54,19.54,0.158,0.059,19.586,19.428
19.542,19.542,0.095,0.042,19.591,19.496
19.541,19.541,0.174,0.052,19.604,19.43
19.506,19.506,0.143,0.041,19.577,19.434
19.547,19.547,0.078,0.03,19.577,19.499
19.513,19.513,0.164,0.06,19.588,19.424
19.562,19.562,0.105,0.032,19.617,19.512
19.548,19.548,0.096,0.031,19.576,19.48
19.54,19.54,0.067,0.025,19.572,19.505
19.52,19.52,0.152,0.043,19.57,19.418
19.536,19.536,0.121,0.036,19.577,19.456
19.529,19.529,0.095,0.027,19.585,19.49
19.548,19.548,0.081,0.033,19.587,19.506
19.557,19.557,0.178,0.052,19.596,19.418
19.571,19.571,0.081,0.028,19.599,19.518
19.572,19.572,0.082,0.024,19.602,19.52
19.572,19.572,0.081,0.021,19.601,19.52
19.547,19.547,0.082,0.028,19.589,19.507
19.53,19.53,0.101,0.037,19.583,19.482
19.529,19.529,0.097,0.029,19.578,19.481
19.549,19.549,0.18,0.052,19.639,19.459
19.56,19.56,0.211,0.057,19.639,19.428
19.536,19.536,0.095,0.033,19.599,19.504
19.57,19.57,0.103,0.028,19.599,19.496
19.57,19.57,0.1,0.028,19.609,19.509
19.568,19.568,0.085,0.029,19.598,19.513
19.549,19.549,0.117,0.043,19.591,19.474
19.526,19.526,0.135,0.051,19.591,19.456
19.564,19.564,0.078,0.027,19.6,19.522
19.547,19.548,0.134,0.045,19.58,19.446
19.553,19.553,0.146,0.044,19.596,19.45
19.547,19.547,0.142,0.051,19.592,19.45
19.529,19.529,0.161,0.056,19.586,19.425
19.538,19.538,0.16,0.044,19.585,19.425
19.564,19.564,0.071,0.024,19.593,19.522
19.563,19.564,0.075,0.02,19.593,19.518
19.54,19.54,0.15,0.043,19.584,19.434
19.554,19.554,0.09,0.032,19.589,19.499
19.55,19.551,0.094,0.033,19.588,19.494
19.557,19.557,0.095,0.034,19.589,19.494
19.562,19.562,0.15,0.044,19.598,19.448
19.543,19.543,0.136,0.046,19.582,19.446
19.528,19.529,0.158,0.046,19.573,19.415
19.536,19.537,0.154,0.049,19.585,19.431
19.534,19.534,0.176,0.053,19.596,19.42
19.525,19.525,0.182,0.064,19.616,19.434
19.551,19.551,0.183,0.065,19.616,19.433
19.534,19.534,0.163,0.055,19.596,19.433
19.539,19.539,0.154,0.045,19.596,19.442
19.551,19.551,0.146,0.047,19.593,19.447
19.554,19.554,0.081,0.027,19.593,19.512
19.54,19.541,0.155,0.051,19.601,19.446
19.551,19.551,0.167,0.06,19.606,19.439
19.541,19.541,0.17,0.047,19.599,19.429
19.539,19.539,0.08,0.026,19.587,19.507
19.537,19.537,0.156,0.055,19.604,19.448
19.557,19.557,0.09,0.034,19.604,19.514
19.567,19.567,0.106,0.035,19.599,19.493
19.484,19.484,0.09,0.034,19.54,19.45
19.509,19.509,0.115,0.029,19.573,19.458
19.561,19.561,0.117,0.037,19.593,19.476
19.537,19.537,0.096,0.034,19.589,19.493
19.566,19.566,0.094,0.03,19.597,19.503
19.563,19.563,0.114,0.034,19.589,19.475
19.546,19.546,0.068,0.026,19.588,19.52
19.544,19.544,0.103,0.036,19.602,19.499
19.553,19.553,0.101,0.029,19.602,19.501
19.555,19.555,0.169,0.051,19.614,19.445
19.568,19.568,0.075,0.028,19.599,19.524
19.556,19.556,0.08,0.027,19.582,19.502
19.555,19.555,0.104,0.039,19.604,19.5
19.551,19.551,0.084,0.033,19.597,19.513
19.554,19.554,0.089,0.032,19.607,19.518
19.548,19.548,0.094,0.034,19.587,19.493
19.551,19.551,0.102,0.035,19.602,19.5
19.521,19.521,0.118,0.037,19.584,19.466
19.526,19.526,0.17,0.059,19.596,19.426
19.56,19.56,0.093,0.03,19.586,19.493
19.559,19.559,0.166,0.048,19.618,19.452
19.557,19.557,0.101,0.027,19.594,19.493
19.543,19.543,0.074,0.027,19.581,19.507
19.525,19.525,0.168,0.047,19.615,19.447
19.526,19.526,0.075,0.027,19.567,19.492
19.54,19.54,0.081,0.029,19.579,19.498
19.558,19.558,0.096,0.027,19.59,19.494
19.536,19.536,0.114,0.04,19.584,19.47
19.53,19.53,0.166,0.052,19.601,19.435
19.529,19.529,0.146,0.043,19.581,19.435
19.54,19.54,0.122,0.044,19.588,19.466
19.565,19.565,0.083,0.027,19.591,19.508
19.561,19.561,0.091,0.029,19.592,19.501
19.546,19.546,0.1,0.037,19.594,19.494
19.539,19.539,0.078,0.024,19.583,19.505
19.524,19.524,0.136,0.039,19.583,19.447
19.533,19.533,0.104,0.041,19.587,19.483
19.544,19.544,0.105,0.036,19.58,19.475
19.535,19.535,0.099,0.037,19.574,19.475
19.536,19.536,0.096,0.031,19.593,19.497
19.541,19.541,0.109,0.033,19.593,19.484
19.571,19.571,0.119,0.039,19.603,19.484
19.563,19.563,0.069,0.023,19.589,19.52
19.542,19.542,0.107,0.034,19.599,19.492
19.529,19.529,0.129,0.037,19.593,19.464
19.546,19.546,0.074,0.027,19.58,19.506
19.538,19.538,0.081,0.031,19.572,19.491
19.542,19.542,0.093,0.034,19.582,19.489
19.539,19.539,0.088,0.033,19.568,19.48
19.513,19.513,0.146,0.041,19.562,19.416
19.522,19.522,0.093,0.033,19.578,19.485
19.546,19.546,0.078,0.03,19.578,19.5
19.561,19.561,0.099,0.031,19.6,19.501
19.544,19.544,0.09,0.036,19.586,19.496
19.541,19.541,0.097,0.034,19.573,19.476
19.551,19.551,0.124,0.04,19.602,19.478
19.545,19.545,0.138,0.049,19.602,19.464
19.548,19.549,0.104,0.035,19.603,19.499
19.538,19.538,0.07,0.028,19.57,19.5
19.54,19.54,0.076,0.03,19.575,19.499
19.565,19.565,0.121,0.042,19.641,19.52
19.552,19.552,0.102,0.027,19.585,19.483
19.572,19.572,0.135,0.035,19.636,19.501
19.555,19.555,0.092,0.024,19.589,19.497
19.552,19.552,0.083,0.025,19.592,19.509
19.548,19.548,0.101,0.03,19.592,19.491
19.516,19.516,0.113,0.036,19.579,19.466
19.553,19.553,0.066,0.024,19.582,19.516
19.557,19.557,0.12,0.032,19.636,19.516
19.523,19.523,0.074,0.027,19.559,19.485
19.53,19.53,0.107,0.039,19.6,19.493
19.533,19.533,0.077,0.029,19.57,19.493
19.541,19.541,0.097,0.033,19.583,19.486
19.558,19.558,0.121,0.031,19.617,19.496
19.531,19.531,0.081,0.031,19.573,19.492
19.519,19.519,0.081,0.03,19.57,19.489
19.519,19.519,0.123,0.039,19.592,19.469
19.528,19.528,0.144,0.043,19.633,19.489
19.522,19.522,0.092,0.032,19.576,19.484
19.536,19.536,0.101,0.037,19.586,19.485
19.527,19.527,0.119,0.041,19.58,19.461
19.542,19.542,0.154,0.039,19.625,19.471
19.533,19.533,0.1,0.032,19.565,19.465
19.561,19.561,0.139,0.049,19.631,19.492
19.527,19.527,0.086,0.03,19.563,19.477
19.536,19.536,0.092,0.034,19.576,19.484
19.535,19.535,0.154,0.047,19.639,19.485
19.532,19.532,0.072,0.024,19.564,19.492
19.536,19.536,0.138,0.044,19.611,19.473
19.552,19.552,0.147,0.04,19.624,19.477
19.512,19.512,0.101,0.041,19.572,19.471
19.547,19.547,0.165,0.044,19.648,19.483
19.513,19.513,0.102,0.038,19.575,19.473
19.526,19.526,0.149,0.042,19.617,19.468
19.541,19.541,0.094,0.027,19.598,19.504
19.574,19.575,0.144,0.038,19.653,19.509
19.533,19.533,0.158,0.044,19.651,19.493
19.526,19.526,0.063,0.022,19.567,19.504
19.547,19.547,0.145,0.048,19.631,19.486
19.532,19.532,0.081,0.028,19.573,19.492
19.515,19.515,0.071,0.025,19.555,19.484
19.547,19.547,0.12,0.037,19.612,19.492
19.532,19.533,0.071,0.027,19.565,19.494
19.544,19.544,0.108,0.033,19.6,19.492
19.513,19.513,0.073,0.024,19.555,19.482
19.529,19.529,0.09,0.035,19.572,19.482
19.543,19.543,0.111,0.033,19.588,19.477
19.561,19.561,0.158,0.054,19.653,19.495
19.525,19.525,0.105,0.034,19.584,19.479
19.533,19.533,0.097,0.028,19.576,19.479
19.523,19.523,0.092,0.031,19.571,19.479
19.495,19.495,0.024,0.008,19.505,19.481
19.543,19.543,0.115,0.042,19.614,19.499
19.531,19.531,0.08,0.024,19.573,19.493
19.497,19.497,0.053,0.015,19.541,19.488
19.519,19.519,0.101,0.036,19.584,19.483
19.546,19.546,0.143,0.043,19.636,19.493
19.526,19.526,0.082,0.032,19.573,19.491
19.543,19.543,0.102,0.035,19.592,19.49
19.533,19.534,0.077,0.029,19.579,19.502
19.535,19.535,0.095,0.034,19.579,19.484
19.543,19.543,0.14,0.055,19.624,19.484
19.596,19.596,0.153,0.049,19.652,19.499
19.539,19.539,0.138,0.044,19.625,19.487
19.567,19.567,0.158,0.053,19.646,19.488
19.55,19.55,0.146,0.042,19.646,19.5
19.52,19.52,0.085,0.03,19.562,19.477
19.542,19.542,0.078,0.025,19.58,19.502
19.579,19.579,0.143,0.044,19.642,19.499
19.554,19.554,0.155,0.053,19.642,19.487
19.538,19.538,0.073,0.026,19.57,19.497
19.527,19.527,0.082,0.027,19.581,19.499
19.534,19.535,0.077,0.03,19.571,19.494
19.558,19.558,0.134,0.045,19.629,19.495
19.58,19.58,0.151,0.041,19.655,19.504
19.555,19.555,0.14,0.039,19.648,19.508
19.541,19.541,0.117,0.038,19.588,19.471
19.54,19.54,0.097,0.036,19.586,19.489
19.563,19.563,0.164,0.054,19.648,19.484
19.55,19.551,0.082,0.029,19.586,19.504
19.557,19.557,0.095,0.039,19.601,19.506
19.535,19.535,0.155,0.047,19.655,19.5
19.529,19.529,0.113,0.04,19.601,19.488
19.561,19.561,0.161,0.059,19.639,19.478
19.528,19.528,0.111,0.039,19.589,19.478
19.534,19.534,0.146,0.044,19.639,19.493
19.521,19.521,0.065,0.023,19.56,19.495
19.55,19.55,0.154,0.041,19.638,19.484
19.534,19.534,0.071,0.026,19.577,19.506
19.545,19.545,0.142,0.04,19.648,19.506
19.524,19.524,0.112,0.031,19.592,19.48
19.568,19.568,0.132,0.037,19.644,19.512
19.568,19.569,0.167,0.066,19.653,19.486
19.546,19.546,0.094,0.032,19.582,19.488
19.552,19.552,0.159,0.056,19.647,19.488
19.535,19.535,0.092,0.036,19.573,19.481
19.539,19.539,0.092,0.034,19.591,19.499
19.554,19.554,0.09,0.025,19.579,19.489
19.567,19.567,0.151,0.048,19.651,19.5
19.541,19.541,0.146,0.04,19.638,19.492
19.564,19.564,0.153,0.047,19.645,19.492
19.553,19.553,0.135,0.043,19.64,19.505
19.527,19.527,0.098,0.035,19.584,19.486
19.569,19.569,0.158,0.048,19.639,19.481
19.551,19.551,0.159,0.042,19.645,19.486
19.525,19.525,0.089,0.035,19.574,19.485
19.545,19.545,0.103,0.038,19.583,19.48
19.533,19.533,0.071,0.026,19.573,19.502
19.551,19.551,0.11,0.035,19.62,19.51
19.553,19.553,0.163,0.061,19.658,19.495
19.561,19.561,0.119,0.034,19.62,19.501
19.567,19.567,0.13,0.033,19.644,19.514
19.542,19.542,0.089,0.033,19.587,19.498
19.524,19.524,0.07,0.023,19.568,19.498
19.568,19.568,0.147,0.051,19.646,19.499
19.576,19.576,0.1,0.024,19.612,19.512
19.541,19.541,0.082,0.032,19.572,19.49
19.554,19.554,0.076,0.029,19.591,19.515
19.537,19.537,0.1,0.039,19.588,19.488
19.564,19.564,0.107,0.038,19.597,19.49
19.551,19.551,0.093,0.035,19.582,19.489
19.53,19.53,0.111,0.038,19.584,19.473
19.541,19.541,0.104,0.036,19.589,19.485
19.526,19.526,0.121,0.047,19.589,19.468
19.502,19.502,0.107,0.037,19.576,19.469
19.494,19.494,0.107,0.028,19.569,19.462
19.514,19.514,0.112,0.037,19.582,19.47
19.512,19.512,0.111,0.039,19.582,19.471
19.529,19.529,0.093,0.035,19.567,19.474
19.498,19.498,0.064,0.021,19.541,19.477
19.546,19.546,0.14,0.039,19.625,19.485
19.528,19.528,0.093,0.034,19.58,19.487
19.533,19.533,0.144,0.052,19.627,19.483
19.5,19.5,0.071,0.021,19.545,19.474
19.514,19.514,0.1,0.036,19.571,19.471
19.522,19.522,0.092,0.037,19.576,19.484
19.535,19.535,0.148,0.054,19.624,19.476
19.519,19.519,0.165,0.056,19.634,19.469
19.533,19.533,0.158,0.062,19.634,19.476
19.509,19.509,0.145,0.048,19.607,19.462
19.514,19.515,0.107,0.037,19.575,19.468
19.503,19.503,0.086,0.031,19.551,19.465
19.527,19.527,0.108,0.037,19.582,19.474
19.538,19.538,0.117,0.04,19.609,19.492
19.561,19.561,0.138,0.049,19.626,19.488
19.524,19.524,0.122,0.044,19.583,19.461
19.506,19.507,0.08,0.023,19.554,19.474
19.502,19.502,0.094,0.03,19.565,19.471
19.541,19.541,0.181,0.062,19.654,19.473
19.515,19.516,0.146,0.044,19.614,19.468
19.521,19.521,0.142,0.045,19.621,19.479
19.523,19.523,0.093,0.036,19.568,19.475
19.511,19.511,0.083,0.032,19.565,19.482
19.498,19.498,0.073,0.019,19.548,19.475
19.525,19.525,0.14,0.049,19.608,19.468
19.517,19.517,0.118,0.039,19.592,19.474
19.502,19.502,0.116,0.037,19.58,19.464
19.528,19.528,0.169,0.061,19.635,19.466
19.513,19.513,0.13,0.038,19.607,19.477
19.496,19.496,0.05,0.02,19.525,19.475
19.501,19.501,0.077,0.024,19.543,19.466
19.542,19.543,0.168,0.067,19.652,19.484
19.53,19.53,0.14,0.042,19.631,19.491
19.495,19.495,0.085,0.028,19.542,19.457
19.532,19.532,0.115,0.046,19.582,19.467
19.518,19.518,0.086,0.034,19.576,19.49
19.521,19.521,0.114,0.043,19.596,19.482
19.53,19.53,0.147,0.049,19.622,19.475
19.502,19.502,0.069,0.022,19.554,19.485
19.518,19.518,0.093,0.03,19.566,19.473
19.511,19.511,0.104,0.037,19.577,19.473
19.542,19.542,0.096,0.03,19.587,19.491
19.532,19.532,0.149,0.047,19.638,19.489
19.554,19.554,0.135,0.056,19.631,19.496
19.528,19.528,0.079,0.03,19.57,19.491
19.519,19.519,0.081,0.028,19.557,19.476
19.514,19.514,0.089,0.027,19.576,19.487
19.515,19.516,0.105,0.035,19.591,19.486
19.509,19.509,0.112,0.037,19.594,19.482
19.52,19.52,0.107,0.033,19.588,19.481
19.504,19.505,0.094,0.03,19.575,19.481
19.513,19.513,0.093,0.03,19.58,19.487
19.525,19.525,0.102,0.039,19.589,19.487
19.498,19.499,0.08,0.022,19.558,19.478
19.518,19.518,0.054,0.019,19.549,19.495
19.506,19.506,0.087,0.029,19.553,19.466
19.521,19.521,0.098,0.04,19.569,19.471
19.557,19.557,0.079,0.027,19.594,19.515
19.533,19.533,0.083,0.028,19.576,19.493
19.547,19.547,0.099,0.036,19.596,19.497
19.533,19.533,0.075,0.027,19.583,19.508
19.542,19.542,0.092,0.033,19.597,19.505
19.548,19.549,0.085,0.028,19.591,19.506
19.546,19.546,0.11,0.036,19.604,19.494
19.527,19.527,0.079,0.025,19.581,19.502
19.544,19.544,0.089,0.029,19.59,19.501
19.539,19.539,0.106,0.036,19.594,19.488
19.529,19.529,0.061,0.017,19.559,19.498
19.538,19.538,0.088,0.031,19.585,19.497
19.53,19.53,0.082,0.032,19.567,19.485
19.554,19.554,0.086,0.028,19.584,19.498
19.536,19.536,0.103,0.034,19.586,19.483
19.544,19.544,0.074,0.03,19.567,19.493
19.544,19.544,0.096,0.038,19.598,19.502
19.557,19.557,0.083,0.032,19.582,19.499
19.528,19.528,0.081,0.029,19.574,19.493
19.539,19.539,0.077,0.028,19.582,19.505
19.55,19.55,0.067,0.024,19.576,19.509
19.519,19.519,0.107,0.039,19.574,19.467
19.544,19.544,0.09,0.035,19.579,19.489
19.531,19.531,0.114,0.04,19.597,19.483
19.528,19.528,0.07,0.029,19.571,19.501
19.558,19.558,0.13,0.039,19.635,19.505
19.558,19.558,0.083,0.026,19.598,19.515
19.546,19.546,0.086,0.022,19.572,19.486
19.536,19.536,0.09,0.034,19.567,19.477
19.541,19.541,0.091,0.03,19.581,19.49
19.554,19.554,0.161,0.047,19.646,19.485
19.544,19.544,0.143,0.046,19.634,19.491
19.551,19.551,0.126,0.037,19.634,19.508
19.515,19.515,0.073,0.025,19.565,19.492
19.548,19.548,0.087,0.027,19.582,19.495
19.526,19.526,0.094,0.032,19.57,19.476
19.543,19.543,0.103,0.03,19.601,19.498
19.547,19.547,0.053,0.016,19.563,19.51
19.514,19.514,0.101,0.033,19.572,19.471
19.524,19.524,0.074,0.028,19.567,19.493
19.53,19.53,0.132,0.038,19.629,19.497
19.54,19.54,0.09,0.033,19.586,19.496
19.528,19.528,0.083,0.033,19.573,19.49
19.533,19.533,0.094,0.032,19.571,19.477
19.525,19.525,0.091,0.031,19.57,19.479
19.54,19.54,0.1,0.038,19.577,19.477
19.51,19.511,0.078,0.021,19.555,19.477
19.522,19.522,0.118,0.042,19.595,19.477
19.552,19.553,0.117,0.03,19.587,19.47
19.54,19.54,0.097,0.036,19.587,19.49
19.527,19.527,0.09,0.032,19.568,19.478
19.505,19.505,0.121,0.028,19.568,19.447
19.517,19.517,0.077,0.029,19.565,19.488
19.499,19.499,0.133,0.047,19.558,19.425
19.496,19.496,0.133,0.037,19.585,19.452
19.531,19.531,0.116,0.034,19.599,19.483
19.512,19.512,0.055,0.018,19.534,19.479
19.52,19.52,0.088,0.029,19.567,19.479
19.504,19.504,0.028,0.009,19.519,19.491
19.554,19.554,0.085,0.026,19.577,19.492
19.542,19.542,0.075,0.023,19.579,19.504
19.534,19.534,0.088,0.028,19.568,19.48
19.53,19.53,0.132,0.04,19.585,19.453
19.525,19.525,0.147,0.05,19.585,19.438
19.539,19.539,0.113,0.037,19.604,19.491
19.518,19.518,0.125,0.03,19.589,19.464
19.545,19.546,0.098,0.035,19.589,19.491
19.525,19.525,0.065,0.023,19.562,19.497
19.528,19.528,0.051,0.017,19.561,19.51
19.519,19.519,0.065,0.021,19.564,19.499
19.525,19.525,0.071,0.028,19.569,19.498
19.528,19.528,0.071,0.021,19.568,19.497
19.518,19.518,0.133,0.033,19.581,19.448
19.535,19.535,0.07,0.028,19.575,19.505
19.548,19.548,0.1,0.029,19.583,19.483
19.527,19.527,0.109,0.039,19.593,19.484
19.513,19.513,0.058,0.018,19.55,19.492
19.516,19.516,0.045,0.013,19.54,19.495
19.508,19.509,0.064,0.017,19.545,19.481
19.522,19.522,0.057,0.018,19.562,19.505
19.528,19.528,0.12,0.036,19.623,19.503
19.518,19.518,0.098,0.026,19.559,19.461
19.533,19.533,0.066,0.023,19.566,19.5
19.556,19.556,0.091,0.031,19.596,19.505
19.517,19.517,0.06,0.022,19.555,19.495
19.516,19.516,0.096,0.028,19.579,19.483
19.521,19.521,0.123,0.034,19.577,19.454
19.536,19.537,0.143,0.036,19.594,19.451
19.534,19.534,0.089,0.025,19.587,19.498
19.507,19.507,0.153,0.05,19.571,19.418
19.513,19.513,0.174,0.059,19.596,19.422
19.535,19.535,0.147,0.05,19.59,19.443
19.526,19.526,0.103,0.029,19.568,19.465
19.526,19.527,0.15,0.056,19.593,19.443
19.56,19.56,0.089,0.033,19.593,19.504
19.529,19.529,0.09,0.029,19.58,19.49
19.501,19.501,0.164,0.049,19.584,19.42
19.53,19.53,0.145,0.055,19.58,19.435
19.525,19.525,0.15,0.042,19.584,19.434
19.524,19.524,0.147,0.043,19.581,19.434
19.516,19.517,0.139,0.06,19.572,19.433
19.497,19.497,0.163,0.061,19.586,19.423
19.536,19.537,0.159,0.048,19.582,19.423
19.504,19.504,0.124,0.037,19.561,19.437
19.53,19.53,0.148,0.046,19.586,19.438
19.535,19.535,0.155,0.051,19.583,19.428
19.516,19.516,0.135,0.037,19.562,19.427
19.53,19.53,0.099,0.034,19.571,19.472
19.496,19.496,0.175,0.044,19.579,19.404
19.51,19.51,0.092,0.031,19.579,19.487
19.552,19.552,0.103,0.036,19.586,19.483
19.508,19.508,0.142,0.036,19.571,19.429
19.485,19.485,0.164,0.051,19.577,19.413
19.534,19.534,0.173,0.051,19.602,19.429
19.555,19.555,0.104,0.031,19.602,19.498
19.539,19.539,0.102,0.032,19.602,19.5
19.525,19.525,0.152,0.045,19.586,19.434
19.501,19.501,0.142,0.052,19.574,19.432
19.502,19.502,0.149,0.048,19.581,19.432
19.51,19.511,0.118,0.035,19.573,19.455
19.486,19.486,0.176,0.046,19.601,19.425
19.543,19.543,0.13,0.043,19.601,19.471
19.544,19.544,0.106,0.034,19.594,19.488
19.549,19.549,0.128,0.049,19.607,19.479
19.528,19.528,0.141,0.047,19.599,19.458
19.494,19.494,0.173,0.056,19.595,19.422
19.499,19.499,0.151,0.058,19.586,19.435
19.519,19.519,0.141,0.035,19.586,19.445
19.527,19.527,0.132,0.044,19.581,19.449
19.521,19.521,0.138,0.039,19.592,19.454
19.51,19.51,0.118,0.028,19.559,19.441
19.528,19.528,0.137,0.05,19.581,19.444
19.541,19.541,0.15,0.047,19.592,19.442
19.507,19.507,0.151,0.035,19.588,19.437
19.521,19.521,0.145,0.045,19.582,19.437
19.502,19.502,0.16,0.066,19.578,19.418
19.489,19.489,0.166,0.043,19.584,19.418
19.478,19.478,0.18,0.062,19.574,19.394
19.512,19.512,0.191,0.053,19.597,19.406
19.501,19.501,0.152,0.043,19.552,19.4
19.491,19.491,0.131,0.042,19.558,19.427
19.522,19.522,0.107,0.034,19.571,19.464
19.542,19.542,0.125,0.038,19.581,19.456
19.543,19.543,0.092,0.031,19.581,19.489
19.53,19.53,0.094,0.033,19.571,19.477
19.519,19.519,0.084,0.03,19.555,19.471
19.506,19.506,0.16,0.047,19.573,19.413
19.518,19.518,0.066,0.028,19.557,19.491
19.536,19.536,0.084,0.028,19.571,19.487
