mean,RMS,ptp,std,max,min
23.244,23.244,0.108,0.034,23.317,23.209
23.261,23.261,0.123,0.042,23.332,23.209
23.236,23.236,0.037,0.012,23.257,23.22
23.256,23.256,0.089,0.027,23.318,23.229
23.258,23.258,0.106,0.03,23.337,23.231
23.245,23.245,0.035,0.013,23.264,23.229
23.262,23.263,0.124,0.042,23.346,23.222
23.263,23.263,0.1,0.034,23.329,23.229
23.266,23.266,0.134,0.044,23.361,23.227
23.255,23.255,0.091,0.025,23.319,23.228
23.264,23.264,0.127,0.044,23.355,23.228
23.266,23.266,0.125,0.036,23.347,23.222
23.289,23.289,0.11,0.043,23.35,23.24
23.257,23.257,0.117,0.033,23.35,23.233
23.255,23.255,0.102,0.027,23.333,23.231
23.256,23.256,0.096,0.026,23.327,23.231
23.271,23.271,0.096,0.034,23.335,23.239
23.273,23.273,0.104,0.035,23.334,23.23
23.284,23.285,0.125,0.044,23.354,23.229
23.268,23.268,0.112,0.029,23.351,23.239
23.275,23.275,0.094,0.032,23.338,23.244
23.263,23.263,0.099,0.026,23.335,23.236
23.288,23.288,0.087,0.028,23.351,23.264
23.294,23.294,0.112,0.04,23.362,23.25
23.292,23.292,0.105,0.038,23.362,23.257
23.298,23.298,0.114,0.04,23.359,23.245
23.313,23.313,0.098,0.038,23.355,23.257
23.308,23.308,0.106,0.042,23.369,23.263
23.28,23.281,0.096,0.027,23.358,23.262
23.296,23.296,0.108,0.039,23.373,23.265
23.335,23.335,0.104,0.037,23.373,23.269
23.29,23.29,0.128,0.039,23.382,23.254
23.292,23.292,0.088,0.026,23.355,23.267
23.318,23.318,0.089,0.039,23.37,23.281
23.33,23.33,0.126,0.044,23.398,23.272
23.328,23.328,0.106,0.033,23.394,23.288
23.333,23.333,0.105,0.043,23.394,23.289
23.312,23.312,0.103,0.034,23.383,23.28
23.327,23.327,0.134,0.039,23.401,23.267
23.329,23.329,0.116,0.043,23.402,23.286
23.331,23.331,0.096,0.036,23.391,23.295
23.339,23.339,0.123,0.043,23.4,23.277
23.315,23.315,0.096,0.027,23.385,23.289
23.327,23.327,0.136,0.046,23.415,23.279
23.309,23.309,0.112,0.03,23.391,23.279
23.327,23.327,0.101,0.035,23.397,23.296
23.343,23.343,0.098,0.035,23.406,23.308
23.349,23.349,0.107,0.037,23.423,23.316
23.342,23.342,0.089,0.03,23.404,23.315
23.319,23.32,0.046,0.014,23.341,23.295
23.337,23.337,0.095,0.031,23.396,23.301
23.334,23.334,0.102,0.028,23.412,23.31
23.339,23.339,0.069,0.02,23.381,23.312
23.337,23.337,0.113,0.037,23.408,23.295
23.362,23.362,0.107,0.041,23.423,23.316
23.345,23.345,0.096,0.025,23.409,23.313
23.355,23.355,0.115,0.038,23.428,23.313
23.368,23.368,0.136,0.045,23.437,23.301
23.363,23.363,0.132,0.047,23.441,23.309
23.34,23.34,0.122,0.032,23.432,23.31
23.351,23.351,0.106,0.037,23.426,23.32
23.365,23.365,0.11,0.047,23.426,23.316
23.388,23.388,0.103,0.042,23.434,23.331
23.358,23.358,0.121,0.037,23.442,23.321
23.369,23.369,0.095,0.034,23.428,23.333
23.354,23.354,0.103,0.033,23.428,23.325
23.37,23.37,0.123,0.043,23.46,23.337
23.353,23.353,0.107,0.029,23.431,23.324
23.358,23.358,0.101,0.027,23.429,23.328
23.374,23.374,0.083,0.028,23.428,23.345
23.382,23.382,0.133,0.036,23.483,23.35
23.403,23.403,0.119,0.042,23.475,23.356
23.373,23.373,0.078,0.021,23.434,23.356
23.379,23.379,0.13,0.042,23.465,23.335
23.389,23.389,0.144,0.045,23.484,23.34
23.394,23.394,0.094,0.034,23.463,23.369
23.38,23.38,0.107,0.029,23.446,23.339
23.369,23.369,0.073,0.02,23.423,23.35
23.38,23.38,0.066,0.019,23.423,23.357
23.382,23.382,0.113,0.035,23.463,23.35
23.386,23.386,0.096,0.032,23.452,23.356
23.382,23.382,0.101,0.028,23.457,23.356
23.398,23.398,0.11,0.039,23.469,23.359
23.381,23.381,0.104,0.028,23.456,23.352
23.377,23.377,0.1,0.026,23.448,23.348
23.372,23.372,0.095,0.025,23.438,23.343
23.388,23.388,0.097,0.034,23.449,23.352
23.4,23.4,0.105,0.039,23.463,23.358
23.389,23.389,0.12,0.038,23.461,23.341
23.38,23.38,0.112,0.035,23.453,23.341
23.39,23.39,0.094,0.029,23.448,23.354
23.402,23.402,0.119,0.039,23.465,23.346
23.398,23.398,0.108,0.042,23.462,23.354
23.389,23.389,0.121,0.043,23.475,23.354
23.397,23.397,0.114,0.038,23.475,23.361
23.38,23.38,0.031,0.009,23.395,23.364
23.447,23.447,0.103,0.039,23.49,23.387
23.405,23.405,0.108,0.037,23.47,23.362
23.372,23.372,0.04,0.011,23.396,23.356
23.404,23.404,0.104,0.036,23.465,23.361
23.405,23.405,0.125,0.037,23.489,23.364
23.382,23.382,0.046,0.016,23.409,23.363
23.397,23.397,0.117,0.038,23.472,23.355
23.41,23.41,0.127,0.043,23.488,23.361
23.38,23.38,0.079,0.023,23.44,23.361
23.387,23.387,0.124,0.038,23.477,23.353
23.387,23.388,0.126,0.042,23.47,23.344
23.383,23.383,0.104,0.034,23.449,23.345
23.378,23.378,0.117,0.032,23.469,23.352
23.379,23.379,0.111,0.031,23.456,23.345
23.379,23.379,0.1,0.028,23.454,23.354
23.379,23.379,0.094,0.026,23.439,23.345
23.382,23.382,0.111,0.03,23.466,23.355
23.377,23.377,0.112,0.03,23.463,23.351
23.367,23.367,0.084,0.022,23.425,23.341
23.357,23.358,0.031,0.01,23.374,23.343
23.37,23.37,0.108,0.04,23.443,23.335
23.359,23.359,0.127,0.035,23.458,23.331
23.372,23.372,0.086,0.024,23.441,23.355
23.376,23.376,0.104,0.036,23.449,23.345
23.354,23.355,0.037,0.01,23.373,23.336
23.361,23.361,0.116,0.037,23.448,23.332
23.36,23.361,0.108,0.029,23.441,23.333
23.348,23.348,0.072,0.019,23.399,23.327
23.352,23.352,0.1,0.033,23.422,23.322
23.343,23.343,0.026,0.009,23.357,23.331
23.355,23.355,0.101,0.025,23.424,23.323
23.346,23.346,0.1,0.027,23.419,23.319
23.354,23.354,0.113,0.035,23.435,23.322
23.344,23.344,0.089,0.024,23.411,23.322
23.331,23.331,0.029,0.009,23.341,23.312
23.348,23.348,0.111,0.03,23.428,23.317
23.334,23.334,0.09,0.023,23.394,23.304
23.332,23.333,0.102,0.026,23.406,23.304
23.346,23.347,0.092,0.029,23.407,23.315
23.33,23.33,0.022,0.007,23.338,23.316
23.338,23.338,0.102,0.027,23.41,23.308
23.338,23.338,0.065,0.02,23.373,23.308
23.335,23.335,0.092,0.029,23.401,23.309
23.329,23.329,0.096,0.026,23.401,23.305
23.332,23.332,0.062,0.017,23.37,23.308
23.352,23.352,0.112,0.039,23.435,23.323
23.327,23.327,0.035,0.01,23.341,23.306
23.336,23.336,0.062,0.017,23.378,23.316
23.328,23.328,0.079,0.021,23.373,23.294
23.353,23.353,0.125,0.051,23.437,23.312
23.322,23.322,0.055,0.017,23.354,23.299
23.343,23.343,0.115,0.04,23.414,23.299
23.335,23.335,0.111,0.031,23.421,23.31
23.328,23.328,0.031,0.01,23.345,23.314
23.334,23.334,0.123,0.033,23.427,23.304
23.337,23.337,0.115,0.032,23.427,23.312
23.342,23.342,0.108,0.028,23.418,23.31
23.328,23.328,0.049,0.014,23.354,23.305
23.328,23.328,0.116,0.031,23.414,23.298
23.332,23.333,0.101,0.025,23.395,23.294
23.322,23.322,0.038,0.011,23.343,23.305
23.334,23.334,0.117,0.042,23.414,23.297
23.318,23.318,0.041,0.014,23.338,23.297
23.316,23.316,0.037,0.01,23.331,23.294
23.318,23.318,0.053,0.015,23.342,23.289
23.345,23.345,0.1,0.039,23.404,23.304
23.328,23.328,0.106,0.031,23.399,23.293
23.322,23.322,0.041,0.012,23.338,23.297
23.312,23.313,0.029,0.01,23.322,23.293
23.316,23.316,0.057,0.016,23.349,23.292
23.334,23.334,0.117,0.037,23.413,23.296
23.322,23.322,0.116,0.03,23.403,23.287
23.312,23.313,0.052,0.019,23.339,23.287
23.312,23.312,0.054,0.017,23.331,23.277
23.33,23.33,0.111,0.038,23.404,23.293
23.33,23.33,0.136,0.037,23.435,23.299
23.333,23.333,0.095,0.026,23.407,23.312
23.312,23.312,0.035,0.01,23.333,23.298
23.3,23.3,0.035,0.013,23.315,23.28
23.305,23.305,0.053,0.015,23.325,23.272
23.33,23.33,0.105,0.03,23.391,23.286
23.32,23.32,0.096,0.023,23.382,23.286
23.314,23.314,0.041,0.013,23.331,23.29
23.318,23.318,0.079,0.021,23.367,23.288
23.317,23.317,0.106,0.037,23.394,23.288
23.316,23.316,0.115,0.038,23.392,23.277
23.318,23.318,0.097,0.026,23.391,23.294
23.318,23.318,0.088,0.024,23.38,23.292
23.326,23.326,0.086,0.029,23.382,23.296
23.309,23.309,0.07,0.02,23.357,23.287
23.304,23.304,0.043,0.013,23.332,23.289
23.31,23.31,0.101,0.028,23.385,23.284
23.305,23.305,0.039,0.013,23.326,23.287
23.305,23.305,0.04,0.011,23.328,23.288
23.285,23.285,0.061,0.015,23.311,23.25
23.307,23.307,0.104,0.029,23.379,23.275
23.313,23.313,0.099,0.027,23.388,23.289
23.317,23.317,0.104,0.032,23.383,23.279
23.313,23.313,0.111,0.037,23.39,23.279
23.323,23.323,0.124,0.048,23.403,23.279
23.304,23.305,0.032,0.009,23.319,23.287
23.307,23.307,0.101,0.028,23.388,23.287
23.316,23.316,0.107,0.028,23.388,23.281
23.325,23.325,0.127,0.035,23.408,23.281
23.315,23.315,0.107,0.029,23.392,23.285
23.306,23.307,0.057,0.015,23.342,23.285
23.311,23.311,0.077,0.022,23.37,23.293
23.333,23.333,0.128,0.039,23.412,23.284
23.331,23.331,0.12,0.042,23.416,23.296
23.33,23.33,0.137,0.051,23.416,23.279
23.308,23.308,0.043,0.012,23.328,23.285
23.322,23.322,0.118,0.042,23.391,23.273
23.334,23.334,0.107,0.038,23.391,23.284
23.331,23.331,0.108,0.034,23.389,23.281
23.323,23.323,0.128,0.041,23.392,23.264
23.321,23.321,0.102,0.035,23.398,23.296
23.308,23.308,0.106,0.029,23.39,23.284
23.31,23.31,0.081,0.022,23.367,23.286
23.312,23.312,0.102,0.028,23.391,23.289
23.308,23.308,0.079,0.021,23.362,23.283
23.304,23.304,0.104,0.027,23.377,23.273
23.31,23.31,0.104,0.026,23.372,23.268
23.32,23.32,0.102,0.032,23.393,23.291
23.321,23.321,0.112,0.036,23.387,23.275
23.331,23.331,0.105,0.039,23.399,23.294
23.329,23.329,0.122,0.042,23.396,23.274
23.302,23.302,0.026,0.008,23.315,23.289
23.308,23.308,0.121,0.033,23.401,23.28
23.321,23.321,0.101,0.033,23.386,23.285
23.302,23.302,0.037,0.012,23.323,23.286
23.3,23.3,0.042,0.014,23.319,23.277
23.332,23.332,0.094,0.038,23.394,23.3
23.302,23.302,0.026,0.006,23.313,23.287
23.333,23.333,0.099,0.036,23.396,23.297
23.325,23.325,0.121,0.04,23.413,23.292
23.334,23.334,0.11,0.042,23.405,23.295
23.327,23.327,0.111,0.038,23.403,23.292
23.32,23.32,0.106,0.035,23.392,23.286
23.348,23.349,0.117,0.045,23.413,23.296
23.315,23.315,0.128,0.039,23.39,23.262
23.316,23.316,0.141,0.041,23.403,23.262
23.321,23.321,0.096,0.028,23.395,23.299
23.33,23.33,0.125,0.037,23.403,23.278
23.315,23.315,0.128,0.033,23.403,23.275
23.355,23.355,0.109,0.043,23.409,23.3
23.321,23.321,0.042,0.01,23.34,23.298
23.323,23.323,0.129,0.042,23.413,23.284
23.328,23.328,0.125,0.042,23.42,23.295
23.344,23.344,0.107,0.038,23.404,23.297
23.353,23.353,0.121,0.045,23.416,23.295
23.334,23.334,0.098,0.028,23.398,23.3
23.349,23.349,0.094,0.037,23.405,23.311
23.337,23.337,0.107,0.036,23.418,23.311
23.341,23.341,0.102,0.035,23.415,23.313
23.328,23.328,0.104,0.026,23.39,23.286
23.339,23.339,0.081,0.022,23.401,23.32
23.338,23.338,0.124,0.033,23.43,23.306
23.33,23.33,0.036,0.011,23.353,23.317
23.383,23.383,0.129,0.043,23.425,23.296
23.351,23.351,0.109,0.034,23.425,23.316
23.354,23.355,0.106,0.034,23.432,23.326
23.364,23.364,0.118,0.038,23.43,23.312
23.348,23.348,0.099,0.025,23.416,23.317
23.366,23.366,0.096,0.034,23.434,23.338
23.361,23.361,0.083,0.024,23.424,23.341
23.35,23.35,0.124,0.04,23.427,23.303
23.374,23.374,0.108,0.041,23.444,23.336
23.359,23.359,0.108,0.036,23.436,23.328
23.343,23.343,0.084,0.022,23.398,23.314
23.377,23.377,0.097,0.032,23.429,23.332
23.356,23.356,0.097,0.026,23.433,23.336
23.373,23.373,0.087,0.03,23.433,23.346
23.37,23.37,0.098,0.027,23.432,23.334
23.375,23.375,0.105,0.036,23.442,23.337
23.4,23.4,0.109,0.044,23.457,23.348
23.373,23.373,0.086,0.03,23.431,23.345
23.376,23.376,0.11,0.031,23.462,23.352
23.381,23.381,0.115,0.038,23.457,23.342
23.376,23.376,0.11,0.03,23.462,23.352
23.384,23.384,0.088,0.027,23.447,23.359
23.381,23.381,0.083,0.03,23.441,23.358
23.378,23.378,0.108,0.035,23.458,23.35
23.379,23.379,0.117,0.032,23.472,23.355
23.398,23.398,0.124,0.047,23.479,23.355
23.396,23.396,0.113,0.044,23.467,23.354
23.374,23.374,0.034,0.011,23.391,23.357
23.391,23.391,0.104,0.026,23.454,23.35
23.389,23.389,0.093,0.026,23.461,23.368
23.402,23.402,0.117,0.039,23.485,23.368
23.407,23.407,0.099,0.04,23.472,23.373
23.413,23.413,0.108,0.04,23.481,23.373
23.417,23.417,0.125,0.04,23.5,23.375
23.402,23.402,0.112,0.029,23.48,23.368
23.397,23.397,0.033,0.01,23.412,23.379
23.412,23.412,0.106,0.036,23.48,23.374
23.42,23.42,0.099,0.039,23.48,23.381
23.419,23.419,0.107,0.038,23.482,23.375
23.404,23.404,0.086,0.027,23.465,23.379
23.395,23.395,0.055,0.014,23.418,23.363
23.421,23.421,0.112,0.036,23.488,23.376
23.426,23.426,0.118,0.045,23.493,23.375
23.434,23.434,0.109,0.034,23.504,23.395
23.429,23.429,0.122,0.048,23.504,23.382
23.414,23.414,0.114,0.033,23.502,23.388
23.436,23.436,0.098,0.039,23.498,23.4
23.42,23.42,0.136,0.044,23.513,23.377
23.432,23.432,0.132,0.045,23.513,23.381
23.414,23.414,0.032,0.012,23.431,23.399
23.447,23.447,0.085,0.032,23.503,23.418
23.44,23.44,0.113,0.035,23.517,23.404
23.456,23.456,0.125,0.045,23.532,23.407
23.447,23.447,0.121,0.04,23.532,23.411
23.435,23.435,0.108,0.031,23.515,23.407
23.446,23.446,0.143,0.049,23.541,23.398
23.445,23.445,0.102,0.038,23.514,23.412
23.455,23.455,0.095,0.036,23.511,23.416
23.445,23.445,0.122,0.03,23.513,23.391
23.456,23.456,0.123,0.042,23.514,23.391
23.442,23.442,0.072,0.021,23.483,23.411
23.459,23.459,0.133,0.04,23.527,23.394
23.478,23.478,0.145,0.051,23.553,23.408
23.483,23.483,0.118,0.047,23.535,23.417
23.467,23.467,0.107,0.039,23.526,23.419
23.485,23.485,0.143,0.053,23.569,23.426
23.467,23.467,0.082,0.031,23.52,23.438
23.336,23.337,0.255,0.09,23.496,23.241
23.283,23.283,0.111,0.036,23.361,23.25
23.295,23.295,0.111,0.043,23.351,23.24
23.284,23.284,0.103,0.031,23.343,23.24
23.317,23.317,0.206,0.074,23.453,23.247
23.411,23.411,0.296,0.094,23.533,23.237
23.294,23.294,0.124,0.043,23.361,23.237
23.272,23.272,0.118,0.033,23.364,23.246
23.308,23.308,0.119,0.048,23.364,23.245
23.29,23.29,0.095,0.031,23.358,23.263
23.277,23.277,0.148,0.037,23.379,23.231
23.296,23.296,0.148,0.049,23.383,23.235
23.299,23.299,0.107,0.035,23.374,23.267
23.314,23.314,0.107,0.04,23.37,23.263
23.291,23.291,0.094,0.026,23.362,23.268
23.299,23.299,0.135,0.034,23.393,23.258
23.329,23.329,0.116,0.042,23.384,23.268
23.324,23.324,0.103,0.037,23.38,23.277
23.348,23.348,0.065,0.019,23.385,23.32
23.362,23.362,0.115,0.036,23.444,23.329
23.36,23.36,0.106,0.028,23.43,23.324
23.408,23.408,0.128,0.045,23.464,23.336
23.393,23.393,0.104,0.043,23.459,23.355
23.383,23.383,0.111,0.039,23.457,23.346
23.397,23.397,0.122,0.04,23.464,23.342
23.412,23.412,0.125,0.04,23.476,23.351
23.418,23.418,0.142,0.052,23.479,23.337
23.396,23.396,0.09,0.027,23.459,23.369
23.42,23.42,0.109,0.039,23.481,23.372
23.4,23.4,0.117,0.038,23.481,23.364
23.392,23.392,0.119,0.033,23.481,23.362
23.406,23.406,0.109,0.031,23.474,23.365
23.448,23.448,0.098,0.032,23.491,23.393
23.415,23.415,0.103,0.039,23.484,23.381
23.403,23.403,0.069,0.02,23.45,23.381
23.409,23.409,0.092,0.028,23.467,23.375
23.402,23.402,0.125,0.043,23.491,23.366
23.418,23.418,0.095,0.034,23.482,23.387
23.416,23.416,0.11,0.042,23.486,23.376
23.42,23.42,0.128,0.04,23.513,23.385
23.412,23.412,0.113,0.036,23.491,23.378
23.439,23.439,0.125,0.041,23.507,23.382
23.411,23.411,0.107,0.029,23.49,23.383
23.418,23.419,0.106,0.032,23.489,23.383
23.459,23.459,0.126,0.047,23.513,23.387
23.405,23.405,0.104,0.028,23.484,23.38
23.429,23.429,0.12,0.041,23.483,23.363
23.423,23.423,0.109,0.037,23.495,23.386
23.43,23.43,0.131,0.043,23.511,23.38
23.443,23.443,0.109,0.044,23.511,23.402
23.419,23.419,0.092,0.026,23.486,23.394
23.439,23.439,0.108,0.037,23.509,23.401
23.458,23.458,0.111,0.042,23.508,23.397
23.46,23.46,0.121,0.04,23.514,23.393
23.434,23.434,0.1,0.039,23.499,23.399
23.456,23.456,0.135,0.05,23.518,23.383
23.437,23.437,0.125,0.044,23.518,23.393
23.455,23.455,0.097,0.037,23.498,23.401
23.432,23.432,0.107,0.039,23.505,23.398
23.463,23.463,0.107,0.039,23.512,23.405
23.45,23.45,0.107,0.04,23.512,23.405
23.44,23.44,0.122,0.047,23.512,23.39
23.45,23.45,0.102,0.038,23.512,23.41
23.456,23.456,0.12,0.046,23.525,23.405
23.453,23.453,0.106,0.044,23.511,23.405
23.46,23.46,0.105,0.041,23.517,23.412
23.479,23.479,0.11,0.039,23.52,23.41
23.459,23.459,0.126,0.045,23.528,23.402
23.449,23.449,0.092,0.033,23.505,23.413
23.465,23.465,0.104,0.042,23.515,23.411
23.491,23.491,0.119,0.037,23.534,23.415
23.435,23.435,0.076,0.02,23.482,23.406
23.444,23.444,0.109,0.034,23.518,23.409
23.462,23.462,0.109,0.04,23.523,23.414
23.48,23.48,0.114,0.039,23.538,23.424
23.469,23.469,0.117,0.042,23.537,23.42
23.452,23.453,0.113,0.033,23.533,23.42
23.45,23.451,0.107,0.032,23.525,23.418
23.479,23.479,0.108,0.042,23.53,23.422
23.501,23.501,0.081,0.033,23.531,23.45
23.467,23.467,0.129,0.039,23.547,23.418
23.475,23.475,0.1,0.034,23.531,23.431
23.49,23.49,0.093,0.034,23.543,23.45
23.499,23.499,0.114,0.039,23.557,23.443
23.489,23.489,0.117,0.037,23.556,23.439
23.485,23.485,0.112,0.042,23.558,23.446
23.481,23.481,0.092,0.031,23.535,23.443
23.503,23.503,0.12,0.047,23.564,23.444
23.484,23.484,0.104,0.04,23.534,23.43
23.491,23.491,0.112,0.045,23.56,23.448
23.508,23.508,0.131,0.042,23.57,23.439
23.524,23.524,0.125,0.041,23.564,23.439
23.497,23.497,0.114,0.038,23.561,23.447
23.504,23.504,0.107,0.038,23.555,23.448
23.512,23.512,0.113,0.039,23.571,23.458
23.499,23.499,0.121,0.037,23.571,23.45
23.509,23.509,0.125,0.041,23.577,23.452
23.491,23.491,0.129,0.038,23.57,23.441
23.5,23.5,0.133,0.045,23.59,23.457
23.509,23.509,0.107,0.037,23.572,23.465
23.517,23.517,0.096,0.036,23.568,23.472
23.517,23.517,0.103,0.041,23.557,23.454
23.499,23.499,0.093,0.035,23.558,23.465
23.531,23.531,0.1,0.034,23.567,23.467
23.516,23.516,0.089,0.036,23.558,23.469
23.524,23.524,0.105,0.039,23.563,23.458
23.524,23.524,0.098,0.036,23.557,23.459
23.525,23.525,0.099,0.037,23.57,23.471
23.525,23.525,0.1,0.035,23.576,23.476
23.516,23.516,0.075,0.029,23.563,23.488
23.532,23.532,0.102,0.041,23.582,23.48
23.506,23.506,0.097,0.03,23.559,23.462
23.522,23.522,0.123,0.04,23.584,23.461
23.527,23.527,0.12,0.041,23.596,23.476
23.532,23.532,0.103,0.037,23.592,23.489
23.535,23.535,0.098,0.032,23.586,23.488
23.564,23.564,0.111,0.033,23.595,23.484
23.55,23.55,0.126,0.043,23.612,23.486
23.544,23.545,0.111,0.039,23.595,23.484
23.563,23.563,0.111,0.031,23.614,23.503
23.534,23.534,0.093,0.033,23.587,23.494
23.55,23.55,0.127,0.046,23.61,23.483
23.539,23.539,0.109,0.039,23.607,23.498
23.566,23.567,0.097,0.037,23.609,23.512
23.568,23.568,0.088,0.032,23.598,23.51
23.584,23.584,0.095,0.025,23.612,23.517
23.569,23.569,0.094,0.034,23.611,23.517
23.562,23.562,0.108,0.038,23.613,23.505
23.576,23.576,0.093,0.036,23.622,23.529
23.584,23.584,0.112,0.036,23.635,23.523
23.57,23.57,0.105,0.038,23.614,23.509
23.581,23.581,0.098,0.035,23.622,23.524
23.585,23.585,0.096,0.031,23.62,23.524
23.581,23.581,0.107,0.03,23.61,23.503
23.591,23.591,0.103,0.03,23.628,23.525
23.595,23.595,0.102,0.037,23.632,23.53
23.56,23.56,0.113,0.039,23.627,23.514
23.578,23.578,0.113,0.045,23.637,23.524
23.598,23.598,0.099,0.029,23.623,23.524
23.603,23.603,0.092,0.028,23.632,23.54
23.578,23.578,0.09,0.034,23.628,23.538
23.601,23.601,0.088,0.03,23.633,23.545
23.584,23.584,0.092,0.031,23.633,23.541
23.574,23.575,0.109,0.044,23.637,23.528
23.607,23.607,0.103,0.04,23.641,23.538
23.602,23.602,0.104,0.037,23.637,23.533
23.582,23.582,0.1,0.037,23.643,23.543
23.584,23.584,0.102,0.034,23.642,23.54
23.599,23.599,0.081,0.029,23.643,23.562
23.598,23.598,0.105,0.04,23.646,23.541
23.604,23.604,0.094,0.033,23.646,23.552
23.607,23.607,0.119,0.041,23.669,23.55
23.606,23.606,0.117,0.041,23.667,23.55
23.611,23.611,0.084,0.03,23.649,23.565
23.629,23.629,0.094,0.033,23.659,23.565
23.621,23.621,0.103,0.036,23.653,23.55
23.62,23.62,0.104,0.043,23.665,23.561
23.623,23.623,0.108,0.041,23.665,23.557
23.622,23.622,0.114,0.038,23.675,23.561
23.619,23.619,0.088,0.039,23.657,23.569
23.612,23.612,0.105,0.042,23.675,23.57
23.634,23.634,0.101,0.034,23.683,23.582
23.632,23.632,0.096,0.031,23.672,23.576
23.633,23.634,0.097,0.035,23.674,23.577
23.636,23.636,0.13,0.038,23.681,23.551
23.629,23.629,0.11,0.038,23.674,23.564
23.636,23.636,0.086,0.028,23.668,23.582
23.607,23.607,0.099,0.035,23.662,23.563
23.623,23.623,0.105,0.037,23.675,23.57
23.634,23.634,0.121,0.046,23.685,23.564
23.626,23.626,0.093,0.033,23.657,23.564
23.619,23.619,0.08,0.032,23.658,23.578
23.637,23.637,0.099,0.031,23.667,23.568
23.644,23.644,0.13,0.045,23.699,23.569
23.638,23.638,0.104,0.035,23.682,23.578
23.614,23.614,0.088,0.032,23.657,23.569
23.632,23.632,0.109,0.039,23.697,23.588
23.63,23.63,0.076,0.03,23.666,23.59
23.635,23.635,0.113,0.037,23.683,23.57
23.65,23.65,0.094,0.036,23.682,23.588
23.633,23.633,0.091,0.036,23.674,23.583
23.644,23.644,0.094,0.033,23.684,23.59
23.641,23.641,0.107,0.042,23.696,23.589
23.646,23.646,0.087,0.036,23.687,23.6
23.639,23.639,0.087,0.033,23.681,23.594
23.664,23.665,0.102,0.032,23.705,23.603
23.653,23.653,0.1,0.035,23.709,23.609
23.622,23.622,0.054,0.015,23.65,23.596
23.646,23.646,0.109,0.039,23.699,23.59
23.654,23.654,0.096,0.037,23.703,23.607
23.649,23.649,0.083,0.031,23.689,23.606
23.638,23.638,0.094,0.036,23.696,23.602
23.66,23.66,0.125,0.041,23.711,23.586
23.65,23.65,0.106,0.043,23.704,23.598
23.671,23.671,0.125,0.04,23.7,23.575
23.661,23.661,0.115,0.046,23.704,23.589
23.664,23.664,0.115,0.035,23.704,23.589
23.664,23.665,0.124,0.039,23.721,23.597
23.639,23.639,0.093,0.033,23.696,23.603
23.663,23.663,0.1,0.036,23.704,23.604
23.656,23.656,0.108,0.036,23.704,23.596
23.652,23.652,0.106,0.042,23.709,23.603
23.663,23.663,0.112,0.038,23.718,23.606
23.644,23.644,0.096,0.035,23.699,23.603
23.664,23.664,0.085,0.031,23.699,23.614
23.646,23.646,0.086,0.031,23.689,23.603
23.652,23.652,0.093,0.032,23.696,23.603
23.662,23.663,0.103,0.039,23.711,23.608
23.655,23.655,0.096,0.037,23.702,23.606
23.659,23.659,0.101,0.035,23.709,23.608
23.692,23.692,0.082,0.029,23.722,23.64
23.667,23.667,0.105,0.039,23.713,23.608
23.662,23.662,0.101,0.041,23.725,23.624
23.667,23.667,0.131,0.049,23.722,23.591
23.661,23.661,0.121,0.045,23.712,23.591
23.678,23.678,0.105,0.039,23.714,23.609
23.673,23.673,0.098,0.039,23.718,23.62
23.668,23.668,0.084,0.028,23.717,23.633
23.662,23.662,0.099,0.037,23.722,23.623
23.695,23.695,0.085,0.025,23.721,23.636
23.661,23.661,0.106,0.039,23.721,23.615
23.672,23.672,0.074,0.029,23.705,23.631
23.667,23.667,0.092,0.036,23.708,23.616
23.688,23.688,0.118,0.037,23.72,23.602
23.675,23.675,0.099,0.03,23.72,23.621
23.683,23.683,0.098,0.035,23.727,23.629
23.691,23.691,0.102,0.038,23.731,23.629
23.676,23.676,0.132,0.041,23.731,23.599
23.654,23.654,0.117,0.043,23.724,23.607
23.682,23.682,0.118,0.044,23.734,23.616
23.685,23.685,0.09,0.033,23.714,23.624
23.662,23.662,0.108,0.035,23.729,23.621
23.671,23.671,0.099,0.038,23.729,23.63
23.655,23.655,0.133,0.047,23.736,23.603
23.666,23.666,0.107,0.039,23.726,23.619
23.665,23.665,0.106,0.036,23.72,23.614
23.683,23.683,0.116,0.046,23.731,23.615
23.66,23.66,0.093,0.029,23.708,23.615
23.694,23.694,0.119,0.038,23.728,23.609
23.693,23.693,0.106,0.035,23.725,23.619
23.651,23.651,0.069,0.019,23.705,23.636
23.677,23.677,0.105,0.04,23.733,23.628
23.664,23.664,0.12,0.041,23.734,23.614
23.684,23.684,0.101,0.042,23.736,23.635
23.666,23.666,0.107,0.035,23.725,23.618
23.7,23.7,0.106,0.035,23.737,23.631
23.686,23.686,0.101,0.036,23.734,23.633
23.704,23.704,0.076,0.026,23.726,23.65
23.687,23.687,0.125,0.045,23.736,23.611
23.677,23.677,0.108,0.038,23.735,23.627
23.69,23.691,0.085,0.031,23.729,23.644
23.687,23.687,0.105,0.042,23.74,23.635
23.698,23.698,0.11,0.035,23.731,23.621
23.693,23.693,0.124,0.036,23.751,23.627
23.684,23.684,0.11,0.041,23.749,23.639
23.665,23.665,0.079,0.031,23.715,23.636
23.704,23.704,0.107,0.033,23.754,23.647
23.699,23.699,0.113,0.041,23.754,23.641
23.684,23.684,0.093,0.038,23.736,23.643
23.71,23.71,0.09,0.029,23.749,23.659
23.693,23.693,0.096,0.033,23.746,23.65
23.704,23.704,0.117,0.042,23.747,23.63
23.682,23.682,0.115,0.042,23.748,23.633
23.684,23.684,0.103,0.04,23.739,23.636
23.702,23.702,0.107,0.038,23.744,23.637
23.685,23.685,0.103,0.038,23.75,23.647
23.684,23.684,0.103,0.037,23.746,23.643
23.704,23.704,0.103,0.041,23.751,23.648
23.7,23.7,0.092,0.035,23.736,23.644
23.704,23.704,0.108,0.033,23.736,23.628
23.687,23.687,0.119,0.045,23.754,23.635
23.696,23.696,0.097,0.036,23.749,23.652
23.712,23.712,0.096,0.032,23.743,23.647
23.698,23.698,0.098,0.036,23.734,23.636
23.695,23.695,0.091,0.035,23.735,23.644
23.698,23.698,0.1,0.033,23.747,23.647
23.704,23.704,0.103,0.036,23.757,23.654
23.697,23.697,0.08,0.031,23.742,23.662
23.686,23.686,0.108,0.037,23.75,23.642
23.712,23.712,0.092,0.034,23.756,23.664
23.722,23.722,0.09,0.03,23.758,23.668
23.694,23.694,0.09,0.034,23.741,23.651
23.706,23.706,0.113,0.042,23.768,23.655
23.721,23.721,0.095,0.034,23.758,23.663
23.703,23.703,0.087,0.032,23.745,23.658
23.722,23.722,0.098,0.034,23.766,23.668
23.729,23.729,0.081,0.028,23.774,23.693
23.712,23.712,0.114,0.037,23.774,23.66
23.708,23.708,0.103,0.035,23.764,23.661
23.731,23.731,0.109,0.038,23.77,23.661
23.741,23.741,0.107,0.034,23.772,23.665
23.74,23.74,0.101,0.037,23.773,23.672
23.719,23.719,0.123,0.048,23.78,23.657
23.702,23.702,0.128,0.04,23.78,23.652
23.721,23.721,0.104,0.037,23.771,23.667
23.729,23.729,0.09,0.028,23.764,23.674
23.731,23.731,0.078,0.025,23.755,23.677
23.7,23.7,0.11,0.037,23.77,23.66
23.728,23.728,0.124,0.046,23.783,23.659
23.736,23.736,0.101,0.029,23.773,23.672
23.726,23.726,0.083,0.031,23.759,23.676
23.728,23.728,0.117,0.043,23.769,23.652
23.727,23.727,0.084,0.033,23.766,23.682
23.729,23.729,0.093,0.036,23.761,23.668
23.737,23.737,0.104,0.033,23.789,23.685
23.746,23.746,0.064,0.018,23.761,23.697
23.739,23.739,0.102,0.034,23.773,23.671
23.727,23.727,0.091,0.034,23.766,23.675
23.739,23.739,0.096,0.033,23.777,23.681
23.728,23.728,0.099,0.036,23.777,23.678
23.736,23.736,0.11,0.043,23.787,23.677
23.747,23.747,0.103,0.034,23.783,23.68
23.727,23.727,0.097,0.036,23.777,23.68
23.722,23.722,0.092,0.035,23.772,23.68
23.748,23.748,0.082,0.031,23.775,23.693
23.733,23.733,0.087,0.029,23.775,23.688
23.736,23.736,0.12,0.04,23.782,23.662
23.742,23.742,0.11,0.038,23.786,23.676
23.752,23.752,0.089,0.032,23.778,23.689
23.748,23.748,0.086,0.034,23.783,23.697
23.758,23.758,0.137,0.037,23.793,23.656
23.751,23.751,0.117,0.043,23.794,23.677
23.743,23.743,0.11,0.044,23.787,23.677
23.757,23.757,0.139,0.038,23.816,23.677
23.764,23.764,0.108,0.035,23.802,23.694
23.738,23.738,0.108,0.044,23.782,23.674
23.733,23.733,0.134,0.048,23.798,23.664
23.757,23.757,0.118,0.038,23.794,23.676
23.749,23.749,0.098,0.035,23.783,23.685
23.758,23.758,0.098,0.032,23.794,23.696
23.761,23.761,0.113,0.033,23.797,23.684
23.768,23.768,0.097,0.027,23.799,23.702
23.751,23.751,0.121,0.035,23.796,23.675
23.777,23.777,0.036,0.011,23.795,23.759
23.757,23.757,0.105,0.035,23.795,23.69
23.744,23.744,0.113,0.04,23.799,23.686
23.754,23.754,0.112,0.037,23.791,23.679
23.759,23.759,0.104,0.034,23.804,23.7
23.763,23.763,0.107,0.037,23.799,23.692
23.759,23.759,0.114,0.029,23.81,23.696
23.76,23.76,0.112,0.04,23.81,23.698
23.755,23.755,0.119,0.048,23.81,23.691
23.753,23.753,0.111,0.041,23.8,23.689
23.77,23.77,0.116,0.039,23.805,23.689
23.758,23.758,0.129,0.042,23.804,23.675
23.756,23.756,0.108,0.043,23.804,23.696
23.757,23.757,0.086,0.032,23.795,23.709
23.77,23.77,0.094,0.032,23.8,23.706
23.757,23.757,0.102,0.036,23.804,23.702
23.774,23.774,0.096,0.03,23.809,23.713
23.775,23.775,0.122,0.039,23.819,23.697
23.762,23.762,0.116,0.042,23.804,23.688
23.766,23.767,0.128,0.048,23.813,23.685
23.76,23.76,0.11,0.041,23.806,23.696
23.747,23.747,0.101,0.041,23.806,23.705
23.755,23.755,0.108,0.043,23.803,23.695
23.781,23.781,0.098,0.036,23.805,23.707
23.784,23.784,0.135,0.04,23.825,23.69
23.775,23.775,0.118,0.045,23.815,23.697
23.789,23.789,0.101,0.034,23.817,23.716
23.771,23.771,0.106,0.037,23.814,23.708
23.779,23.779,0.083,0.033,23.808,23.725
23.773,23.773,0.116,0.04,23.819,23.703
23.78,23.781,0.079,0.021,23.805,23.726
23.781,23.781,0.07,0.02,23.796,23.726
23.775,23.775,0.104,0.027,23.806,23.702
23.791,23.791,0.116,0.031,23.818,23.702
23.762,23.762,0.096,0.038,23.803,23.707
23.785,23.785,0.086,0.03,23.811,23.725
23.774,23.774,0.107,0.039,23.809,23.702
23.776,23.776,0.11,0.037,23.818,23.708
23.777,23.777,0.114,0.036,23.816,23.702
23.789,23.789,0.067,0.019,23.805,23.738
23.788,23.788,0.089,0.025,23.805,23.716
23.786,23.786,0.102,0.028,23.806,23.704
23.797,23.797,0.083,0.022,23.823,23.74
23.79,23.79,0.136,0.036,23.823,23.687
23.774,23.774,0.095,0.031,23.807,23.712
23.781,23.781,0.119,0.036,23.818,23.699
23.757,23.757,0.121,0.043,23.818,23.697
23.791,23.791,0.105,0.033,23.823,23.718
23.744,23.745,0.112,0.041,23.818,23.706
23.758,23.758,0.092,0.035,23.808,23.716
23.782,23.782,0.099,0.035,23.827,23.728
23.777,23.777,0.108,0.044,23.827,23.719
23.785,23.785,0.114,0.042,23.83,23.716
23.778,23.778,0.105,0.044,23.821,23.716
23.796,23.797,0.107,0.037,23.827,23.72
23.782,23.782,0.126,0.047,23.835,23.709
23.783,23.783,0.116,0.044,23.835,23.719
23.793,23.793,0.108,0.037,23.827,23.719
23.783,23.783,0.118,0.036,23.827,23.709
23.795,23.795,0.094,0.027,23.816,23.722
23.791,23.791,0.096,0.03,23.829,23.733
23.785,23.785,0.126,0.042,23.82,23.694
23.782,23.782,0.111,0.035,23.819,23.708
23.805,23.805,0.031,0.009,23.819,23.788
23.793,23.793,0.082,0.022,23.815,23.733
23.776,23.776,0.119,0.045,23.834,23.715
23.774,23.774,0.112,0.042,23.827,23.715
23.791,23.791,0.091,0.032,23.821,23.73
23.77,23.77,0.112,0.041,23.817,23.705
23.794,23.794,0.099,0.029,23.817,23.718
23.795,23.795,0.087,0.031,23.824,23.737
23.78,23.78,0.114,0.045,23.829,23.715
23.796,23.796,0.091,0.025,23.827,23.736
23.809,23.809,0.08,0.023,23.83,23.75
23.778,23.778,0.106,0.036,23.827,23.721
23.806,23.806,0.06,0.016,23.83,23.77
23.78,23.78,0.111,0.039,23.83,23.719
23.787,23.787,0.11,0.034,23.829,23.719
23.809,23.809,0.044,0.013,23.831,23.787
23.796,23.796,0.097,0.025,23.83,23.733
23.782,23.782,0.095,0.036,23.82,23.725
23.788,23.788,0.112,0.04,23.828,23.716
23.793,23.793,0.09,0.034,23.832,23.742
23.794,23.794,0.096,0.039,23.833,23.737
23.815,23.816,0.068,0.018,23.839,23.771
23.81,23.81,0.109,0.029,23.839,23.73
23.803,23.803,0.124,0.041,23.838,23.714
23.817,23.817,0.113,0.031,23.841,23.728
23.817,23.817,0.104,0.028,23.854,23.75
23.786,23.787,0.133,0.046,23.841,23.708
23.799,23.799,0.126,0.039,23.838,23.712
23.718,23.718,0.257,0.101,23.83,23.573
23.621,23.621,0.11,0.04,23.655,23.545
23.613,23.613,0.136,0.037,23.659,23.523
23.63,23.63,0.066,0.019,23.669,23.603
23.605,23.605,0.128,0.043,23.661,23.533
23.626,23.626,0.091,0.026,23.661,23.57
23.62,23.62,0.138,0.036,23.661,23.523
23.621,23.621,0.107,0.028,23.651,23.544
23.644,23.644,0.059,0.015,23.673,23.614
23.63,23.63,0.095,0.025,23.665,23.57
23.614,23.614,0.112,0.041,23.655,23.543
23.606,23.606,0.113,0.037,23.641,23.528
23.615,23.616,0.126,0.042,23.652,23.526
23.63,23.63,0.102,0.029,23.655,23.553
23.635,23.635,0.114,0.029,23.667,23.553
23.629,23.629,0.081,0.021,23.652,23.571
23.616,23.616,0.11,0.037,23.657,23.547
23.63,23.631,0.112,0.03,23.659,23.547
23.618,23.618,0.115,0.039,23.65,23.535
23.628,23.628,0.079,0.026,23.652,23.573
23.624,23.624,0.123,0.04,23.67,23.547
23.604,23.604,0.098,0.036,23.645,23.547
23.638,23.638,0.088,0.026,23.662,23.574
23.619,23.619,0.123,0.041,23.678,23.555
23.649,23.649,0.113,0.031,23.671,23.558
23.656,23.656,0.05,0.014,23.683,23.633
23.659,23.659,0.088,0.025,23.677,23.589
23.667,23.667,0.102,0.027,23.697,23.595
23.644,23.644,0.106,0.035,23.678,23.572
23.652,23.653,0.101,0.027,23.68,23.579
23.631,23.631,0.116,0.045,23.668,23.552
23.632,23.632,0.116,0.045,23.685,23.569
23.646,23.646,0.118,0.038,23.699,23.581
23.62,23.62,0.103,0.04,23.67,23.567
23.659,23.659,0.091,0.03,23.689,23.598
23.631,23.631,0.112,0.041,23.685,23.573
23.655,23.655,0.093,0.03,23.687,23.594
23.643,23.643,0.093,0.029,23.68,23.587
23.655,23.655,0.078,0.022,23.675,23.597
23.642,23.642,0.121,0.04,23.688,23.567
23.654,23.654,0.092,0.03,23.682,23.59
23.65,23.65,0.098,0.033,23.68,23.582
23.638,23.638,0.1,0.036,23.677,23.577
23.669,23.669,0.035,0.011,23.683,23.648
23.667,23.667,0.035,0.012,23.687,23.652
23.649,23.649,0.114,0.039,23.698,23.584
23.653,23.653,0.121,0.04,23.706,23.585
23.674,23.674,0.095,0.025,23.7,23.605
23.658,23.658,0.1,0.037,23.696,23.596
23.67,23.67,0.118,0.034,23.702,23.584
23.647,23.647,0.128,0.048,23.711,23.583
23.643,23.643,0.109,0.041,23.707,23.598
23.656,23.656,0.116,0.04,23.721,23.605
23.677,23.677,0.096,0.033,23.706,23.61
23.682,23.682,0.051,0.016,23.706,23.655
23.661,23.661,0.101,0.031,23.711,23.61
23.66,23.66,0.112,0.038,23.704,23.592
23.673,23.673,0.123,0.037,23.714,23.591
23.664,23.664,0.105,0.029,23.692,23.587
23.648,23.648,0.096,0.033,23.692,23.596
23.663,23.663,0.093,0.034,23.689,23.596
23.648,23.648,0.122,0.045,23.702,23.58
23.646,23.646,0.114,0.041,23.694,23.58
23.647,23.647,0.117,0.046,23.701,23.584
23.663,23.663,0.093,0.029,23.693,23.6
23.649,23.649,0.109,0.042,23.695,23.586
23.657,23.657,0.111,0.041,23.703,23.592
23.681,23.681,0.101,0.033,23.705,23.604
23.676,23.676,0.086,0.029,23.711,23.625
23.675,23.675,0.119,0.042,23.713,23.594
23.672,23.672,0.107,0.036,23.71,23.603
23.676,23.676,0.101,0.038,23.712,23.611
23.68,23.68,0.1,0.033,23.717,23.617
23.688,23.688,0.086,0.028,23.717,23.631
23.67,23.67,0.11,0.039,23.71,23.6
23.68,23.68,0.102,0.033,23.719,23.617
23.684,23.684,0.085,0.029,23.719,23.634
23.683,23.683,0.115,0.037,23.731,23.616
23.67,23.67,0.111,0.039,23.732,23.621
23.672,23.672,0.1,0.037,23.712,23.612
23.634,23.634,0.082,0.023,23.696,23.614
23.661,23.661,0.118,0.044,23.709,23.591
23.648,23.648,0.122,0.048,23.713,23.591
23.666,23.666,0.105,0.033,23.711,23.606
23.68,23.68,0.091,0.034,23.714,23.623
23.686,23.686,0.118,0.035,23.725,23.607
23.669,23.669,0.116,0.043,23.728,23.612
23.66,23.66,0.12,0.043,23.719,23.599
23.682,23.682,0.097,0.034,23.721,23.624
23.662,23.663,0.101,0.038,23.71,23.609
23.671,23.671,0.107,0.043,23.725,23.618
23.682,23.683,0.112,0.041,23.72,23.608
23.685,23.685,0.096,0.037,23.736,23.64
23.684,23.684,0.122,0.044,23.737,23.615
23.667,23.667,0.095,0.035,23.71,23.615
23.676,23.676,0.096,0.035,23.716,23.62
23.663,23.663,0.097,0.039,23.71,23.613
23.687,23.687,0.074,0.021,23.707,23.633
23.677,23.677,0.082,0.028,23.706,23.624
23.662,23.662,0.119,0.047,23.72,23.601
23.666,23.666,0.118,0.043,23.724,23.606
23.682,23.682,0.106,0.035,23.712,23.606
23.668,23.668,0.109,0.044,23.714,23.605
23.653,23.653,0.105,0.044,23.71,23.605
23.67,23.67,0.131,0.049,23.729,23.598
23.667,23.667,0.139,0.045,23.718,23.579
23.683,23.683,0.111,0.033,23.724,23.613
23.691,23.692,0.106,0.029,23.714,23.608
23.694,23.694,0.119,0.033,23.724,23.605
23.704,23.704,0.128,0.043,23.741,23.613
23.669,23.669,0.121,0.044,23.735,23.614
23.68,23.68,0.13,0.05,23.721,23.591
23.681,23.681,0.125,0.04,23.716,23.591
23.669,23.669,0.138,0.053,23.725,23.587
23.653,23.653,0.152,0.058,23.726,23.574
23.652,23.652,0.135,0.053,23.728,23.593
23.663,23.663,0.109,0.044,23.712,23.603
23.679,23.679,0.14,0.049,23.722,23.582
23.653,23.653,0.131,0.046,23.709,23.578
23.667,23.667,0.13,0.037,23.71,23.58
23.65,23.65,0.124,0.046,23.702,23.578
23.656,23.657,0.127,0.048,23.709,23.582
23.687,23.687,0.044,0.015,23.711,23.667
23.689,23.689,0.117,0.033,23.715,23.598
23.688,23.688,0.136,0.033,23.74,23.604
23.676,23.677,0.055,0.018,23.712,23.657
23.674,23.674,0.087,0.023,23.695,23.608
23.652,23.652,0.093,0.031,23.698,23.605
23.67,23.67,0.139,0.037,23.705,23.566
23.662,23.662,0.089,0.022,23.693,23.604
23.654,23.654,0.138,0.038,23.695,23.557
23.638,23.638,0.099,0.033,23.68,23.581
23.629,23.629,0.091,0.039,23.668,23.577
23.63,23.63,0.116,0.039,23.681,23.565
23.647,23.647,0.111,0.028,23.682,23.571
23.641,23.641,0.108,0.036,23.678,23.57
23.637,23.637,0.092,0.033,23.664,23.572
23.644,23.644,0.109,0.028,23.677,23.568
23.623,23.623,0.121,0.045,23.669,23.548
23.65,23.65,0.041,0.013,23.671,23.63
23.656,23.656,0.089,0.031,23.679,23.59
23.657,23.657,0.105,0.034,23.69,23.585
23.648,23.648,0.106,0.032,23.689,23.583
23.627,23.627,0.106,0.038,23.674,23.568
23.644,23.645,0.127,0.042,23.699,23.572
23.636,23.636,0.138,0.041,23.699,23.561
23.636,23.636,0.11,0.041,23.673,23.563
23.632,23.632,0.123,0.043,23.677,23.554
23.65,23.65,0.104,0.029,23.675,23.571
23.633,23.634,0.114,0.041,23.675,23.561
23.658,23.658,0.024,0.007,23.674,23.65
23.623,23.623,0.147,0.043,23.691,23.544
23.621,23.621,0.12,0.04,23.679,23.559
23.636,23.637,0.107,0.038,23.679,23.572
23.627,23.627,0.099,0.037,23.665,23.566
23.611,23.611,0.11,0.038,23.663,23.553
23.601,23.601,0.095,0.037,23.652,23.557
23.636,23.636,0.047,0.014,23.664,23.617
23.635,23.635,0.114,0.031,23.668,23.554
23.626,23.626,0.087,0.03,23.652,23.565
23.603,23.603,0.109,0.04,23.646,23.537
23.599,23.599,0.109,0.041,23.647,23.538
23.611,23.611,0.131,0.043,23.672,23.541
23.617,23.617,0.098,0.036,23.655,23.557
23.633,23.633,0.087,0.024,23.663,23.576
23.633,23.633,0.127,0.035,23.67,23.543
23.635,23.635,0.121,0.038,23.67,23.549
23.637,23.637,0.098,0.034,23.665,23.567
23.635,23.635,0.112,0.04,23.661,23.549
23.612,23.612,0.113,0.044,23.663,23.55
23.628,23.628,0.09,0.035,23.663,23.573
23.619,23.619,0.107,0.04,23.655,23.548
23.631,23.631,0.099,0.038,23.667,23.568
23.624,23.624,0.118,0.039,23.667,23.549
23.617,23.617,0.136,0.043,23.665,23.529
23.618,23.618,0.118,0.045,23.665,23.547
23.612,23.612,0.107,0.041,23.663,23.556
23.601,23.601,0.128,0.045,23.661,23.533
23.603,23.603,0.106,0.039,23.654,23.548
23.621,23.621,0.092,0.028,23.653,23.561
23.613,23.613,0.083,0.033,23.648,23.565
23.629,23.629,0.097,0.035,23.671,23.574
23.623,23.623,0.106,0.037,23.674,23.568
23.618,23.618,0.106,0.037,23.667,23.561
23.61,23.61,0.124,0.045,23.676,23.552
23.614,23.614,0.098,0.036,23.665,23.567
23.631,23.631,0.092,0.03,23.661,23.569
23.615,23.615,0.093,0.036,23.663,23.57
23.607,23.607,0.081,0.029,23.651,23.57
23.626,23.626,0.09,0.031,23.655,23.565
23.642,23.642,0.038,0.014,23.66,23.622
23.624,23.624,0.108,0.033,23.666,23.558
23.64,23.64,0.096,0.03,23.673,23.577
23.616,23.616,0.087,0.032,23.652,23.565
23.617,23.617,0.092,0.033,23.668,23.576
23.622,23.622,0.121,0.035,23.667,23.546
23.632,23.632,0.079,0.026,23.655,23.576
23.64,23.64,0.049,0.017,23.667,23.618
23.631,23.631,0.103,0.033,23.656,23.553
23.63,23.63,0.103,0.035,23.661,23.558
23.62,23.62,0.101,0.032,23.659,23.558
23.593,23.593,0.115,0.037,23.658,23.543
23.624,23.624,0.122,0.04,23.678,23.556
23.626,23.627,0.105,0.029,23.673,23.568
23.61,23.61,0.121,0.041,23.672,23.551
23.628,23.628,0.115,0.031,23.666,23.551
23.612,23.612,0.116,0.037,23.656,23.54
23.63,23.63,0.093,0.027,23.676,23.583
23.619,23.619,0.105,0.036,23.666,23.561
23.613,23.613,0.099,0.032,23.653,23.554
23.613,23.613,0.103,0.037,23.655,23.552
23.618,23.618,0.097,0.039,23.651,23.554
23.635,23.635,0.076,0.022,23.66,23.584
23.63,23.63,0.107,0.029,23.661,23.554
23.608,23.608,0.112,0.042,23.66,23.548
23.628,23.628,0.111,0.044,23.673,23.562
23.613,23.613,0.099,0.033,23.656,23.557
23.629,23.629,0.118,0.034,23.674,23.556
23.599,23.599,0.098,0.032,23.65,23.552
23.628,23.628,0.133,0.035,23.672,23.539
23.636,23.636,0.09,0.024,23.669,23.579
23.608,23.608,0.132,0.049,23.677,23.545
23.633,23.633,0.129,0.035,23.671,23.542
23.596,23.596,0.097,0.031,23.65,23.553
23.614,23.614,0.114,0.036,23.661,23.547
23.601,23.601,0.115,0.038,23.662,23.547
23.611,23.611,0.088,0.035,23.645,23.557
23.626,23.627,0.103,0.028,23.659,23.556
23.587,23.587,0.096,0.036,23.641,23.545
23.607,23.607,0.094,0.035,23.657,23.563
23.612,23.612,0.113,0.039,23.657,23.544
23.588,23.588,0.107,0.039,23.656,23.549
23.597,23.597,0.104,0.036,23.639,23.535
23.609,23.609,0.115,0.039,23.655,23.54
23.593,23.593,0.115,0.039,23.665,23.55
23.598,23.598,0.121,0.041,23.653,23.532
23.594,23.594,0.111,0.043,23.66,23.549
23.623,23.623,0.093,0.025,23.657,23.564
23.6,23.6,0.127,0.044,23.657,23.53
23.606,23.606,0.104,0.038,23.653,23.549
23.585,23.585,0.096,0.039,23.64,23.544
23.607,23.607,0.101,0.036,23.645,23.544
23.593,23.593,0.097,0.033,23.644,23.547
23.598,23.598,0.12,0.043,23.655,23.535
23.594,23.594,0.104,0.037,23.646,23.542
23.612,23.612,0.103,0.032,23.642,23.539
23.597,23.597,0.097,0.035,23.642,23.545
23.603,23.603,0.115,0.039,23.651,23.536
23.598,23.598,0.108,0.043,23.637,23.529
23.618,23.618,0.09,0.03,23.648,23.558
23.6,23.6,0.119,0.032,23.65,23.531
23.601,23.601,0.1,0.034,23.642,23.542
23.606,23.606,0.1,0.032,23.645,23.545
23.606,23.606,0.083,0.031,23.64,23.557
23.612,23.613,0.112,0.034,23.647,23.535
23.627,23.627,0.106,0.027,23.663,23.557
23.599,23.599,0.094,0.028,23.633,23.539
23.616,23.616,0.105,0.03,23.652,23.547
23.605,23.605,0.103,0.038,23.652,23.549
23.605,23.605,0.116,0.042,23.652,23.536
23.607,23.607,0.102,0.033,23.638,23.536
23.608,23.609,0.109,0.032,23.649,23.54
23.612,23.612,0.095,0.033,23.642,23.547
23.583,23.583,0.128,0.049,23.653,23.525
23.587,23.587,0.099,0.039,23.63,23.531
23.575,23.575,0.103,0.04,23.634,23.531
23.573,23.573,0.127,0.047,23.634,23.507
23.568,23.568,0.087,0.032,23.625,23.538
23.592,23.592,0.093,0.034,23.63,23.537
23.583,23.583,0.108,0.04,23.63,23.522
23.589,23.589,0.111,0.039,23.622,23.511
23.574,23.574,0.094,0.037,23.62,23.526
23.573,23.573,0.126,0.047,23.637,23.511
23.594,23.594,0.106,0.036,23.629,23.523
23.581,23.581,0.111,0.04,23.62,23.509
23.586,23.586,0.095,0.04,23.626,23.531
23.602,23.602,0.111,0.036,23.647,23.536
23.59,23.59,0.108,0.042,23.632,23.524
23.585,23.585,0.118,0.041,23.642,23.524
23.603,23.603,0.1,0.026,23.644,23.544
23.586,23.586,0.107,0.035,23.62,23.513
23.594,23.595,0.108,0.035,23.63,23.522
23.584,23.584,0.126,0.047,23.646,23.52
23.586,23.586,0.115,0.045,23.635,23.52
23.566,23.566,0.131,0.043,23.631,23.5
23.57,23.57,0.128,0.042,23.628,23.5
23.6,23.6,0.025,0.008,23.609,23.584
23.594,23.594,0.026,0.009,23.608,23.582
23.586,23.586,0.105,0.028,23.614,23.509
23.569,23.569,0.107,0.036,23.616,23.509
23.591,23.591,0.109,0.034,23.626,23.517
23.57,23.57,0.118,0.04,23.629,23.511
23.578,23.578,0.122,0.045,23.614,23.492
23.573,23.573,0.099,0.034,23.614,23.515
23.582,23.582,0.113,0.04,23.615,23.502
23.584,23.584,0.119,0.035,23.621,23.502
23.587,23.587,0.109,0.028,23.623,23.514
23.594,23.594,0.102,0.033,23.625,23.523
23.581,23.581,0.107,0.037,23.625,23.518
23.592,23.592,0.092,0.025,23.614,23.522
23.572,23.572,0.105,0.041,23.622,23.517
23.568,23.568,0.104,0.037,23.609,23.505
23.55,23.55,0.105,0.043,23.608,23.503
23.545,23.546,0.111,0.047,23.602,23.491
23.587,23.587,0.102,0.027,23.614,23.512
23.585,23.585,0.104,0.027,23.616,23.512
23.59,23.59,0.044,0.012,23.605,23.561
23.575,23.575,0.1,0.029,23.596,23.496
23.572,23.572,0.106,0.036,23.604,23.498
23.573,23.573,0.101,0.029,23.606,23.505
23.589,23.589,0.034,0.011,23.603,23.569
23.577,23.577,0.104,0.029,23.618,23.514
23.576,23.576,0.09,0.024,23.605,23.515
23.573,23.573,0.118,0.041,23.622,23.504
23.585,23.585,0.138,0.038,23.625,23.487
23.585,23.585,0.13,0.035,23.618,23.488
23.578,23.578,0.123,0.036,23.636,23.513
23.592,23.592,0.102,0.031,23.617,23.515
23.573,23.573,0.118,0.037,23.605,23.487
23.576,23.576,0.12,0.03,23.622,23.502
23.568,23.568,0.137,0.043,23.617,23.48
23.574,23.574,0.123,0.04,23.608,23.485
23.578,23.578,0.102,0.034,23.607,23.505
23.576,23.576,0.12,0.037,23.613,23.493
23.572,23.573,0.113,0.039,23.604,23.491
23.568,23.568,0.123,0.044,23.619,23.496
23.561,23.561,0.144,0.053,23.625,23.481
23.576,23.577,0.132,0.046,23.614,23.482
23.57,23.57,0.146,0.057,23.623,23.477
23.59,23.59,0.121,0.032,23.624,23.503
23.556,23.556,0.112,0.04,23.617,23.505
23.569,23.569,0.12,0.04,23.617,23.497
23.567,23.567,0.117,0.038,23.608,23.491
23.582,23.582,0.128,0.043,23.621,23.493
23.59,23.59,0.084,0.023,23.613,23.529
23.567,23.567,0.141,0.047,23.612,23.471
23.534,23.534,0.146,0.051,23.617,23.471
23.573,23.573,0.11,0.042,23.614,23.504
23.583,23.583,0.093,0.032,23.611,23.518
23.574,23.574,0.109,0.046,23.612,23.503
23.553,23.553,0.099,0.038,23.602,23.503
23.575,23.575,0.132,0.042,23.609,23.477
23.575,23.575,0.12,0.038,23.617,23.497
23.574,23.574,0.106,0.035,23.608,23.502
23.586,23.586,0.111,0.034,23.629,23.518
23.589,23.59,0.1,0.028,23.608,23.508
23.575,23.575,0.124,0.042,23.623,23.499
23.583,23.583,0.1,0.036,23.618,23.518
23.584,23.584,0.109,0.041,23.613,23.504
23.579,23.579,0.09,0.031,23.611,23.521
23.576,23.576,0.123,0.038,23.627,23.504
23.564,23.564,0.109,0.04,23.607,23.498
23.591,23.591,0.041,0.013,23.614,23.573
23.554,23.554,0.105,0.042,23.598,23.493
23.554,23.554,0.118,0.048,23.611,23.493
23.567,23.567,0.123,0.047,23.618,23.495
23.586,23.586,0.101,0.026,23.612,23.511
23.566,23.566,0.106,0.036,23.611,23.505
23.576,23.576,0.083,0.027,23.607,23.524
23.591,23.591,0.029,0.01,23.605,23.576
23.588,23.588,0.064,0.017,23.608,23.544
23.587,23.587,0.095,0.026,23.613,23.518
23.581,23.581,0.112,0.041,23.617,23.505
23.601,23.601,0.11,0.03,23.625,23.515
23.589,23.589,0.091,0.03,23.622,23.531
23.585,23.585,0.095,0.036,23.627,23.532
23.563,23.563,0.112,0.041,23.617,23.505
23.58,23.58,0.101,0.041,23.617,23.516
23.597,23.597,0.032,0.01,23.612,23.58
23.591,23.591,0.101,0.028,23.611,23.51
23.592,23.592,0.093,0.026,23.617,23.524
23.591,23.591,0.097,0.028,23.617,23.52
23.596,23.597,0.088,0.024,23.621,23.533
23.585,23.585,0.088,0.024,23.608,23.52
23.588,23.588,0.108,0.035,23.628,23.52
23.59,23.59,0.08,0.022,23.61,23.53
23.598,23.598,0.031,0.01,23.615,23.584
23.598,23.598,0.033,0.009,23.613,23.58
23.595,23.595,0.077,0.022,23.62,23.543
23.585,23.585,0.102,0.028,23.616,23.514
23.579,23.579,0.104,0.033,23.614,23.51
23.583,23.583,0.116,0.034,23.634,23.518
23.58,23.58,0.075,0.02,23.6,23.525
23.592,23.592,0.107,0.03,23.614,23.507
23.598,23.598,0.035,0.011,23.615,23.58
23.574,23.575,0.098,0.036,23.612,23.514
23.607,23.607,0.052,0.013,23.64,23.588
23.584,23.584,0.105,0.036,23.613,23.508
23.606,23.606,0.034,0.01,23.628,23.594
23.591,23.591,0.117,0.028,23.638,23.521
23.593,23.593,0.073,0.019,23.617,23.544
23.597,23.597,0.078,0.022,23.622,23.544
23.591,23.591,0.095,0.025,23.617,23.522
23.607,23.607,0.04,0.011,23.629,23.589
23.579,23.579,0.109,0.039,23.629,23.52
23.598,23.598,0.119,0.031,23.638,23.519
23.587,23.587,0.119,0.034,23.631,23.512
23.613,23.613,0.047,0.015,23.633,23.586
23.598,23.598,0.101,0.03,23.633,23.532
23.6,23.6,0.115,0.038,23.636,23.521
23.603,23.603,0.12,0.037,23.639,23.519
23.601,23.601,0.086,0.029,23.63,23.544
23.603,23.603,0.083,0.023,23.634,23.551
23.617,23.617,0.032,0.01,23.634,23.602
23.593,23.593,0.129,0.038,23.642,23.513
23.605,23.605,0.131,0.035,23.642,23.511
23.615,23.615,0.026,0.009,23.63,23.604
23.606,23.606,0.121,0.037,23.632,23.511
23.608,23.608,0.065,0.017,23.628,23.563
23.616,23.616,0.101,0.027,23.648,23.547
23.627,23.627,0.045,0.013,23.65,23.605
23.607,23.607,0.09,0.022,23.638,23.548
23.614,23.614,0.046,0.014,23.635,23.589
23.625,23.625,0.045,0.013,23.652,23.607
23.609,23.609,0.105,0.032,23.646,23.541
23.618,23.618,0.106,0.028,23.644,23.538
23.619,23.619,0.115,0.032,23.642,23.527
23.615,23.615,0.116,0.036,23.656,23.54
23.606,23.606,0.096,0.03,23.64,23.544
23.601,23.601,0.109,0.035,23.634,23.525
23.612,23.612,0.095,0.031,23.641,23.546
23.625,23.625,0.11,0.029,23.656,23.546
23.626,23.626,0.051,0.015,23.65,23.599
23.621,23.621,0.105,0.029,23.65,23.545
23.634,23.634,0.049,0.016,23.66,23.611
23.622,23.622,0.119,0.03,23.659,23.54
23.623,23.623,0.067,0.019,23.65,23.583
23.618,23.618,0.104,0.027,23.643,23.539
23.627,23.627,0.079,0.023,23.647,23.568
23.625,23.625,0.099,0.027,23.646,23.547
23.634,23.634,0.118,0.032,23.665,23.547
23.634,23.634,0.032,0.01,23.646,23.614
23.635,23.635,0.048,0.018,23.662,23.614
23.643,23.643,0.03,0.01,23.66,23.63
23.638,23.638,0.103,0.03,23.658,23.555
23.633,23.633,0.105,0.034,23.66,23.555
23.628,23.628,0.072,0.019,23.651,23.579
23.64,23.64,0.041,0.013,23.658,23.617
23.629,23.629,0.099,0.025,23.662,23.563
23.64,23.64,0.072,0.019,23.662,23.59
23.636,23.636,0.042,0.01,23.657,23.615
23.64,23.64,0.021,0.007,23.654,23.633
23.637,23.637,0.019,0.006,23.644,23.625
23.638,23.638,0.026,0.007,23.651,23.625
23.633,23.633,0.04,0.011,23.647,23.607
23.64,23.64,0.023,0.008,23.649,23.626
23.649,23.649,0.039,0.013,23.669,23.63
23.649,23.649,0.032,0.009,23.664,23.632
23.646,23.646,0.073,0.021,23.663,23.59
23.652,23.652,0.049,0.014,23.678,23.629
23.646,23.647,0.031,0.01,23.659,23.628
23.659,23.659,0.032,0.01,23.674,23.642
23.648,23.648,0.042,0.011,23.669,23.627
23.659,23.659,0.021,0.007,23.669,23.648
23.663,23.663,0.045,0.014,23.682,23.637
23.652,23.652,0.044,0.013,23.673,23.629
23.652,23.652,0.127,0.033,23.685,23.558
23.652,23.652,0.047,0.013,23.665,23.618
23.649,23.649,0.116,0.032,23.672,23.556
23.656,23.656,0.102,0.028,23.681,23.579
23.656,23.656,0.034,0.01,23.676,23.642
23.66,23.66,0.038,0.01,23.68,23.642
23.669,23.669,0.039,0.012,23.689,23.65
23.665,23.665,0.037,0.011,23.689,23.652
23.67,23.67,0.029,0.01,23.685,23.656
23.681,23.681,0.036,0.01,23.697,23.661
23.678,23.678,0.033,0.01,23.693,23.66
23.677,23.677,0.027,0.009,23.691,23.664
23.678,23.678,0.086,0.023,23.702,23.616
23.689,23.689,0.037,0.011,23.699,23.662
23.688,23.688,0.031,0.008,23.699,23.668
23.687,23.687,0.113,0.03,23.771,23.658
23.68,23.68,0.034,0.011,23.696,23.662
23.689,23.689,0.092,0.025,23.75,23.658
23.705,23.705,0.11,0.032,23.779,23.669
23.691,23.692,0.093,0.025,23.755,23.662
23.686,23.686,0.046,0.014,23.712,23.666
23.688,23.688,0.056,0.016,23.722,23.666
23.705,23.705,0.126,0.041,23.792,23.666
23.693,23.693,0.046,0.015,23.713,23.667
23.692,23.692,0.023,0.009,23.702,23.679
23.684,23.684,0.048,0.016,23.71,23.662
23.697,23.697,0.059,0.016,23.722,23.663
23.703,23.703,0.053,0.014,23.733,23.68
23.698,23.698,0.023,0.007,23.709,23.686
23.704,23.704,0.048,0.014,23.727,23.679
23.7,23.7,0.032,0.011,23.718,23.686
23.7,23.7,0.052,0.018,23.726,23.674
23.702,23.702,0.044,0.012,23.718,23.674
23.712,23.712,0.109,0.029,23.79,23.681
23.718,23.718,0.094,0.025,23.784,23.69
23.707,23.707,0.042,0.012,23.726,23.684
23.706,23.706,0.042,0.012,23.731,23.689
23.722,23.722,0.106,0.027,23.8,23.694
23.726,23.726,0.135,0.035,23.828,23.693
23.721,23.721,0.103,0.027,23.793,23.69
23.722,23.722,0.028,0.009,23.737,23.709
23.716,23.716,0.045,0.012,23.738,23.693
23.728,23.728,0.091,0.025,23.795,23.704
23.723,23.723,0.069,0.02,23.767,23.698
23.723,23.723,0.027,0.008,23.736,23.709
23.739,23.739,0.111,0.031,23.806,23.695
23.739,23.739,0.045,0.014,23.766,23.721
23.73,23.73,0.031,0.009,23.744,23.713
23.74,23.74,0.115,0.029,23.822,23.707
23.752,23.752,0.104,0.039,23.822,23.718
23.741,23.741,0.086,0.023,23.803,23.717
23.732,23.732,0.024,0.007,23.746,23.722
23.749,23.749,0.108,0.03,23.818,23.71
23.753,23.753,0.101,0.033,23.811,23.71
23.749,23.749,0.089,0.023,23.811,23.722
23.746,23.747,0.12,0.031,23.828,23.708
23.744,23.744,0.105,0.027,23.82,23.715
23.751,23.751,0.035,0.01,23.766,23.731
23.756,23.756,0.034,0.012,23.77,23.736
23.762,23.762,0.111,0.034,23.832,23.721
23.756,23.756,0.121,0.037,23.837,23.716
23.734,23.734,0.035,0.01,23.755,23.72
23.745,23.745,0.1,0.028,23.826,23.726
23.742,23.742,0.027,0.011,23.756,23.729
23.743,23.743,0.037,0.013,23.76,23.723
23.747,23.747,0.038,0.012,23.761,23.723
23.744,23.744,0.044,0.016,23.765,23.721
23.751,23.751,0.1,0.025,23.82,23.72
23.746,23.746,0.047,0.012,23.767,23.72
23.772,23.772,0.1,0.039,23.833,23.733
23.755,23.755,0.028,0.01,23.769,23.741
23.75,23.75,0.033,0.009,23.765,23.732
23.753,23.753,0.041,0.013,23.771,23.73
23.759,23.759,0.107,0.029,23.84,23.733
23.755,23.755,0.034,0.011,23.77,23.736
23.77,23.77,0.098,0.027,23.841,23.743
23.759,23.759,0.115,0.032,23.848,23.733
23.753,23.753,0.06,0.016,23.793,23.733
23.766,23.766,0.103,0.028,23.843,23.74
23.764,23.764,0.11,0.028,23.846,23.736
23.76,23.76,0.094,0.026,23.831,23.737
23.775,23.775,0.112,0.034,23.851,23.739
23.769,23.769,0.097,0.028,23.852,23.755
23.776,23.777,0.081,0.022,23.839,23.758
23.794,23.794,0.101,0.037,23.854,23.753
23.769,23.769,0.025,0.008,23.782,23.757
23.777,23.777,0.114,0.033,23.854,23.74
23.771,23.771,0.109,0.027,23.843,23.734
23.764,23.764,0.044,0.015,23.784,23.74
23.784,23.784,0.11,0.032,23.85,23.74
23.769,23.769,0.108,0.03,23.853,23.745
23.783,23.783,0.105,0.037,23.864,23.759
23.786,23.786,0.079,0.021,23.847,23.768
23.788,23.788,0.085,0.026,23.85,23.765
23.794,23.794,0.1,0.033,23.865,23.765
23.792,23.792,0.092,0.03,23.851,23.759
23.786,23.786,0.031,0.009,23.803,23.772
23.787,23.787,0.124,0.033,23.885,23.761
23.779,23.779,0.024,0.008,23.789,23.765
23.792,23.792,0.108,0.029,23.873,23.765
23.804,23.804,0.111,0.042,23.881,23.77
23.795,23.795,0.117,0.038,23.881,23.764
23.778,23.778,0.028,0.01,23.792,23.764
23.803,23.803,0.098,0.028,23.879,23.781
23.798,23.798,0.037,0.011,23.815,23.778
23.797,23.797,0.02,0.005,23.809,23.789
23.691,23.691,0.281,0.131,23.802,23.521
23.539,23.539,0.046,0.012,23.564,23.518
23.775,23.775,0.265,0.077,23.811,23.546
23.702,23.702,0.284,0.129,23.82,23.536
23.545,23.545,0.05,0.014,23.578,23.528
23.554,23.555,0.102,0.035,23.622,23.52
23.546,23.547,0.082,0.028,23.599,23.517
23.555,23.555,0.095,0.031,23.617,23.522
23.551,23.551,0.114,0.031,23.636,23.522
23.545,23.546,0.117,0.034,23.637,23.52
23.56,23.561,0.079,0.029,23.612,23.533
23.56,23.561,0.105,0.039,23.622,23.517
23.556,23.556,0.106,0.039,23.621,23.515
23.538,23.538,0.089,0.023,23.597,23.508
23.547,23.547,0.12,0.036,23.628,23.508
23.552,23.552,0.116,0.038,23.625,23.509
23.537,23.537,0.035,0.011,23.552,23.517
23.562,23.562,0.122,0.036,23.647,23.525
23.55,23.55,0.034,0.009,23.567,23.533
23.554,23.554,0.086,0.022,23.611,23.525
23.593,23.593,0.093,0.039,23.651,23.558
23.56,23.56,0.112,0.034,23.631,23.519
23.548,23.549,0.052,0.015,23.571,23.519
23.563,23.563,0.088,0.025,23.632,23.544
23.579,23.579,0.096,0.036,23.637,23.541
23.554,23.554,0.043,0.013,23.571,23.528
23.563,23.563,0.12,0.033,23.659,23.539
23.555,23.555,0.029,0.008,23.575,23.546
23.565,23.565,0.118,0.031,23.655,23.537
23.552,23.552,0.037,0.01,23.574,23.537
23.57,23.57,0.102,0.036,23.642,23.54
23.57,23.57,0.106,0.031,23.639,23.533
23.578,23.578,0.099,0.035,23.649,23.55
23.593,23.593,0.112,0.045,23.649,23.537
23.575,23.575,0.089,0.025,23.642,23.553
23.563,23.563,0.086,0.023,23.626,23.54
23.575,23.575,0.117,0.029,23.657,23.54
23.578,23.578,0.119,0.039,23.668,23.549
23.575,23.575,0.085,0.022,23.634,23.549
23.577,23.577,0.072,0.019,23.623,23.551
23.576,23.576,0.114,0.031,23.659,23.545
23.574,23.574,0.108,0.03,23.655,23.547
23.563,23.563,0.046,0.012,23.581,23.535
23.591,23.591,0.107,0.043,23.656,23.549
23.585,23.585,0.101,0.026,23.66,23.559
23.576,23.576,0.055,0.016,23.614,23.559
23.608,23.608,0.108,0.039,23.672,23.564
23.607,23.607,0.102,0.038,23.666,23.564
23.581,23.581,0.038,0.01,23.597,23.559
23.58,23.58,0.043,0.012,23.595,23.552
23.598,23.598,0.132,0.039,23.686,23.554
23.605,23.605,0.106,0.039,23.667,23.561
23.601,23.601,0.095,0.033,23.67,23.575
23.586,23.586,0.036,0.01,23.604,23.568
23.601,23.601,0.103,0.033,23.669,23.566
23.603,23.603,0.097,0.034,23.675,23.578
23.609,23.609,0.106,0.027,23.687,23.581
23.604,23.604,0.128,0.037,23.678,23.55
23.626,23.626,0.107,0.042,23.678,23.571
23.604,23.605,0.104,0.034,23.676,23.572
23.598,23.598,0.056,0.018,23.624,23.568
23.595,23.595,0.064,0.019,23.623,23.559
23.603,23.603,0.103,0.028,23.682,23.579
23.617,23.617,0.112,0.037,23.689,23.577
23.597,23.597,0.12,0.037,23.673,23.553
23.63,23.63,0.11,0.037,23.702,23.592
23.603,23.603,0.102,0.027,23.676,23.574
23.613,23.613,0.106,0.032,23.68,23.574
23.601,23.601,0.028,0.008,23.616,23.588
23.609,23.61,0.04,0.013,23.633,23.593
23.607,23.608,0.047,0.015,23.633,23.586
23.615,23.615,0.123,0.031,23.692,23.569
23.608,23.608,0.113,0.03,23.692,23.579
23.6,23.6,0.049,0.016,23.619,23.57
23.61,23.61,0.108,0.029,23.678,23.57
23.623,23.623,0.106,0.043,23.693,23.587
23.613,23.613,0.085,0.022,23.67,23.585
23.622,23.622,0.111,0.033,23.687,23.576
23.625,23.625,0.123,0.036,23.706,23.583
23.618,23.619,0.099,0.027,23.695,23.596
23.627,23.627,0.102,0.036,23.697,23.595
23.612,23.612,0.055,0.017,23.641,23.586
23.64,23.64,0.096,0.03,23.694,23.598
23.626,23.627,0.102,0.027,23.704,23.602
23.631,23.631,0.098,0.03,23.69,23.592
23.622,23.622,0.104,0.029,23.696,23.592
23.632,23.632,0.112,0.036,23.708,23.596
23.623,23.623,0.114,0.036,23.71,23.596
23.62,23.62,0.094,0.025,23.687,23.593
23.641,23.641,0.122,0.042,23.725,23.603
23.623,23.623,0.123,0.034,23.719,23.596
23.624,23.624,0.097,0.026,23.697,23.6
23.609,23.609,0.057,0.016,23.642,23.585
23.634,23.634,0.124,0.038,23.709,23.585
23.603,23.603,0.032,0.009,23.623,23.591
23.62,23.62,0.103,0.031,23.688,23.585
23.632,23.632,0.052,0.017,23.663,23.611
23.636,23.636,0.099,0.033,23.706,23.607
23.635,23.635,0.099,0.034,23.694,23.595
23.628,23.628,0.122,0.037,23.709,23.587
23.633,23.633,0.097,0.03,23.7,23.603
23.633,23.633,0.115,0.039,23.701,23.586
23.641,23.641,0.097,0.037,23.708,23.611
23.627,23.627,0.074,0.02,23.681,23.607
23.622,23.622,0.093,0.025,23.692,23.599
23.628,23.628,0.117,0.03,23.71,23.593
23.629,23.629,0.099,0.031,23.701,23.602
23.625,23.625,0.087,0.031,23.69,23.603
23.618,23.618,0.033,0.01,23.631,23.598
23.623,23.623,0.037,0.011,23.642,23.605
23.629,23.629,0.095,0.031,23.7,23.605
23.63,23.63,0.098,0.04,23.694,23.596
23.613,23.613,0.032,0.009,23.632,23.6
23.631,23.631,0.101,0.027,23.701,23.6
23.631,23.631,0.095,0.026,23.7,23.605
23.642,23.642,0.104,0.032,23.714,23.61
23.65,23.651,0.101,0.04,23.709,23.608
23.644,23.644,0.1,0.035,23.703,23.603
23.636,23.636,0.129,0.035,23.732,23.603
23.642,23.642,0.107,0.043,23.712,23.605
23.626,23.626,0.056,0.015,23.661,23.605
23.624,23.624,0.099,0.025,23.694,23.595
23.63,23.63,0.108,0.03,23.712,23.604
23.651,23.651,0.103,0.04,23.712,23.609
23.655,23.655,0.093,0.037,23.718,23.625
23.626,23.626,0.044,0.012,23.644,23.6
23.64,23.64,0.107,0.041,23.721,23.614
23.633,23.633,0.105,0.029,23.713,23.608
23.649,23.649,0.096,0.034,23.712,23.616
23.635,23.635,0.076,0.019,23.688,23.612
23.656,23.656,0.107,0.039,23.723,23.616
23.624,23.624,0.034,0.009,23.642,23.608
23.641,23.641,0.103,0.029,23.726,23.623
23.648,23.648,0.108,0.036,23.718,23.61
23.667,23.667,0.103,0.039,23.721,23.618
23.65,23.65,0.125,0.045,23.728,23.603
23.658,23.658,0.111,0.034,23.726,23.615
23.648,23.648,0.094,0.029,23.712,23.618
23.655,23.655,0.112,0.039,23.725,23.613
23.642,23.642,0.05,0.015,23.666,23.616
23.64,23.64,0.027,0.01,23.654,23.627
23.646,23.646,0.086,0.025,23.712,23.626
23.641,23.641,0.05,0.015,23.675,23.625
23.643,23.643,0.026,0.008,23.653,23.627
23.656,23.656,0.09,0.025,23.728,23.638
23.648,23.648,0.044,0.014,23.673,23.629
23.666,23.666,0.116,0.043,23.737,23.621
23.644,23.644,0.053,0.017,23.671,23.618
23.645,23.645,0.062,0.016,23.683,23.621
23.649,23.649,0.043,0.011,23.668,23.625
23.663,23.663,0.118,0.038,23.746,23.628
23.67,23.67,0.105,0.043,23.738,23.633
23.663,23.663,0.101,0.034,23.729,23.628
23.664,23.664,0.106,0.033,23.737,23.631
23.65,23.65,0.124,0.034,23.745,23.621
23.654,23.654,0.104,0.028,23.733,23.629
23.66,23.66,0.122,0.033,23.743,23.621
23.664,23.664,0.086,0.032,23.715,23.629
23.673,23.673,0.115,0.042,23.745,23.63
23.661,23.661,0.092,0.031,23.724,23.632
23.662,23.662,0.096,0.027,23.741,23.645
23.66,23.66,0.106,0.029,23.743,23.637
23.652,23.652,0.081,0.021,23.708,23.627
23.67,23.67,0.106,0.031,23.746,23.64
23.679,23.679,0.093,0.04,23.733,23.64
23.653,23.653,0.114,0.029,23.737,23.623
23.647,23.647,0.031,0.009,23.666,23.635
23.656,23.656,0.087,0.025,23.728,23.641
23.664,23.664,0.1,0.03,23.738,23.638
23.663,23.663,0.126,0.037,23.759,23.633
23.686,23.686,0.111,0.038,23.748,23.637
23.691,23.691,0.102,0.036,23.737,23.635
23.674,23.674,0.095,0.025,23.735,23.64
23.677,23.677,0.124,0.047,23.751,23.627
23.664,23.664,0.124,0.037,23.749,23.625
23.671,23.671,0.124,0.045,23.75,23.626
23.666,23.666,0.124,0.037,23.75,23.626
23.665,23.665,0.095,0.029,23.73,23.635
23.643,23.643,0.056,0.02,23.671,23.615
23.653,23.653,0.027,0.008,23.671,23.644
23.648,23.648,0.03,0.01,23.665,23.635
23.65,23.65,0.042,0.012,23.67,23.628
23.67,23.671,0.098,0.031,23.739,23.641
23.643,23.643,0.04,0.012,23.667,23.627
23.655,23.655,0.11,0.03,23.742,23.632
23.663,23.663,0.111,0.036,23.742,23.631
23.664,23.664,0.114,0.044,23.734,23.62
23.662,23.662,0.101,0.035,23.734,23.633
23.67,23.67,0.092,0.03,23.735,23.643
23.674,23.674,0.11,0.038,23.738,23.628
23.645,23.645,0.094,0.026,23.716,23.622
23.642,23.642,0.098,0.023,23.699,23.601
23.64,23.64,0.05,0.014,23.667,23.617
23.653,23.653,0.121,0.036,23.726,23.605
23.635,23.635,0.114,0.031,23.726,23.612
23.631,23.631,0.041,0.013,23.651,23.61
23.639,23.639,0.109,0.034,23.713,23.604
23.625,23.625,0.024,0.007,23.635,23.611
23.635,23.635,0.106,0.029,23.712,23.606
23.625,23.625,0.111,0.03,23.712,23.601
23.623,23.623,0.073,0.02,23.676,23.603
23.615,23.615,0.026,0.008,23.632,23.606
23.634,23.634,0.081,0.023,23.697,23.616
23.62,23.62,0.03,0.01,23.636,23.606
23.618,23.618,0.114,0.03,23.695,23.581
23.612,23.612,0.118,0.043,23.699,23.581
23.591,23.591,0.036,0.013,23.615,23.579
23.589,23.589,0.051,0.016,23.612,23.561
23.587,23.587,0.035,0.012,23.606,23.571
23.602,23.602,0.117,0.042,23.686,23.569
23.6,23.6,0.128,0.039,23.684,23.556
23.58,23.58,0.05,0.015,23.609,23.559
23.575,23.575,0.058,0.015,23.609,23.551
23.569,23.569,0.038,0.011,23.587,23.549
23.582,23.582,0.115,0.035,23.659,23.544
23.552,23.552,0.04,0.013,23.565,23.525
23.556,23.556,0.03,0.009,23.572,23.542
23.561,23.561,0.102,0.031,23.627,23.525
23.564,23.564,0.111,0.037,23.641,23.53
23.557,23.557,0.055,0.015,23.585,23.53
23.574,23.574,0.026,0.008,23.585,23.559
23.571,23.571,0.047,0.013,23.594,23.547
23.558,23.558,0.04,0.012,23.58,23.54
23.555,23.555,0.036,0.011,23.577,23.541
23.549,23.549,0.035,0.012,23.568,23.533
23.549,23.549,0.093,0.025,23.612,23.519
23.542,23.542,0.024,0.007,23.552,23.528
23.703,23.703,0.295,0.122,23.821,23.526
23.793,23.793,0.045,0.011,23.816,23.771
23.809,23.809,0.108,0.03,23.892,23.784
23.792,23.792,0.035,0.01,23.816,23.781
23.787,23.787,0.028,0.009,23.801,23.773
23.784,23.784,0.101,0.027,23.86,23.759
23.79,23.79,0.099,0.025,23.86,23.761
23.777,23.777,0.022,0.006,23.787,23.765
23.768,23.768,0.032,0.009,23.786,23.754
23.775,23.775,0.029,0.009,23.786,23.757
23.771,23.771,0.101,0.027,23.849,23.748
23.764,23.764,0.022,0.007,23.774,23.752
23.758,23.758,0.034,0.01,23.774,23.74
23.757,23.757,0.029,0.011,23.771,23.742
23.762,23.762,0.02,0.008,23.774,23.754
23.749,23.75,0.024,0.008,23.759,23.735
23.752,23.753,0.028,0.008,23.767,23.739
23.752,23.752,0.026,0.007,23.765,23.739
23.751,23.751,0.042,0.013,23.771,23.729
23.748,23.748,0.044,0.014,23.764,23.72
23.736,23.736,0.039,0.013,23.755,23.716
23.727,23.727,0.023,0.008,23.74,23.717
23.725,23.725,0.079,0.022,23.746,23.667
23.731,23.731,0.047,0.015,23.758,23.711
23.732,23.732,0.023,0.007,23.744,23.721
23.721,23.721,0.029,0.009,23.732,23.703
23.731,23.731,0.027,0.008,23.744,23.717
23.721,23.721,0.035,0.01,23.744,23.709
23.732,23.732,0.042,0.013,23.753,23.711
23.716,23.716,0.094,0.026,23.736,23.642
23.725,23.725,0.034,0.011,23.746,23.712
23.727,23.727,0.033,0.01,23.743,23.71
23.732,23.732,0.039,0.01,23.746,23.707
23.722,23.722,0.036,0.014,23.738,23.702
23.721,23.721,0.062,0.017,23.749,23.687
23.704,23.704,0.122,0.032,23.731,23.609
23.707,23.707,0.104,0.028,23.732,23.628
23.714,23.714,0.044,0.012,23.733,23.689
23.705,23.705,0.082,0.023,23.718,23.636
23.701,23.701,0.03,0.01,23.716,23.686
23.704,23.704,0.034,0.01,23.722,23.688
23.701,23.701,0.032,0.009,23.717,23.685
23.704,23.705,0.036,0.009,23.725,23.689
23.689,23.689,0.113,0.032,23.708,23.595
23.697,23.697,0.047,0.015,23.72,23.673
23.688,23.688,0.105,0.029,23.714,23.609
23.679,23.679,0.086,0.024,23.695,23.609
23.689,23.689,0.032,0.011,23.703,23.671
23.687,23.687,0.03,0.01,23.701,23.671
23.692,23.692,0.036,0.012,23.712,23.676
23.688,23.688,0.032,0.01,23.7,23.668
23.67,23.67,0.028,0.008,23.687,23.659
23.674,23.674,0.039,0.011,23.699,23.66
23.676,23.676,0.021,0.006,23.687,23.666
23.674,23.674,0.02,0.007,23.684,23.664
23.673,23.673,0.038,0.013,23.692,23.654
23.673,23.673,0.023,0.007,23.685,23.662
23.67,23.67,0.027,0.008,23.683,23.656
23.656,23.656,0.107,0.029,23.682,23.575
23.663,23.663,0.096,0.026,23.688,23.592
23.662,23.662,0.113,0.03,23.69,23.577
23.665,23.665,0.112,0.03,23.689,23.577
23.677,23.677,0.03,0.01,23.694,23.664
23.67,23.67,0.042,0.013,23.684,23.642
23.658,23.658,0.095,0.026,23.682,23.587
23.653,23.653,0.102,0.034,23.684,23.582
23.655,23.655,0.097,0.027,23.679,23.582
23.667,23.667,0.027,0.009,23.68,23.653
23.66,23.661,0.029,0.009,23.678,23.649
23.656,23.656,0.101,0.028,23.678,23.577
23.671,23.671,0.05,0.015,23.695,23.645
23.654,23.654,0.029,0.008,23.669,23.64
23.659,23.659,0.041,0.012,23.681,23.64
23.663,23.663,0.034,0.011,23.681,23.647
23.66,23.66,0.06,0.017,23.672,23.612
23.658,23.658,0.043,0.012,23.672,23.629
23.643,23.643,0.111,0.038,23.672,23.561
23.656,23.656,0.107,0.039,23.683,23.576
23.647,23.647,0.11,0.029,23.676,23.566
23.656,23.656,0.037,0.012,23.676,23.639
23.652,23.652,0.108,0.029,23.678,23.57
23.646,23.646,0.096,0.026,23.669,23.573
23.643,23.643,0.123,0.034,23.67,23.547
23.641,23.641,0.098,0.031,23.669,23.571
23.654,23.654,0.074,0.02,23.67,23.596
23.666,23.666,0.044,0.011,23.689,23.645
23.664,23.664,0.058,0.016,23.703,23.645
23.658,23.658,0.095,0.026,23.684,23.589
23.665,23.665,0.049,0.016,23.684,23.635
23.649,23.649,0.068,0.019,23.673,23.605
23.655,23.655,0.085,0.023,23.683,23.598
23.641,23.641,0.1,0.035,23.674,23.574
23.644,23.644,0.086,0.025,23.667,23.581
23.656,23.656,0.05,0.016,23.68,23.63
23.652,23.652,0.086,0.023,23.673,23.587
23.656,23.656,0.02,0.006,23.666,23.646
23.645,23.645,0.103,0.027,23.67,23.567
23.641,23.641,0.106,0.028,23.673,23.567
23.644,23.644,0.111,0.029,23.676,23.565
23.643,23.643,0.109,0.029,23.669,23.56
23.642,23.642,0.089,0.025,23.662,23.573
23.647,23.647,0.023,0.007,23.656,23.633
23.64,23.64,0.032,0.012,23.656,23.624
23.645,23.645,0.031,0.01,23.658,23.627
23.641,23.641,0.074,0.019,23.669,23.595
23.632,23.632,0.097,0.026,23.656,23.559
23.636,23.636,0.033,0.012,23.656,23.623
23.642,23.642,0.071,0.018,23.671,23.6
23.644,23.644,0.032,0.01,23.659,23.627
23.643,23.643,0.042,0.013,23.668,23.626
23.639,23.639,0.016,0.005,23.645,23.629
23.642,23.642,0.033,0.01,23.659,23.626
23.644,23.644,0.035,0.01,23.661,23.626
23.645,23.645,0.048,0.014,23.667,23.619
23.63,23.63,0.028,0.008,23.647,23.619
23.632,23.632,0.03,0.01,23.649,23.619
23.636,23.636,0.046,0.014,23.648,23.602
23.637,23.637,0.032,0.009,23.656,23.624
23.64,23.64,0.032,0.01,23.652,23.62
23.636,23.636,0.026,0.007,23.65,23.624
23.648,23.648,0.033,0.012,23.661,23.628
23.638,23.638,0.044,0.014,23.668,23.624
23.647,23.648,0.05,0.013,23.673,23.623
23.646,23.646,0.033,0.01,23.664,23.631
23.649,23.649,0.026,0.008,23.662,23.636
23.652,23.652,0.039,0.013,23.673,23.634
23.647,23.647,0.038,0.012,23.671,23.633
23.646,23.646,0.05,0.015,23.671,23.621
23.637,23.637,0.116,0.032,23.659,23.543
23.644,23.644,0.039,0.013,23.667,23.628
23.645,23.645,0.037,0.01,23.668,23.631
23.647,23.647,0.056,0.017,23.672,23.616
23.642,23.642,0.043,0.014,23.668,23.625
23.642,23.642,0.032,0.009,23.663,23.631
23.645,23.645,0.025,0.007,23.659,23.634
23.638,23.638,0.033,0.01,23.652,23.619
23.636,23.636,0.035,0.012,23.652,23.617
23.646,23.646,0.037,0.013,23.663,23.626
23.638,23.638,0.052,0.016,23.666,23.614
23.652,23.652,0.043,0.011,23.679,23.636
23.638,23.638,0.042,0.013,23.657,23.615
23.64,23.64,0.04,0.011,23.66,23.62
23.634,23.634,0.035,0.011,23.653,23.618
23.649,23.649,0.04,0.013,23.668,23.628
23.64,23.64,0.052,0.014,23.668,23.616
23.634,23.634,0.04,0.01,23.65,23.61
23.632,23.632,0.026,0.008,23.648,23.622
23.643,23.643,0.101,0.03,23.728,23.627
23.642,23.642,0.025,0.007,23.657,23.632
23.632,23.632,0.022,0.006,23.642,23.62
23.64,23.64,0.026,0.008,23.655,23.629
23.636,23.636,0.036,0.01,23.655,23.619
23.639,23.639,0.026,0.007,23.656,23.63
23.637,23.637,0.026,0.01,23.653,23.627
23.632,23.632,0.037,0.012,23.65,23.613
23.64,23.64,0.037,0.01,23.657,23.62
23.634,23.634,0.038,0.013,23.657,23.619
23.625,23.625,0.037,0.009,23.643,23.606
23.62,23.62,0.035,0.01,23.645,23.61
23.631,23.631,0.04,0.013,23.65,23.61
23.638,23.638,0.119,0.033,23.729,23.61
23.639,23.639,0.033,0.011,23.651,23.618
23.64,23.64,0.018,0.006,23.651,23.633
23.636,23.637,0.031,0.009,23.653,23.622
23.644,23.644,0.097,0.026,23.722,23.625
23.629,23.629,0.042,0.012,23.649,23.607
23.638,23.638,0.033,0.011,23.655,23.622
23.639,23.639,0.039,0.013,23.663,23.624
23.641,23.641,0.021,0.007,23.652,23.631
23.637,23.637,0.024,0.008,23.65,23.626
23.64,23.64,0.031,0.009,23.657,23.626
23.64,23.64,0.05,0.016,23.662,23.612
23.636,23.636,0.044,0.014,23.656,23.612
23.646,23.647,0.05,0.014,23.67,23.62
23.633,23.633,0.041,0.012,23.651,23.61
23.641,23.641,0.083,0.023,23.693,23.61
23.633,23.633,0.042,0.014,23.65,23.608
23.666,23.666,0.118,0.044,23.738,23.62
23.635,23.635,0.049,0.016,23.663,23.614
23.636,23.636,0.038,0.011,23.651,23.613
23.639,23.639,0.041,0.012,23.658,23.617
23.637,23.637,0.049,0.018,23.658,23.609
23.641,23.641,0.057,0.017,23.668,23.611
23.635,23.635,0.048,0.013,23.656,23.608
23.644,23.644,0.115,0.033,23.741,23.626
23.647,23.647,0.108,0.029,23.72,23.612
23.647,23.647,0.095,0.026,23.72,23.625
23.632,23.632,0.031,0.009,23.646,23.615
23.639,23.639,0.04,0.012,23.659,23.619
23.638,23.638,0.052,0.015,23.669,23.617
23.635,23.635,0.037,0.013,23.654,23.617
23.634,23.634,0.044,0.013,23.658,23.614
23.627,23.627,0.038,0.011,23.647,23.609
23.634,23.634,0.029,0.008,23.647,23.618
23.648,23.648,0.122,0.039,23.74,23.618
23.628,23.628,0.028,0.009,23.643,23.615
23.627,23.627,0.115,0.032,23.72,23.605
23.626,23.626,0.021,0.008,23.635,23.614
23.63,23.63,0.036,0.01,23.652,23.616
23.651,23.651,0.04,0.013,23.674,23.634
23.654,23.654,0.04,0.013,23.68,23.64
23.644,23.644,0.043,0.014,23.668,23.625
23.635,23.635,0.03,0.009,23.65,23.62
23.631,23.631,0.077,0.02,23.651,23.574
23.637,23.637,0.043,0.012,23.653,23.61
23.628,23.628,0.062,0.019,23.659,23.597
23.622,23.622,0.05,0.016,23.647,23.597
23.62,23.62,0.047,0.016,23.646,23.599
23.618,23.618,0.035,0.011,23.633,23.598
23.617,23.617,0.035,0.012,23.631,23.596
23.61,23.61,0.095,0.026,23.629,23.534
23.606,23.606,0.039,0.01,23.624,23.585
23.609,23.609,0.029,0.01,23.623,23.594
23.621,23.621,0.039,0.011,23.639,23.6
23.64,23.64,0.043,0.013,23.662,23.619
23.623,23.623,0.035,0.013,23.643,23.608
23.614,23.614,0.056,0.016,23.639,23.583
23.605,23.605,0.036,0.012,23.619,23.583
23.607,23.607,0.049,0.016,23.629,23.58
23.588,23.588,0.13,0.04,23.632,23.502
23.598,23.598,0.096,0.025,23.624,23.528
23.586,23.586,0.141,0.042,23.638,23.497
23.586,23.586,0.1,0.028,23.61,23.51
23.576,23.576,0.126,0.04,23.617,23.491
23.589,23.589,0.034,0.012,23.604,23.57
23.578,23.578,0.1,0.028,23.602,23.502
23.576,23.576,0.027,0.008,23.59,23.563
23.573,23.573,0.035,0.01,23.595,23.56
23.578,23.578,0.055,0.015,23.598,23.543
23.57,23.571,0.018,0.007,23.58,23.562
23.579,23.579,0.041,0.011,23.594,23.553
23.57,23.57,0.037,0.013,23.59,23.553
23.578,23.579,0.088,0.024,23.616,23.528
23.583,23.583,0.055,0.015,23.616,23.561
23.567,23.567,0.039,0.011,23.586,23.547
23.557,23.557,0.057,0.017,23.58,23.523
23.555,23.555,0.037,0.012,23.572,23.535
23.554,23.554,0.056,0.017,23.58,23.524
23.537,23.537,0.108,0.027,23.582,23.474
23.546,23.546,0.047,0.013,23.56,23.513
23.543,23.543,0.069,0.019,23.584,23.515
23.541,23.541,0.028,0.009,23.558,23.53
23.549,23.549,0.03,0.011,23.564,23.534
23.541,23.541,0.049,0.013,23.565,23.516
23.532,23.532,0.043,0.012,23.553,23.51
23.525,23.525,0.078,0.02,23.549,23.471
23.525,23.525,0.075,0.02,23.546,23.471
23.534,23.534,0.027,0.008,23.546,23.519
23.523,23.523,0.037,0.011,23.544,23.507
23.518,23.519,0.041,0.01,23.535,23.494
23.521,23.521,0.061,0.02,23.544,23.483
23.505,23.505,0.098,0.027,23.524,23.426
23.502,23.502,0.099,0.026,23.528,23.429
23.508,23.508,0.112,0.03,23.536,23.424
23.488,23.488,0.098,0.029,23.531,23.433
23.63,23.63,0.274,0.1,23.713,23.439
23.693,23.693,0.037,0.013,23.714,23.677
23.697,23.697,0.048,0.014,23.73,23.682
23.682,23.682,0.097,0.027,23.701,23.604
23.693,23.693,0.126,0.033,23.73,23.604
23.685,23.685,0.113,0.044,23.725,23.612
23.688,23.688,0.082,0.023,23.713,23.631
23.678,23.678,0.106,0.027,23.713,23.607
23.663,23.663,0.098,0.032,23.699,23.601
23.689,23.689,0.057,0.016,23.712,23.655
23.656,23.656,0.144,0.051,23.698,23.554
23.657,23.657,0.109,0.039,23.686,23.577
23.664,23.664,0.084,0.024,23.689,23.605
23.666,23.666,0.074,0.022,23.699,23.625
23.668,23.668,0.04,0.011,23.692,23.652
23.668,23.668,0.035,0.01,23.684,23.649
23.667,23.667,0.031,0.01,23.679,23.648
23.625,23.625,0.131,0.046,23.682,23.551
23.653,23.653,0.085,0.024,23.674,23.589
23.641,23.641,0.105,0.032,23.671,23.566
23.628,23.628,0.09,0.026,23.646,23.556
23.626,23.626,0.109,0.031,23.671,23.562
23.632,23.632,0.041,0.011,23.659,23.618
23.603,23.603,0.095,0.037,23.639,23.544
23.608,23.608,0.104,0.032,23.639,23.535
23.62,23.62,0.088,0.022,23.646,23.558
23.616,23.617,0.054,0.016,23.635,23.581
23.616,23.616,0.085,0.025,23.634,23.549
23.613,23.613,0.095,0.026,23.638,23.543
23.595,23.595,0.083,0.029,23.619,23.536
23.593,23.593,0.139,0.054,23.643,23.504
23.621,23.621,0.119,0.03,23.656,23.537
23.607,23.607,0.095,0.027,23.635,23.54
23.591,23.591,0.118,0.038,23.627,23.509
23.596,23.597,0.095,0.026,23.632,23.537
23.592,23.592,0.08,0.02,23.628,23.548
23.581,23.581,0.127,0.034,23.608,23.481
23.572,23.572,0.124,0.039,23.608,23.484
23.585,23.585,0.051,0.014,23.615,23.564
23.574,23.574,0.13,0.033,23.616,23.486
23.561,23.561,0.108,0.033,23.591,23.483
23.538,23.538,0.12,0.037,23.582,23.462
23.554,23.554,0.034,0.01,23.566,23.532
23.542,23.542,0.132,0.035,23.577,23.445
23.535,23.535,0.131,0.044,23.567,23.436
23.535,23.535,0.166,0.04,23.592,23.426
23.528,23.528,0.152,0.054,23.57,23.418
23.552,23.552,0.059,0.015,23.579,23.52
23.54,23.541,0.042,0.011,23.556,23.514
23.518,23.518,0.102,0.027,23.555,23.453
23.504,23.504,0.128,0.042,23.545,23.417
23.517,23.517,0.123,0.044,23.554,23.431
23.547,23.547,0.053,0.015,23.578,23.525
23.544,23.544,0.032,0.01,23.559,23.527
23.532,23.532,0.051,0.013,23.551,23.5
23.512,23.512,0.102,0.028,23.536,23.434
23.515,23.515,0.034,0.012,23.527,23.493
23.505,23.505,0.035,0.012,23.522,23.487
23.506,23.506,0.022,0.007,23.515,23.493
23.501,23.501,0.035,0.012,23.517,23.482
23.496,23.496,0.043,0.015,23.519,23.476
23.496,23.496,0.055,0.017,23.519,23.464
23.497,23.497,0.043,0.014,23.518,23.475
23.482,23.482,0.114,0.03,23.51,23.396
23.477,23.477,0.085,0.022,23.499,23.414
23.476,23.476,0.043,0.012,23.493,23.45
23.476,23.476,0.043,0.012,23.495,23.452
23.48,23.48,0.033,0.01,23.492,23.459
23.475,23.475,0.036,0.011,23.491,23.455
23.468,23.468,0.045,0.014,23.492,23.447
23.481,23.481,0.027,0.01,23.494,23.467
23.473,23.473,0.097,0.026,23.497,23.4
23.495,23.495,0.023,0.008,23.508,23.485
23.469,23.469,0.1,0.028,23.503,23.403
23.47,23.47,0.035,0.01,23.487,23.452
23.461,23.461,0.076,0.022,23.473,23.397
23.476,23.476,0.066,0.019,23.498,23.432
23.458,23.458,0.066,0.017,23.479,23.413
23.477,23.477,0.033,0.01,23.495,23.462
23.457,23.457,0.039,0.012,23.481,23.442
23.464,23.464,0.042,0.015,23.489,23.447
23.45,23.45,0.101,0.031,23.482,23.381
23.459,23.459,0.135,0.036,23.497,23.362
23.45,23.45,0.04,0.014,23.473,23.433
23.455,23.455,0.045,0.013,23.481,23.436
23.453,23.453,0.051,0.014,23.476,23.425
23.453,23.453,0.047,0.013,23.484,23.437
23.449,23.449,0.049,0.013,23.465,23.416
23.443,23.443,0.043,0.013,23.459,23.416
23.554,23.554,0.269,0.094,23.631,23.362
23.558,23.558,0.225,0.088,23.635,23.41
23.442,23.442,0.054,0.016,23.463,23.409
23.454,23.454,0.053,0.015,23.486,23.433
23.537,23.537,0.199,0.088,23.635,23.436
23.605,23.605,0.054,0.018,23.632,23.578
23.61,23.61,0.044,0.014,23.637,23.593
23.601,23.601,0.106,0.027,23.637,23.531
23.613,23.613,0.027,0.009,23.626,23.599
23.603,23.603,0.094,0.024,23.629,23.535
23.59,23.59,0.067,0.019,23.606,23.539
23.6,23.6,0.079,0.021,23.618,23.539
23.599,23.599,0.048,0.014,23.628,23.58
23.592,23.592,0.129,0.033,23.63,23.501
23.586,23.586,0.13,0.041,23.631,23.501
23.582,23.583,0.095,0.032,23.612,23.517
23.578,23.578,0.104,0.027,23.609,23.505
23.597,23.597,0.052,0.013,23.616,23.564
23.589,23.589,0.029,0.009,23.604,23.575
23.59,23.59,0.043,0.012,23.605,23.562
23.585,23.585,0.113,0.029,23.615,23.502
23.592,23.592,0.053,0.016,23.618,23.565
23.582,23.582,0.052,0.015,23.606,23.554
23.589,23.589,0.049,0.014,23.617,23.568
23.572,23.573,0.121,0.034,23.598,23.477
23.584,23.584,0.036,0.012,23.601,23.565
23.581,23.581,0.039,0.013,23.604,23.565
23.574,23.574,0.041,0.012,23.599,23.558
23.568,23.569,0.12,0.031,23.599,23.479
23.582,23.582,0.032,0.012,23.596,23.564
23.571,23.571,0.098,0.028,23.594,23.496
23.578,23.578,0.116,0.029,23.612,23.496
23.569,23.569,0.112,0.03,23.599,23.487
23.585,23.585,0.049,0.014,23.604,23.555
23.583,23.583,0.042,0.011,23.607,23.565
23.574,23.574,0.024,0.007,23.587,23.563
23.586,23.586,0.055,0.017,23.618,23.563
23.59,23.59,0.037,0.009,23.608,23.571
23.586,23.586,0.045,0.015,23.609,23.564
23.581,23.581,0.044,0.013,23.601,23.557
23.57,23.57,0.107,0.03,23.594,23.487
23.585,23.585,0.024,0.009,23.594,23.57
23.578,23.578,0.036,0.012,23.594,23.558
23.572,23.572,0.035,0.01,23.591,23.556
23.562,23.562,0.098,0.028,23.588,23.49
23.564,23.564,0.106,0.028,23.59,23.484
23.574,23.574,0.047,0.014,23.604,23.557
23.571,23.571,0.022,0.006,23.584,23.562
23.563,23.563,0.018,0.005,23.573,23.555
23.561,23.561,0.103,0.026,23.596,23.493
23.553,23.553,0.125,0.032,23.596,23.471
23.562,23.562,0.039,0.012,23.579,23.54
23.572,23.572,0.042,0.012,23.589,23.547
23.565,23.565,0.122,0.031,23.596,23.474
23.561,23.561,0.084,0.022,23.591,23.507
23.549,23.549,0.125,0.034,23.591,23.466
23.552,23.552,0.112,0.029,23.581,23.469
23.561,23.561,0.022,0.008,23.574,23.552
23.566,23.566,0.049,0.016,23.588,23.539
23.57,23.57,0.033,0.012,23.588,23.555
23.554,23.554,0.124,0.033,23.6,23.476
23.579,23.579,0.028,0.01,23.593,23.565
23.565,23.565,0.127,0.033,23.6,23.473
23.565,23.565,0.09,0.029,23.599,23.509
23.559,23.559,0.105,0.033,23.596,23.491
23.57,23.57,0.03,0.01,23.584,23.554
23.565,23.565,0.032,0.008,23.584,23.552
23.579,23.579,0.048,0.015,23.598,23.55
23.57,23.57,0.048,0.013,23.6,23.552
23.56,23.56,0.026,0.009,23.575,23.549
23.555,23.555,0.104,0.027,23.587,23.483
23.563,23.563,0.053,0.016,23.591,23.538
23.572,23.572,0.04,0.011,23.586,23.546
23.568,23.569,0.126,0.031,23.607,23.481
23.553,23.553,0.093,0.025,23.574,23.481
23.563,23.563,0.046,0.015,23.592,23.546
23.566,23.566,0.128,0.037,23.601,23.473
23.571,23.571,0.048,0.014,23.6,23.552
23.563,23.564,0.138,0.038,23.593,23.455
23.58,23.58,0.058,0.02,23.608,23.55
23.574,23.574,0.1,0.025,23.616,23.516
23.55,23.55,0.143,0.045,23.599,23.456
23.577,23.577,0.059,0.018,23.605,23.546
23.586,23.586,0.041,0.012,23.609,23.568
23.563,23.563,0.138,0.038,23.599,23.461
23.564,23.564,0.146,0.043,23.625,23.479
23.561,23.561,0.111,0.041,23.59,23.479
23.562,23.562,0.117,0.038,23.594,23.477
23.564,23.564,0.133,0.045,23.604,23.471
23.562,23.562,0.133,0.036,23.593,23.46
23.576,23.576,0.119,0.032,23.601,23.482
23.561,23.561,0.123,0.032,23.605,23.482
23.561,23.561,0.11,0.031,23.585,23.475
23.556,23.556,0.066,0.023,23.577,23.511
23.574,23.574,0.08,0.021,23.593,23.513
23.559,23.559,0.131,0.036,23.593,23.462
23.556,23.556,0.041,0.011,23.578,23.537
23.575,23.575,0.033,0.009,23.594,23.561
23.58,23.58,0.047,0.013,23.598,23.551
23.552,23.552,0.118,0.043,23.584,23.466
23.557,23.557,0.113,0.031,23.577,23.464
23.58,23.58,0.044,0.013,23.604,23.56
23.562,23.562,0.128,0.043,23.598,23.47
23.555,23.555,0.116,0.039,23.599,23.483
23.558,23.558,0.131,0.04,23.604,23.473
23.558,23.558,0.145,0.044,23.618,23.473
23.592,23.592,0.043,0.013,23.61,23.567
23.582,23.582,0.104,0.03,23.608,23.504
23.566,23.566,0.107,0.032,23.607,23.5
23.582,23.582,0.037,0.011,23.602,23.565
23.576,23.576,0.111,0.036,23.608,23.497
23.585,23.585,0.09,0.025,23.61,23.52
23.563,23.564,0.106,0.04,23.605,23.499
23.574,23.574,0.102,0.027,23.601,23.499
23.577,23.578,0.076,0.021,23.598,23.522
23.587,23.587,0.049,0.015,23.608,23.559
23.571,23.571,0.094,0.031,23.6,23.506
23.566,23.566,0.104,0.033,23.596,23.492
23.568,23.568,0.115,0.04,23.603,23.488
23.565,23.565,0.124,0.039,23.618,23.494
23.585,23.585,0.121,0.032,23.615,23.494
23.588,23.588,0.106,0.029,23.623,23.517
23.577,23.577,0.103,0.03,23.609,23.506
23.564,23.564,0.122,0.04,23.609,23.487
23.585,23.585,0.099,0.027,23.609,23.51
23.588,23.588,0.049,0.014,23.601,23.552
23.574,23.574,0.109,0.035,23.613,23.504
23.599,23.599,0.046,0.012,23.618,23.572
23.594,23.594,0.043,0.016,23.618,23.575
23.577,23.577,0.089,0.029,23.617,23.528
23.602,23.602,0.039,0.012,23.62,23.581
23.577,23.578,0.116,0.036,23.621,23.505
23.595,23.595,0.028,0.009,23.606,23.578
23.598,23.598,0.044,0.013,23.614,23.57
23.584,23.584,0.037,0.011,23.602,23.565
23.579,23.579,0.095,0.026,23.603,23.508
23.591,23.591,0.038,0.011,23.615,23.577
23.588,23.588,0.093,0.026,23.608,23.515
23.589,23.589,0.073,0.021,23.615,23.542
23.589,23.589,0.035,0.011,23.609,23.574
23.578,23.578,0.1,0.029,23.595,23.495
23.594,23.594,0.026,0.009,23.602,23.576
23.594,23.594,0.031,0.008,23.615,23.584
23.587,23.587,0.039,0.011,23.612,23.573
23.602,23.602,0.057,0.017,23.628,23.571
23.6,23.6,0.049,0.014,23.62,23.571
23.602,23.602,0.053,0.017,23.629,23.576
23.604,23.604,0.049,0.016,23.631,23.582
23.602,23.602,0.028,0.008,23.613,23.585
23.602,23.602,0.025,0.01,23.614,23.589
23.606,23.606,0.119,0.034,23.702,23.583
23.602,23.602,0.055,0.014,23.621,23.566
23.6,23.6,0.037,0.012,23.62,23.583
23.604,23.604,0.091,0.025,23.674,23.583
23.603,23.603,0.045,0.012,23.631,23.586
23.607,23.607,0.038,0.012,23.631,23.593
23.613,23.613,0.12,0.032,23.701,23.581
23.605,23.605,0.035,0.01,23.616,23.581
23.596,23.596,0.031,0.011,23.61,23.579
23.605,23.605,0.098,0.027,23.681,23.583
23.636,23.636,0.101,0.04,23.694,23.593
23.613,23.613,0.098,0.027,23.684,23.586
23.608,23.608,0.037,0.009,23.628,23.591
23.602,23.603,0.041,0.013,23.628,23.587
23.602,23.602,0.048,0.013,23.626,23.578
23.61,23.611,0.115,0.036,23.693,23.578
23.597,23.598,0.035,0.011,23.612,23.577
23.615,23.616,0.071,0.019,23.673,23.602
23.633,23.633,0.133,0.045,23.72,23.587
23.613,23.613,0.075,0.019,23.667,23.592
23.616,23.616,0.117,0.032,23.706,23.589
23.611,23.611,0.087,0.023,23.675,23.588
23.619,23.619,0.118,0.039,23.706,23.588
23.553,23.553,0.195,0.079,23.635,23.44
23.435,23.436,0.034,0.009,23.452,23.418
23.459,23.459,0.079,0.024,23.512,23.433
23.465,23.465,0.125,0.039,23.545,23.42
23.456,23.456,0.112,0.028,23.531,23.419
23.453,23.453,0.113,0.029,23.532,23.419
23.45,23.45,0.063,0.017,23.477,23.414
23.457,23.457,0.114,0.028,23.533,23.419
23.454,23.454,0.11,0.027,23.528,23.418
23.599,23.599,0.234,0.079,23.683,23.449
23.59,23.59,0.245,0.081,23.678,23.433
23.478,23.478,0.107,0.037,23.545,23.438
23.469,23.469,0.082,0.028,23.518,23.436
23.473,23.473,0.086,0.029,23.518,23.432
23.46,23.46,0.109,0.029,23.542,23.433
23.484,23.484,0.103,0.037,23.542,23.439
23.474,23.474,0.099,0.037,23.537,23.438
23.479,23.479,0.085,0.026,23.539,23.454
23.472,23.472,0.102,0.035,23.537,23.435
23.457,23.457,0.11,0.031,23.543,23.433
23.481,23.481,0.138,0.044,23.568,23.43
23.474,23.474,0.111,0.036,23.546,23.435
23.468,23.468,0.107,0.033,23.531,23.424
23.463,23.463,0.103,0.028,23.541,23.438
23.464,23.464,0.102,0.026,23.531,23.429
23.479,23.479,0.098,0.039,23.54,23.442
23.482,23.482,0.089,0.037,23.539,23.45
23.463,23.463,0.021,0.007,23.474,23.453
23.459,23.459,0.041,0.014,23.478,23.437
23.455,23.455,0.042,0.015,23.478,23.436
23.47,23.47,0.088,0.034,23.526,23.438
23.481,23.481,0.109,0.039,23.549,23.44
23.465,23.465,0.032,0.009,23.476,23.444
23.481,23.481,0.117,0.037,23.553,23.436
23.472,23.472,0.102,0.028,23.553,23.451
23.46,23.46,0.052,0.017,23.493,23.441
23.474,23.474,0.112,0.037,23.554,23.442
23.472,23.472,0.114,0.036,23.556,23.442
23.473,23.473,0.117,0.033,23.559,23.442
23.486,23.486,0.119,0.042,23.565,23.446
23.476,23.476,0.124,0.041,23.562,23.438
23.495,23.495,0.129,0.046,23.563,23.434
23.498,23.498,0.12,0.046,23.563,23.443
23.484,23.484,0.087,0.023,23.547,23.46
23.483,23.483,0.117,0.032,23.576,23.459
23.47,23.47,0.026,0.009,23.48,23.454
23.48,23.48,0.099,0.027,23.558,23.459
23.484,23.485,0.103,0.027,23.561,23.458
23.475,23.475,0.063,0.018,23.521,23.458
23.482,23.482,0.091,0.026,23.555,23.464
23.488,23.488,0.12,0.031,23.575,23.455
23.493,23.493,0.093,0.029,23.556,23.463
23.501,23.501,0.09,0.032,23.556,23.466
23.497,23.497,0.112,0.039,23.578,23.466
23.487,23.487,0.107,0.029,23.568,23.461
23.477,23.477,0.057,0.015,23.518,23.461
23.5,23.501,0.112,0.045,23.569,23.457
23.505,23.505,0.106,0.032,23.573,23.467
23.502,23.502,0.116,0.035,23.577,23.461
23.498,23.498,0.078,0.022,23.561,23.483
23.504,23.504,0.104,0.037,23.58,23.476
23.5,23.501,0.115,0.037,23.582,23.467
23.488,23.488,0.035,0.011,23.508,23.473
23.513,23.513,0.097,0.035,23.582,23.485
23.495,23.495,0.028,0.009,23.51,23.482
23.511,23.511,0.113,0.031,23.602,23.489
23.513,23.513,0.034,0.009,23.526,23.492
23.52,23.52,0.104,0.032,23.593,23.489
23.522,23.522,0.102,0.032,23.593,23.491
23.531,23.531,0.094,0.035,23.587,23.493
23.516,23.517,0.137,0.036,23.619,23.482
23.508,23.508,0.025,0.007,23.521,23.496
23.51,23.51,0.11,0.03,23.592,23.482
23.51,23.51,0.028,0.009,23.523,23.495
23.519,23.519,0.088,0.024,23.584,23.496
23.518,23.518,0.095,0.027,23.593,23.498
23.517,23.517,0.092,0.024,23.583,23.491
23.514,23.514,0.098,0.026,23.582,23.484
23.519,23.519,0.116,0.03,23.6,23.484
23.538,23.538,0.112,0.037,23.618,23.506
23.531,23.531,0.108,0.036,23.607,23.499
23.535,23.535,0.117,0.037,23.617,23.5
23.54,23.54,0.077,0.027,23.593,23.516
23.532,23.532,0.111,0.031,23.618,23.507
23.535,23.535,0.113,0.031,23.618,23.505
23.528,23.528,0.115,0.032,23.62,23.505
23.549,23.549,0.109,0.039,23.62,23.511
23.532,23.532,0.106,0.029,23.613,23.507
23.538,23.538,0.11,0.037,23.612,23.502
23.553,23.553,0.121,0.047,23.623,23.502
23.557,23.557,0.103,0.031,23.615,23.512
23.552,23.552,0.123,0.039,23.635,23.512
23.542,23.542,0.084,0.028,23.595,23.511
23.578,23.578,0.126,0.049,23.648,23.522
23.549,23.549,0.128,0.044,23.648,23.52
23.572,23.572,0.116,0.045,23.64,23.524
23.57,23.57,0.116,0.043,23.633,23.517
23.554,23.554,0.119,0.037,23.636,23.517
23.542,23.542,0.033,0.011,23.563,23.53
23.542,23.542,0.049,0.014,23.567,23.518
23.568,23.568,0.122,0.042,23.647,23.525
23.576,23.576,0.091,0.028,23.642,23.551
23.577,23.577,0.141,0.043,23.665,23.524
23.599,23.599,0.126,0.044,23.665,23.539
23.581,23.581,0.135,0.043,23.658,23.523
23.578,23.578,0.126,0.045,23.658,23.532
23.573,23.573,0.146,0.041,23.672,23.526
23.578,23.579,0.119,0.044,23.658,23.539
23.574,23.574,0.091,0.028,23.639,23.548
23.573,23.573,0.109,0.034,23.641,23.532
23.564,23.564,0.11,0.031,23.641,23.531
23.593,23.593,0.109,0.043,23.653,23.544
23.58,23.58,0.099,0.029,23.639,23.54
23.583,23.583,0.125,0.039,23.659,23.534
23.578,23.579,0.111,0.031,23.666,23.555
23.578,23.578,0.101,0.035,23.65,23.549
23.574,23.574,0.09,0.026,23.642,23.552
23.589,23.589,0.092,0.03,23.648,23.556
23.578,23.579,0.037,0.012,23.602,23.565
23.585,23.585,0.083,0.022,23.647,23.564
23.602,23.602,0.105,0.036,23.67,23.565
23.586,23.586,0.127,0.035,23.683,23.556
23.591,23.591,0.103,0.037,23.667,23.564
23.598,23.598,0.117,0.037,23.675,23.558
23.605,23.605,0.094,0.031,23.664,23.57
23.635,23.635,0.122,0.043,23.692,23.57
23.604,23.604,0.104,0.034,23.676,23.572
23.599,23.599,0.119,0.033,23.687,23.568
23.612,23.612,0.112,0.037,23.679,23.567
23.603,23.603,0.111,0.033,23.679,23.568
23.616,23.616,0.112,0.038,23.689,23.577
23.628,23.628,0.122,0.045,23.691,23.569
23.604,23.604,0.116,0.029,23.685,23.569
23.619,23.619,0.109,0.034,23.687,23.578
23.632,23.632,0.092,0.033,23.683,23.591
23.637,23.637,0.102,0.038,23.698,23.596
23.64,23.64,0.118,0.045,23.713,23.595
23.646,23.646,0.1,0.039,23.694,23.594
23.654,23.654,0.107,0.04,23.698,23.591
23.643,23.643,0.114,0.041,23.697,23.583
23.649,23.649,0.119,0.045,23.713,23.594
23.626,23.626,0.107,0.03,23.709,23.602
23.624,23.624,0.12,0.033,23.704,23.584
23.624,23.624,0.042,0.014,23.642,23.6
23.64,23.64,0.108,0.033,23.708,23.6
23.627,23.627,0.029,0.008,23.644,23.615
23.634,23.634,0.099,0.026,23.708,23.609
23.655,23.655,0.097,0.038,23.723,23.626
23.647,23.647,0.115,0.038,23.719,23.604
23.657,23.657,0.161,0.049,23.765,23.604
23.645,23.645,0.088,0.025,23.704,23.616
23.67,23.67,0.099,0.038,23.724,23.625
23.66,23.66,0.137,0.041,23.744,23.607
23.664,23.664,0.128,0.045,23.754,23.626
23.66,23.66,0.143,0.039,23.754,23.611
23.659,23.659,0.125,0.042,23.743,23.618
23.663,23.663,0.135,0.038,23.762,23.627
23.678,23.678,0.13,0.042,23.762,23.632
23.693,23.693,0.141,0.046,23.767,23.626
23.7,23.7,0.105,0.043,23.746,23.641
23.694,23.695,0.105,0.039,23.744,23.639
23.684,23.685,0.103,0.039,23.744,23.641
23.667,23.667,0.137,0.038,23.759,23.622
23.682,23.682,0.119,0.033,23.759,23.64
23.68,23.68,0.114,0.04,23.762,23.648
23.667,23.667,0.11,0.029,23.747,23.637
23.678,23.678,0.132,0.043,23.768,23.636
23.688,23.688,0.093,0.033,23.75,23.657
23.706,23.706,0.118,0.04,23.779,23.661
23.711,23.711,0.12,0.044,23.779,23.659
23.682,23.682,0.093,0.029,23.742,23.649
23.702,23.703,0.123,0.042,23.768,23.645
23.683,23.683,0.111,0.032,23.767,23.656
23.681,23.681,0.108,0.029,23.764,23.656
23.696,23.696,0.122,0.041,23.776,23.654
23.712,23.712,0.121,0.045,23.782,23.661
23.7,23.7,0.09,0.034,23.752,23.662
23.696,23.696,0.086,0.034,23.753,23.667
23.689,23.689,0.098,0.035,23.756,23.658
23.705,23.705,0.095,0.036,23.751,23.656
23.711,23.711,0.11,0.039,23.776,23.666
23.715,23.715,0.146,0.05,23.794,23.648
23.722,23.723,0.115,0.041,23.763,23.648
23.705,23.705,0.104,0.04,23.774,23.67
23.698,23.698,0.11,0.035,23.775,23.665
23.708,23.708,0.127,0.048,23.774,23.647
23.701,23.701,0.11,0.037,23.776,23.666
23.694,23.694,0.106,0.029,23.776,23.67
23.732,23.732,0.111,0.044,23.782,23.671
23.697,23.697,0.109,0.03,23.777,23.668
23.7,23.7,0.08,0.021,23.758,23.678
23.712,23.712,0.092,0.031,23.775,23.683
23.693,23.693,0.095,0.027,23.767,23.672
23.702,23.702,0.04,0.013,23.718,23.678
23.76,23.76,0.098,0.037,23.813,23.715
23.73,23.73,0.118,0.042,23.798,23.68
23.732,23.732,0.103,0.034,23.784,23.681
23.736,23.736,0.113,0.039,23.796,23.683
23.723,23.723,0.101,0.035,23.792,23.691
23.712,23.713,0.116,0.033,23.795,23.679
23.717,23.717,0.104,0.029,23.795,23.691
23.741,23.741,0.105,0.039,23.808,23.703
23.746,23.746,0.105,0.041,23.796,23.691
23.739,23.739,0.088,0.032,23.805,23.717
23.708,23.708,0.035,0.01,23.724,23.689
23.715,23.715,0.026,0.008,23.727,23.701
23.73,23.73,0.116,0.038,23.804,23.688
23.735,23.735,0.115,0.038,23.805,23.69
23.727,23.727,0.103,0.027,23.802,23.699
23.753,23.753,0.119,0.044,23.811,23.692
23.763,23.763,0.126,0.045,23.824,23.698
23.77,23.77,0.114,0.038,23.829,23.715
23.748,23.749,0.085,0.023,23.813,23.728
23.752,23.753,0.095,0.032,23.822,23.727
23.757,23.757,0.11,0.039,23.824,23.714
23.74,23.74,0.114,0.031,23.827,23.713
23.743,23.743,0.096,0.026,23.813,23.717
23.742,23.742,0.08,0.023,23.801,23.721
23.75,23.75,0.109,0.031,23.808,23.699
23.767,23.767,0.116,0.04,23.824,23.708
23.747,23.747,0.13,0.04,23.838,23.708
23.743,23.743,0.11,0.031,23.829,23.719
23.745,23.745,0.109,0.033,23.817,23.708
23.737,23.737,0.113,0.03,23.821,23.708
23.754,23.754,0.11,0.039,23.83,23.72
23.74,23.74,0.116,0.032,23.834,23.718
23.749,23.749,0.112,0.03,23.834,23.722
23.756,23.756,0.108,0.037,23.832,23.724
23.765,23.765,0.097,0.035,23.827,23.73
23.75,23.75,0.101,0.029,23.821,23.72
23.757,23.757,0.099,0.034,23.819,23.72
23.798,23.798,0.097,0.036,23.858,23.761
23.764,23.764,0.109,0.03,23.85,23.741
23.769,23.769,0.123,0.043,23.854,23.731
23.772,23.772,0.119,0.038,23.854,23.735
23.768,23.768,0.104,0.036,23.834,23.73
23.755,23.755,0.051,0.015,23.783,23.732
23.761,23.761,0.043,0.014,23.78,23.737
23.755,23.755,0.042,0.011,23.78,23.738
23.776,23.776,0.09,0.027,23.828,23.738
23.763,23.763,0.05,0.015,23.781,23.731
23.797,23.797,0.095,0.036,23.856,23.761
23.779,23.779,0.098,0.025,23.845,23.747
23.757,23.757,0.049,0.015,23.776,23.727
23.784,23.784,0.103,0.034,23.851,23.748
23.767,23.767,0.075,0.02,23.82,23.745
23.773,23.773,0.116,0.041,23.858,23.742
23.793,23.793,0.106,0.039,23.848,23.742
23.776,23.776,0.11,0.03,23.848,23.738
23.804,23.804,0.115,0.041,23.871,23.756
23.775,23.775,0.095,0.025,23.838,23.743
23.78,23.78,0.103,0.025,23.846,23.743
23.788,23.788,0.125,0.042,23.875,23.75
23.775,23.775,0.081,0.021,23.831,23.75
23.789,23.789,0.121,0.043,23.863,23.742
23.785,23.785,0.112,0.039,23.862,23.75
23.763,23.763,0.033,0.01,23.782,23.749
23.774,23.774,0.092,0.025,23.841,23.749
23.779,23.779,0.086,0.024,23.843,23.757
23.782,23.782,0.106,0.034,23.849,23.743
23.782,23.782,0.092,0.026,23.849,23.757
23.78,23.78,0.107,0.03,23.864,23.757
23.768,23.768,0.039,0.011,23.786,23.747
23.774,23.774,0.029,0.008,23.789,23.76
23.776,23.776,0.042,0.013,23.791,23.749
23.777,23.777,0.037,0.011,23.798,23.761
23.79,23.79,0.105,0.029,23.874,23.769
23.8,23.8,0.113,0.038,23.882,23.769
23.788,23.788,0.114,0.031,23.876,23.762
23.784,23.784,0.031,0.01,23.797,23.766
23.798,23.798,0.138,0.046,23.89,23.752
23.8,23.8,0.137,0.043,23.884,23.747
23.786,23.786,0.04,0.013,23.809,23.769
23.785,23.785,0.048,0.014,23.806,23.758
23.782,23.782,0.038,0.012,23.799,23.761
23.781,23.781,0.037,0.012,23.8,23.763
23.787,23.787,0.046,0.013,23.814,23.768
23.796,23.796,0.051,0.014,23.829,23.778
23.794,23.794,0.038,0.01,23.806,23.768
23.799,23.799,0.031,0.011,23.813,23.782
23.794,23.794,0.034,0.011,23.811,23.777
23.811,23.811,0.104,0.031,23.877,23.773
23.796,23.796,0.11,0.031,23.883,23.773
23.797,23.797,0.042,0.013,23.823,23.781
23.808,23.808,0.027,0.009,23.822,23.795
23.806,23.806,0.102,0.028,23.884,23.782
23.811,23.811,0.11,0.038,23.886,23.776
23.788,23.788,0.029,0.011,23.805,23.776
23.797,23.797,0.101,0.027,23.865,23.764
23.806,23.806,0.117,0.03,23.889,23.772
23.808,23.808,0.117,0.033,23.901,23.784
23.798,23.798,0.045,0.013,23.821,23.776
23.797,23.797,0.041,0.011,23.816,23.775
23.794,23.794,0.036,0.011,23.815,23.779
23.808,23.808,0.122,0.039,23.893,23.771
23.803,23.803,0.118,0.032,23.889,23.771
23.806,23.806,0.107,0.03,23.889,23.782
23.801,23.801,0.024,0.007,23.814,23.79
23.799,23.799,0.025,0.008,23.814,23.789
23.796,23.796,0.039,0.013,23.814,23.775
23.794,23.794,0.049,0.015,23.821,23.772
23.802,23.802,0.025,0.008,23.817,23.792
23.797,23.797,0.031,0.011,23.81,23.779
23.798,23.798,0.036,0.01,23.819,23.783
23.804,23.804,0.038,0.013,23.821,23.783
23.795,23.795,0.026,0.008,23.809,23.783
23.799,23.799,0.033,0.011,23.816,23.783
23.808,23.808,0.035,0.011,23.823,23.788
23.816,23.817,0.099,0.033,23.887,23.788
23.814,23.814,0.054,0.017,23.844,23.79
23.81,23.81,0.039,0.013,23.833,23.794
23.812,23.812,0.034,0.009,23.828,23.794
23.803,23.803,0.035,0.011,23.817,23.782
23.827,23.827,0.073,0.028,23.874,23.801
23.827,23.827,0.093,0.028,23.895,23.802
23.824,23.824,0.088,0.024,23.874,23.786
23.816,23.816,0.107,0.028,23.893,23.786
23.815,23.815,0.028,0.008,23.832,23.804
23.813,23.813,0.045,0.013,23.839,23.794
23.816,23.816,0.099,0.027,23.889,23.79
23.811,23.811,0.035,0.011,23.832,23.797
23.825,23.825,0.088,0.022,23.885,23.797
23.811,23.811,0.032,0.01,23.829,23.797
23.814,23.814,0.021,0.007,23.821,23.8
23.823,23.823,0.086,0.025,23.889,23.803
23.816,23.816,0.091,0.024,23.884,23.793
23.831,23.831,0.11,0.034,23.91,23.8
23.825,23.825,0.103,0.025,23.892,23.789
23.823,23.823,0.111,0.032,23.912,23.801
23.828,23.828,0.118,0.038,23.912,23.794
23.812,23.812,0.047,0.013,23.834,23.787
23.819,23.819,0.03,0.01,23.838,23.808
23.823,23.823,0.031,0.01,23.839,23.808
23.818,23.818,0.047,0.013,23.839,23.792
23.818,23.818,0.032,0.011,23.834,23.802
23.82,23.82,0.049,0.014,23.844,23.795
23.842,23.842,0.104,0.027,23.919,23.815
23.826,23.826,0.034,0.01,23.846,23.812
23.824,23.824,0.025,0.008,23.837,23.812
23.833,23.833,0.039,0.013,23.852,23.813
23.832,23.832,0.035,0.01,23.845,23.81
23.829,23.829,0.043,0.012,23.853,23.81
23.833,23.833,0.091,0.025,23.9,23.809
23.839,23.839,0.098,0.031,23.903,23.805
23.833,23.833,0.039,0.011,23.854,23.815
23.836,23.836,0.07,0.018,23.885,23.815
23.837,23.837,0.086,0.023,23.904,23.818
23.853,23.853,0.092,0.034,23.915,23.823
