mean,RMS,ptp,std,max,min
24.082,24.082,0.168,0.04,24.188,24.02
24.082,24.082,0.172,0.04,24.192,24.02
24.084,24.084,0.172,0.04,24.192,24.02
24.087,24.087,0.168,0.038,24.192,24.024
24.088,24.088,0.151,0.035,24.192,24.041
24.091,24.091,0.163,0.037,24.204,24.041
24.091,24.091,0.163,0.035,24.204,24.041
24.09,24.09,0.152,0.032,24.204,24.052
24.087,24.087,0.152,0.027,24.204,24.052
24.088,24.088,0.152,0.025,24.204,24.052
24.09,24.09,0.15,0.025,24.204,24.054
24.091,24.091,0.15,0.026,24.204,24.054
24.091,24.091,0.15,0.025,24.204,24.054
24.092,24.092,0.15,0.025,24.204,24.054
24.091,24.091,0.149,0.02,24.203,24.054
24.093,24.093,0.149,0.02,24.203,24.054
24.094,24.094,0.149,0.02,24.203,24.054
24.096,24.096,0.135,0.019,24.203,24.068
24.096,24.096,0.143,0.02,24.203,24.06
24.097,24.097,0.158,0.019,24.194,24.036
24.097,24.097,0.095,0.015,24.131,24.036
24.096,24.096,0.095,0.016,24.131,24.036
24.095,24.095,0.095,0.016,24.131,24.036
24.094,24.094,0.095,0.016,24.131,24.036
24.094,24.094,0.095,0.017,24.131,24.036
24.091,24.091,0.116,0.021,24.131,24.015
24.088,24.088,0.155,0.027,24.131,23.976
24.085,24.085,0.155,0.03,24.131,23.976
24.082,24.082,0.149,0.028,24.125,23.976
24.082,24.082,0.149,0.028,24.125,23.976
24.081,24.081,0.149,0.031,24.125,23.976
24.081,24.081,0.149,0.032,24.125,23.976
24.078,24.078,0.149,0.034,24.125,23.976
24.075,24.075,0.149,0.036,24.125,23.976
24.075,24.075,0.149,0.036,24.125,23.976
24.076,24.076,0.129,0.034,24.121,23.992
24.078,24.078,0.13,0.033,24.122,23.992
24.079,24.079,0.14,0.035,24.132,23.992
24.077,24.077,0.14,0.037,24.132,23.992
24.08,24.08,0.145,0.037,24.146,24.001
24.081,24.081,0.145,0.037,24.146,24.001
24.085,24.085,0.145,0.037,24.146,24.001
24.088,24.088,0.146,0.036,24.147,24.001
24.092,24.092,0.155,0.037,24.156,24.001
24.094,24.094,0.152,0.037,24.156,24.004
24.097,24.097,0.152,0.038,24.156,24.004
24.099,24.099,0.152,0.038,24.156,24.004
24.101,24.101,0.145,0.038,24.156,24.011
24.099,24.099,0.145,0.039,24.156,24.011
24.101,24.101,0.145,0.041,24.156,24.011
24.103,24.103,0.158,0.043,24.169,24.011
24.102,24.102,0.158,0.044,24.169,24.011
24.1,24.1,0.158,0.044,24.169,24.011
24.101,24.101,0.158,0.045,24.169,24.011
24.101,24.101,0.158,0.047,24.169,24.011
24.101,24.101,0.156,0.047,24.169,24.013
24.103,24.103,0.156,0.047,24.169,24.013
24.102,24.102,0.155,0.047,24.169,24.014
24.1,24.101,0.167,0.047,24.169,24.002
24.099,24.099,0.157,0.047,24.159,24.002
24.103,24.103,0.166,0.046,24.168,24.002
24.105,24.105,0.166,0.047,24.168,24.002
24.105,24.105,0.172,0.047,24.174,24.002
24.103,24.103,0.173,0.048,24.175,24.002
24.1,24.1,0.173,0.049,24.175,24.002
24.097,24.097,0.173,0.049,24.175,24.002
24.104,24.105,0.173,0.049,24.175,24.002
24.107,24.107,0.165,0.048,24.175,24.01
24.106,24.106,0.165,0.049,24.175,24.01
24.1,24.1,0.176,0.051,24.175,23.999
24.101,24.101,0.176,0.05,24.175,23.999
24.101,24.101,0.176,0.05,24.175,23.999
24.099,24.099,0.176,0.05,24.175,23.999
24.103,24.103,0.176,0.049,24.175,23.999
24.107,24.107,0.185,0.049,24.184,23.999
24.104,24.104,0.185,0.049,24.184,23.999
24.103,24.103,0.185,0.051,24.184,23.999
24.106,24.106,0.185,0.05,24.184,23.999
24.105,24.105,0.178,0.049,24.184,24.006
24.102,24.102,0.178,0.051,24.184,24.006
24.101,24.101,0.178,0.052,24.184,24.006
24.096,24.096,0.178,0.053,24.184,24.006
24.093,24.093,0.186,0.053,24.184,23.998
24.09,24.091,0.181,0.051,24.179,23.998
24.089,24.089,0.181,0.051,24.179,23.998
24.085,24.085,0.181,0.049,24.179,23.998
24.083,24.083,0.168,0.047,24.166,23.998
24.084,24.084,0.168,0.047,24.166,23.998
24.085,24.085,0.168,0.048,24.166,23.998
24.085,24.085,0.168,0.047,24.166,23.998
24.089,24.089,0.168,0.046,24.166,23.998
24.089,24.089,0.162,0.046,24.166,24.004
24.084,24.084,0.161,0.045,24.165,24.004
24.087,24.087,0.167,0.046,24.171,24.004
24.093,24.093,0.178,0.049,24.182,24.004
24.094,24.094,0.178,0.049,24.182,24.004
24.1,24.1,0.169,0.05,24.182,24.013
24.098,24.098,0.182,0.05,24.182,24.0
24.096,24.096,0.182,0.05,24.182,24.0
24.097,24.097,0.189,0.05,24.182,23.993
24.098,24.098,0.189,0.049,24.182,23.993
24.099,24.099,0.189,0.051,24.182,23.993
24.098,24.099,0.189,0.05,24.182,23.993
24.094,24.094,0.184,0.049,24.177,23.993
24.09,24.09,0.184,0.05,24.177,23.993
24.088,24.088,0.184,0.047,24.177,23.993
24.087,24.087,0.184,0.046,24.177,23.993
24.086,24.086,0.184,0.048,24.177,23.993
24.089,24.089,0.169,0.048,24.177,24.008
24.089,24.089,0.169,0.048,24.177,24.008
24.091,24.091,0.17,0.046,24.178,24.008
24.092,24.092,0.17,0.044,24.178,24.008
24.088,24.088,0.17,0.045,24.178,24.008
24.091,24.091,0.167,0.043,24.178,24.011
24.094,24.094,0.167,0.044,24.178,24.011
24.097,24.097,0.167,0.043,24.178,24.011
24.099,24.099,0.167,0.04,24.178,24.011
24.097,24.097,0.165,0.04,24.178,24.013
24.096,24.097,0.164,0.04,24.178,24.014
24.098,24.098,0.156,0.04,24.17,24.014
24.098,24.098,0.156,0.042,24.17,24.014
24.104,24.104,0.15,0.039,24.17,24.02
24.101,24.101,0.15,0.04,24.17,24.02
24.098,24.098,0.15,0.04,24.17,24.02
24.096,24.096,0.152,0.041,24.17,24.018
24.093,24.093,0.155,0.042,24.17,24.015
24.092,24.092,0.155,0.042,24.17,24.015
24.091,24.091,0.155,0.042,24.17,24.015
24.088,24.088,0.146,0.041,24.161,24.015
24.088,24.088,0.163,0.041,24.178,24.015
24.085,24.085,0.163,0.041,24.178,24.015
24.086,24.086,0.163,0.042,24.178,24.015
24.086,24.086,0.163,0.042,24.178,24.015
24.087,24.087,0.166,0.042,24.178,24.012
24.09,24.09,0.166,0.043,24.178,24.012
24.09,24.09,0.166,0.042,24.178,24.012
24.089,24.089,0.166,0.04,24.178,24.012
24.089,24.089,0.166,0.04,24.178,24.012
24.089,24.089,0.154,0.039,24.166,24.012
24.092,24.092,0.154,0.04,24.166,24.012
24.092,24.092,0.154,0.039,24.166,24.012
24.093,24.093,0.154,0.04,24.166,24.012
24.094,24.094,0.141,0.039,24.166,24.025
24.092,24.092,0.141,0.038,24.166,24.025
24.092,24.092,0.141,0.038,24.166,24.025
24.095,24.095,0.141,0.039,24.166,24.025
24.1,24.1,0.141,0.04,24.166,24.025
24.095,24.095,0.141,0.04,24.166,24.025
24.093,24.093,0.141,0.039,24.166,24.025
24.092,24.092,0.132,0.038,24.166,24.034
24.091,24.091,0.14,0.038,24.174,24.034
24.09,24.09,0.148,0.04,24.181,24.033
24.089,24.089,0.158,0.041,24.181,24.023
24.088,24.088,0.17,0.042,24.181,24.011
24.087,24.087,0.17,0.042,24.181,24.011
24.083,24.083,0.17,0.042,24.181,24.011
24.082,24.082,0.17,0.042,24.181,24.011
24.078,24.078,0.17,0.043,24.181,24.011
24.077,24.077,0.17,0.043,24.181,24.011
24.073,24.073,0.17,0.042,24.181,24.011
24.071,24.071,0.14,0.041,24.151,24.011
24.072,24.072,0.146,0.043,24.157,24.011
24.074,24.074,0.145,0.043,24.16,24.015
24.071,24.071,0.145,0.042,24.16,24.015
24.071,24.071,0.145,0.041,24.16,24.015
24.073,24.073,0.145,0.041,24.16,24.015
24.076,24.076,0.145,0.04,24.16,24.015
24.081,24.081,0.16,0.042,24.175,24.015
24.083,24.083,0.16,0.04,24.175,24.015
24.083,24.083,0.155,0.039,24.175,24.02
24.081,24.081,0.152,0.038,24.175,24.023
24.078,24.078,0.156,0.039,24.175,24.019
24.078,24.078,0.163,0.041,24.175,24.012
24.078,24.078,0.163,0.043,24.175,24.012
24.08,24.08,0.163,0.044,24.175,24.012
24.08,24.08,0.163,0.046,24.175,24.012
24.076,24.076,0.152,0.044,24.164,24.012
24.072,24.072,0.152,0.044,24.164,24.012
24.072,24.072,0.152,0.044,24.164,24.012
24.074,24.074,0.165,0.044,24.164,23.999
24.075,24.075,0.165,0.044,24.164,23.999
24.075,24.075,0.165,0.041,24.164,23.999
24.074,24.074,0.165,0.041,24.164,23.999
24.07,24.07,0.157,0.04,24.156,23.999
24.068,24.068,0.157,0.037,24.156,23.999
24.066,24.066,0.157,0.036,24.156,23.999
24.067,24.067,0.157,0.036,24.156,23.999
24.068,24.068,0.157,0.036,24.156,23.999
24.067,24.067,0.144,0.034,24.156,24.012
24.07,24.07,0.149,0.037,24.161,24.012
24.072,24.072,0.152,0.038,24.164,24.012
24.072,24.072,0.151,0.036,24.164,24.013
24.073,24.073,0.151,0.036,24.164,24.013
24.077,24.077,0.151,0.038,24.164,24.013
24.079,24.079,0.151,0.037,24.164,24.013
24.082,24.082,0.151,0.038,24.164,24.013
24.079,24.079,0.151,0.037,24.164,24.013
24.08,24.08,0.151,0.037,24.164,24.013
24.079,24.079,0.161,0.038,24.174,24.013
24.08,24.08,0.151,0.035,24.174,24.023
24.085,24.085,0.151,0.039,24.174,24.023
24.085,24.085,0.151,0.038,24.174,24.023
24.086,24.086,0.155,0.039,24.174,24.019
24.087,24.087,0.156,0.04,24.175,24.019
24.087,24.087,0.156,0.041,24.175,24.019
24.089,24.089,0.156,0.042,24.175,24.019
24.089,24.089,0.156,0.042,24.175,24.019
24.085,24.085,0.156,0.039,24.175,24.019
24.086,24.086,0.156,0.04,24.175,24.019
24.085,24.085,0.156,0.038,24.175,24.019
24.088,24.088,0.156,0.038,24.175,24.019
24.087,24.087,0.153,0.037,24.177,24.024
24.087,24.087,0.153,0.036,24.177,24.024
24.085,24.085,0.157,0.034,24.177,24.02
24.085,24.085,0.157,0.033,24.177,24.02
24.086,24.086,0.157,0.034,24.177,24.02
24.088,24.088,0.157,0.035,24.177,24.02
24.088,24.088,0.157,0.033,24.177,24.02
24.085,24.085,0.157,0.031,24.177,24.02
24.082,24.082,0.157,0.031,24.177,24.02
24.081,24.081,0.144,0.03,24.164,24.02
24.082,24.082,0.142,0.031,24.162,24.02
24.085,24.085,0.147,0.033,24.168,24.021
24.085,24.085,0.147,0.033,24.168,24.021
24.087,24.087,0.147,0.034,24.168,24.021
24.087,24.087,0.15,0.034,24.171,24.021
24.086,24.086,0.159,0.035,24.18,24.021
24.088,24.088,0.159,0.036,24.18,24.021
24.088,24.088,0.159,0.036,24.18,24.021
24.09,24.09,0.14,0.035,24.18,24.04
24.09,24.09,0.143,0.036,24.183,24.04
24.089,24.089,0.142,0.034,24.183,24.041
24.09,24.09,0.142,0.034,24.183,24.041
24.089,24.089,0.142,0.033,24.183,24.041
24.089,24.089,0.142,0.032,24.183,24.041
24.089,24.089,0.142,0.03,24.183,24.041
24.089,24.089,0.142,0.029,24.183,24.041
24.09,24.09,0.14,0.028,24.183,24.043
24.089,24.089,0.16,0.031,24.183,24.023
24.089,24.089,0.155,0.032,24.178,24.023
24.09,24.09,0.155,0.031,24.178,24.023
24.091,24.091,0.158,0.033,24.181,24.023
24.091,24.091,0.158,0.035,24.181,24.023
24.093,24.093,0.158,0.036,24.181,24.023
24.096,24.096,0.158,0.038,24.181,24.023
24.096,24.096,0.158,0.037,24.181,24.023
24.1,24.1,0.177,0.041,24.2,24.023
24.1,24.1,0.176,0.038,24.2,24.024
24.099,24.1,0.161,0.037,24.202,24.041
24.099,24.099,0.161,0.038,24.202,24.041
24.099,24.099,0.161,0.037,24.202,24.041
24.099,24.099,0.161,0.035,24.202,24.041
24.1,24.1,0.161,0.037,24.202,24.041
24.095,24.096,0.161,0.037,24.202,24.041
24.097,24.097,0.158,0.038,24.202,24.044
24.092,24.092,0.164,0.036,24.202,24.038
24.09,24.09,0.164,0.036,24.202,24.038
24.089,24.089,0.152,0.035,24.19,24.038
24.087,24.087,0.152,0.033,24.19,24.038
24.086,24.086,0.152,0.033,24.19,24.038
24.083,24.083,0.152,0.032,24.19,24.038
24.08,24.08,0.132,0.028,24.17,24.038
24.082,24.082,0.132,0.029,24.17,24.038
24.08,24.08,0.132,0.026,24.17,24.038
24.081,24.081,0.129,0.027,24.17,24.041
24.081,24.081,0.129,0.029,24.17,24.041
24.082,24.082,0.129,0.031,24.17,24.041
24.086,24.086,0.152,0.035,24.193,24.041
24.089,24.089,0.152,0.038,24.193,24.041
24.091,24.091,0.153,0.04,24.193,24.04
24.091,24.091,0.153,0.041,24.193,24.04
24.09,24.09,0.153,0.042,24.193,24.04
24.092,24.092,0.153,0.042,24.193,24.04
24.09,24.09,0.153,0.041,24.193,24.04
24.091,24.091,0.172,0.042,24.193,24.021
24.091,24.091,0.172,0.042,24.193,24.021
24.087,24.087,0.158,0.041,24.179,24.021
24.084,24.084,0.15,0.04,24.171,24.021
24.086,24.086,0.15,0.04,24.171,24.021
24.09,24.09,0.15,0.041,24.171,24.021
24.093,24.093,0.153,0.042,24.174,24.021
24.094,24.094,0.155,0.043,24.176,24.021
24.093,24.093,0.155,0.042,24.176,24.021
24.094,24.094,0.139,0.043,24.176,24.037
24.094,24.094,0.136,0.042,24.176,24.04
24.095,24.095,0.136,0.041,24.176,24.04
24.098,24.098,0.147,0.042,24.187,24.04
24.101,24.101,0.142,0.042,24.187,24.045
24.096,24.096,0.142,0.041,24.187,24.045
24.094,24.094,0.142,0.04,24.187,24.045
24.095,24.095,0.142,0.041,24.187,24.045
24.099,24.099,0.14,0.042,24.187,24.047
24.098,24.098,0.14,0.042,24.187,24.047
24.098,24.098,0.14,0.041,24.187,24.047
24.098,24.098,0.141,0.042,24.187,24.046
24.094,24.094,0.137,0.041,24.182,24.045
24.092,24.092,0.125,0.039,24.17,24.045
24.095,24.095,0.125,0.04,24.17,24.045
24.094,24.094,0.128,0.041,24.17,24.042
24.092,24.092,0.117,0.041,24.159,24.042
24.088,24.088,0.132,0.04,24.159,24.027
24.088,24.088,0.132,0.039,24.159,24.027
24.089,24.089,0.135,0.04,24.162,24.027
24.09,24.09,0.135,0.039,24.162,24.027
24.09,24.09,0.135,0.038,24.162,24.027
24.088,24.088,0.135,0.039,24.162,24.027
24.087,24.087,0.135,0.039,24.162,24.027
24.088,24.088,0.135,0.039,24.162,24.027
24.087,24.087,0.135,0.038,24.162,24.027
24.089,24.089,0.12,0.037,24.162,24.042
24.091,24.091,0.12,0.038,24.162,24.042
24.091,24.091,0.123,0.038,24.165,24.042
24.094,24.094,0.123,0.039,24.165,24.042
24.096,24.096,0.123,0.04,24.165,24.042
24.1,24.1,0.123,0.039,24.165,24.042
24.102,24.102,0.118,0.038,24.165,24.047
24.105,24.105,0.118,0.038,24.165,24.047
24.108,24.108,0.125,0.037,24.165,24.04
24.11,24.11,0.125,0.038,24.165,24.04
24.11,24.11,0.125,0.038,24.165,24.04
24.111,24.111,0.125,0.037,24.165,24.04
24.11,24.11,0.125,0.037,24.165,24.04
24.108,24.109,0.125,0.037,24.165,24.04
24.107,24.107,0.125,0.038,24.165,24.04
24.103,24.103,0.125,0.038,24.165,24.04
24.1,24.1,0.125,0.038,24.165,24.04
24.101,24.101,0.121,0.038,24.165,24.044
24.102,24.102,0.12,0.037,24.164,24.044
24.103,24.103,0.12,0.036,24.164,24.044
24.105,24.105,0.132,0.037,24.176,24.044
24.105,24.105,0.132,0.037,24.176,24.044
24.107,24.107,0.132,0.038,24.176,24.044
24.109,24.109,0.132,0.038,24.176,24.044
24.112,24.112,0.13,0.037,24.176,24.046
24.113,24.113,0.13,0.036,24.176,24.046
24.112,24.112,0.13,0.036,24.176,24.046
24.111,24.111,0.13,0.035,24.176,24.046
24.108,24.108,0.14,0.036,24.176,24.036
24.105,24.105,0.136,0.036,24.172,24.036
24.104,24.104,0.136,0.037,24.172,24.036
24.103,24.103,0.124,0.035,24.16,24.036
24.1,24.1,0.124,0.035,24.16,24.036
24.099,24.099,0.121,0.035,24.157,24.036
24.099,24.099,0.121,0.035,24.157,24.036
24.099,24.099,0.123,0.035,24.159,24.036
24.097,24.097,0.126,0.037,24.159,24.033
24.097,24.097,0.126,0.037,24.159,24.033
24.101,24.101,0.126,0.036,24.159,24.033
24.1,24.1,0.126,0.036,24.159,24.033
24.097,24.097,0.129,0.038,24.159,24.03
24.097,24.098,0.129,0.037,24.159,24.03
24.099,24.099,0.129,0.037,24.159,24.03
24.098,24.098,0.129,0.039,24.159,24.03
24.099,24.099,0.128,0.04,24.158,24.03
24.099,24.099,0.129,0.04,24.158,24.029
24.099,24.099,0.129,0.039,24.158,24.029
24.097,24.097,0.137,0.04,24.158,24.021
24.094,24.094,0.137,0.041,24.158,24.021
24.095,24.095,0.137,0.041,24.158,24.021
24.093,24.093,0.137,0.042,24.158,24.021
24.091,24.091,0.137,0.042,24.158,24.021
24.091,24.091,0.137,0.042,24.158,24.021
24.09,24.09,0.134,0.041,24.155,24.021
24.096,24.096,0.162,0.042,24.183,24.021
24.099,24.099,0.162,0.043,24.183,24.021
24.101,24.101,0.157,0.043,24.183,24.026
24.102,24.102,0.156,0.042,24.183,24.027
24.101,24.101,0.156,0.042,24.183,24.027
24.102,24.102,0.156,0.042,24.183,24.027
24.099,24.099,0.156,0.043,24.183,24.027
24.098,24.098,0.168,0.043,24.183,24.015
24.097,24.097,0.168,0.044,24.183,24.015
24.094,24.094,0.144,0.043,24.159,24.015
24.093,24.093,0.146,0.043,24.161,24.015
24.089,24.089,0.146,0.042,24.161,24.015
24.087,24.087,0.146,0.043,24.161,24.015
24.089,24.089,0.146,0.045,24.161,24.015
24.087,24.087,0.146,0.045,24.161,24.015
24.092,24.092,0.146,0.045,24.161,24.015
24.091,24.091,0.147,0.045,24.164,24.017
24.092,24.092,0.147,0.045,24.164,24.017
24.089,24.089,0.147,0.045,24.164,24.017
24.088,24.088,0.147,0.046,24.164,24.017
24.093,24.093,0.164,0.048,24.181,24.017
24.099,24.099,0.164,0.048,24.181,24.017
24.103,24.103,0.164,0.047,24.181,24.017
24.105,24.106,0.164,0.047,24.181,24.017
24.104,24.104,0.164,0.047,24.181,24.017
24.104,24.104,0.159,0.046,24.181,24.022
24.108,24.108,0.159,0.046,24.181,24.022
24.108,24.108,0.155,0.045,24.181,24.026
24.109,24.109,0.155,0.044,24.181,24.026
24.107,24.107,0.142,0.044,24.168,24.026
24.108,24.108,0.146,0.044,24.172,24.026
24.105,24.105,0.146,0.044,24.172,24.026
24.108,24.108,0.146,0.043,24.172,24.026
24.106,24.106,0.146,0.043,24.172,24.026
24.107,24.107,0.146,0.042,24.172,24.026
24.102,24.102,0.146,0.042,24.172,24.026
24.101,24.101,0.145,0.041,24.172,24.027
24.096,24.096,0.145,0.041,24.172,24.027
24.095,24.095,0.145,0.04,24.172,24.027
24.091,24.091,0.133,0.039,24.16,24.027
24.091,24.091,0.154,0.039,24.187,24.033
24.091,24.091,0.154,0.039,24.187,24.033
24.093,24.093,0.154,0.04,24.187,24.033
24.098,24.098,0.154,0.04,24.187,24.033
24.1,24.1,0.148,0.04,24.187,24.039
24.103,24.103,0.148,0.04,24.187,24.039
24.106,24.106,0.143,0.039,24.187,24.044
24.106,24.106,0.143,0.038,24.187,24.044
24.107,24.107,0.143,0.039,24.187,24.044
24.106,24.106,0.134,0.038,24.178,24.044
24.106,24.106,0.136,0.04,24.178,24.042
24.106,24.106,0.136,0.04,24.178,24.042
24.105,24.105,0.136,0.04,24.178,24.042
24.107,24.107,0.134,0.04,24.176,24.042
24.107,24.107,0.134,0.039,24.176,24.042
24.108,24.108,0.134,0.04,24.176,24.042
24.109,24.109,0.134,0.039,24.176,24.042
24.109,24.109,0.138,0.039,24.176,24.038
24.11,24.11,0.138,0.039,24.176,24.038
24.111,24.111,0.126,0.037,24.164,24.038
24.111,24.111,0.126,0.037,24.164,24.038
24.112,24.112,0.12,0.036,24.158,24.038
24.109,24.109,0.122,0.037,24.16,24.038
24.112,24.112,0.122,0.037,24.16,24.038
24.113,24.113,0.129,0.036,24.167,24.038
24.116,24.116,0.129,0.036,24.167,24.038
24.117,24.117,0.125,0.036,24.167,24.042
24.115,24.115,0.125,0.036,24.167,24.042
24.116,24.116,0.125,0.037,24.167,24.042
24.117,24.117,0.125,0.037,24.167,24.042
24.119,24.119,0.131,0.038,24.173,24.042
24.121,24.122,0.131,0.037,24.173,24.042
24.121,24.121,0.131,0.038,24.173,24.042
24.121,24.121,0.131,0.04,24.173,24.042
24.122,24.122,0.134,0.04,24.176,24.042
24.123,24.123,0.126,0.04,24.176,24.05
24.125,24.125,0.142,0.041,24.192,24.05
24.124,24.124,0.139,0.042,24.192,24.053
24.125,24.125,0.139,0.042,24.192,24.053
24.126,24.126,0.139,0.041,24.192,24.053
24.127,24.127,0.139,0.041,24.192,24.053
24.124,24.124,0.145,0.042,24.192,24.047
24.126,24.126,0.145,0.04,24.192,24.047
24.125,24.126,0.145,0.04,24.192,24.047
24.125,24.125,0.145,0.04,24.192,24.047
24.126,24.126,0.131,0.038,24.178,24.047
24.126,24.126,0.132,0.037,24.179,24.047
24.123,24.123,0.132,0.038,24.179,24.047
24.121,24.121,0.132,0.038,24.179,24.047
24.117,24.117,0.132,0.039,24.179,24.047
24.117,24.117,0.148,0.04,24.179,24.031
24.112,24.113,0.148,0.04,24.179,24.031
24.111,24.111,0.148,0.04,24.179,24.031
24.11,24.11,0.148,0.04,24.179,24.031
24.108,24.108,0.148,0.041,24.179,24.031
24.108,24.108,0.135,0.04,24.166,24.031
24.109,24.109,0.139,0.04,24.17,24.031
24.112,24.112,0.14,0.041,24.171,24.031
24.113,24.113,0.14,0.041,24.171,24.031
24.116,24.116,0.131,0.04,24.171,24.04
24.118,24.118,0.131,0.039,24.171,24.04
24.117,24.117,0.131,0.039,24.171,24.04
24.116,24.116,0.131,0.038,24.171,24.04
24.115,24.115,0.128,0.038,24.171,24.043
24.112,24.112,0.131,0.04,24.171,24.04
24.112,24.112,0.131,0.04,24.171,24.04
24.11,24.11,0.124,0.039,24.164,24.04
24.11,24.11,0.126,0.039,24.166,24.04
24.107,24.107,0.13,0.04,24.166,24.036
24.106,24.106,0.139,0.04,24.175,24.036
24.105,24.105,0.139,0.04,24.175,24.036
24.108,24.108,0.139,0.041,24.175,24.036
24.11,24.11,0.139,0.04,24.175,24.036
24.111,24.111,0.139,0.039,24.175,24.036
24.109,24.109,0.139,0.039,24.175,24.036
24.108,24.108,0.139,0.039,24.175,24.036
24.107,24.107,0.139,0.038,24.175,24.036
24.11,24.11,0.139,0.038,24.175,24.036
24.113,24.113,0.129,0.037,24.165,24.036
24.115,24.115,0.129,0.037,24.165,24.036
24.109,24.109,0.129,0.038,24.165,24.036
24.112,24.112,0.129,0.037,24.165,24.036
24.11,24.11,0.129,0.037,24.165,24.036
24.109,24.109,0.125,0.037,24.165,24.04
24.11,24.11,0.125,0.038,24.165,24.04
24.111,24.111,0.125,0.038,24.165,24.04
24.109,24.109,0.124,0.038,24.164,24.04
24.108,24.108,0.124,0.038,24.164,24.04
24.108,24.108,0.124,0.037,24.164,24.04
24.112,24.112,0.128,0.038,24.164,24.036
24.109,24.109,0.128,0.039,24.164,24.036
24.113,24.113,0.138,0.039,24.174,24.036
24.116,24.117,0.138,0.039,24.174,24.036
24.116,24.116,0.138,0.039,24.174,24.036
24.118,24.118,0.139,0.04,24.174,24.035
24.117,24.117,0.139,0.041,24.174,24.035
24.114,24.114,0.155,0.043,24.174,24.019
24.112,24.112,0.155,0.044,24.174,24.019
24.112,24.112,0.155,0.044,24.174,24.019
24.114,24.114,0.155,0.045,24.174,24.019
24.112,24.112,0.154,0.045,24.171,24.017
24.108,24.108,0.154,0.047,24.171,24.017
24.107,24.107,0.154,0.048,24.171,24.017
24.106,24.106,0.154,0.048,24.171,24.017
24.105,24.105,0.16,0.049,24.166,24.006
24.107,24.107,0.166,0.05,24.166,24.0
24.108,24.108,0.166,0.049,24.166,24.0
24.105,24.105,0.166,0.049,24.166,24.0
24.105,24.105,0.166,0.05,24.166,24.0
24.106,24.106,0.166,0.049,24.166,24.0
24.109,24.109,0.163,0.048,24.163,24.0
24.107,24.107,0.163,0.048,24.163,24.0
24.108,24.108,0.163,0.046,24.163,24.0
24.107,24.107,0.163,0.045,24.163,24.0
24.104,24.104,0.161,0.045,24.163,24.002
24.102,24.102,0.161,0.046,24.163,24.002
24.102,24.102,0.161,0.046,24.163,24.002
24.099,24.099,0.161,0.046,24.163,24.002
24.095,24.095,0.159,0.046,24.161,24.002
24.093,24.093,0.144,0.044,24.146,24.002
24.092,24.092,0.144,0.044,24.146,24.002
24.089,24.089,0.144,0.045,24.146,24.002
24.091,24.091,0.138,0.044,24.146,24.008
24.092,24.092,0.138,0.042,24.146,24.008
24.093,24.093,0.138,0.041,24.146,24.008
24.091,24.091,0.138,0.041,24.146,24.008
24.093,24.093,0.136,0.038,24.144,24.008
24.096,24.096,0.136,0.036,24.144,24.008
24.096,24.096,0.136,0.037,24.144,24.008
24.095,24.095,0.136,0.037,24.144,24.008
24.099,24.099,0.128,0.035,24.142,24.014
24.1,24.1,0.124,0.034,24.142,24.018
24.101,24.101,0.13,0.034,24.148,24.018
24.1,24.1,0.132,0.035,24.148,24.016
24.103,24.103,0.132,0.032,24.148,24.016
24.1,24.1,0.132,0.034,24.148,24.016
24.099,24.099,0.132,0.035,24.148,24.016
24.101,24.101,0.132,0.033,24.148,24.016
24.102,24.102,0.141,0.032,24.148,24.007
24.099,24.099,0.141,0.034,24.148,24.007
24.096,24.096,0.141,0.036,24.148,24.007
24.095,24.095,0.132,0.035,24.139,24.007
24.097,24.097,0.132,0.033,24.139,24.007
24.097,24.097,0.132,0.034,24.139,24.007
24.099,24.099,0.132,0.032,24.139,24.007
24.1,24.1,0.132,0.031,24.139,24.007
24.1,24.1,0.146,0.031,24.153,24.007
24.1,24.1,0.139,0.031,24.153,24.014
24.101,24.101,0.145,0.031,24.153,24.008
24.102,24.102,0.145,0.027,24.153,24.008
24.102,24.102,0.145,0.027,24.153,24.008
24.101,24.101,0.145,0.027,24.153,24.008
24.099,24.099,0.145,0.028,24.153,24.008
24.098,24.098,0.145,0.029,24.153,24.008
24.097,24.097,0.145,0.028,24.153,24.008
24.095,24.095,0.122,0.028,24.13,24.008
24.096,24.096,0.122,0.027,24.13,24.008
24.095,24.095,0.121,0.027,24.137,24.016
24.096,24.096,0.121,0.027,24.137,24.016
24.095,24.095,0.121,0.028,24.137,24.016
24.094,24.094,0.121,0.03,24.137,24.016
24.093,24.093,0.139,0.033,24.137,23.998
24.092,24.092,0.175,0.035,24.173,23.998
24.09,24.09,0.175,0.036,24.173,23.998
24.09,24.09,0.175,0.036,24.173,23.998
24.088,24.088,0.175,0.038,24.173,23.998
24.087,24.087,0.175,0.039,24.173,23.998
24.085,24.085,0.175,0.04,24.173,23.998
24.086,24.086,0.175,0.04,24.173,23.998
24.085,24.085,0.175,0.041,24.173,23.998
24.087,24.087,0.168,0.039,24.173,24.005
24.087,24.087,0.151,0.039,24.156,24.005
24.088,24.088,0.149,0.04,24.156,24.007
24.088,24.088,0.149,0.039,24.156,24.007
24.09,24.09,0.149,0.038,24.156,24.007
24.093,24.093,0.139,0.037,24.156,24.017
24.097,24.097,0.139,0.037,24.156,24.017
24.097,24.097,0.139,0.036,24.156,24.017
24.099,24.099,0.131,0.033,24.148,24.017
24.098,24.098,0.137,0.035,24.148,24.011
24.098,24.098,0.137,0.035,24.148,24.011
24.1,24.1,0.137,0.032,24.148,24.011
24.1,24.1,0.137,0.032,24.148,24.011
24.099,24.099,0.137,0.033,24.148,24.011
24.1,24.1,0.137,0.031,24.148,24.011
24.097,24.097,0.123,0.031,24.134,24.011
24.095,24.095,0.124,0.033,24.135,24.011
24.095,24.095,0.124,0.034,24.135,24.011
24.096,24.096,0.151,0.033,24.155,24.004
24.098,24.098,0.151,0.032,24.155,24.004
24.094,24.094,0.151,0.035,24.155,24.004
24.093,24.093,0.151,0.036,24.155,24.004
24.092,24.092,0.151,0.036,24.155,24.004
24.091,24.091,0.151,0.036,24.155,24.004
24.09,24.09,0.151,0.037,24.155,24.004
24.093,24.093,0.151,0.035,24.155,24.004
24.091,24.091,0.151,0.037,24.155,24.004
24.092,24.092,0.145,0.035,24.15,24.005
24.091,24.091,0.145,0.035,24.15,24.005
24.095,24.095,0.145,0.033,24.15,24.005
24.092,24.092,0.138,0.033,24.143,24.005
24.093,24.093,0.138,0.034,24.143,24.005
24.092,24.092,0.14,0.035,24.143,24.003
24.09,24.09,0.172,0.038,24.17,23.998
24.087,24.087,0.172,0.04,24.17,23.998
24.085,24.085,0.172,0.041,24.17,23.998
24.084,24.084,0.172,0.041,24.17,23.998
24.081,24.081,0.172,0.042,24.17,23.998
24.078,24.078,0.172,0.042,24.17,23.998
24.082,24.082,0.172,0.042,24.17,23.998
24.083,24.083,0.172,0.041,24.17,23.998
24.083,24.083,0.172,0.04,24.17,23.998
24.083,24.083,0.144,0.038,24.15,24.006
24.085,24.085,0.144,0.036,24.15,24.006
24.089,24.089,0.144,0.034,24.15,24.006
24.088,24.088,0.144,0.035,24.15,24.006
24.091,24.091,0.141,0.033,24.15,24.009
24.092,24.092,0.129,0.033,24.15,24.021
24.092,24.092,0.129,0.033,24.15,24.021
24.092,24.092,0.129,0.034,24.15,24.021
24.094,24.094,0.129,0.035,24.15,24.021
24.095,24.095,0.132,0.036,24.147,24.015
24.091,24.091,0.146,0.039,24.147,24.001
24.092,24.092,0.146,0.038,24.147,24.001
24.096,24.096,0.146,0.037,24.147,24.001
24.096,24.096,0.146,0.038,24.147,24.001
24.095,24.095,0.146,0.038,24.147,24.001
24.094,24.094,0.146,0.039,24.147,24.001
24.093,24.093,0.146,0.039,24.147,24.001
24.092,24.092,0.146,0.038,24.147,24.001
24.091,24.091,0.135,0.037,24.136,24.001
24.094,24.094,0.119,0.035,24.136,24.017
24.091,24.091,0.119,0.037,24.136,24.017
24.09,24.09,0.117,0.037,24.134,24.017
24.091,24.091,0.123,0.037,24.14,24.017
24.092,24.092,0.127,0.037,24.14,24.013
24.093,24.093,0.127,0.037,24.14,24.013
24.091,24.091,0.132,0.039,24.145,24.013
24.094,24.094,0.132,0.039,24.145,24.013
24.096,24.096,0.132,0.037,24.145,24.013
24.099,24.099,0.132,0.035,24.145,24.013
24.104,24.104,0.132,0.033,24.145,24.013
24.108,24.108,0.139,0.032,24.152,24.013
24.108,24.108,0.139,0.032,24.152,24.013
24.11,24.11,0.127,0.03,24.152,24.025
24.11,24.11,0.13,0.031,24.152,24.022
24.114,24.114,0.13,0.026,24.152,24.022
24.112,24.112,0.13,0.029,24.152,24.022
24.114,24.114,0.131,0.029,24.153,24.022
24.116,24.116,0.131,0.028,24.153,24.022
24.115,24.115,0.131,0.029,24.153,24.022
24.112,24.112,0.131,0.031,24.153,24.022
24.11,24.11,0.131,0.033,24.153,24.022
24.111,24.111,0.131,0.034,24.153,24.022
24.113,24.113,0.126,0.031,24.153,24.027
24.111,24.111,0.126,0.033,24.153,24.027
24.114,24.114,0.126,0.031,24.153,24.027
24.114,24.114,0.131,0.033,24.158,24.027
24.114,24.114,0.131,0.034,24.158,24.027
24.115,24.115,0.131,0.033,24.158,24.027
24.115,24.115,0.136,0.033,24.158,24.022
24.117,24.117,0.136,0.031,24.158,24.022
24.116,24.116,0.136,0.03,24.158,24.022
24.115,24.115,0.136,0.03,24.158,24.022
24.117,24.117,0.136,0.027,24.158,24.022
24.117,24.117,0.142,0.027,24.164,24.022
24.117,24.117,0.142,0.025,24.164,24.022
24.116,24.116,0.142,0.026,24.164,24.022
24.114,24.114,0.142,0.026,24.164,24.022
24.114,24.114,0.147,0.025,24.164,24.017
24.111,24.111,0.152,0.028,24.164,24.012
24.111,24.111,0.152,0.03,24.164,24.012
24.11,24.11,0.152,0.033,24.164,24.012
24.11,24.11,0.152,0.034,24.164,24.012
24.111,24.111,0.148,0.035,24.16,24.012
24.107,24.107,0.149,0.039,24.159,24.01
24.108,24.108,0.149,0.04,24.159,24.01
24.104,24.104,0.149,0.043,24.159,24.01
24.108,24.108,0.149,0.043,24.159,24.01
24.11,24.11,0.155,0.044,24.165,24.01
24.112,24.112,0.155,0.043,24.165,24.01
24.114,24.114,0.155,0.043,24.165,24.01
24.114,24.114,0.155,0.043,24.165,24.01
24.11,24.11,0.156,0.046,24.165,24.009
24.112,24.113,0.156,0.043,24.165,24.009
24.112,24.112,0.156,0.044,24.165,24.009
24.116,24.116,0.156,0.041,24.165,24.009
24.112,24.113,0.156,0.042,24.165,24.009
24.115,24.115,0.161,0.041,24.17,24.009
24.115,24.115,0.161,0.042,24.17,24.009
24.117,24.117,0.161,0.041,24.17,24.009
24.117,24.117,0.161,0.042,24.17,24.009
24.122,24.122,0.149,0.039,24.17,24.021
24.124,24.124,0.149,0.038,24.17,24.021
24.125,24.125,0.149,0.037,24.17,24.021
24.127,24.127,0.149,0.036,24.17,24.021
24.128,24.128,0.149,0.035,24.17,24.021
24.126,24.126,0.135,0.036,24.166,24.031
24.127,24.127,0.135,0.035,24.166,24.031
24.127,24.127,0.135,0.035,24.166,24.031
24.127,24.127,0.13,0.034,24.166,24.036
24.128,24.128,0.13,0.033,24.166,24.036
24.128,24.128,0.13,0.032,24.166,24.036
24.129,24.129,0.13,0.031,24.166,24.036
24.126,24.126,0.13,0.032,24.166,24.036
24.124,24.124,0.13,0.033,24.166,24.036
24.127,24.127,0.123,0.03,24.164,24.041
24.127,24.127,0.128,0.03,24.169,24.041
24.127,24.127,0.128,0.029,24.169,24.041
24.125,24.125,0.137,0.031,24.169,24.032
24.123,24.123,0.137,0.031,24.169,24.032
24.122,24.122,0.137,0.032,24.169,24.032
24.126,24.126,0.138,0.031,24.17,24.032
24.13,24.13,0.138,0.029,24.17,24.032
24.134,24.134,0.138,0.027,24.17,24.032
24.134,24.134,0.152,0.028,24.184,24.032
24.136,24.136,0.152,0.029,24.184,24.032
24.137,24.137,0.152,0.029,24.184,24.032
24.138,24.138,0.127,0.027,24.184,24.057
24.138,24.138,0.127,0.027,24.184,24.057
24.139,24.139,0.127,0.027,24.184,24.057
24.14,24.14,0.127,0.026,24.184,24.057
24.138,24.138,0.138,0.029,24.184,24.046
24.137,24.137,0.138,0.029,24.184,24.046
24.138,24.138,0.133,0.028,24.179,24.046
24.138,24.138,0.133,0.027,24.179,24.046
24.138,24.138,0.133,0.025,24.179,24.046
24.139,24.139,0.133,0.022,24.179,24.046
24.14,24.14,0.133,0.02,24.179,24.046
24.14,24.14,0.133,0.019,24.179,24.046
24.139,24.139,0.121,0.018,24.167,24.046
24.14,24.14,0.11,0.015,24.167,24.057
24.139,24.139,0.115,0.018,24.167,24.052
24.138,24.138,0.113,0.018,24.165,24.052
24.138,24.138,0.114,0.018,24.166,24.052
24.14,24.14,0.114,0.018,24.166,24.052
24.141,24.141,0.129,0.018,24.181,24.052
24.14,24.14,0.129,0.019,24.181,24.052
24.141,24.141,0.129,0.019,24.181,24.052
24.143,24.143,0.129,0.02,24.181,24.052
24.144,24.144,0.129,0.018,24.181,24.052
24.147,24.147,0.11,0.016,24.181,24.071
24.148,24.148,0.16,0.018,24.231,24.071
24.148,24.149,0.16,0.018,24.231,24.071
24.149,24.149,0.16,0.018,24.231,24.071
24.15,24.15,0.16,0.017,24.231,24.071
24.153,24.153,0.109,0.015,24.231,24.122
24.154,24.154,0.109,0.015,24.231,24.122
24.154,24.154,0.109,0.015,24.231,24.122
24.154,24.154,0.109,0.015,24.231,24.122
24.153,24.153,0.12,0.016,24.231,24.111
24.152,24.152,0.115,0.017,24.226,24.111
24.152,24.152,0.115,0.017,24.226,24.111
24.152,24.152,0.115,0.018,24.226,24.111
24.151,24.151,0.115,0.019,24.226,24.111
24.149,24.149,0.115,0.019,24.226,24.111
24.149,24.149,0.115,0.022,24.226,24.111
24.149,24.149,0.115,0.024,24.226,24.111
24.15,24.15,0.126,0.027,24.237,24.111
24.151,24.151,0.124,0.028,24.243,24.119
24.15,24.15,0.124,0.027,24.243,24.119
24.153,24.153,0.124,0.03,24.243,24.119
24.152,24.152,0.126,0.03,24.243,24.117
24.152,24.152,0.126,0.03,24.243,24.117
24.153,24.153,0.126,0.032,24.243,24.117
24.152,24.152,0.126,0.03,24.243,24.117
24.152,24.152,0.126,0.03,24.243,24.117
24.152,24.152,0.126,0.028,24.243,24.117
24.155,24.155,0.123,0.029,24.24,24.117
24.16,24.16,0.126,0.033,24.243,24.117
24.162,24.162,0.144,0.035,24.261,24.117
24.164,24.164,0.138,0.035,24.261,24.123
24.165,24.165,0.138,0.034,24.261,24.123
24.166,24.166,0.138,0.032,24.261,24.123
24.169,24.169,0.138,0.033,24.261,24.123
24.168,24.168,0.136,0.033,24.261,24.125
24.168,24.168,0.137,0.035,24.261,24.124
24.167,24.167,0.14,0.036,24.261,24.121
24.163,24.163,0.14,0.034,24.261,24.121
24.16,24.16,0.126,0.031,24.247,24.121
24.16,24.16,0.126,0.03,24.247,24.121
24.163,24.163,0.132,0.033,24.253,24.121
24.162,24.162,0.132,0.033,24.253,24.121
24.164,24.164,0.132,0.034,24.253,24.121
24.161,24.161,0.148,0.035,24.253,24.105
24.163,24.163,0.148,0.037,24.253,24.105
24.164,24.164,0.153,0.036,24.258,24.105
24.167,24.167,0.153,0.036,24.258,24.105
24.171,24.171,0.163,0.038,24.268,24.105
24.175,24.175,0.163,0.04,24.268,24.105
24.174,24.174,0.163,0.039,24.268,24.105
24.176,24.176,0.163,0.038,24.268,24.105
24.175,24.175,0.163,0.039,24.268,24.105
24.175,24.175,0.161,0.038,24.268,24.107
24.176,24.176,0.161,0.035,24.268,24.107
24.175,24.175,0.161,0.034,24.268,24.107
24.169,24.169,0.168,0.038,24.268,24.1
24.163,24.163,0.166,0.037,24.261,24.095
24.159,24.159,0.166,0.036,24.261,24.095
24.153,24.153,0.163,0.036,24.258,24.095
24.149,24.149,0.176,0.039,24.258,24.082
24.143,24.143,0.161,0.038,24.243,24.082
24.14,24.141,0.161,0.038,24.243,24.082
24.138,24.138,0.146,0.038,24.228,24.082
24.136,24.136,0.146,0.038,24.228,24.082
24.137,24.137,0.146,0.037,24.228,24.082
24.137,24.137,0.146,0.038,24.228,24.082
24.133,24.133,0.136,0.035,24.218,24.082
24.134,24.134,0.136,0.036,24.218,24.082
24.139,24.139,0.136,0.038,24.218,24.082
24.142,24.142,0.128,0.037,24.218,24.09
24.145,24.145,0.128,0.038,24.218,24.09
24.142,24.142,0.125,0.037,24.215,24.09
24.14,24.14,0.125,0.037,24.215,24.09
24.14,24.14,0.125,0.038,24.215,24.09
24.141,24.141,0.125,0.037,24.215,24.09
24.144,24.144,0.125,0.037,24.215,24.09
24.148,24.148,0.139,0.038,24.231,24.092
24.141,24.141,0.139,0.036,24.231,24.092
24.138,24.138,0.139,0.036,24.231,24.092
24.138,24.138,0.145,0.036,24.231,24.086
24.139,24.139,0.145,0.036,24.231,24.086
24.14,24.14,0.145,0.037,24.231,24.086
24.143,24.143,0.145,0.038,24.231,24.086
24.143,24.143,0.145,0.039,24.231,24.086
24.141,24.141,0.145,0.04,24.231,24.086
24.14,24.14,0.137,0.039,24.223,24.086
24.14,24.14,0.137,0.039,24.223,24.086
24.143,24.143,0.137,0.04,24.223,24.086
24.14,24.14,0.134,0.04,24.223,24.089
24.143,24.143,0.134,0.04,24.223,24.089
24.141,24.141,0.144,0.041,24.223,24.079
24.138,24.138,0.144,0.039,24.223,24.079
24.135,24.135,0.144,0.04,24.223,24.079
24.137,24.137,0.144,0.04,24.223,24.079
24.133,24.133,0.143,0.038,24.222,24.079
24.134,24.134,0.143,0.038,24.222,24.079
24.133,24.133,0.143,0.037,24.222,24.079
24.133,24.133,0.143,0.036,24.222,24.079
24.131,24.131,0.143,0.034,24.222,24.079
24.131,24.131,0.137,0.032,24.222,24.085
24.133,24.133,0.137,0.034,24.222,24.085
24.136,24.136,0.14,0.035,24.226,24.086
24.135,24.135,0.14,0.034,24.226,24.086
24.138,24.138,0.14,0.037,24.226,24.086
24.138,24.138,0.14,0.038,24.226,24.086
24.136,24.136,0.14,0.036,24.226,24.086
24.136,24.136,0.14,0.037,24.226,24.086
24.134,24.134,0.14,0.037,24.226,24.086
24.132,24.132,0.136,0.038,24.226,24.09
24.127,24.127,0.143,0.036,24.226,24.083
24.123,24.123,0.147,0.035,24.221,24.074
24.12,24.12,0.149,0.035,24.221,24.072
24.114,24.114,0.14,0.03,24.212,24.072
24.113,24.113,0.14,0.03,24.212,24.072
24.112,24.112,0.14,0.03,24.212,24.072
24.11,24.11,0.14,0.029,24.212,24.072
24.108,24.108,0.14,0.027,24.212,24.072
24.108,24.108,0.148,0.029,24.212,24.064
24.105,24.105,0.133,0.029,24.196,24.063
24.103,24.103,0.139,0.029,24.196,24.057
24.101,24.101,0.139,0.029,24.196,24.057
24.099,24.1,0.148,0.03,24.196,24.048
24.095,24.095,0.128,0.027,24.176,24.048
24.093,24.093,0.128,0.027,24.176,24.048
24.092,24.092,0.128,0.027,24.176,24.048
24.09,24.09,0.128,0.027,24.176,24.048
24.086,24.086,0.128,0.026,24.176,24.048
24.084,24.084,0.14,0.027,24.176,24.036
24.083,24.083,0.14,0.025,24.176,24.036
24.083,24.083,0.14,0.026,24.176,24.036
24.081,24.081,0.147,0.025,24.176,24.029
24.081,24.081,0.147,0.025,24.176,24.029
24.079,24.08,0.147,0.024,24.176,24.029
24.078,24.078,0.147,0.023,24.176,24.029
24.078,24.078,0.147,0.022,24.176,24.029
24.08,24.08,0.147,0.021,24.176,24.029
24.079,24.079,0.128,0.018,24.157,24.029
24.079,24.079,0.128,0.018,24.157,24.029
24.078,24.078,0.128,0.016,24.157,24.029
24.076,24.076,0.123,0.018,24.157,24.034
24.072,24.072,0.136,0.021,24.157,24.021
24.07,24.07,0.153,0.025,24.157,24.004
24.066,24.066,0.153,0.025,24.157,24.004
24.063,24.063,0.15,0.023,24.154,24.004
24.061,24.061,0.15,0.024,24.154,24.004
24.059,24.059,0.15,0.024,24.154,24.004
24.056,24.056,0.15,0.023,24.154,24.004
24.054,24.054,0.15,0.022,24.154,24.004
24.055,24.055,0.15,0.022,24.154,24.004
24.056,24.056,0.15,0.022,24.154,24.004
24.057,24.057,0.116,0.018,24.136,24.02
24.058,24.058,0.116,0.018,24.136,24.02
24.058,24.058,0.127,0.02,24.136,24.009
24.06,24.06,0.154,0.021,24.163,24.009
24.061,24.061,0.154,0.021,24.163,24.009
24.063,24.063,0.154,0.021,24.163,24.009
24.066,24.066,0.154,0.021,24.163,24.009
24.068,24.069,0.154,0.021,24.163,24.009
24.071,24.071,0.154,0.021,24.163,24.009
24.071,24.071,0.154,0.021,24.163,24.009
24.072,24.072,0.154,0.02,24.163,24.009
24.072,24.072,0.134,0.018,24.163,24.029
24.07,24.07,0.071,0.015,24.108,24.037
24.073,24.073,0.079,0.016,24.118,24.039
24.076,24.076,0.092,0.018,24.131,24.039
24.074,24.074,0.092,0.018,24.131,24.039
24.072,24.072,0.092,0.018,24.131,24.039
24.071,24.071,0.092,0.018,24.131,24.039
24.071,24.071,0.088,0.017,24.131,24.043
24.072,24.072,0.167,0.022,24.131,23.964
24.072,24.072,0.167,0.026,24.131,23.964
24.077,24.077,0.167,0.029,24.131,23.964
24.079,24.079,0.167,0.031,24.131,23.964
24.08,24.08,0.163,0.031,24.127,23.964
24.083,24.083,0.174,0.034,24.138,23.964
24.085,24.085,0.174,0.035,24.138,23.964
24.089,24.089,0.174,0.035,24.138,23.964
24.092,24.092,0.174,0.035,24.138,23.964
24.095,24.095,0.162,0.032,24.138,23.976
24.098,24.098,0.133,0.026,24.138,24.005
24.096,24.096,0.133,0.025,24.138,24.005
24.096,24.096,0.133,0.023,24.138,24.005
24.097,24.097,0.172,0.028,24.177,24.005
24.101,24.101,0.164,0.027,24.187,24.023
24.103,24.103,0.134,0.028,24.188,24.054
24.102,24.102,0.134,0.029,24.188,24.054
24.103,24.103,0.136,0.031,24.19,24.054
24.106,24.106,0.144,0.033,24.198,24.054
24.107,24.107,0.144,0.034,24.198,24.054
24.109,24.109,0.139,0.036,24.198,24.059
24.11,24.11,0.152,0.038,24.211,24.059
24.106,24.106,0.152,0.036,24.211,24.059
24.104,24.104,0.152,0.036,24.211,24.059
24.103,24.103,0.152,0.033,24.211,24.059
24.104,24.104,0.15,0.035,24.211,24.061
24.102,24.102,0.15,0.034,24.211,24.061
24.099,24.099,0.15,0.033,24.211,24.061
24.1,24.1,0.154,0.035,24.211,24.057
24.099,24.099,0.154,0.033,24.211,24.057
24.097,24.097,0.146,0.031,24.203,24.057
24.099,24.099,0.147,0.034,24.204,24.057
24.1,24.1,0.147,0.033,24.204,24.057
24.101,24.101,0.147,0.034,24.204,24.057
24.1,24.1,0.147,0.033,24.204,24.057
24.101,24.101,0.147,0.033,24.204,24.057
24.103,24.103,0.147,0.032,24.204,24.057
24.103,24.103,0.146,0.028,24.204,24.058
24.103,24.103,0.146,0.027,24.204,24.058
24.106,24.106,0.153,0.029,24.211,24.058
24.105,24.105,0.15,0.027,24.211,24.061
24.107,24.107,0.15,0.029,24.211,24.061
24.109,24.109,0.137,0.029,24.214,24.077
24.111,24.111,0.141,0.03,24.218,24.077
24.112,24.112,0.141,0.029,24.218,24.077
24.114,24.114,0.145,0.033,24.218,24.073
24.116,24.116,0.145,0.034,24.218,24.073
24.115,24.115,0.145,0.034,24.218,24.073
24.114,24.114,0.145,0.032,24.218,24.073
24.114,24.114,0.146,0.032,24.218,24.072
24.112,24.112,0.146,0.03,24.218,24.072
24.112,24.112,0.146,0.029,24.218,24.072
24.11,24.11,0.138,0.027,24.21,24.072
24.113,24.113,0.138,0.03,24.21,24.072
24.111,24.111,0.138,0.026,24.21,24.072
24.11,24.11,0.13,0.026,24.202,24.072
24.113,24.113,0.154,0.028,24.226,24.072
24.114,24.114,0.154,0.028,24.226,24.072
24.113,24.113,0.15,0.027,24.226,24.076
24.115,24.115,0.15,0.027,24.226,24.076
24.114,24.114,0.146,0.028,24.226,24.08
24.115,24.115,0.146,0.029,24.226,24.08
24.113,24.113,0.146,0.029,24.226,24.08
24.112,24.112,0.146,0.028,24.226,24.08
24.113,24.113,0.146,0.029,24.226,24.08
24.112,24.112,0.14,0.026,24.22,24.08
24.112,24.112,0.14,0.027,24.22,24.08
24.111,24.111,0.141,0.027,24.22,24.079
24.113,24.113,0.15,0.031,24.229,24.079
24.112,24.112,0.15,0.029,24.229,24.079
24.114,24.114,0.15,0.032,24.229,24.079
24.115,24.115,0.162,0.033,24.241,24.079
24.117,24.117,0.162,0.034,24.241,24.079
24.118,24.118,0.162,0.034,24.241,24.079
24.119,24.119,0.162,0.036,24.241,24.079
24.121,24.121,0.162,0.037,24.241,24.079
24.122,24.122,0.155,0.036,24.241,24.086
24.121,24.121,0.157,0.036,24.241,24.084
24.123,24.123,0.157,0.035,24.241,24.084
24.122,24.122,0.157,0.033,24.241,24.084
24.121,24.121,0.139,0.031,24.223,24.084
24.122,24.122,0.139,0.031,24.223,24.084
24.121,24.121,0.139,0.029,24.223,24.084
24.121,24.121,0.139,0.028,24.223,24.084
24.119,24.119,0.138,0.025,24.217,24.079
24.119,24.119,0.138,0.026,24.217,24.079
24.117,24.117,0.145,0.023,24.217,24.072
24.116,24.116,0.145,0.026,24.217,24.072
24.117,24.117,0.145,0.028,24.217,24.072
24.121,24.121,0.163,0.034,24.235,24.072
24.12,24.12,0.169,0.034,24.235,24.066
24.118,24.119,0.169,0.035,24.235,24.066
24.118,24.118,0.169,0.035,24.235,24.066
24.123,24.123,0.18,0.041,24.246,24.066
24.122,24.122,0.18,0.041,24.246,24.066
24.123,24.123,0.182,0.042,24.246,24.064
24.122,24.122,0.182,0.041,24.246,24.064
24.119,24.119,0.182,0.042,24.246,24.064
24.114,24.114,0.182,0.038,24.246,24.064
24.112,24.112,0.182,0.039,24.246,24.064
24.114,24.114,0.182,0.041,24.246,24.064
24.114,24.115,0.182,0.043,24.246,24.064
24.11,24.11,0.151,0.038,24.215,24.064
24.111,24.111,0.151,0.038,24.215,24.064
24.11,24.11,0.151,0.036,24.215,24.064
24.112,24.112,0.167,0.038,24.231,24.064
24.114,24.114,0.167,0.037,24.231,24.064
24.114,24.114,0.167,0.036,24.231,24.064
24.116,24.116,0.167,0.033,24.231,24.064
24.116,24.116,0.167,0.032,24.231,24.064
24.116,24.116,0.162,0.029,24.231,24.069
24.115,24.115,0.162,0.028,24.231,24.069
24.117,24.117,0.162,0.027,24.231,24.069
24.118,24.118,0.162,0.027,24.231,24.069
24.116,24.116,0.151,0.024,24.22,24.069
24.116,24.116,0.151,0.023,24.22,24.069
24.117,24.117,0.14,0.021,24.22,24.08
24.117,24.117,0.14,0.021,24.22,24.08
24.115,24.115,0.075,0.017,24.155,24.08
24.115,24.115,0.116,0.019,24.194,24.078
24.114,24.114,0.116,0.017,24.194,24.078
24.114,24.114,0.116,0.018,24.194,24.078
24.115,24.115,0.116,0.019,24.194,24.078
24.115,24.115,0.116,0.019,24.194,24.078
24.115,24.115,0.116,0.019,24.194,24.078
24.115,24.115,0.116,0.018,24.194,24.078
24.115,24.115,0.116,0.018,24.194,24.078
24.115,24.115,0.116,0.018,24.194,24.078
24.116,24.116,0.12,0.018,24.202,24.082
24.116,24.116,0.12,0.018,24.202,24.082
24.114,24.114,0.12,0.016,24.202,24.082
24.113,24.113,0.12,0.015,24.202,24.082
24.114,24.114,0.116,0.015,24.202,24.086
24.113,24.113,0.125,0.016,24.202,24.077
24.113,24.113,0.125,0.018,24.202,24.077
24.114,24.114,0.129,0.021,24.206,24.077
24.114,24.114,0.129,0.023,24.206,24.077
24.113,24.113,0.129,0.021,24.206,24.077
24.114,24.114,0.129,0.022,24.206,24.077
24.116,24.116,0.129,0.024,24.206,24.077
24.118,24.118,0.141,0.026,24.218,24.077
24.118,24.118,0.141,0.025,24.218,24.077
24.12,24.12,0.14,0.026,24.218,24.078
24.12,24.12,0.14,0.025,24.218,24.078
24.121,24.121,0.14,0.026,24.218,24.078
24.124,24.124,0.14,0.028,24.218,24.078
24.127,24.127,0.151,0.031,24.229,24.078
24.128,24.128,0.151,0.029,24.229,24.078
24.128,24.128,0.151,0.029,24.229,24.078
24.128,24.128,0.151,0.028,24.229,24.078
24.128,24.128,0.151,0.031,24.229,24.078
24.13,24.13,0.137,0.031,24.229,24.092
24.13,24.13,0.137,0.031,24.229,24.092
24.129,24.129,0.137,0.03,24.229,24.092
24.127,24.127,0.137,0.028,24.229,24.092
24.125,24.125,0.123,0.025,24.204,24.081
24.125,24.125,0.123,0.025,24.204,24.081
24.127,24.127,0.123,0.028,24.204,24.081
24.128,24.128,0.126,0.03,24.207,24.081
24.128,24.128,0.133,0.029,24.214,24.081
24.129,24.129,0.133,0.03,24.214,24.081
24.13,24.13,0.133,0.032,24.214,24.081
24.13,24.13,0.133,0.031,24.214,24.081
24.135,24.135,0.141,0.034,24.222,24.081
24.136,24.136,0.135,0.034,24.222,24.087
24.14,24.14,0.135,0.037,24.222,24.087
24.138,24.138,0.135,0.035,24.222,24.087
24.137,24.137,0.135,0.035,24.222,24.087
24.139,24.139,0.137,0.036,24.224,24.087
24.14,24.14,0.137,0.034,24.224,24.087
24.141,24.141,0.135,0.034,24.226,24.091
24.144,24.144,0.135,0.037,24.226,24.091
24.145,24.145,0.137,0.039,24.228,24.091
24.144,24.144,0.132,0.037,24.228,24.096
24.142,24.142,0.132,0.036,24.228,24.096
24.143,24.143,0.132,0.037,24.228,24.096
24.145,24.145,0.139,0.038,24.23,24.091
24.147,24.147,0.139,0.039,24.23,24.091
24.148,24.148,0.139,0.04,24.23,24.091
24.148,24.148,0.144,0.04,24.235,24.091
24.146,24.146,0.144,0.038,24.235,24.091
24.146,24.146,0.145,0.039,24.236,24.091
24.152,24.152,0.145,0.041,24.236,24.091
24.153,24.153,0.145,0.04,24.236,24.091
24.154,24.154,0.145,0.039,24.236,24.091
24.154,24.154,0.13,0.037,24.236,24.106
24.153,24.153,0.13,0.037,24.236,24.106
24.151,24.151,0.131,0.036,24.236,24.105
24.153,24.153,0.131,0.037,24.236,24.105
24.153,24.153,0.141,0.038,24.236,24.095
24.151,24.151,0.134,0.037,24.228,24.094
24.148,24.148,0.134,0.036,24.228,24.094
24.149,24.149,0.134,0.037,24.228,24.094
24.149,24.149,0.138,0.038,24.228,24.09
24.146,24.147,0.138,0.037,24.228,24.09
24.149,24.149,0.138,0.038,24.228,24.09
24.153,24.153,0.151,0.04,24.241,24.09
24.153,24.153,0.151,0.039,24.241,24.09
24.154,24.154,0.151,0.039,24.241,24.09
24.154,24.154,0.151,0.038,24.241,24.09
24.157,24.157,0.151,0.039,24.241,24.09
24.157,24.157,0.151,0.039,24.241,24.09
24.158,24.158,0.138,0.039,24.241,24.103
24.16,24.16,0.159,0.041,24.241,24.082
24.158,24.158,0.159,0.042,24.241,24.082
24.157,24.157,0.159,0.041,24.241,24.082
24.158,24.158,0.159,0.042,24.241,24.082
24.156,24.156,0.159,0.041,24.241,24.082
24.158,24.158,0.159,0.041,24.241,24.082
24.158,24.158,0.154,0.04,24.236,24.082
24.158,24.158,0.154,0.039,24.236,24.082
24.162,24.162,0.154,0.04,24.236,24.082
24.164,24.164,0.132,0.037,24.236,24.104
24.164,24.164,0.127,0.036,24.236,24.109
24.166,24.167,0.127,0.037,24.236,24.109
24.166,24.166,0.123,0.035,24.236,24.113
24.168,24.168,0.13,0.036,24.236,24.106
24.167,24.167,0.13,0.035,24.236,24.106
24.167,24.167,0.12,0.036,24.226,24.106
24.165,24.165,0.12,0.036,24.226,24.106
24.164,24.164,0.119,0.036,24.225,24.106
24.164,24.164,0.119,0.037,24.225,24.106
24.165,24.165,0.119,0.037,24.225,24.106
24.164,24.164,0.119,0.037,24.225,24.106
24.164,24.164,0.119,0.039,24.225,24.106
24.167,24.167,0.114,0.039,24.225,24.111
24.167,24.167,0.112,0.038,24.223,24.111
24.17,24.17,0.132,0.039,24.243,24.111
24.171,24.171,0.137,0.039,24.243,24.106
24.172,24.172,0.137,0.039,24.243,24.106
24.176,24.176,0.137,0.038,24.243,24.106
24.18,24.18,0.137,0.038,24.243,24.106
24.178,24.178,0.137,0.039,24.243,24.106
24.179,24.179,0.137,0.039,24.243,24.106
24.179,24.179,0.137,0.039,24.243,24.106
24.181,24.181,0.137,0.039,24.243,24.106
24.181,24.181,0.14,0.04,24.246,24.106
24.18,24.18,0.125,0.039,24.246,24.121
24.178,24.178,0.125,0.038,24.246,24.121
24.178,24.178,0.125,0.038,24.246,24.121
24.175,24.175,0.125,0.038,24.246,24.121
24.174,24.174,0.138,0.038,24.246,24.108
24.175,24.175,0.138,0.038,24.246,24.108
24.174,24.174,0.138,0.038,24.246,24.108
24.172,24.172,0.138,0.038,24.246,24.108
24.172,24.172,0.149,0.038,24.257,24.108
24.172,24.172,0.149,0.038,24.257,24.108
24.171,24.171,0.152,0.039,24.257,24.105
24.169,24.169,0.152,0.039,24.257,24.105
24.168,24.168,0.152,0.039,24.257,24.105
24.17,24.17,0.152,0.039,24.257,24.105
24.169,24.169,0.152,0.039,24.257,24.105
24.167,24.168,0.152,0.039,24.257,24.105
24.17,24.17,0.152,0.04,24.257,24.105
24.17,24.17,0.142,0.04,24.247,24.105
24.171,24.171,0.142,0.04,24.247,24.105
24.172,24.172,0.126,0.041,24.247,24.121
24.176,24.176,0.129,0.041,24.25,24.121
24.177,24.177,0.129,0.041,24.25,24.121
24.178,24.178,0.134,0.041,24.25,24.116
24.178,24.178,0.134,0.041,24.25,24.116
24.179,24.18,0.142,0.042,24.255,24.113
24.178,24.178,0.142,0.041,24.255,24.113
24.174,24.174,0.157,0.041,24.255,24.098
24.177,24.177,0.157,0.041,24.255,24.098
24.177,24.177,0.157,0.041,24.255,24.098
24.172,24.172,0.158,0.041,24.255,24.097
24.163,24.163,0.195,0.047,24.255,24.06
24.159,24.159,0.195,0.046,24.255,24.06
24.152,24.153,0.195,0.046,24.255,24.06
24.151,24.151,0.186,0.046,24.246,24.06
24.149,24.149,0.186,0.045,24.246,24.06
24.149,24.149,0.186,0.046,24.246,24.06
24.147,24.147,0.186,0.045,24.246,24.06
24.146,24.147,0.182,0.044,24.242,24.06
24.15,24.15,0.182,0.045,24.242,24.06
24.159,24.159,0.203,0.044,24.268,24.065
24.163,24.163,0.203,0.043,24.268,24.065
24.167,24.167,0.203,0.043,24.268,24.065
24.163,24.163,0.199,0.044,24.268,24.069
24.163,24.163,0.199,0.045,24.268,24.069
24.165,24.166,0.199,0.044,24.268,24.069
24.161,24.161,0.199,0.043,24.268,24.069
24.162,24.162,0.199,0.045,24.268,24.069
24.159,24.159,0.199,0.044,24.268,24.069
24.155,24.155,0.167,0.043,24.236,24.069
24.153,24.153,0.167,0.043,24.236,24.069
24.152,24.152,0.16,0.042,24.229,24.069
24.155,24.155,0.137,0.041,24.229,24.092
24.153,24.153,0.142,0.042,24.229,24.087
24.149,24.149,0.142,0.041,24.229,24.087
24.151,24.151,0.142,0.042,24.229,24.087
24.147,24.147,0.142,0.041,24.229,24.087
24.146,24.146,0.142,0.041,24.229,24.087
24.149,24.149,0.141,0.04,24.228,24.087
24.145,24.145,0.141,0.039,24.228,24.087
24.144,24.144,0.141,0.039,24.228,24.087
24.144,24.144,0.141,0.039,24.228,24.087
24.146,24.146,0.137,0.038,24.228,24.091
24.144,24.144,0.147,0.04,24.228,24.081
24.14,24.14,0.137,0.039,24.218,24.081
24.139,24.139,0.143,0.039,24.218,24.075
24.137,24.137,0.143,0.04,24.218,24.075
24.134,24.134,0.139,0.038,24.214,24.075
24.136,24.136,0.146,0.04,24.214,24.068
24.132,24.132,0.138,0.039,24.206,24.068
24.129,24.129,0.138,0.039,24.206,24.068
24.127,24.127,0.141,0.038,24.209,24.068
24.127,24.127,0.141,0.038,24.209,24.068
24.127,24.127,0.141,0.037,24.209,24.068
24.125,24.125,0.141,0.036,24.209,24.068
24.125,24.125,0.141,0.034,24.209,24.068
24.121,24.121,0.141,0.032,24.209,24.068
24.119,24.119,0.128,0.029,24.209,24.081
24.12,24.12,0.134,0.031,24.209,24.075
24.121,24.121,0.134,0.031,24.209,24.075
24.122,24.122,0.124,0.032,24.199,24.075
24.122,24.122,0.124,0.032,24.199,24.075
24.121,24.121,0.124,0.033,24.199,24.075
24.12,24.12,0.124,0.034,24.199,24.075
24.118,24.118,0.124,0.034,24.199,24.075
24.12,24.12,0.124,0.037,24.199,24.075
24.118,24.118,0.134,0.038,24.199,24.065
24.117,24.117,0.134,0.037,24.199,24.065
24.113,24.113,0.135,0.036,24.199,24.064
24.108,24.108,0.124,0.034,24.188,24.064
24.107,24.107,0.125,0.035,24.188,24.063
24.108,24.108,0.139,0.036,24.202,24.063
24.109,24.109,0.139,0.037,24.202,24.063
24.108,24.108,0.139,0.038,24.202,24.063
24.107,24.107,0.139,0.037,24.202,24.063
24.108,24.108,0.139,0.037,24.202,24.063
24.107,24.107,0.143,0.038,24.202,24.059
24.107,24.108,0.143,0.037,24.202,24.059
24.109,24.109,0.143,0.037,24.202,24.059
24.111,24.111,0.143,0.038,24.202,24.059
24.11,24.11,0.133,0.036,24.192,24.059
24.109,24.109,0.133,0.036,24.192,24.059
24.108,24.108,0.133,0.035,24.192,24.059
24.11,24.11,0.133,0.036,24.192,24.059
24.108,24.108,0.133,0.034,24.192,24.059
24.108,24.108,0.127,0.032,24.192,24.065
24.109,24.109,0.127,0.032,24.192,24.065
24.109,24.109,0.133,0.032,24.198,24.065
24.107,24.107,0.133,0.031,24.198,24.065
24.105,24.105,0.133,0.029,24.198,24.065
24.106,24.106,0.128,0.028,24.198,24.07
24.107,24.107,0.128,0.029,24.198,24.07
24.105,24.105,0.132,0.028,24.198,24.066
24.104,24.104,0.132,0.028,24.198,24.066
24.104,24.104,0.132,0.029,24.198,24.066
24.102,24.102,0.132,0.027,24.198,24.066
24.101,24.101,0.126,0.028,24.192,24.066
24.103,24.103,0.122,0.029,24.187,24.065
24.108,24.108,0.122,0.033,24.187,24.065
24.11,24.11,0.122,0.034,24.187,24.065
24.109,24.109,0.139,0.035,24.2,24.061
24.109,24.109,0.139,0.035,24.2,24.061
24.108,24.108,0.147,0.036,24.2,24.053
24.105,24.106,0.147,0.036,24.2,24.053
24.104,24.104,0.147,0.035,24.2,24.053
24.106,24.106,0.147,0.036,24.2,24.053
24.105,24.105,0.147,0.035,24.2,24.053
24.102,24.102,0.147,0.032,24.2,24.053
24.103,24.103,0.149,0.033,24.202,24.053
24.102,24.102,0.149,0.033,24.202,24.053
24.103,24.103,0.149,0.034,24.202,24.053
24.105,24.105,0.148,0.034,24.202,24.054
24.106,24.106,0.148,0.033,24.202,24.054
24.109,24.109,0.148,0.035,24.202,24.054
24.106,24.106,0.148,0.033,24.202,24.054
24.104,24.104,0.148,0.033,24.202,24.054
24.104,24.104,0.148,0.033,24.202,24.054
24.101,24.101,0.128,0.03,24.182,24.054
24.102,24.102,0.118,0.028,24.175,24.057
24.1,24.1,0.118,0.026,24.175,24.057
24.099,24.099,0.118,0.025,24.175,24.057
24.101,24.101,0.124,0.027,24.181,24.057
24.099,24.099,0.124,0.026,24.181,24.057
24.102,24.102,0.13,0.028,24.187,24.057
24.102,24.102,0.13,0.029,24.187,24.057
24.103,24.103,0.13,0.031,24.187,24.057
24.103,24.103,0.13,0.03,24.187,24.057
24.104,24.104,0.13,0.032,24.187,24.057
24.104,24.104,0.13,0.033,24.187,24.057
24.107,24.107,0.13,0.034,24.187,24.057
24.108,24.108,0.141,0.036,24.198,24.057
24.11,24.11,0.134,0.037,24.198,24.064
24.109,24.109,0.134,0.036,24.198,24.064
24.108,24.108,0.134,0.036,24.198,24.064
24.106,24.106,0.134,0.034,24.198,24.064
24.107,24.107,0.137,0.036,24.201,24.064
24.109,24.109,0.137,0.036,24.201,24.064
24.109,24.109,0.132,0.036,24.201,24.069
24.108,24.108,0.132,0.035,24.201,24.069
24.105,24.105,0.132,0.033,24.201,24.069
24.105,24.105,0.132,0.032,24.201,24.069
24.106,24.106,0.132,0.032,24.201,24.069
24.106,24.106,0.132,0.032,24.201,24.069
24.107,24.107,0.132,0.032,24.201,24.069
24.108,24.108,0.125,0.032,24.194,24.069
24.106,24.106,0.125,0.03,24.194,24.069
24.107,24.107,0.122,0.03,24.194,24.072
24.108,24.108,0.122,0.031,24.194,24.072
24.111,24.111,0.123,0.033,24.195,24.072
24.11,24.11,0.123,0.033,24.195,24.072
24.11,24.11,0.129,0.033,24.195,24.066
24.11,24.11,0.129,0.033,24.195,24.066
24.111,24.111,0.135,0.034,24.201,24.066
24.112,24.112,0.138,0.035,24.204,24.066
24.115,24.115,0.138,0.036,24.204,24.066
24.113,24.114,0.138,0.037,24.204,24.066
24.113,24.113,0.138,0.035,24.204,24.066
24.111,24.111,0.138,0.034,24.204,24.066
24.113,24.113,0.138,0.034,24.204,24.066
24.115,24.115,0.133,0.035,24.204,24.071
24.117,24.117,0.138,0.036,24.204,24.066
24.116,24.116,0.138,0.035,24.204,24.066
24.116,24.116,0.124,0.034,24.19,24.066
24.112,24.112,0.121,0.031,24.187,24.066
24.113,24.113,0.144,0.032,24.21,24.066
24.114,24.114,0.144,0.033,24.21,24.066
24.114,24.114,0.146,0.033,24.21,24.064
24.113,24.113,0.146,0.032,24.21,24.064
24.112,24.112,0.146,0.031,24.21,24.064
24.11,24.11,0.146,0.028,24.21,24.064
24.111,24.111,0.146,0.029,24.21,24.064
24.111,24.111,0.146,0.03,24.21,24.064
24.111,24.111,0.146,0.03,24.21,24.064
24.111,24.111,0.134,0.03,24.198,24.064
24.113,24.113,0.134,0.029,24.198,24.064
24.114,24.114,0.138,0.03,24.206,24.068
24.115,24.115,0.138,0.031,24.206,24.068
24.118,24.118,0.138,0.033,24.206,24.068
24.12,24.12,0.138,0.035,24.206,24.068
24.121,24.121,0.152,0.036,24.22,24.068
24.121,24.121,0.152,0.035,24.22,24.068
24.122,24.122,0.15,0.035,24.22,24.07
24.123,24.123,0.15,0.036,24.22,24.07
24.123,24.123,0.15,0.036,24.22,24.07
24.121,24.122,0.15,0.036,24.22,24.07
24.123,24.123,0.145,0.036,24.22,24.075
24.122,24.122,0.145,0.036,24.22,24.075
24.12,24.12,0.139,0.033,24.22,24.081
24.12,24.12,0.139,0.031,24.22,24.081
24.123,24.123,0.139,0.035,24.22,24.081
24.126,24.126,0.139,0.035,24.22,24.081
24.127,24.127,0.139,0.034,24.22,24.081
24.126,24.126,0.132,0.033,24.213,24.081
24.127,24.127,0.125,0.031,24.213,24.088
24.126,24.126,0.125,0.032,24.213,24.088
24.127,24.127,0.131,0.031,24.219,24.088
24.128,24.128,0.131,0.031,24.219,24.088
24.13,24.13,0.131,0.031,24.219,24.088
24.129,24.129,0.134,0.03,24.219,24.085
24.127,24.127,0.134,0.029,24.219,24.085
24.127,24.127,0.134,0.03,24.219,24.085
24.129,24.129,0.134,0.032,24.219,24.085
24.13,24.13,0.134,0.033,24.219,24.085
24.131,24.131,0.134,0.032,24.219,24.085
24.128,24.128,0.124,0.031,24.209,24.085
24.13,24.13,0.132,0.034,24.217,24.085
24.129,24.129,0.132,0.034,24.217,24.085
24.128,24.128,0.131,0.033,24.217,24.086
24.129,24.129,0.131,0.035,24.217,24.086
24.129,24.129,0.131,0.034,24.217,24.086
24.128,24.128,0.131,0.032,24.217,24.086
24.13,24.13,0.137,0.033,24.221,24.084
24.132,24.132,0.137,0.035,24.221,24.084
24.135,24.135,0.137,0.035,24.221,24.084
24.134,24.134,0.137,0.034,24.221,24.084
24.136,24.136,0.137,0.034,24.221,24.084
24.136,24.136,0.137,0.033,24.221,24.084
24.135,24.135,0.137,0.031,24.221,24.084
24.133,24.133,0.137,0.03,24.221,24.084
24.134,24.134,0.137,0.03,24.221,24.084
24.133,24.133,0.123,0.029,24.218,24.095
24.133,24.133,0.12,0.027,24.218,24.098
24.131,24.131,0.133,0.027,24.218,24.085
24.131,24.131,0.129,0.026,24.214,24.085
24.13,24.13,0.129,0.027,24.214,24.085
24.131,24.131,0.131,0.03,24.214,24.083
24.131,24.131,0.131,0.03,24.214,24.083
24.132,24.132,0.139,0.032,24.222,24.083
24.134,24.134,0.139,0.033,24.222,24.083
24.135,24.135,0.139,0.033,24.222,24.083
24.133,24.133,0.139,0.033,24.222,24.083
24.134,24.134,0.139,0.033,24.222,24.083
24.136,24.136,0.139,0.034,24.222,24.083
24.136,24.136,0.139,0.034,24.222,24.083
24.134,24.134,0.124,0.031,24.222,24.098
24.134,24.134,0.124,0.031,24.222,24.098
24.134,24.134,0.121,0.029,24.222,24.101
24.133,24.133,0.121,0.028,24.222,24.101
24.131,24.131,0.121,0.026,24.222,24.101
24.133,24.133,0.121,0.027,24.222,24.101
24.131,24.132,0.116,0.025,24.218,24.102
24.132,24.132,0.116,0.024,24.218,24.102
24.132,24.132,0.126,0.025,24.218,24.092
24.133,24.133,0.126,0.025,24.218,24.092
24.134,24.134,0.126,0.025,24.218,24.092
24.135,24.135,0.126,0.027,24.218,24.092
24.137,24.137,0.126,0.03,24.218,24.092
24.137,24.137,0.126,0.031,24.218,24.092
24.138,24.138,0.132,0.032,24.224,24.092
24.139,24.139,0.132,0.032,24.224,24.092
24.139,24.139,0.132,0.034,24.224,24.092
24.138,24.138,0.13,0.033,24.224,24.094
24.138,24.138,0.13,0.034,24.224,24.094
24.138,24.138,0.13,0.033,24.224,24.094
24.139,24.139,0.131,0.034,24.224,24.093
24.137,24.137,0.131,0.03,24.224,24.093
24.139,24.139,0.131,0.032,24.224,24.093
24.141,24.141,0.137,0.034,24.23,24.093
24.141,24.141,0.137,0.034,24.23,24.093
24.138,24.138,0.142,0.032,24.23,24.088
24.138,24.138,0.142,0.031,24.23,24.088
24.138,24.138,0.142,0.031,24.23,24.088
24.139,24.139,0.142,0.032,24.23,24.088
24.137,24.137,0.142,0.03,24.23,24.088
24.136,24.136,0.142,0.032,24.23,24.088
24.133,24.133,0.142,0.031,24.23,24.088
24.132,24.132,0.131,0.031,24.219,24.088
24.132,24.132,0.131,0.031,24.219,24.088
24.133,24.133,0.129,0.032,24.219,24.09
24.133,24.133,0.145,0.034,24.228,24.083
24.134,24.134,0.145,0.037,24.228,24.083
24.136,24.136,0.151,0.04,24.234,24.083
24.138,24.138,0.151,0.041,24.234,24.083
24.138,24.138,0.151,0.041,24.234,24.083
24.137,24.137,0.151,0.04,24.234,24.083
24.136,24.136,0.151,0.041,24.234,24.083
24.136,24.136,0.151,0.042,24.234,24.083
24.139,24.139,0.151,0.044,24.234,24.083
24.141,24.141,0.148,0.045,24.234,24.086
24.14,24.14,0.147,0.045,24.234,24.087
24.135,24.135,0.141,0.041,24.231,24.09
24.136,24.136,0.141,0.041,24.231,24.09
24.134,24.134,0.148,0.042,24.231,24.083
24.135,24.135,0.148,0.042,24.231,24.083
24.134,24.134,0.148,0.041,24.231,24.083
24.132,24.132,0.148,0.039,24.231,24.083
24.131,24.131,0.148,0.036,24.231,24.083
24.131,24.131,0.147,0.037,24.23,24.083
24.128,24.128,0.147,0.034,24.23,24.083
24.126,24.126,0.147,0.035,24.23,24.083
24.125,24.125,0.147,0.034,24.23,24.083
24.128,24.128,0.147,0.035,24.23,24.083
24.13,24.13,0.158,0.039,24.241,24.083
24.131,24.131,0.164,0.041,24.241,24.077
24.129,24.129,0.164,0.041,24.241,24.077
24.133,24.133,0.164,0.044,24.241,24.077
24.131,24.131,0.164,0.043,24.241,24.077
24.136,24.136,0.164,0.046,24.241,24.077
24.139,24.139,0.164,0.047,24.241,24.077
24.14,24.14,0.164,0.048,24.241,24.077
24.136,24.136,0.164,0.046,24.241,24.077
24.136,24.136,0.153,0.044,24.23,24.077
24.139,24.139,0.147,0.045,24.23,24.083
24.141,24.141,0.147,0.045,24.23,24.083
24.139,24.139,0.147,0.044,24.23,24.083
24.139,24.139,0.147,0.042,24.23,24.083
24.136,24.136,0.139,0.039,24.222,24.083
24.137,24.137,0.138,0.039,24.222,24.084
24.137,24.137,0.138,0.038,24.222,24.084
24.14,24.14,0.138,0.038,24.222,24.084
24.14,24.14,0.152,0.038,24.236,24.084
24.138,24.138,0.154,0.036,24.238,24.084
24.14,24.14,0.149,0.034,24.238,24.089
24.138,24.138,0.149,0.033,24.238,24.089
24.14,24.14,0.149,0.033,24.238,24.089
24.144,24.144,0.15,0.034,24.243,24.093
24.144,24.144,0.145,0.033,24.243,24.098
24.145,24.145,0.159,0.034,24.257,24.098
24.146,24.146,0.159,0.032,24.257,24.098
24.147,24.147,0.159,0.033,24.257,24.098
24.148,24.148,0.159,0.032,24.257,24.098
24.147,24.147,0.169,0.033,24.257,24.088
24.148,24.148,0.169,0.034,24.257,24.088
24.145,24.145,0.169,0.034,24.257,24.088
24.138,24.138,0.186,0.035,24.257,24.071
24.138,24.138,0.186,0.037,24.257,24.071
24.136,24.136,0.169,0.035,24.24,24.071
24.133,24.133,0.169,0.035,24.24,24.071
24.131,24.131,0.169,0.034,24.24,24.071
24.129,24.129,0.174,0.036,24.24,24.066
24.124,24.124,0.174,0.036,24.24,24.066
24.119,24.119,0.165,0.035,24.231,24.066
24.117,24.117,0.165,0.037,24.231,24.066
24.118,24.118,0.165,0.037,24.231,24.066
24.115,24.115,0.165,0.034,24.231,24.066
24.113,24.113,0.165,0.033,24.231,24.066
24.112,24.112,0.165,0.034,24.231,24.066
24.111,24.111,0.165,0.034,24.231,24.066
24.11,24.11,0.135,0.032,24.204,24.069
24.113,24.113,0.134,0.034,24.204,24.07
24.115,24.115,0.132,0.033,24.204,24.072
24.119,24.119,0.132,0.035,24.204,24.072
24.119,24.119,0.132,0.035,24.204,24.072
24.12,24.12,0.132,0.035,24.204,24.072
24.122,24.122,0.131,0.036,24.204,24.073
24.122,24.122,0.131,0.036,24.204,24.073
24.12,24.12,0.128,0.036,24.198,24.07
24.119,24.119,0.128,0.036,24.198,24.07
24.118,24.118,0.125,0.035,24.195,24.07
24.119,24.119,0.125,0.036,24.195,24.07
24.117,24.117,0.125,0.034,24.195,24.07
24.118,24.118,0.125,0.035,24.195,24.07
24.116,24.116,0.133,0.035,24.195,24.062
24.115,24.115,0.125,0.035,24.187,24.062
24.114,24.114,0.125,0.036,24.187,24.062
24.115,24.115,0.14,0.036,24.202,24.062
24.115,24.115,0.14,0.036,24.202,24.062
24.115,24.115,0.14,0.037,24.202,24.062
24.113,24.113,0.14,0.035,24.202,24.062
24.11,24.11,0.14,0.034,24.202,24.062
24.11,24.11,0.14,0.034,24.202,24.062
24.112,24.112,0.14,0.035,24.202,24.062
24.112,24.112,0.14,0.036,24.202,24.062
24.112,24.112,0.139,0.035,24.202,24.063
24.113,24.113,0.136,0.035,24.199,24.063
24.112,24.112,0.141,0.035,24.199,24.058
24.115,24.115,0.141,0.038,24.199,24.058
24.117,24.117,0.158,0.04,24.216,24.058
24.122,24.122,0.158,0.041,24.216,24.058
24.124,24.124,0.158,0.041,24.216,24.058
24.127,24.127,0.158,0.042,24.216,24.058
24.127,24.128,0.158,0.041,24.216,24.058
24.128,24.128,0.158,0.042,24.216,24.058
24.128,24.128,0.158,0.041,24.216,24.058
24.13,24.13,0.146,0.04,24.216,24.07
24.129,24.129,0.142,0.04,24.216,24.074
24.129,24.129,0.132,0.039,24.206,24.074
24.125,24.125,0.132,0.037,24.206,24.074
24.125,24.125,0.14,0.039,24.211,24.071
24.121,24.121,0.14,0.037,24.211,24.071
24.12,24.12,0.142,0.037,24.211,24.069
24.122,24.122,0.142,0.038,24.211,24.069
24.119,24.119,0.142,0.038,24.211,24.069
24.118,24.118,0.142,0.039,24.211,24.069
24.117,24.117,0.15,0.038,24.211,24.061
24.116,24.116,0.15,0.039,24.211,24.061
24.115,24.115,0.15,0.04,24.211,24.061
24.113,24.113,0.132,0.038,24.193,24.061
24.115,24.115,0.132,0.038,24.193,24.061
24.115,24.115,0.132,0.038,24.193,24.061
24.113,24.113,0.133,0.037,24.193,24.06
24.115,24.115,0.133,0.039,24.193,24.06
24.115,24.115,0.138,0.039,24.198,24.06
24.114,24.115,0.138,0.039,24.198,24.06
24.113,24.113,0.138,0.038,24.198,24.06
24.115,24.115,0.138,0.037,24.198,24.06
24.118,24.118,0.138,0.038,24.198,24.06
24.118,24.118,0.139,0.039,24.199,24.06
24.119,24.119,0.139,0.038,24.199,24.06
24.12,24.12,0.143,0.039,24.209,24.066
24.123,24.124,0.147,0.04,24.213,24.066
24.125,24.125,0.147,0.039,24.213,24.066
24.13,24.13,0.149,0.04,24.215,24.066
24.13,24.13,0.132,0.039,24.215,24.083
24.132,24.132,0.134,0.04,24.217,24.083
24.133,24.133,0.134,0.04,24.217,24.083
24.135,24.135,0.14,0.04,24.223,24.083
24.139,24.139,0.14,0.039,24.223,24.083
24.139,24.139,0.138,0.039,24.223,24.085
24.139,24.139,0.138,0.038,24.223,24.085
24.14,24.14,0.138,0.038,24.223,24.085
24.14,24.14,0.138,0.038,24.223,24.085
24.145,24.145,0.134,0.038,24.223,24.089
24.146,24.147,0.14,0.038,24.223,24.083
24.144,24.144,0.14,0.039,24.223,24.083
24.144,24.144,0.139,0.04,24.216,24.077
24.142,24.142,0.139,0.041,24.216,24.077
24.143,24.143,0.139,0.04,24.216,24.077
24.142,24.142,0.139,0.04,24.216,24.077
24.14,24.14,0.137,0.04,24.209,24.072
24.137,24.137,0.137,0.041,24.209,24.072
24.133,24.133,0.127,0.039,24.199,24.072
24.134,24.134,0.127,0.039,24.199,24.072
24.136,24.137,0.126,0.038,24.198,24.072
24.131,24.131,0.125,0.037,24.197,24.072
24.132,24.132,0.129,0.038,24.197,24.068
24.132,24.132,0.129,0.038,24.197,24.068
24.135,24.135,0.132,0.039,24.2,24.068
24.137,24.137,0.132,0.038,24.2,24.068
24.138,24.138,0.132,0.038,24.2,24.068
24.14,24.14,0.132,0.039,24.2,24.068
24.138,24.138,0.132,0.038,24.2,24.068
24.141,24.141,0.137,0.04,24.205,24.068
24.147,24.147,0.137,0.038,24.205,24.068
24.146,24.146,0.121,0.038,24.205,24.084
24.146,24.146,0.124,0.038,24.205,24.081
24.145,24.145,0.147,0.04,24.214,24.067
24.144,24.144,0.148,0.04,24.215,24.067
24.144,24.144,0.148,0.04,24.215,24.067
24.143,24.143,0.148,0.04,24.215,24.067
24.147,24.147,0.148,0.041,24.215,24.067
24.144,24.144,0.148,0.04,24.215,24.067
24.144,24.144,0.148,0.04,24.215,24.067
24.143,24.143,0.148,0.04,24.215,24.067
24.142,24.142,0.148,0.039,24.215,24.067
24.142,24.142,0.144,0.039,24.215,24.071
24.143,24.143,0.144,0.039,24.215,24.071
24.146,24.146,0.144,0.04,24.215,24.071
24.146,24.146,0.14,0.038,24.211,24.071
24.147,24.147,0.142,0.04,24.213,24.071
24.147,24.147,0.142,0.04,24.213,24.071
24.149,24.149,0.14,0.04,24.221,24.081
24.151,24.151,0.14,0.039,24.221,24.081
24.155,24.155,0.157,0.04,24.238,24.081
24.16,24.16,0.157,0.039,24.238,24.081
24.162,24.162,0.157,0.038,24.238,24.081
24.162,24.162,0.157,0.038,24.238,24.081
24.165,24.166,0.135,0.037,24.238,24.103
24.163,24.163,0.137,0.037,24.238,24.101
24.164,24.164,0.137,0.036,24.238,24.101
24.16,24.16,0.142,0.038,24.238,24.096
24.156,24.156,0.158,0.04,24.238,24.08
24.155,24.155,0.142,0.038,24.222,24.08
24.151,24.151,0.142,0.04,24.222,24.08
24.15,24.15,0.142,0.04,24.222,24.08
24.148,24.148,0.137,0.04,24.217,24.08
24.146,24.146,0.137,0.039,24.217,24.08
24.146,24.146,0.137,0.04,24.217,24.08
24.146,24.147,0.137,0.041,24.217,24.08
24.149,24.149,0.137,0.041,24.217,24.08
24.151,24.151,0.137,0.041,24.217,24.08
24.149,24.149,0.136,0.041,24.216,24.08
24.152,24.152,0.136,0.04,24.216,24.08
24.152,24.152,0.133,0.04,24.213,24.08
24.153,24.153,0.133,0.039,24.213,24.08
24.157,24.157,0.133,0.039,24.213,24.08
24.159,24.159,0.125,0.038,24.213,24.088
24.161,24.161,0.124,0.038,24.212,24.088
24.163,24.163,0.121,0.037,24.212,24.091
24.164,24.164,0.113,0.036,24.212,24.099
24.164,24.164,0.12,0.037,24.212,24.092
24.162,24.162,0.12,0.037,24.212,24.092
24.163,24.163,0.117,0.036,24.209,24.092
24.16,24.16,0.117,0.037,24.209,24.092
24.157,24.157,0.117,0.037,24.209,24.092
24.155,24.155,0.117,0.038,24.209,24.092
24.152,24.152,0.115,0.037,24.207,24.092
24.149,24.149,0.115,0.038,24.207,24.092
24.151,24.151,0.13,0.037,24.222,24.092
24.151,24.151,0.126,0.036,24.222,24.096
24.153,24.153,0.127,0.037,24.223,24.096
24.154,24.154,0.127,0.036,24.223,24.096
24.154,24.154,0.126,0.035,24.223,24.097
24.157,24.157,0.126,0.036,24.223,24.097
24.158,24.158,0.126,0.035,24.223,24.097
24.159,24.159,0.126,0.036,24.223,24.097
24.161,24.161,0.122,0.036,24.223,24.101
24.162,24.162,0.124,0.036,24.223,24.099
24.164,24.164,0.124,0.036,24.223,24.099
24.16,24.16,0.118,0.036,24.217,24.099
24.16,24.16,0.131,0.038,24.219,24.088
24.161,24.161,0.131,0.039,24.219,24.088
24.157,24.157,0.131,0.039,24.219,24.088
24.158,24.158,0.131,0.038,24.219,24.088
24.158,24.158,0.131,0.038,24.219,24.088
24.156,24.156,0.131,0.037,24.219,24.088
24.156,24.156,0.131,0.037,24.219,24.088
24.159,24.159,0.131,0.036,24.219,24.088
24.162,24.162,0.132,0.036,24.22,24.088
24.161,24.162,0.118,0.034,24.22,24.102
24.16,24.16,0.118,0.034,24.22,24.102
24.161,24.161,0.123,0.034,24.22,24.097
24.162,24.162,0.123,0.034,24.22,24.097
24.162,24.162,0.123,0.034,24.22,24.097
24.16,24.16,0.123,0.034,24.22,24.097
24.159,24.159,0.123,0.034,24.22,24.097
24.156,24.156,0.123,0.035,24.22,24.097
24.154,24.154,0.124,0.036,24.22,24.096
24.154,24.154,0.124,0.036,24.22,24.096
24.158,24.158,0.124,0.037,24.22,24.096
24.157,24.157,0.124,0.037,24.22,24.096
24.156,24.156,0.133,0.038,24.22,24.087
24.157,24.157,0.133,0.039,24.22,24.087
24.16,24.16,0.133,0.039,24.22,24.087
24.161,24.161,0.133,0.039,24.22,24.087
24.159,24.159,0.133,0.039,24.22,24.087
24.16,24.16,0.127,0.038,24.214,24.087
24.16,24.16,0.127,0.038,24.214,24.087
24.159,24.159,0.131,0.039,24.218,24.087
24.16,24.16,0.131,0.038,24.218,24.087
24.159,24.159,0.131,0.038,24.218,24.087
24.157,24.157,0.131,0.038,24.218,24.087
24.156,24.156,0.131,0.039,24.218,24.087
24.152,24.152,0.131,0.038,24.218,24.087
24.157,24.157,0.135,0.039,24.222,24.087
24.159,24.159,0.135,0.039,24.222,24.087
24.159,24.159,0.135,0.038,24.222,24.087
24.157,24.157,0.144,0.039,24.231,24.087
24.156,24.156,0.144,0.039,24.231,24.087
24.156,24.156,0.143,0.039,24.231,24.088
24.159,24.159,0.143,0.038,24.231,24.088
24.16,24.16,0.143,0.037,24.231,24.088
24.159,24.159,0.143,0.038,24.231,24.088
24.155,24.155,0.143,0.038,24.231,24.088
24.151,24.151,0.147,0.038,24.231,24.084
24.148,24.148,0.147,0.039,24.231,24.084
24.15,24.15,0.122,0.038,24.206,24.084
24.153,24.153,0.122,0.037,24.206,24.084
24.154,24.154,0.122,0.038,24.206,24.084
24.15,24.15,0.122,0.038,24.206,24.084
24.146,24.146,0.122,0.038,24.206,24.084
24.149,24.149,0.122,0.038,24.206,24.084
24.147,24.147,0.12,0.037,24.204,24.084
24.148,24.148,0.118,0.037,24.204,24.086
24.149,24.149,0.119,0.037,24.205,24.086
24.149,24.149,0.119,0.037,24.205,24.086
24.147,24.147,0.119,0.038,24.205,24.086
24.146,24.146,0.142,0.038,24.228,24.086
24.148,24.148,0.142,0.038,24.228,24.086
24.151,24.151,0.137,0.039,24.228,24.091
24.152,24.152,0.137,0.039,24.228,24.091
24.154,24.154,0.137,0.038,24.228,24.091
24.154,24.154,0.137,0.039,24.228,24.091
24.152,24.152,0.137,0.04,24.228,24.091
24.149,24.149,0.137,0.041,24.228,24.091
24.146,24.146,0.137,0.04,24.228,24.091
24.148,24.148,0.133,0.04,24.224,24.091
24.145,24.145,0.133,0.04,24.224,24.091
24.143,24.143,0.127,0.038,24.218,24.091
24.142,24.142,0.13,0.038,24.221,24.091
24.143,24.143,0.13,0.039,24.221,24.091
24.146,24.146,0.13,0.04,24.221,24.091
24.15,24.15,0.13,0.04,24.221,24.091
24.151,24.151,0.121,0.039,24.221,24.1
24.152,24.152,0.118,0.039,24.221,24.103
24.152,24.152,0.127,0.04,24.23,24.103
24.155,24.155,0.127,0.04,24.23,24.103
24.158,24.158,0.127,0.04,24.23,24.103
24.155,24.155,0.132,0.041,24.23,24.098
24.152,24.152,0.132,0.041,24.23,24.098
24.148,24.148,0.132,0.04,24.23,24.098
24.145,24.145,0.147,0.039,24.23,24.083
24.144,24.144,0.147,0.039,24.23,24.083
24.147,24.147,0.147,0.041,24.23,24.083
24.146,24.146,0.147,0.04,24.23,24.083
24.143,24.143,0.147,0.039,24.23,24.083
24.141,24.141,0.147,0.04,24.23,24.083
24.141,24.141,0.147,0.04,24.23,24.083
24.142,24.142,0.163,0.041,24.23,24.067
24.143,24.143,0.163,0.042,24.23,24.067
24.143,24.143,0.15,0.042,24.217,24.067
24.145,24.145,0.151,0.043,24.218,24.067
24.142,24.142,0.151,0.043,24.218,24.067
24.14,24.14,0.151,0.042,24.218,24.067
24.138,24.138,0.151,0.042,24.218,24.067
24.136,24.136,0.151,0.041,24.218,24.067
24.139,24.139,0.151,0.043,24.218,24.067
24.138,24.138,0.146,0.041,24.218,24.072
24.136,24.136,0.146,0.04,24.218,24.072
24.133,24.134,0.146,0.039,24.218,24.072
24.134,24.134,0.133,0.04,24.205,24.072
24.132,24.132,0.133,0.039,24.205,24.072
24.131,24.131,0.133,0.038,24.205,24.072
24.132,24.132,0.133,0.039,24.205,24.072
24.132,24.132,0.133,0.038,24.205,24.072
24.128,24.128,0.132,0.036,24.205,24.073
24.129,24.129,0.132,0.036,24.205,24.073
24.13,24.13,0.132,0.038,24.205,24.073
24.132,24.132,0.132,0.039,24.205,24.073
24.126,24.126,0.132,0.037,24.205,24.073
24.126,24.126,0.136,0.037,24.209,24.073
24.127,24.127,0.136,0.039,24.209,24.073
24.126,24.126,0.136,0.039,24.209,24.073
24.127,24.127,0.136,0.04,24.209,24.073
24.127,24.127,0.136,0.04,24.209,24.073
24.126,24.126,0.136,0.04,24.209,24.073
24.125,24.125,0.136,0.039,24.209,24.073
24.125,24.125,0.136,0.039,24.209,24.073
24.127,24.127,0.136,0.04,24.209,24.073
24.127,24.127,0.129,0.04,24.202,24.073
24.126,24.126,0.133,0.04,24.202,24.069
24.129,24.129,0.133,0.041,24.202,24.069
24.131,24.131,0.129,0.041,24.198,24.069
24.13,24.13,0.129,0.04,24.198,24.069
24.131,24.131,0.131,0.041,24.2,24.069
24.132,24.132,0.132,0.04,24.2,24.068
24.135,24.135,0.132,0.04,24.2,24.068
24.132,24.132,0.132,0.039,24.2,24.068
24.135,24.135,0.135,0.04,24.203,24.068
24.134,24.134,0.135,0.039,24.203,24.068
24.133,24.133,0.135,0.04,24.203,24.068
24.131,24.131,0.141,0.039,24.203,24.062
24.132,24.132,0.141,0.04,24.203,24.062
24.132,24.132,0.141,0.04,24.203,24.062
24.13,24.13,0.141,0.039,24.203,24.062
24.13,24.13,0.141,0.04,24.203,24.062
24.132,24.132,0.141,0.041,24.203,24.062
24.129,24.129,0.14,0.04,24.202,24.062
24.128,24.128,0.14,0.04,24.202,24.062
24.128,24.128,0.137,0.039,24.199,24.062
24.128,24.128,0.124,0.038,24.199,24.075
24.129,24.129,0.124,0.039,24.199,24.075
24.129,24.129,0.124,0.039,24.199,24.075
24.13,24.13,0.124,0.039,24.199,24.075
24.13,24.13,0.137,0.04,24.2,24.063
24.131,24.131,0.137,0.04,24.2,24.063
24.132,24.132,0.137,0.04,24.2,24.063
24.135,24.135,0.145,0.041,24.208,24.063
24.134,24.134,0.145,0.04,24.208,24.063
24.134,24.134,0.145,0.041,24.208,24.063
24.132,24.132,0.145,0.041,24.208,24.063
24.128,24.128,0.145,0.041,24.208,24.063
24.127,24.127,0.145,0.04,24.208,24.063
24.125,24.125,0.143,0.04,24.208,24.065
24.125,24.125,0.143,0.039,24.208,24.065
24.124,24.124,0.143,0.04,24.208,24.065
24.122,24.122,0.138,0.038,24.203,24.065
24.121,24.121,0.138,0.038,24.203,24.065
24.121,24.121,0.126,0.038,24.199,24.073
24.121,24.121,0.126,0.039,24.199,24.073
24.122,24.122,0.126,0.038,24.199,24.073
24.123,24.123,0.126,0.037,24.199,24.073
24.123,24.123,0.132,0.037,24.205,24.073
24.124,24.124,0.132,0.038,24.205,24.073
24.125,24.125,0.132,0.038,24.205,24.073
24.129,24.129,0.133,0.039,24.205,24.072
24.13,24.13,0.141,0.041,24.213,24.072
24.129,24.129,0.141,0.04,24.213,24.072
24.132,24.132,0.146,0.042,24.213,24.067
24.133,24.133,0.146,0.043,24.213,24.067
24.133,24.133,0.146,0.044,24.213,24.067
24.132,24.132,0.146,0.044,24.213,24.067
24.134,24.134,0.146,0.044,24.213,24.067
24.135,24.135,0.146,0.044,24.213,24.067
24.131,24.131,0.146,0.043,24.213,24.067
24.129,24.129,0.146,0.04,24.213,24.067
24.131,24.131,0.146,0.041,24.213,24.067
24.128,24.128,0.137,0.039,24.209,24.072
24.129,24.129,0.137,0.039,24.209,24.072
24.13,24.13,0.137,0.039,24.209,24.072
24.13,24.13,0.137,0.038,24.209,24.072
24.13,24.13,0.141,0.039,24.21,24.069
24.131,24.131,0.141,0.041,24.21,24.069
24.132,24.132,0.141,0.041,24.21,24.069
24.134,24.134,0.141,0.042,24.21,24.069
24.133,24.133,0.141,0.041,24.21,24.069
24.134,24.134,0.141,0.04,24.21,24.069
24.135,24.135,0.141,0.04,24.21,24.069
24.135,24.135,0.141,0.04,24.21,24.069
24.137,24.137,0.141,0.041,24.21,24.069
24.134,24.134,0.127,0.04,24.204,24.077
24.132,24.132,0.124,0.039,24.201,24.077
24.133,24.133,0.132,0.038,24.21,24.078
24.132,24.132,0.134,0.038,24.21,24.076
24.134,24.134,0.136,0.039,24.212,24.076
24.134,24.134,0.136,0.04,24.212,24.076
24.132,24.132,0.14,0.041,24.212,24.072
24.129,24.129,0.14,0.04,24.212,24.072
24.126,24.126,0.15,0.041,24.212,24.062
24.126,24.126,0.15,0.041,24.212,24.062
24.126,24.126,0.15,0.041,24.212,24.062
24.125,24.125,0.15,0.041,24.212,24.062
24.124,24.124,0.15,0.042,24.212,24.062
24.12,24.121,0.143,0.04,24.205,24.062
24.12,24.12,0.143,0.039,24.205,24.062
24.124,24.124,0.143,0.039,24.205,24.062
24.125,24.125,0.143,0.04,24.205,24.062
24.126,24.126,0.138,0.039,24.205,24.067
24.123,24.123,0.13,0.037,24.197,24.067
24.121,24.121,0.13,0.037,24.197,24.067
24.12,24.12,0.13,0.037,24.197,24.067
24.121,24.121,0.13,0.037,24.197,24.067
24.122,24.122,0.121,0.036,24.193,24.072
24.124,24.124,0.121,0.037,24.193,24.072
24.121,24.121,0.12,0.036,24.192,24.072
24.122,24.122,0.13,0.037,24.202,24.072
24.125,24.125,0.13,0.037,24.202,24.072
24.129,24.129,0.128,0.038,24.202,24.074
24.129,24.13,0.123,0.036,24.202,24.079
24.128,24.128,0.126,0.036,24.202,24.076
24.127,24.127,0.126,0.035,24.202,24.076
24.129,24.129,0.126,0.035,24.202,24.076
24.127,24.127,0.126,0.035,24.202,24.076
24.126,24.126,0.126,0.035,24.202,24.076
24.126,24.126,0.123,0.035,24.199,24.076
24.127,24.127,0.123,0.035,24.199,24.076
24.127,24.127,0.123,0.035,24.198,24.075
24.129,24.129,0.135,0.038,24.21,24.075
24.134,24.134,0.135,0.039,24.21,24.075
24.135,24.135,0.135,0.039,24.21,24.075
24.138,24.138,0.135,0.04,24.21,24.075
24.139,24.139,0.135,0.041,24.21,24.075
24.142,24.142,0.135,0.039,24.21,24.075
24.14,24.14,0.14,0.039,24.21,24.07
24.141,24.141,0.14,0.04,24.21,24.07
24.142,24.142,0.145,0.039,24.215,24.07
24.144,24.144,0.145,0.039,24.215,24.07
24.141,24.141,0.145,0.038,24.215,24.07
24.144,24.144,0.145,0.039,24.215,24.07
24.143,24.143,0.145,0.038,24.215,24.07
24.144,24.144,0.145,0.038,24.215,24.07
24.142,24.142,0.145,0.039,24.215,24.07
24.147,24.147,0.13,0.038,24.215,24.085
24.143,24.143,0.13,0.038,24.215,24.085
24.142,24.142,0.126,0.039,24.211,24.085
24.139,24.139,0.127,0.038,24.211,24.084
24.141,24.141,0.127,0.038,24.211,24.084
24.142,24.142,0.127,0.038,24.211,24.084
24.142,24.143,0.127,0.038,24.211,24.084
24.141,24.141,0.127,0.037,24.211,24.084
24.143,24.143,0.127,0.037,24.211,24.084
24.139,24.139,0.115,0.037,24.198,24.083
24.141,24.141,0.115,0.037,24.198,24.083
24.143,24.143,0.115,0.037,24.198,24.083
24.143,24.143,0.115,0.036,24.198,24.083
24.143,24.143,0.119,0.037,24.202,24.083
24.141,24.141,0.119,0.038,24.202,24.083
24.138,24.138,0.119,0.038,24.202,24.083
24.139,24.139,0.119,0.038,24.202,24.083
24.138,24.138,0.119,0.038,24.202,24.083
24.138,24.138,0.118,0.037,24.202,24.084
24.138,24.138,0.12,0.037,24.202,24.082
24.138,24.138,0.12,0.037,24.202,24.082
24.139,24.139,0.122,0.037,24.204,24.082
24.137,24.137,0.122,0.036,24.204,24.082
24.137,24.137,0.127,0.036,24.209,24.082
24.142,24.142,0.127,0.037,24.209,24.082
24.145,24.145,0.132,0.038,24.214,24.082
24.15,24.15,0.138,0.039,24.22,24.082
24.153,24.153,0.138,0.04,24.22,24.082
24.156,24.156,0.137,0.04,24.22,24.083
24.16,24.16,0.137,0.041,24.22,24.083
24.16,24.16,0.137,0.041,24.22,24.083
24.16,24.16,0.137,0.041,24.22,24.083
24.158,24.158,0.137,0.042,24.22,24.083
24.155,24.156,0.137,0.043,24.22,24.083
24.154,24.154,0.137,0.043,24.22,24.083
24.148,24.148,0.126,0.043,24.209,24.083
24.148,24.148,0.135,0.043,24.214,24.079
24.147,24.147,0.135,0.042,24.214,24.079
24.143,24.143,0.135,0.041,24.214,24.079
24.141,24.141,0.135,0.041,24.214,24.079
24.142,24.142,0.135,0.041,24.214,24.079
24.143,24.143,0.148,0.042,24.214,24.066
24.144,24.144,0.148,0.042,24.214,24.066
24.142,24.142,0.148,0.042,24.214,24.066
24.144,24.144,0.148,0.042,24.214,24.066
24.145,24.145,0.143,0.042,24.209,24.066
24.144,24.144,0.143,0.042,24.209,24.066
24.148,24.148,0.143,0.042,24.209,24.066
24.153,24.153,0.154,0.042,24.22,24.066
24.157,24.157,0.154,0.042,24.22,24.066
24.162,24.162,0.14,0.04,24.22,24.08
24.161,24.161,0.14,0.04,24.22,24.08
24.169,24.169,0.146,0.038,24.227,24.081
24.171,24.171,0.146,0.038,24.227,24.081
24.171,24.171,0.131,0.037,24.227,24.096
24.171,24.171,0.131,0.036,24.227,24.096
24.171,24.171,0.131,0.037,24.227,24.096
24.171,24.171,0.131,0.038,24.227,24.096
24.169,24.169,0.131,0.038,24.227,24.096
24.17,24.17,0.129,0.038,24.227,24.098
24.171,24.171,0.129,0.037,24.227,24.098
24.168,24.168,0.128,0.036,24.226,24.098
24.167,24.167,0.127,0.037,24.225,24.098
24.168,24.168,0.127,0.037,24.225,24.098
24.168,24.168,0.127,0.037,24.225,24.098
24.168,24.168,0.126,0.037,24.225,24.099
24.167,24.167,0.122,0.037,24.221,24.099
24.165,24.165,0.117,0.038,24.209,24.092
24.163,24.163,0.117,0.039,24.209,24.092
24.166,24.166,0.13,0.039,24.222,24.092
24.167,24.167,0.13,0.04,24.222,24.092
24.166,24.166,0.13,0.039,24.222,24.092
24.164,24.164,0.136,0.04,24.222,24.086
24.164,24.164,0.136,0.041,24.222,24.086
24.162,24.162,0.136,0.041,24.222,24.086
24.165,24.165,0.137,0.041,24.223,24.086
24.167,24.167,0.137,0.04,24.223,24.086
24.167,24.167,0.141,0.039,24.223,24.082
24.166,24.166,0.141,0.04,24.223,24.082
24.166,24.166,0.141,0.039,24.223,24.082
24.162,24.162,0.158,0.042,24.223,24.065
24.158,24.158,0.158,0.044,24.223,24.065
24.154,24.154,0.158,0.043,24.223,24.065
24.152,24.152,0.167,0.044,24.223,24.056
24.146,24.146,0.156,0.042,24.212,24.056
24.143,24.143,0.156,0.041,24.212,24.056
24.137,24.137,0.156,0.041,24.212,24.056
24.133,24.133,0.148,0.038,24.204,24.056
24.128,24.128,0.123,0.036,24.179,24.056
24.13,24.13,0.123,0.036,24.179,24.056
24.132,24.132,0.129,0.036,24.185,24.056
24.131,24.131,0.129,0.037,24.185,24.056
24.13,24.13,0.13,0.038,24.185,24.055
24.129,24.129,0.13,0.038,24.185,24.055
24.129,24.129,0.131,0.039,24.185,24.054
24.129,24.129,0.146,0.039,24.185,24.039
24.13,24.13,0.146,0.04,24.185,24.039
24.13,24.13,0.146,0.041,24.185,24.039
24.128,24.128,0.146,0.041,24.185,24.039
24.129,24.129,0.142,0.04,24.181,24.039
24.132,24.132,0.142,0.04,24.181,24.039
24.135,24.135,0.145,0.039,24.184,24.039
24.134,24.134,0.145,0.04,24.184,24.039
24.133,24.133,0.145,0.039,24.184,24.039
24.135,24.135,0.132,0.038,24.184,24.052
24.134,24.134,0.132,0.038,24.184,24.052
24.135,24.135,0.132,0.037,24.184,24.052
24.136,24.136,0.124,0.036,24.184,24.06
24.135,24.135,0.128,0.038,24.189,24.061
24.134,24.134,0.128,0.038,24.189,24.061
24.133,24.134,0.128,0.038,24.189,24.061
24.134,24.134,0.128,0.039,24.189,24.061
24.134,24.134,0.128,0.039,24.189,24.061
24.134,24.134,0.128,0.038,24.189,24.061
24.134,24.134,0.139,0.039,24.2,24.061
24.132,24.132,0.139,0.038,24.2,24.061
24.134,24.134,0.139,0.038,24.2,24.061
24.133,24.133,0.139,0.037,24.2,24.061
24.134,24.134,0.139,0.037,24.2,24.061
24.136,24.136,0.139,0.038,24.2,24.061
24.134,24.134,0.125,0.038,24.2,24.075
24.136,24.136,0.125,0.039,24.2,24.075
24.138,24.138,0.123,0.039,24.2,24.077
24.137,24.137,0.122,0.038,24.199,24.077
24.138,24.138,0.123,0.039,24.199,24.076
24.138,24.139,0.123,0.039,24.199,24.076
24.138,24.138,0.132,0.039,24.199,24.067
24.136,24.136,0.139,0.04,24.199,24.06
24.137,24.137,0.139,0.039,24.199,24.06
24.14,24.14,0.137,0.039,24.197,24.06
24.139,24.139,0.137,0.038,24.197,24.06
24.139,24.139,0.133,0.038,24.192,24.059
24.14,24.14,0.133,0.038,24.192,24.059
24.141,24.141,0.139,0.038,24.198,24.059
24.139,24.139,0.139,0.04,24.198,24.059
24.141,24.141,0.139,0.039,24.198,24.059
24.14,24.14,0.139,0.039,24.198,24.059
24.135,24.135,0.139,0.039,24.198,24.059
24.132,24.132,0.139,0.04,24.198,24.059
24.132,24.133,0.139,0.041,24.198,24.059
24.132,24.132,0.137,0.04,24.198,24.061
24.132,24.132,0.137,0.04,24.198,24.061
24.132,24.132,0.126,0.039,24.187,24.061
24.132,24.132,0.126,0.039,24.187,24.061
24.133,24.133,0.126,0.039,24.187,24.061
24.134,24.134,0.134,0.04,24.187,24.053
24.136,24.136,0.14,0.04,24.193,24.053
24.139,24.139,0.14,0.039,24.193,24.053
24.136,24.136,0.14,0.039,24.193,24.053
24.135,24.136,0.14,0.04,24.193,24.053
24.136,24.136,0.14,0.04,24.193,24.053
24.134,24.134,0.14,0.04,24.193,24.053
24.135,24.135,0.14,0.04,24.193,24.053
24.132,24.132,0.14,0.041,24.193,24.053
24.134,24.134,0.128,0.04,24.193,24.065
24.131,24.131,0.14,0.04,24.188,24.048
24.132,24.132,0.149,0.04,24.197,24.048
24.136,24.136,0.149,0.039,24.197,24.048
24.137,24.137,0.149,0.037,24.197,24.048
24.135,24.135,0.154,0.039,24.197,24.043
24.138,24.138,0.154,0.039,24.197,24.043
24.133,24.133,0.154,0.041,24.197,24.043
24.134,24.134,0.154,0.041,24.197,24.043
24.132,24.132,0.154,0.041,24.197,24.043
24.133,24.133,0.154,0.041,24.197,24.043
24.132,24.132,0.142,0.041,24.185,24.043
24.131,24.131,0.142,0.042,24.185,24.043
24.13,24.13,0.142,0.043,24.185,24.043
24.131,24.131,0.139,0.042,24.185,24.046
24.133,24.133,0.133,0.041,24.185,24.052
24.139,24.139,0.134,0.039,24.186,24.052
24.138,24.138,0.134,0.04,24.186,24.052
24.137,24.137,0.134,0.039,24.186,24.052
24.136,24.136,0.134,0.038,24.186,24.052
24.133,24.133,0.134,0.038,24.186,24.052
24.133,24.133,0.135,0.038,24.187,24.052
24.132,24.132,0.128,0.037,24.187,24.059
24.132,24.132,0.128,0.036,24.187,24.059
24.131,24.131,0.128,0.037,24.187,24.059
24.129,24.129,0.129,0.037,24.188,24.059
24.131,24.131,0.127,0.036,24.193,24.066
24.133,24.133,0.127,0.036,24.193,24.066
24.136,24.136,0.127,0.036,24.193,24.066
24.139,24.139,0.127,0.035,24.193,24.066
24.14,24.14,0.127,0.034,24.193,24.066
24.14,24.14,0.127,0.034,24.193,24.066
24.14,24.14,0.127,0.035,24.193,24.066
24.139,24.139,0.125,0.035,24.193,24.068
24.137,24.137,0.125,0.036,24.193,24.068
24.138,24.138,0.125,0.038,24.193,24.068
24.14,24.14,0.125,0.037,24.193,24.068
24.14,24.14,0.131,0.038,24.199,24.068
24.14,24.14,0.131,0.039,24.199,24.068
24.142,24.142,0.131,0.04,24.199,24.068
24.144,24.144,0.129,0.039,24.199,24.07
24.142,24.142,0.129,0.04,24.199,24.07
24.143,24.143,0.129,0.04,24.199,24.07
24.143,24.143,0.138,0.041,24.199,24.061
24.143,24.143,0.138,0.039,24.199,24.061
24.14,24.14,0.138,0.041,24.199,24.061
24.14,24.14,0.138,0.039,24.199,24.061
24.141,24.141,0.138,0.039,24.199,24.061
24.137,24.137,0.138,0.039,24.199,24.061
24.132,24.132,0.138,0.04,24.199,24.061
24.13,24.13,0.138,0.04,24.199,24.061
24.128,24.128,0.134,0.04,24.195,24.061
24.13,24.13,0.152,0.039,24.195,24.043
24.127,24.127,0.152,0.04,24.195,24.043
24.123,24.123,0.145,0.04,24.188,24.043
24.12,24.12,0.145,0.039,24.188,24.043
24.119,24.119,0.145,0.038,24.188,24.043
24.118,24.118,0.135,0.038,24.178,24.043
24.121,24.121,0.135,0.039,24.178,24.043
24.123,24.123,0.136,0.04,24.179,24.043
24.123,24.123,0.136,0.04,24.179,24.043
24.121,24.121,0.125,0.039,24.179,24.054
24.119,24.119,0.12,0.039,24.179,24.059
24.121,24.121,0.12,0.038,24.179,24.059
24.119,24.119,0.127,0.04,24.182,24.055
24.117,24.117,0.127,0.039,24.182,24.055
24.119,24.119,0.127,0.039,24.182,24.055
24.123,24.123,0.135,0.04,24.19,24.055
24.12,24.12,0.135,0.038,24.19,24.055
24.124,24.124,0.135,0.039,24.19,24.055
24.124,24.124,0.135,0.038,24.19,24.055
24.13,24.13,0.135,0.037,24.19,24.055
24.13,24.13,0.135,0.037,24.19,24.055
24.134,24.134,0.126,0.035,24.19,24.064
24.131,24.131,0.126,0.036,24.19,24.064
24.127,24.127,0.129,0.037,24.19,24.061
24.123,24.123,0.117,0.037,24.178,24.061
24.123,24.123,0.121,0.038,24.178,24.057
24.118,24.118,0.116,0.038,24.173,24.057
24.117,24.117,0.116,0.038,24.173,24.057
24.112,24.112,0.116,0.039,24.173,24.057
24.114,24.114,0.124,0.04,24.181,24.057
24.112,24.113,0.129,0.041,24.183,24.054
24.112,24.112,0.129,0.042,24.183,24.054
24.112,24.113,0.14,0.042,24.183,24.043
24.11,24.11,0.14,0.041,24.183,24.043
24.111,24.111,0.14,0.041,24.183,24.043
