mean,RMS,ptp,std,max,min
21.158,21.158,0.192,0.043,21.26,21.068
21.158,21.159,0.127,0.036,21.206,21.079
21.157,21.157,0.129,0.043,21.206,21.077
21.16,21.16,0.199,0.051,21.212,21.013
21.155,21.155,0.207,0.056,21.212,21.005
21.172,21.172,0.239,0.048,21.244,21.005
21.179,21.179,0.166,0.04,21.244,21.078
21.175,21.175,0.151,0.037,21.229,21.078
21.178,21.178,0.124,0.03,21.229,21.105
21.178,21.178,0.118,0.035,21.233,21.115
21.16,21.16,0.225,0.061,21.233,21.008
21.144,21.144,0.242,0.069,21.25,21.008
21.155,21.155,0.231,0.057,21.25,21.019
21.161,21.161,0.151,0.042,21.238,21.087
21.151,21.151,0.224,0.052,21.224,21.0
21.157,21.157,0.232,0.062,21.232,21.0
21.159,21.159,0.236,0.058,21.256,21.02
21.152,21.152,0.258,0.068,21.256,20.998
21.149,21.149,0.238,0.078,21.236,20.998
21.149,21.149,0.23,0.072,21.246,21.016
21.148,21.148,0.234,0.071,21.255,21.021
21.135,21.135,0.258,0.069,21.255,20.997
21.141,21.141,0.26,0.069,21.257,20.997
21.158,21.158,0.209,0.06,21.257,21.048
21.16,21.161,0.178,0.054,21.245,21.067
21.146,21.146,0.262,0.065,21.245,20.983
21.128,21.129,0.216,0.07,21.199,20.983
21.126,21.126,0.239,0.07,21.23,20.991
21.144,21.144,0.229,0.062,21.23,21.001
21.14,21.14,0.202,0.06,21.219,21.017
21.126,21.126,0.199,0.058,21.216,21.017
21.144,21.144,0.167,0.048,21.206,21.039
21.134,21.135,0.198,0.068,21.188,20.99
21.129,21.129,0.19,0.063,21.18,20.99
21.123,21.123,0.204,0.057,21.193,20.989
21.119,21.119,0.204,0.061,21.193,20.989
21.122,21.122,0.206,0.062,21.188,20.982
21.116,21.116,0.208,0.07,21.187,20.979
21.124,21.124,0.208,0.061,21.187,20.979
21.108,21.108,0.197,0.062,21.179,20.982
21.113,21.113,0.199,0.064,21.181,20.982
21.128,21.128,0.218,0.069,21.214,20.996
21.136,21.136,0.223,0.071,21.218,20.995
21.136,21.136,0.231,0.069,21.218,20.987
21.105,21.105,0.226,0.075,21.207,20.981
21.111,21.111,0.226,0.071,21.207,20.981
21.129,21.129,0.219,0.065,21.203,20.984
21.13,21.131,0.224,0.073,21.204,20.98
21.136,21.136,0.224,0.063,21.204,20.98
21.124,21.124,0.216,0.065,21.221,21.005
21.105,21.105,0.257,0.079,21.221,20.964
21.096,21.096,0.244,0.069,21.208,20.964
21.107,21.107,0.228,0.07,21.184,20.956
21.134,21.134,0.238,0.063,21.194,20.956
21.156,21.156,0.126,0.037,21.196,21.07
21.134,21.134,0.222,0.065,21.206,20.984
21.115,21.115,0.222,0.067,21.206,20.984
21.12,21.12,0.201,0.064,21.198,20.997
21.096,21.096,0.227,0.076,21.198,20.971
21.082,21.082,0.235,0.074,21.178,20.943
21.097,21.097,0.222,0.059,21.165,20.943
21.106,21.107,0.143,0.043,21.176,21.033
21.12,21.12,0.143,0.039,21.176,21.033
21.101,21.101,0.217,0.053,21.166,20.949
21.079,21.08,0.198,0.051,21.147,20.949
21.094,21.094,0.133,0.045,21.151,21.018
21.088,21.088,0.133,0.044,21.151,21.018
21.081,21.081,0.124,0.045,21.142,21.018
21.082,21.082,0.213,0.056,21.152,20.939
21.079,21.079,0.213,0.061,21.152,20.939
21.08,21.08,0.197,0.059,21.151,20.954
21.08,21.08,0.189,0.057,21.143,20.954
21.074,21.074,0.158,0.051,21.137,20.979
21.081,21.081,0.171,0.045,21.15,20.979
21.095,21.095,0.258,0.063,21.194,20.936
21.095,21.095,0.258,0.068,21.194,20.936
21.105,21.105,0.152,0.043,21.165,21.013
21.097,21.097,0.245,0.067,21.169,20.924
21.091,21.091,0.251,0.076,21.175,20.924
21.105,21.105,0.226,0.063,21.184,20.958
21.103,21.103,0.214,0.057,21.184,20.97
21.106,21.106,0.183,0.049,21.197,21.014
21.103,21.103,0.205,0.05,21.197,20.992
21.094,21.094,0.163,0.042,21.155,20.992
21.1,21.1,0.178,0.045,21.176,20.998
21.1,21.1,0.231,0.06,21.212,20.981
21.076,21.076,0.25,0.065,21.212,20.962
21.076,21.076,0.22,0.061,21.182,20.962
21.091,21.091,0.252,0.066,21.183,20.931
21.077,21.077,0.252,0.071,21.183,20.931
21.085,21.085,0.205,0.059,21.174,20.969
21.097,21.097,0.199,0.054,21.164,20.965
21.071,21.071,0.252,0.072,21.164,20.912
21.061,21.061,0.238,0.07,21.15,20.912
21.079,21.079,0.217,0.056,21.146,20.929
21.077,21.077,0.129,0.045,21.146,21.017
21.072,21.072,0.129,0.044,21.144,21.015
21.065,21.065,0.23,0.067,21.159,20.929
21.057,21.057,0.23,0.075,21.159,20.929
21.077,21.077,0.189,0.06,21.138,20.949
21.073,21.073,0.181,0.055,21.138,20.957
21.067,21.067,0.188,0.057,21.142,20.954
21.067,21.067,0.228,0.06,21.142,20.914
21.07,21.07,0.248,0.054,21.162,20.914
21.069,21.069,0.265,0.063,21.162,20.897
21.056,21.056,0.249,0.071,21.146,20.897
21.067,21.067,0.21,0.054,21.138,20.928
21.084,21.084,0.175,0.047,21.15,20.975
21.084,21.084,0.185,0.054,21.16,20.975
21.083,21.083,0.204,0.062,21.162,20.958
21.084,21.085,0.231,0.065,21.189,20.958
21.088,21.088,0.225,0.063,21.189,20.964
21.106,21.106,0.212,0.055,21.176,20.964
21.084,21.084,0.227,0.071,21.176,20.949
21.063,21.063,0.212,0.066,21.161,20.949
21.068,21.068,0.253,0.067,21.172,20.919
21.062,21.062,0.272,0.072,21.191,20.919
21.077,21.077,0.22,0.058,21.191,20.971
21.094,21.094,0.176,0.053,21.162,20.986
21.084,21.084,0.257,0.064,21.16,20.903
21.066,21.066,0.254,0.063,21.157,20.903
21.07,21.07,0.19,0.055,21.132,20.942
21.065,21.065,0.216,0.065,21.132,20.916
21.07,21.07,0.233,0.066,21.149,20.916
21.078,21.078,0.181,0.056,21.151,20.97
21.071,21.071,0.215,0.06,21.151,20.936
21.069,21.069,0.209,0.059,21.145,20.936
21.067,21.067,0.149,0.047,21.145,20.996
21.062,21.062,0.176,0.047,21.147,20.971
21.071,21.071,0.18,0.05,21.151,20.971
21.089,21.089,0.156,0.042,21.151,20.995
21.072,21.072,0.215,0.056,21.137,20.922
21.048,21.048,0.213,0.074,21.135,20.922
21.051,21.052,0.21,0.074,21.135,20.925
21.068,21.068,0.18,0.06,21.116,20.936
21.078,21.078,0.197,0.051,21.133,20.936
21.068,21.069,0.218,0.066,21.133,20.915
21.074,21.074,0.213,0.066,21.128,20.915
21.076,21.076,0.184,0.055,21.131,20.947
21.075,21.075,0.196,0.06,21.143,20.947
21.069,21.069,0.202,0.067,21.146,20.944
21.053,21.053,0.237,0.07,21.146,20.909
21.055,21.055,0.232,0.076,21.141,20.909
21.082,21.082,0.239,0.07,21.172,20.933
21.108,21.109,0.148,0.049,21.172,21.024
21.126,21.126,0.161,0.049,21.185,21.024
21.132,21.133,0.182,0.047,21.185,21.003
21.12,21.12,0.178,0.059,21.181,21.003
21.101,21.101,0.244,0.063,21.181,20.937
21.086,21.086,0.233,0.061,21.17,20.937
21.074,21.074,0.231,0.062,21.17,20.939
21.062,21.062,0.2,0.053,21.167,20.967
21.074,21.074,0.215,0.064,21.167,20.952
21.086,21.086,0.226,0.074,21.16,20.934
21.094,21.094,0.255,0.067,21.189,20.934
21.097,21.097,0.2,0.051,21.189,20.989
21.077,21.077,0.138,0.048,21.132,20.994
21.038,21.038,0.231,0.056,21.128,20.897
21.041,21.041,0.271,0.064,21.168,20.897
21.078,21.078,0.236,0.064,21.175,20.939
21.073,21.073,0.225,0.062,21.175,20.95
21.072,21.072,0.202,0.063,21.152,20.95
21.087,21.087,0.207,0.061,21.167,20.96
21.065,21.065,0.239,0.059,21.167,20.928
21.045,21.045,0.217,0.053,21.145,20.928
21.064,21.064,0.163,0.052,21.145,20.982
21.07,21.07,0.134,0.042,21.142,21.008
21.061,21.061,0.14,0.04,21.129,20.989
21.063,21.063,0.14,0.043,21.129,20.989
21.07,21.07,0.183,0.048,21.122,20.939
21.065,21.065,0.188,0.049,21.127,20.939
21.059,21.059,0.165,0.047,21.139,20.974
21.08,21.08,0.204,0.055,21.178,20.974
21.105,21.105,0.19,0.052,21.189,20.999
21.106,21.106,0.186,0.054,21.189,21.003
21.09,21.09,0.179,0.055,21.165,20.986
21.073,21.074,0.222,0.065,21.173,20.951
21.057,21.057,0.222,0.063,21.173,20.951
21.059,21.059,0.189,0.048,21.14,20.951
21.077,21.077,0.213,0.05,21.169,20.956
21.08,21.08,0.282,0.067,21.171,20.889
21.062,21.062,0.282,0.07,21.171,20.889
21.06,21.06,0.176,0.051,21.133,20.957
21.078,21.078,0.124,0.037,21.138,21.014
21.071,21.071,0.23,0.057,21.163,20.933
21.051,21.051,0.253,0.065,21.163,20.91
21.066,21.066,0.24,0.061,21.15,20.91
21.077,21.078,0.162,0.05,21.15,20.988
21.059,21.059,0.241,0.056,21.147,20.906
21.069,21.069,0.241,0.062,21.147,20.906
21.068,21.068,0.207,0.062,21.141,20.934
21.053,21.053,0.203,0.062,21.137,20.934
21.038,21.038,0.21,0.057,21.13,20.92
21.047,21.047,0.23,0.055,21.15,20.92
21.067,21.067,0.217,0.055,21.15,20.933
21.063,21.063,0.224,0.067,21.145,20.921
21.054,21.055,0.213,0.066,21.124,20.911
21.063,21.064,0.215,0.053,21.126,20.911
21.068,21.068,0.189,0.055,21.126,20.937
21.05,21.05,0.198,0.065,21.135,20.937
21.059,21.059,0.193,0.067,21.135,20.942
21.074,21.074,0.229,0.074,21.14,20.911
21.068,21.068,0.248,0.071,21.159,20.911
21.063,21.063,0.236,0.075,21.159,20.923
21.07,21.07,0.243,0.08,21.166,20.923
21.056,21.056,0.233,0.063,21.166,20.933
21.053,21.053,0.205,0.06,21.137,20.932
21.085,21.085,0.22,0.065,21.152,20.932
21.099,21.099,0.206,0.061,21.159,20.953
21.082,21.082,0.221,0.067,21.174,20.953
21.082,21.082,0.199,0.065,21.174,20.975
21.077,21.077,0.216,0.064,21.171,20.955
21.085,21.085,0.217,0.068,21.172,20.955
21.11,21.11,0.222,0.063,21.201,20.979
21.106,21.106,0.202,0.053,21.201,20.999
21.095,21.095,0.183,0.051,21.16,20.977
21.096,21.096,0.205,0.067,21.172,20.967
21.08,21.08,0.224,0.078,21.174,20.95
21.077,21.077,0.224,0.069,21.174,20.95
21.089,21.089,0.21,0.06,21.166,20.956
21.069,21.069,0.197,0.066,21.172,20.975
21.071,21.072,0.232,0.076,21.191,20.959
21.077,21.077,0.232,0.067,21.191,20.959
21.058,21.058,0.181,0.059,21.149,20.968
21.07,21.07,0.212,0.073,21.164,20.952
21.074,21.074,0.218,0.071,21.164,20.946
21.064,21.064,0.248,0.071,21.185,20.937
21.074,21.075,0.248,0.076,21.185,20.937
21.082,21.082,0.231,0.078,21.183,20.952
21.078,21.078,0.246,0.087,21.174,20.928
21.087,21.087,0.233,0.078,21.161,20.928
21.085,21.085,0.246,0.071,21.199,20.953
21.067,21.067,0.263,0.082,21.199,20.936
21.07,21.07,0.247,0.079,21.183,20.936
21.058,21.058,0.227,0.078,21.165,20.938
21.042,21.042,0.237,0.078,21.165,20.928
21.055,21.055,0.237,0.077,21.165,20.928
21.067,21.067,0.213,0.076,21.165,20.952
21.07,21.07,0.213,0.072,21.165,20.952
21.066,21.066,0.21,0.066,21.162,20.952
21.07,21.07,0.272,0.073,21.198,20.926
21.073,21.073,0.272,0.069,21.198,20.926
21.042,21.043,0.189,0.058,21.146,20.957
21.039,21.039,0.247,0.077,21.169,20.922
21.069,21.069,0.247,0.08,21.169,20.922
21.068,21.068,0.207,0.064,21.165,20.958
21.063,21.063,0.243,0.068,21.172,20.929
21.082,21.083,0.243,0.065,21.172,20.929
21.088,21.088,0.212,0.058,21.169,20.957
21.048,21.048,0.247,0.074,21.169,20.922
21.045,21.045,0.219,0.072,21.141,20.922
21.073,21.073,0.238,0.073,21.155,20.917
21.058,21.058,0.262,0.089,21.169,20.907
21.051,21.052,0.262,0.082,21.169,20.907
21.068,21.068,0.194,0.062,21.138,20.944
21.065,21.065,0.217,0.067,21.155,20.938
21.05,21.05,0.224,0.076,21.162,20.938
21.051,21.051,0.221,0.063,21.162,20.941
21.055,21.055,0.215,0.061,21.184,20.969
21.055,21.055,0.226,0.062,21.184,20.958
21.051,21.051,0.243,0.063,21.18,20.937
21.063,21.064,0.243,0.069,21.18,20.937
21.055,21.055,0.208,0.062,21.164,20.956
21.059,21.059,0.22,0.07,21.176,20.956
21.074,21.074,0.208,0.07,21.176,20.968
21.075,21.075,0.207,0.064,21.164,20.957
21.072,21.072,0.219,0.062,21.164,20.945
21.048,21.048,0.214,0.064,21.159,20.945
21.038,21.038,0.188,0.069,21.134,20.946
21.046,21.046,0.214,0.072,21.146,20.932
21.061,21.061,0.214,0.064,21.146,20.932
21.072,21.072,0.205,0.056,21.149,20.944
21.06,21.06,0.226,0.068,21.149,20.923
21.059,21.06,0.218,0.072,21.141,20.923
21.032,21.032,0.227,0.073,21.141,20.914
21.023,21.023,0.237,0.069,21.151,20.914
21.073,21.073,0.224,0.058,21.151,20.927
21.054,21.055,0.213,0.07,21.119,20.906
21.047,21.047,0.235,0.074,21.141,20.906
21.08,21.08,0.197,0.056,21.141,20.944
21.063,21.063,0.224,0.068,21.134,20.91
21.027,21.027,0.224,0.071,21.134,20.91
21.033,21.033,0.198,0.061,21.11,20.912
21.053,21.053,0.21,0.062,21.121,20.911
21.069,21.069,0.21,0.056,21.121,20.911
21.05,21.05,0.204,0.07,21.128,20.924
21.038,21.038,0.205,0.078,21.129,20.924
21.048,21.048,0.21,0.073,21.129,20.919
21.055,21.055,0.25,0.075,21.169,20.919
21.071,21.071,0.231,0.069,21.169,20.938
21.08,21.08,0.264,0.068,21.202,20.938
21.094,21.094,0.242,0.063,21.202,20.96
21.091,21.091,0.248,0.069,21.2,20.952
21.096,21.097,0.248,0.069,21.2,20.952
21.103,21.103,0.241,0.066,21.198,20.957
21.082,21.082,0.241,0.068,21.198,20.957
21.079,21.079,0.243,0.068,21.204,20.961
21.089,21.089,0.239,0.068,21.204,20.965
21.112,21.113,0.222,0.066,21.197,20.975
21.126,21.126,0.243,0.076,21.203,20.96
21.116,21.116,0.265,0.082,21.225,20.96
21.119,21.12,0.256,0.069,21.225,20.969
21.117,21.117,0.21,0.064,21.214,21.004
21.116,21.116,0.199,0.059,21.203,21.004
21.121,21.122,0.187,0.051,21.203,21.016
21.135,21.135,0.187,0.052,21.203,21.016
21.143,21.143,0.179,0.055,21.201,21.022
21.131,21.131,0.205,0.066,21.207,21.002
21.114,21.114,0.205,0.061,21.207,21.002
21.124,21.124,0.17,0.05,21.193,21.023
21.125,21.125,0.2,0.05,21.193,20.993
21.104,21.104,0.229,0.053,21.222,20.993
21.101,21.101,0.24,0.056,21.222,20.982
21.089,21.089,0.239,0.071,21.187,20.948
21.097,21.097,0.234,0.068,21.182,20.948
21.101,21.101,0.229,0.056,21.182,20.953
21.079,21.079,0.217,0.062,21.163,20.946
21.084,21.084,0.232,0.061,21.178,20.946
21.079,21.079,0.206,0.065,21.178,20.972
21.063,21.063,0.197,0.073,21.163,20.966
21.085,21.086,0.19,0.066,21.156,20.966
21.106,21.106,0.169,0.046,21.16,20.991
21.116,21.116,0.197,0.046,21.188,20.991
21.101,21.101,0.197,0.063,21.188,20.991
21.097,21.097,0.217,0.073,21.208,20.991
21.116,21.116,0.214,0.059,21.208,20.994
21.097,21.097,0.224,0.062,21.208,20.984
21.118,21.118,0.275,0.075,21.259,20.984
21.148,21.148,0.26,0.062,21.259,20.999
21.148,21.148,0.224,0.056,21.223,20.999
21.147,21.147,0.205,0.058,21.236,21.031
21.111,21.111,0.24,0.067,21.236,20.996
21.112,21.112,0.237,0.072,21.233,20.996
21.143,21.143,0.216,0.068,21.238,21.022
21.141,21.141,0.226,0.07,21.246,21.02
21.151,21.151,0.226,0.07,21.246,21.02
21.142,21.142,0.21,0.063,21.24,21.03
21.138,21.138,0.215,0.068,21.245,21.03
21.152,21.152,0.207,0.071,21.245,21.038
21.138,21.138,0.202,0.057,21.241,21.039
21.128,21.128,0.205,0.053,21.235,21.03
21.11,21.11,0.238,0.072,21.235,20.997
21.118,21.118,0.239,0.08,21.236,20.997
21.132,21.132,0.211,0.072,21.236,21.025
21.118,21.118,0.2,0.07,21.221,21.021
21.127,21.127,0.205,0.072,21.221,21.016
21.119,21.119,0.202,0.065,21.217,21.015
21.105,21.105,0.228,0.068,21.243,21.015
21.103,21.103,0.218,0.064,21.243,21.025
21.112,21.113,0.232,0.067,21.238,21.006
21.125,21.126,0.242,0.08,21.24,20.998
21.108,21.108,0.242,0.077,21.24,20.998
21.114,21.114,0.249,0.066,21.268,21.019
21.141,21.141,0.231,0.067,21.283,21.052
21.14,21.14,0.231,0.063,21.283,21.052
21.133,21.133,0.173,0.048,21.224,21.051
21.145,21.145,0.202,0.058,21.253,21.051
21.15,21.15,0.23,0.065,21.279,21.049
21.129,21.129,0.243,0.068,21.279,21.036
21.134,21.134,0.266,0.076,21.27,21.004
21.166,21.166,0.266,0.071,21.27,21.004
21.158,21.158,0.199,0.061,21.248,21.049
21.151,21.151,0.189,0.06,21.257,21.068
21.166,21.166,0.186,0.062,21.258,21.072
21.147,21.148,0.195,0.068,21.258,21.063
21.14,21.14,0.178,0.063,21.241,21.063
21.147,21.147,0.179,0.059,21.238,21.059
21.132,21.132,0.205,0.059,21.228,21.023
21.134,21.134,0.207,0.058,21.23,21.023
21.146,21.146,0.182,0.053,21.23,21.048
21.146,21.146,0.184,0.062,21.232,21.048
21.126,21.126,0.194,0.073,21.232,21.038
21.136,21.137,0.198,0.072,21.229,21.031
21.168,21.168,0.203,0.055,21.234,21.031
21.146,21.146,0.223,0.071,21.241,21.018
21.139,21.139,0.229,0.074,21.247,21.018
21.165,21.165,0.207,0.056,21.247,21.04
21.174,21.174,0.194,0.049,21.252,21.058
21.177,21.177,0.202,0.058,21.26,21.058
21.16,21.16,0.193,0.058,21.26,21.067
21.168,21.168,0.2,0.054,21.276,21.076
21.19,21.191,0.214,0.065,21.276,21.062
21.189,21.189,0.211,0.064,21.273,21.062
21.151,21.151,0.242,0.066,21.266,21.024
21.13,21.13,0.205,0.057,21.229,21.024
21.17,21.17,0.235,0.068,21.298,21.063
21.181,21.181,0.232,0.069,21.298,21.066
21.171,21.171,0.232,0.075,21.275,21.043
21.191,21.192,0.249,0.083,21.29,21.041
21.184,21.184,0.249,0.076,21.29,21.041
21.189,21.189,0.235,0.069,21.308,21.073
21.204,21.204,0.212,0.067,21.308,21.096
21.192,21.192,0.199,0.066,21.291,21.092
21.201,21.201,0.195,0.055,21.287,21.092
21.199,21.199,0.18,0.055,21.287,21.107
21.206,21.206,0.168,0.049,21.275,21.107
21.218,21.218,0.223,0.057,21.299,21.076
21.202,21.202,0.223,0.062,21.299,21.076
21.173,21.173,0.184,0.056,21.27,21.086
21.191,21.191,0.201,0.069,21.287,21.086
21.209,21.209,0.178,0.06,21.287,21.109
21.194,21.195,0.191,0.054,21.278,21.087
21.183,21.184,0.175,0.054,21.262,21.087
21.185,21.185,0.203,0.06,21.28,21.077
21.19,21.19,0.203,0.059,21.28,21.077
21.185,21.185,0.2,0.064,21.291,21.091
21.197,21.197,0.202,0.064,21.293,21.091
21.218,21.218,0.168,0.051,21.312,21.144
21.22,21.221,0.234,0.065,21.341,21.107
21.209,21.209,0.236,0.07,21.341,21.105
21.209,21.209,0.215,0.069,21.299,21.084
21.199,21.199,0.249,0.074,21.33,21.081
21.194,21.194,0.249,0.071,21.33,21.081
21.204,21.204,0.226,0.063,21.307,21.081
21.223,21.223,0.232,0.06,21.338,21.106
21.239,21.239,0.211,0.051,21.338,21.127
21.215,21.215,0.237,0.061,21.367,21.13
21.205,21.205,0.245,0.069,21.367,21.122
21.238,21.239,0.24,0.08,21.362,21.122
21.256,21.257,0.229,0.071,21.362,21.133
21.249,21.249,0.203,0.054,21.343,21.14
21.234,21.234,0.204,0.063,21.344,21.14
21.241,21.242,0.205,0.061,21.346,21.141
21.27,21.27,0.201,0.064,21.363,21.162
21.247,21.247,0.235,0.079,21.368,21.133
21.223,21.223,0.235,0.063,21.368,21.133
21.246,21.247,0.226,0.066,21.343,21.117
21.238,21.239,0.226,0.07,21.343,21.117
21.231,21.231,0.172,0.062,21.317,21.145
21.245,21.245,0.167,0.054,21.321,21.154
21.239,21.239,0.182,0.062,21.324,21.142
21.231,21.231,0.195,0.064,21.324,21.129
21.247,21.247,0.189,0.05,21.318,21.129
21.239,21.239,0.166,0.053,21.319,21.153
21.234,21.234,0.198,0.066,21.345,21.147
21.246,21.246,0.198,0.061,21.345,21.147
21.246,21.246,0.191,0.061,21.338,21.147
21.257,21.257,0.188,0.065,21.339,21.151
21.26,21.26,0.196,0.066,21.347,21.151
21.265,21.265,0.194,0.066,21.347,21.153
21.274,21.274,0.213,0.067,21.356,21.143
21.286,21.286,0.238,0.06,21.381,21.143
21.305,21.305,0.184,0.045,21.381,21.197
21.289,21.289,0.157,0.045,21.354,21.197
21.277,21.277,0.172,0.042,21.37,21.198
21.289,21.289,0.213,0.062,21.384,21.171
21.288,21.288,0.213,0.06,21.384,21.171
21.292,21.292,0.221,0.06,21.387,21.166
21.297,21.297,0.221,0.057,21.387,21.166
21.296,21.296,0.198,0.051,21.378,21.18
21.302,21.302,0.214,0.059,21.394,21.18
21.289,21.289,0.208,0.06,21.394,21.186
21.283,21.284,0.184,0.056,21.37,21.186
21.305,21.305,0.189,0.06,21.4,21.211
21.318,21.318,0.189,0.06,21.4,21.211
21.321,21.321,0.169,0.048,21.403,21.234
21.323,21.323,0.158,0.045,21.403,21.245
21.332,21.332,0.178,0.047,21.391,21.213
21.339,21.34,0.198,0.06,21.411,21.213
21.343,21.343,0.206,0.068,21.427,21.221
21.363,21.363,0.231,0.064,21.452,21.221
21.377,21.377,0.17,0.051,21.452,21.282
21.363,21.363,0.181,0.058,21.463,21.282
21.344,21.344,0.226,0.06,21.463,21.237
21.328,21.328,0.21,0.059,21.441,21.231
21.325,21.325,0.229,0.067,21.441,21.212
21.338,21.338,0.213,0.063,21.425,21.212
21.321,21.321,0.237,0.058,21.425,21.188
21.278,21.278,0.211,0.061,21.38,21.169
21.289,21.289,0.22,0.07,21.389,21.169
21.31,21.31,0.206,0.052,21.389,21.183
21.292,21.292,0.149,0.046,21.362,21.213
21.297,21.297,0.187,0.056,21.392,21.205
21.308,21.308,0.187,0.058,21.392,21.205
21.324,21.324,0.181,0.062,21.406,21.225
21.325,21.325,0.206,0.068,21.406,21.2
21.287,21.287,0.21,0.065,21.401,21.191
21.285,21.285,0.176,0.051,21.367,21.191
21.28,21.28,0.227,0.057,21.362,21.135
21.291,21.292,0.237,0.058,21.372,21.135
21.312,21.312,0.158,0.041,21.372,21.214
21.292,21.293,0.212,0.054,21.368,21.156
21.294,21.294,0.219,0.055,21.375,21.156
21.289,21.289,0.231,0.059,21.375,21.144
21.259,21.259,0.219,0.06,21.363,21.144
21.266,21.266,0.203,0.057,21.354,21.151
21.284,21.285,0.211,0.053,21.354,21.143
21.28,21.28,0.199,0.047,21.342,21.143
21.255,21.255,0.189,0.051,21.323,21.134
21.243,21.243,0.201,0.065,21.314,21.113
21.251,21.251,0.201,0.062,21.314,21.113
21.289,21.289,0.191,0.056,21.356,21.165
21.297,21.297,0.203,0.055,21.356,21.153
21.29,21.29,0.195,0.052,21.348,21.153
21.299,21.299,0.21,0.052,21.372,21.162
21.26,21.26,0.22,0.072,21.372,21.152
21.25,21.25,0.227,0.067,21.34,21.113
21.248,21.249,0.219,0.062,21.332,21.113
21.24,21.24,0.211,0.056,21.337,21.126
21.243,21.243,0.207,0.058,21.337,21.13
21.234,21.234,0.19,0.059,21.32,21.13
21.248,21.248,0.196,0.054,21.344,21.148
21.239,21.239,0.233,0.061,21.344,21.111
21.221,21.221,0.22,0.067,21.316,21.096
21.227,21.227,0.219,0.055,21.315,21.096
21.224,21.224,0.175,0.045,21.313,21.138
21.214,21.214,0.214,0.058,21.312,21.098
21.208,21.208,0.214,0.067,21.312,21.098
21.214,21.215,0.186,0.062,21.293,21.107
21.216,21.216,0.161,0.05,21.274,21.113
21.236,21.236,0.169,0.055,21.308,21.139
21.25,21.25,0.194,0.054,21.333,21.139
21.271,21.272,0.232,0.066,21.373,21.141
21.272,21.273,0.236,0.071,21.373,21.137
21.254,21.254,0.221,0.065,21.358,21.137
21.236,21.236,0.257,0.074,21.358,21.101
21.202,21.202,0.235,0.075,21.336,21.101
21.209,21.209,0.223,0.071,21.333,21.11
21.218,21.218,0.258,0.075,21.364,21.106
21.233,21.233,0.258,0.076,21.364,21.106
21.221,21.221,0.222,0.074,21.321,21.099
21.207,21.207,0.235,0.078,21.301,21.066
21.2,21.2,0.232,0.072,21.298,21.066
21.19,21.19,0.239,0.064,21.308,21.069
21.193,21.193,0.232,0.075,21.308,21.076
21.193,21.193,0.211,0.068,21.287,21.076
21.195,21.195,0.173,0.055,21.276,21.103
21.228,21.228,0.215,0.073,21.326,21.111
21.244,21.244,0.22,0.07,21.345,21.125
21.218,21.218,0.239,0.068,21.345,21.106
21.206,21.206,0.22,0.069,21.31,21.09
21.207,21.207,0.236,0.076,21.317,21.081
21.203,21.203,0.251,0.074,21.317,21.066
21.182,21.182,0.267,0.07,21.319,21.052
21.155,21.156,0.295,0.076,21.319,21.024
21.163,21.163,0.207,0.065,21.231,21.024
21.178,21.178,0.224,0.058,21.287,21.063
21.166,21.166,0.224,0.063,21.287,21.063
21.198,21.198,0.218,0.067,21.304,21.086
21.216,21.217,0.212,0.064,21.304,21.092
21.189,21.189,0.19,0.058,21.282,21.092
21.169,21.169,0.23,0.06,21.265,21.035
21.166,21.166,0.23,0.062,21.265,21.035
21.191,21.191,0.172,0.05,21.272,21.1
21.168,21.168,0.234,0.061,21.272,21.038
21.142,21.142,0.237,0.06,21.275,21.038
21.172,21.172,0.233,0.058,21.275,21.042
21.169,21.169,0.142,0.043,21.254,21.112
21.142,21.142,0.193,0.041,21.23,21.037
21.154,21.154,0.228,0.055,21.265,21.037
21.191,21.191,0.184,0.05,21.276,21.092
21.195,21.195,0.196,0.046,21.285,21.089
21.182,21.182,0.196,0.052,21.285,21.089
21.167,21.167,0.188,0.052,21.28,21.092
21.162,21.162,0.181,0.057,21.261,21.08
21.141,21.141,0.216,0.058,21.253,21.037
21.124,21.124,0.217,0.057,21.212,20.995
21.132,21.132,0.221,0.058,21.216,20.995
21.126,21.126,0.161,0.047,21.218,21.057
21.114,21.114,0.168,0.045,21.218,21.05
21.122,21.122,0.134,0.044,21.184,21.05
21.126,21.126,0.138,0.043,21.194,21.056
21.128,21.128,0.184,0.051,21.24,21.056
21.125,21.125,0.208,0.058,21.24,21.032
21.111,21.111,0.208,0.052,21.24,21.032
21.126,21.126,0.185,0.052,21.235,21.05
21.122,21.122,0.17,0.051,21.235,21.065
21.091,21.091,0.205,0.05,21.254,21.049
21.1,21.1,0.205,0.064,21.254,21.049
21.106,21.106,0.195,0.054,21.25,21.055
21.089,21.089,0.119,0.036,21.162,21.043
21.101,21.101,0.116,0.04,21.159,21.043
21.126,21.126,0.136,0.041,21.189,21.053
21.139,21.139,0.131,0.04,21.21,21.079
21.143,21.143,0.125,0.041,21.221,21.096
21.142,21.142,0.124,0.044,21.221,21.097
21.128,21.128,0.121,0.035,21.211,21.09
21.102,21.102,0.076,0.025,21.133,21.057
21.098,21.098,0.144,0.033,21.201,21.057
21.105,21.105,0.168,0.046,21.221,21.053
21.087,21.087,0.188,0.045,21.221,21.033
21.07,21.07,0.102,0.025,21.099,20.997
21.073,21.073,0.162,0.031,21.159,20.997
21.078,21.078,0.144,0.036,21.159,21.015
21.067,21.067,0.138,0.038,21.153,21.015
21.05,21.05,0.122,0.03,21.138,21.016
21.049,21.049,0.137,0.033,21.118,20.981
21.047,21.047,0.139,0.035,21.12,20.981
21.042,21.042,0.11,0.03,21.12,21.01
21.053,21.053,0.108,0.033,21.119,21.011
21.048,21.048,0.128,0.039,21.115,20.987
21.035,21.035,0.128,0.035,21.115,20.987
21.033,21.033,0.102,0.03,21.095,20.993
21.025,21.025,0.11,0.03,21.103,20.993
21.018,21.018,0.114,0.026,21.103,20.989
21.021,21.021,0.11,0.031,21.092,20.982
21.026,21.026,0.11,0.034,21.092,20.982
21.022,21.022,0.164,0.036,21.112,20.948
21.021,21.021,0.164,0.039,21.112,20.948
21.02,21.02,0.156,0.041,21.093,20.937
21.015,21.015,0.16,0.041,21.097,20.937
21.012,21.012,0.159,0.033,21.097,20.938
21.026,21.026,0.198,0.042,21.141,20.943
21.047,21.047,0.159,0.046,21.141,20.982
21.029,21.029,0.2,0.048,21.124,20.924
21.03,21.03,0.212,0.05,21.136,20.924
21.054,21.054,0.177,0.049,21.136,20.959
21.042,21.042,0.157,0.039,21.116,20.959
21.027,21.027,0.106,0.026,21.077,20.971
21.045,21.045,0.186,0.046,21.157,20.971
21.061,21.061,0.175,0.045,21.157,20.982
21.052,21.052,0.196,0.053,21.15,20.954
21.061,21.061,0.205,0.061,21.159,20.954
21.061,21.061,0.235,0.059,21.159,20.924
21.042,21.042,0.202,0.054,21.126,20.924
21.036,21.036,0.175,0.051,21.115,20.94
21.021,21.021,0.175,0.044,21.115,20.94
20.997,20.997,0.11,0.031,21.038,20.928
21.004,21.004,0.158,0.043,21.086,20.928
21.014,21.014,0.128,0.037,21.086,20.958
21.001,21.001,0.177,0.037,21.076,20.899
21.008,21.008,0.202,0.053,21.101,20.899
21.008,21.008,0.199,0.058,21.101,20.902
20.992,20.993,0.204,0.06,21.101,20.897
21.012,21.012,0.199,0.057,21.096,20.897
21.033,21.033,0.118,0.034,21.085,20.967
21.02,21.02,0.11,0.037,21.077,20.967
21.035,21.035,0.15,0.051,21.122,20.972
21.056,21.056,0.158,0.053,21.127,20.969
21.048,21.048,0.172,0.057,21.141,20.969
21.049,21.049,0.164,0.049,21.141,20.977
21.048,21.048,0.121,0.038,21.105,20.984
21.047,21.047,0.116,0.038,21.105,20.989
21.032,21.032,0.158,0.04,21.098,20.94
21.031,21.031,0.183,0.049,21.123,20.94
21.049,21.049,0.172,0.051,21.123,20.951
21.052,21.052,0.195,0.053,21.123,20.928
21.038,21.038,0.218,0.058,21.12,20.902
21.02,21.02,0.186,0.049,21.088,20.902
21.009,21.009,0.171,0.044,21.088,20.917
20.999,20.999,0.162,0.045,21.079,20.917
21.008,21.008,0.17,0.041,21.095,20.925
21.013,21.013,0.2,0.052,21.095,20.895
21.006,21.006,0.178,0.055,21.073,20.895
20.99,20.99,0.139,0.045,21.068,20.929
20.983,20.983,0.203,0.047,21.084,20.881
20.994,20.994,0.203,0.045,21.084,20.881
21.02,21.02,0.169,0.05,21.109,20.94
21.041,21.041,0.167,0.051,21.109,20.942
21.013,21.013,0.172,0.057,21.106,20.934
21.013,21.013,0.207,0.061,21.125,20.918
21.03,21.03,0.212,0.068,21.125,20.913
21.032,21.032,0.205,0.064,21.118,20.913
21.022,21.022,0.167,0.054,21.114,20.947
21.019,21.019,0.184,0.059,21.114,20.93
21.036,21.036,0.2,0.062,21.126,20.926
21.032,21.032,0.206,0.064,21.126,20.92
21.004,21.004,0.184,0.061,21.104,20.92
20.982,20.982,0.149,0.045,21.069,20.92
21.002,21.002,0.21,0.06,21.107,20.897
21.014,21.015,0.232,0.066,21.129,20.897
21.023,21.023,0.228,0.061,21.129,20.901
21.027,21.027,0.188,0.064,21.103,20.915
21.014,21.014,0.176,0.063,21.091,20.915
21.033,21.033,0.211,0.059,21.128,20.917
21.05,21.05,0.238,0.06,21.17,20.932
21.05,21.05,0.238,0.067,21.17,20.932
21.057,21.057,0.19,0.056,21.155,20.965
21.056,21.056,0.196,0.054,21.127,20.931
21.063,21.063,0.227,0.067,21.158,20.931
21.056,21.056,0.209,0.067,21.158,20.949
21.055,21.055,0.2,0.056,21.149,20.949
21.058,21.058,0.249,0.063,21.149,20.9
21.007,21.007,0.242,0.068,21.142,20.9
20.999,20.999,0.216,0.064,21.141,20.925
21.018,21.018,0.224,0.07,21.141,20.917
21.015,21.015,0.214,0.067,21.131,20.917
21.037,21.037,0.195,0.066,21.135,20.94
21.033,21.033,0.218,0.069,21.135,20.917
21.02,21.02,0.21,0.064,21.127,20.917
21.005,21.005,0.198,0.06,21.113,20.915
20.998,20.998,0.204,0.06,21.119,20.915
21.007,21.007,0.245,0.066,21.179,20.934
21.012,21.013,0.245,0.062,21.179,20.934
21.016,21.016,0.161,0.049,21.123,20.962
21.018,21.018,0.204,0.058,21.153,20.949
21.032,21.032,0.243,0.077,21.192,20.949
21.057,21.058,0.244,0.09,21.197,20.953
21.065,21.065,0.235,0.081,21.197,20.962
21.063,21.063,0.217,0.067,21.188,20.971
21.061,21.061,0.204,0.057,21.188,20.984
21.052,21.052,0.229,0.057,21.191,20.962
21.062,21.062,0.229,0.067,21.191,20.962
21.063,21.063,0.215,0.072,21.184,20.969
21.057,21.057,0.215,0.065,21.184,20.969
21.049,21.049,0.17,0.047,21.147,20.977
21.039,21.039,0.202,0.051,21.16,20.958
21.056,21.056,0.251,0.07,21.209,20.958
21.057,21.057,0.257,0.064,21.209,20.952
21.048,21.048,0.19,0.063,21.142,20.952
21.041,21.041,0.185,0.07,21.142,20.957
21.036,21.036,0.188,0.06,21.145,20.957
21.043,21.043,0.179,0.055,21.145,20.966
21.034,21.034,0.199,0.061,21.152,20.953
21.044,21.044,0.199,0.064,21.152,20.953
21.078,21.078,0.175,0.063,21.142,20.967
21.09,21.091,0.212,0.058,21.175,20.963
21.071,21.071,0.212,0.057,21.175,20.963
21.08,21.08,0.193,0.059,21.171,20.978
21.075,21.075,0.182,0.054,21.171,20.989
21.062,21.062,0.176,0.049,21.161,20.985
21.066,21.066,0.185,0.062,21.163,20.978
21.083,21.083,0.197,0.063,21.175,20.978
21.1,21.1,0.145,0.043,21.175,21.03
21.101,21.101,0.236,0.055,21.213,20.977
21.117,21.117,0.236,0.055,21.213,20.977
21.117,21.117,0.225,0.056,21.212,20.987
21.105,21.105,0.245,0.07,21.212,20.967
21.11,21.11,0.252,0.072,21.219,20.967
21.115,21.115,0.243,0.069,21.219,20.976
21.085,21.085,0.211,0.068,21.193,20.982
21.09,21.09,0.223,0.066,21.205,20.982
21.113,21.113,0.19,0.053,21.205,21.015
21.101,21.101,0.191,0.05,21.203,21.012
21.085,21.085,0.175,0.059,21.171,20.996
21.088,21.088,0.2,0.064,21.196,20.996
21.106,21.107,0.199,0.061,21.196,20.997
21.133,21.133,0.191,0.06,21.217,21.026
21.132,21.132,0.203,0.06,21.217,21.014
21.101,21.101,0.191,0.059,21.205,21.014
21.095,21.095,0.203,0.058,21.205,21.002
21.122,21.123,0.209,0.058,21.211,21.002
21.152,21.152,0.18,0.048,21.228,21.048
21.154,21.154,0.229,0.061,21.253,21.024
21.142,21.142,0.229,0.058,21.253,21.024
21.151,21.151,0.188,0.044,21.236,21.048
21.156,21.156,0.171,0.049,21.236,21.065
21.156,21.156,0.184,0.052,21.249,21.065
21.159,21.159,0.208,0.054,21.251,21.043
21.161,21.161,0.216,0.06,21.251,21.035
21.158,21.158,0.216,0.06,21.251,21.035
21.152,21.152,0.196,0.047,21.245,21.049
21.176,21.176,0.178,0.051,21.287,21.109
21.18,21.18,0.195,0.056,21.287,21.092
21.161,21.161,0.19,0.056,21.266,21.076
21.165,21.165,0.199,0.057,21.275,21.076
21.158,21.158,0.226,0.06,21.275,21.049
21.161,21.161,0.241,0.07,21.29,21.049
21.169,21.169,0.238,0.064,21.29,21.052
21.168,21.168,0.234,0.057,21.286,21.052
21.187,21.187,0.212,0.056,21.286,21.074
21.184,21.184,0.172,0.051,21.255,21.083
21.21,21.21,0.207,0.054,21.295,21.088
21.22,21.22,0.214,0.052,21.295,21.081
21.181,21.181,0.179,0.047,21.26,21.081
21.177,21.177,0.165,0.046,21.243,21.078
21.208,21.208,0.205,0.048,21.283,21.078
21.24,21.24,0.142,0.036,21.313,21.171
21.24,21.24,0.19,0.06,21.343,21.153
21.227,21.228,0.193,0.066,21.343,21.15
21.212,21.212,0.24,0.063,21.326,21.086
21.188,21.188,0.207,0.055,21.293,21.086
21.184,21.184,0.189,0.048,21.313,21.124
21.196,21.196,0.218,0.057,21.313,21.095
21.203,21.203,0.19,0.057,21.282,21.092
21.203,21.203,0.198,0.062,21.29,21.092
21.216,21.216,0.194,0.067,21.293,21.099
21.204,21.204,0.194,0.061,21.293,21.099
21.185,21.186,0.182,0.058,21.289,21.107
21.223,21.223,0.212,0.071,21.319,21.107
21.228,21.228,0.188,0.064,21.324,21.136
21.223,21.223,0.188,0.062,21.324,21.136
21.237,21.237,0.203,0.066,21.322,21.119
21.234,21.234,0.208,0.062,21.327,21.119
21.205,21.205,0.223,0.067,21.327,21.104
21.198,21.199,0.197,0.058,21.301,21.104
21.203,21.203,0.19,0.052,21.28,21.09
21.184,21.184,0.261,0.07,21.32,21.059
21.174,21.174,0.261,0.087,21.32,21.059
21.185,21.185,0.211,0.077,21.274,21.063
21.183,21.183,0.216,0.063,21.273,21.057
21.168,21.168,0.194,0.067,21.251,21.057
21.169,21.169,0.189,0.068,21.256,21.067
21.176,21.176,0.201,0.071,21.273,21.072
21.19,21.19,0.204,0.073,21.276,21.072
21.203,21.203,0.179,0.064,21.277,21.098
21.183,21.184,0.22,0.067,21.277,21.057
21.174,21.175,0.225,0.062,21.282,21.057
21.185,21.186,0.168,0.053,21.282,21.114
21.18,21.18,0.194,0.055,21.28,21.086
21.185,21.185,0.176,0.053,21.262,21.086
21.179,21.179,0.169,0.053,21.267,21.098
21.166,21.166,0.189,0.054,21.267,21.078
21.141,21.141,0.242,0.061,21.266,21.024
21.141,21.141,0.26,0.072,21.284,21.024
21.153,21.153,0.267,0.071,21.284,21.017
21.144,21.144,0.221,0.066,21.221,21.0
21.14,21.14,0.224,0.063,21.224,21.0
21.125,21.125,0.233,0.064,21.224,20.991
21.128,21.129,0.217,0.06,21.208,20.991
21.137,21.137,0.156,0.05,21.224,21.068
21.138,21.138,0.165,0.049,21.224,21.059
21.169,21.169,0.217,0.058,21.276,21.059
21.165,21.165,0.273,0.068,21.276,21.003
21.129,21.129,0.228,0.064,21.231,21.003
21.118,21.118,0.227,0.055,21.231,21.004
21.129,21.129,0.244,0.062,21.27,21.026
21.133,21.133,0.224,0.061,21.27,21.046
21.122,21.122,0.239,0.067,21.239,21.0
21.108,21.108,0.249,0.08,21.241,20.992
21.092,21.093,0.252,0.071,21.241,20.989
21.124,21.125,0.271,0.071,21.26,20.989
21.114,21.114,0.303,0.078,21.26,20.957
21.082,21.082,0.263,0.072,21.22,20.957
21.092,21.092,0.241,0.072,21.22,20.979
21.097,21.097,0.202,0.068,21.188,20.986
21.069,21.069,0.197,0.07,21.183,20.986
21.042,21.043,0.186,0.055,21.153,20.967
21.08,21.08,0.225,0.071,21.192,20.967
21.106,21.106,0.233,0.071,21.227,20.994
21.11,21.111,0.212,0.062,21.227,21.015
21.131,21.132,0.204,0.07,21.241,21.037
21.139,21.139,0.21,0.071,21.241,21.031
21.107,21.107,0.259,0.063,21.236,20.977
21.085,21.085,0.224,0.065,21.198,20.974
21.094,21.094,0.224,0.068,21.198,20.974
21.115,21.115,0.237,0.076,21.22,20.983
21.065,21.065,0.297,0.089,21.22,20.923
21.042,21.042,0.301,0.067,21.224,20.923
21.074,21.074,0.28,0.063,21.224,20.944
21.07,21.07,0.234,0.064,21.178,20.944
21.059,21.059,0.231,0.076,21.178,20.947
21.049,21.049,0.234,0.073,21.177,20.943
21.058,21.058,0.23,0.075,21.173,20.943
21.058,21.058,0.228,0.079,21.173,20.945
21.046,21.047,0.24,0.075,21.187,20.947
21.053,21.053,0.237,0.069,21.187,20.95
21.054,21.054,0.195,0.066,21.152,20.957
21.046,21.046,0.186,0.06,21.151,20.965
21.048,21.048,0.209,0.062,21.138,20.929
21.036,21.036,0.22,0.076,21.149,20.929
21.028,21.028,0.217,0.074,21.149,20.932
21.019,21.019,0.199,0.066,21.125,20.926
21.001,21.001,0.199,0.059,21.125,20.926
20.992,20.992,0.179,0.059,21.107,20.928
21.028,21.029,0.216,0.073,21.144,20.928
21.076,21.076,0.204,0.064,21.182,20.978
21.068,21.068,0.236,0.066,21.182,20.946
21.045,21.045,0.238,0.073,21.175,20.937
21.05,21.05,0.238,0.074,21.175,20.937
21.052,21.052,0.227,0.068,21.139,20.912
21.039,21.039,0.241,0.063,21.153,20.912
21.02,21.021,0.235,0.069,21.153,20.918
21.017,21.018,0.227,0.077,21.135,20.908
21.037,21.037,0.227,0.072,21.135,20.908
21.026,21.026,0.232,0.069,21.134,20.902
21.015,21.015,0.254,0.063,21.156,20.902
21.024,21.024,0.221,0.056,21.156,20.935
21.02,21.02,0.243,0.058,21.139,20.896
21.027,21.027,0.216,0.056,21.112,20.896
21.031,21.031,0.194,0.045,21.112,20.918
21.005,21.005,0.156,0.045,21.073,20.917
20.986,20.986,0.153,0.032,21.07,20.917
20.981,20.981,0.105,0.025,21.023,20.918
20.97,20.97,0.105,0.03,21.023,20.918
20.975,20.975,0.142,0.038,21.065,20.923
20.976,20.976,0.208,0.052,21.065,20.857
20.977,20.977,0.197,0.052,21.054,20.857
20.994,20.994,0.122,0.043,21.054,20.932
20.994,20.994,0.125,0.048,21.054,20.929
20.981,20.981,0.126,0.049,21.055,20.929
20.966,20.966,0.186,0.048,21.061,20.875
20.963,20.963,0.186,0.047,21.061,20.875
20.972,20.972,0.151,0.045,21.059,20.908
20.983,20.983,0.16,0.047,21.062,20.902
20.986,20.986,0.169,0.047,21.071,20.902
20.998,20.998,0.181,0.055,21.092,20.911
20.994,20.994,0.181,0.054,21.092,20.911
20.978,20.978,0.163,0.044,21.079,20.916
20.965,20.965,0.153,0.048,21.06,20.907
20.951,20.952,0.186,0.042,21.056,20.87
20.962,20.962,0.186,0.044,21.056,20.87
20.97,20.97,0.186,0.052,21.076,20.89
20.955,20.955,0.214,0.057,21.076,20.862
20.943,20.943,0.189,0.056,21.035,20.846
20.958,20.958,0.221,0.066,21.045,20.824
20.973,20.973,0.221,0.063,21.045,20.824
20.968,20.968,0.184,0.055,21.028,20.844
20.954,20.954,0.179,0.051,21.025,20.846
20.948,20.948,0.175,0.046,21.021,20.846
20.945,20.945,0.154,0.045,21.016,20.862
20.944,20.944,0.164,0.047,21.026,20.862
20.96,20.96,0.163,0.05,21.047,20.884
20.964,20.964,0.163,0.045,21.047,20.884
20.957,20.957,0.141,0.046,21.026,20.885
20.951,20.951,0.168,0.048,21.026,20.858
20.946,20.946,0.175,0.049,21.029,20.854
20.941,20.941,0.192,0.054,21.046,20.854
20.927,20.927,0.211,0.053,21.046,20.835
20.921,20.921,0.205,0.049,21.04,20.835
20.933,20.933,0.195,0.046,21.04,20.845
20.931,20.931,0.187,0.043,21.007,20.82
20.932,20.932,0.19,0.038,21.01,20.82
20.931,20.931,0.195,0.047,21.01,20.815
20.927,20.927,0.21,0.054,21.025,20.815
20.925,20.925,0.178,0.053,21.025,20.847
20.919,20.919,0.191,0.055,21.038,20.847
20.911,20.911,0.199,0.047,21.038,20.839
20.914,20.914,0.152,0.036,20.991,20.839
20.933,20.933,0.146,0.04,20.999,20.853
20.917,20.917,0.177,0.043,20.999,20.822
20.929,20.929,0.209,0.05,21.031,20.822
20.923,20.924,0.19,0.055,21.031,20.841
20.893,20.893,0.126,0.037,20.967,20.841
20.911,20.911,0.135,0.04,20.994,20.859
20.919,20.919,0.19,0.047,20.998,20.808
20.918,20.919,0.194,0.053,21.002,20.808
20.905,20.905,0.205,0.058,21.004,20.799
20.909,20.909,0.22,0.063,21.019,20.799
20.925,20.925,0.179,0.052,21.019,20.84
20.926,20.926,0.142,0.046,21.001,20.859
20.895,20.895,0.209,0.057,21.001,20.792
20.879,20.879,0.141,0.034,20.933,20.792
20.895,20.895,0.189,0.044,20.996,20.807
20.887,20.887,0.189,0.049,20.996,20.807
20.882,20.882,0.157,0.04,20.959,20.802
20.884,20.884,0.206,0.05,20.982,20.776
20.907,20.907,0.212,0.053,20.988,20.776
20.892,20.892,0.188,0.058,20.988,20.8
20.855,20.855,0.189,0.054,20.959,20.77
20.856,20.856,0.197,0.055,20.952,20.755
20.873,20.873,0.214,0.051,20.969,20.755
20.88,20.88,0.224,0.064,20.994,20.77
20.886,20.887,0.224,0.063,20.994,20.77
20.885,20.885,0.223,0.056,20.959,20.736
20.872,20.872,0.236,0.064,20.972,20.736
20.868,20.868,0.212,0.063,20.983,20.771
20.864,20.865,0.209,0.053,20.983,20.774
20.871,20.871,0.156,0.044,20.943,20.787
20.875,20.875,0.154,0.043,20.943,20.789
20.875,20.875,0.191,0.05,20.962,20.771
20.862,20.863,0.199,0.055,20.962,20.763
20.881,20.881,0.206,0.059,20.969,20.763
20.882,20.883,0.211,0.065,20.969,20.758
20.848,20.848,0.209,0.055,20.95,20.741
20.832,20.832,0.207,0.054,20.93,20.723
20.83,20.83,0.211,0.055,20.934,20.723
20.823,20.823,0.202,0.055,20.934,20.732
20.809,20.81,0.197,0.057,20.929,20.732
20.819,20.819,0.185,0.056,20.901,20.716
20.824,20.824,0.189,0.062,20.905,20.716
20.811,20.811,0.173,0.062,20.905,20.732
20.809,20.809,0.159,0.057,20.889,20.73
20.815,20.815,0.169,0.051,20.899,20.73
20.814,20.814,0.162,0.05,20.899,20.737
20.806,20.806,0.163,0.047,20.897,20.734
20.801,20.801,0.191,0.047,20.908,20.717
20.792,20.793,0.191,0.055,20.908,20.717
20.814,20.814,0.203,0.062,20.928,20.725
20.828,20.828,0.208,0.057,20.928,20.72
20.818,20.818,0.241,0.074,20.938,20.697
20.821,20.822,0.241,0.07,20.938,20.697
20.82,20.82,0.195,0.053,20.925,20.73
20.806,20.806,0.22,0.063,20.925,20.705
20.805,20.805,0.236,0.07,20.94,20.704
20.815,20.815,0.236,0.057,20.94,20.704
20.815,20.815,0.146,0.036,20.918,20.772
20.817,20.817,0.157,0.041,20.918,20.761
20.806,20.806,0.166,0.047,20.896,20.73
20.792,20.792,0.189,0.056,20.894,20.705
20.796,20.796,0.195,0.063,20.894,20.699
20.805,20.805,0.187,0.057,20.886,20.699
20.778,20.778,0.206,0.053,20.885,20.679
20.758,20.758,0.153,0.043,20.832,20.679
20.762,20.762,0.138,0.043,20.831,20.693
20.766,20.766,0.19,0.053,20.864,20.674
20.775,20.776,0.19,0.056,20.864,20.674
20.768,20.768,0.176,0.052,20.843,20.667
20.764,20.765,0.188,0.052,20.855,20.667
20.763,20.764,0.183,0.058,20.855,20.672
20.76,20.76,0.169,0.052,20.841,20.672
20.768,20.768,0.159,0.044,20.844,20.685
20.761,20.761,0.159,0.041,20.844,20.685
20.776,20.776,0.18,0.052,20.879,20.699
20.78,20.78,0.223,0.067,20.884,20.661
20.762,20.762,0.223,0.064,20.884,20.661
20.764,20.764,0.216,0.063,20.88,20.664
20.776,20.776,0.23,0.069,20.887,20.657
20.774,20.774,0.246,0.073,20.892,20.646
20.758,20.759,0.246,0.068,20.892,20.646
20.749,20.749,0.207,0.064,20.865,20.658
20.741,20.741,0.211,0.065,20.862,20.651
20.737,20.737,0.211,0.058,20.862,20.651
20.729,20.729,0.202,0.066,20.838,20.636
20.743,20.743,0.212,0.074,20.838,20.626
20.732,20.732,0.198,0.074,20.824,20.626
20.718,20.718,0.171,0.065,20.803,20.632
20.733,20.733,0.197,0.058,20.801,20.604
20.728,20.728,0.188,0.049,20.792,20.604
20.749,20.749,0.182,0.043,20.812,20.63
20.728,20.728,0.231,0.074,20.812,20.581
20.69,20.69,0.223,0.071,20.804,20.581
20.715,20.715,0.212,0.066,20.804,20.592
20.733,20.733,0.202,0.061,20.805,20.603
20.735,20.735,0.202,0.058,20.811,20.609
20.743,20.744,0.228,0.062,20.858,20.63
20.757,20.757,0.228,0.054,20.858,20.63
20.763,20.763,0.134,0.043,20.823,20.689
20.743,20.743,0.223,0.067,20.843,20.62
20.723,20.723,0.234,0.072,20.843,20.609
20.724,20.725,0.23,0.065,20.839,20.609
20.74,20.74,0.252,0.066,20.866,20.614
20.746,20.746,0.258,0.068,20.866,20.608
20.743,20.743,0.223,0.065,20.831,20.608
20.751,20.751,0.213,0.058,20.831,20.618
20.742,20.742,0.217,0.063,20.835,20.618
20.724,20.724,0.219,0.071,20.842,20.623
20.734,20.734,0.219,0.073,20.842,20.623
20.737,20.737,0.207,0.067,20.838,20.631
20.736,20.737,0.202,0.065,20.833,20.631
20.746,20.746,0.189,0.064,20.833,20.644
20.745,20.745,0.184,0.063,20.831,20.647
20.742,20.742,0.21,0.07,20.836,20.626
20.726,20.726,0.21,0.066,20.836,20.626
20.744,20.744,0.18,0.054,20.815,20.635
20.74,20.74,0.198,0.061,20.816,20.618
20.724,20.724,0.22,0.059,20.838,20.618
20.712,20.712,0.224,0.072,20.838,20.614
20.688,20.688,0.217,0.071,20.831,20.614
20.691,20.692,0.235,0.074,20.822,20.587
20.697,20.697,0.236,0.081,20.823,20.587
20.704,20.704,0.243,0.076,20.823,20.58
20.697,20.697,0.224,0.068,20.804,20.58
20.681,20.681,0.221,0.057,20.804,20.583
20.69,20.69,0.192,0.063,20.773,20.581
20.706,20.706,0.211,0.069,20.792,20.581
20.705,20.705,0.201,0.063,20.792,20.591
20.695,20.695,0.191,0.062,20.788,20.597
20.696,20.696,0.186,0.066,20.783,20.597
20.701,20.701,0.199,0.06,20.778,20.579
20.688,20.689,0.224,0.067,20.786,20.562
20.681,20.681,0.224,0.058,20.786,20.562
20.692,20.692,0.198,0.056,20.765,20.567
20.674,20.674,0.199,0.068,20.765,20.566
20.642,20.642,0.233,0.063,20.766,20.533
20.635,20.635,0.233,0.062,20.766,20.533
20.654,20.654,0.197,0.057,20.733,20.536
20.67,20.67,0.178,0.055,20.733,20.555
20.65,20.65,0.172,0.054,20.735,20.563
20.653,20.653,0.187,0.051,20.735,20.548
20.647,20.647,0.202,0.063,20.75,20.548
20.621,20.621,0.218,0.062,20.75,20.532
20.635,20.635,0.21,0.067,20.736,20.526
20.668,20.669,0.218,0.065,20.744,20.526
20.653,20.653,0.196,0.06,20.744,20.548
20.639,20.64,0.196,0.056,20.705,20.509
20.648,20.648,0.195,0.053,20.704,20.509
20.654,20.654,0.152,0.045,20.703,20.551
20.647,20.647,0.202,0.056,20.703,20.501
20.61,20.61,0.196,0.058,20.697,20.501
20.587,20.587,0.183,0.051,20.671,20.488
20.587,20.587,0.212,0.061,20.698,20.486
20.594,20.594,0.237,0.069,20.698,20.461
20.606,20.607,0.222,0.062,20.683,20.461
20.583,20.583,0.201,0.062,20.683,20.482
20.577,20.577,0.184,0.053,20.666,20.482
20.617,20.617,0.096,0.03,20.671,20.575
20.611,20.611,0.2,0.047,20.671,20.471
20.614,20.614,0.224,0.053,20.695,20.471
20.61,20.61,0.195,0.051,20.695,20.5
20.603,20.603,0.215,0.062,20.713,20.498
20.618,20.618,0.215,0.057,20.713,20.498
20.625,20.625,0.136,0.038,20.692,20.556
20.632,20.632,0.132,0.042,20.692,20.56
20.639,20.639,0.154,0.048,20.719,20.565
20.632,20.632,0.167,0.049,20.719,20.552
20.612,20.612,0.245,0.066,20.7,20.455
20.614,20.614,0.263,0.069,20.718,20.455
20.635,20.635,0.173,0.051,20.718,20.545
20.629,20.629,0.2,0.06,20.709,20.509
20.602,20.602,0.2,0.069,20.699,20.499
20.619,20.619,0.198,0.068,20.697,20.499
20.652,20.652,0.164,0.043,20.704,20.54
20.648,20.648,0.205,0.043,20.737,20.532
20.649,20.649,0.205,0.045,20.737,20.532
20.616,20.616,0.205,0.061,20.716,20.511
20.605,20.606,0.211,0.063,20.699,20.488
20.62,20.62,0.227,0.06,20.708,20.481
20.622,20.622,0.241,0.061,20.722,20.481
20.637,20.637,0.193,0.048,20.722,20.529
20.628,20.628,0.146,0.038,20.719,20.573
20.618,20.618,0.251,0.061,20.719,20.468
20.616,20.616,0.253,0.07,20.721,20.468
20.614,20.614,0.256,0.066,20.721,20.465
20.631,20.631,0.248,0.065,20.713,20.465
20.632,20.632,0.193,0.058,20.713,20.52
20.61,20.611,0.173,0.051,20.684,20.511
20.617,20.617,0.23,0.057,20.709,20.479
20.624,20.624,0.23,0.053,20.709,20.479
20.608,20.608,0.241,0.058,20.718,20.477
20.613,20.613,0.241,0.068,20.718,20.477
20.634,20.634,0.18,0.054,20.702,20.522
20.604,20.604,0.212,0.066,20.691,20.479
20.591,20.591,0.198,0.069,20.677,20.479
20.603,20.603,0.183,0.056,20.677,20.494
20.595,20.595,0.237,0.063,20.697,20.46
20.584,20.585,0.237,0.067,20.697,20.46
20.594,20.594,0.201,0.051,20.683,20.482
20.602,20.602,0.217,0.058,20.683,20.466
20.603,20.603,0.245,0.072,20.711,20.466
20.61,20.61,0.225,0.057,20.711,20.486
20.603,20.603,0.2,0.05,20.698,20.498
20.609,20.609,0.187,0.056,20.685,20.498
20.614,20.614,0.2,0.059,20.705,20.505
20.627,20.627,0.212,0.069,20.717,20.505
20.647,20.647,0.204,0.053,20.717,20.513
20.622,20.623,0.214,0.052,20.706,20.492
20.628,20.628,0.246,0.067,20.738,20.492
20.646,20.646,0.231,0.067,20.738,20.507
20.628,20.628,0.23,0.074,20.734,20.504
20.652,20.652,0.244,0.07,20.748,20.504
20.661,20.661,0.235,0.058,20.748,20.513
20.658,20.659,0.26,0.069,20.773,20.513
20.657,20.657,0.287,0.074,20.773,20.486
20.643,20.643,0.286,0.074,20.772,20.486
20.661,20.661,0.249,0.073,20.772,20.523
20.66,20.66,0.233,0.069,20.756,20.523
20.635,20.636,0.261,0.075,20.756,20.495
20.634,20.634,0.269,0.082,20.764,20.495
20.642,20.642,0.224,0.076,20.764,20.54
20.646,20.646,0.231,0.069,20.76,20.529
20.652,20.652,0.243,0.074,20.763,20.52
20.673,20.673,0.26,0.078,20.77,20.51
20.676,20.676,0.26,0.069,20.77,20.51
20.655,20.655,0.225,0.072,20.76,20.535
20.667,20.667,0.223,0.075,20.765,20.542
20.68,20.68,0.238,0.065,20.765,20.527
20.667,20.667,0.227,0.063,20.754,20.527
20.642,20.642,0.203,0.066,20.735,20.532
20.672,20.672,0.244,0.071,20.776,20.532
20.695,20.696,0.215,0.064,20.783,20.568
20.668,20.668,0.227,0.076,20.783,20.556
20.644,20.644,0.276,0.076,20.832,20.556
20.654,20.654,0.286,0.077,20.832,20.546
20.687,20.687,0.253,0.073,20.798,20.545
20.69,20.69,0.264,0.074,20.798,20.534
20.677,20.677,0.258,0.072,20.792,20.534
20.67,20.671,0.246,0.076,20.792,20.546
20.682,20.682,0.255,0.077,20.801,20.546
20.69,20.691,0.242,0.073,20.801,20.559
20.703,20.703,0.216,0.069,20.798,20.582
20.718,20.718,0.222,0.064,20.82,20.598
20.699,20.699,0.226,0.071,20.821,20.595
20.704,20.704,0.232,0.077,20.827,20.595
20.7,20.7,0.244,0.074,20.827,20.583
20.683,20.683,0.226,0.068,20.796,20.57
20.723,20.723,0.247,0.074,20.817,20.57
20.743,20.743,0.244,0.061,20.841,20.597
20.725,20.725,0.245,0.066,20.841,20.596
20.697,20.698,0.23,0.073,20.8,20.57
20.706,20.706,0.245,0.073,20.815,20.57
20.695,20.695,0.242,0.074,20.815,20.573
20.673,20.673,0.224,0.067,20.797,20.573
20.688,20.688,0.231,0.076,20.799,20.568
20.691,20.691,0.285,0.088,20.84,20.555
20.694,20.694,0.285,0.076,20.84,20.555
20.723,20.723,0.243,0.074,20.857,20.614
20.759,20.759,0.241,0.068,20.857,20.616
20.742,20.742,0.238,0.071,20.85,20.612
20.714,20.714,0.22,0.071,20.817,20.597
20.712,20.713,0.233,0.067,20.83,20.597
20.715,20.715,0.204,0.067,20.83,20.626
20.741,20.741,0.224,0.07,20.85,20.626
20.755,20.755,0.224,0.067,20.85,20.626
20.756,20.756,0.235,0.069,20.861,20.626
20.758,20.758,0.229,0.074,20.861,20.632
20.742,20.742,0.223,0.077,20.852,20.629
20.737,20.737,0.226,0.068,20.837,20.611
20.746,20.746,0.25,0.06,20.861,20.611
20.764,20.764,0.227,0.061,20.861,20.634
20.767,20.767,0.235,0.065,20.852,20.617
20.757,20.757,0.246,0.074,20.863,20.617
20.735,20.735,0.236,0.082,20.863,20.627
20.741,20.741,0.216,0.076,20.846,20.63
20.78,20.78,0.185,0.052,20.834,20.649
20.766,20.766,0.244,0.069,20.876,20.632
20.756,20.756,0.244,0.076,20.876,20.632
20.762,20.762,0.202,0.065,20.868,20.666
20.741,20.742,0.236,0.069,20.862,20.626
20.755,20.755,0.257,0.082,20.883,20.626
20.763,20.763,0.256,0.083,20.883,20.627
20.759,20.759,0.261,0.077,20.888,20.627
20.768,20.768,0.296,0.082,20.898,20.602
20.751,20.752,0.298,0.092,20.9,20.602
20.755,20.756,0.283,0.087,20.909,20.626
20.797,20.797,0.264,0.082,20.909,20.645
20.789,20.789,0.285,0.091,20.915,20.63
20.773,20.773,0.285,0.077,20.915,20.63
20.78,20.78,0.187,0.059,20.862,20.675
20.781,20.781,0.206,0.065,20.881,20.675
20.779,20.779,0.212,0.064,20.881,20.669
20.803,20.803,0.244,0.072,20.913,20.669
20.818,20.818,0.248,0.076,20.913,20.665
20.812,20.812,0.242,0.075,20.907,20.665
20.82,20.82,0.225,0.071,20.903,20.678
20.807,20.808,0.215,0.07,20.893,20.678
20.819,20.819,0.219,0.062,20.917,20.698
20.803,20.803,0.229,0.072,20.917,20.688
20.787,20.787,0.221,0.067,20.884,20.663
20.813,20.813,0.252,0.067,20.915,20.663
20.818,20.818,0.2,0.07,20.915,20.715
20.831,20.831,0.222,0.07,20.937,20.715
20.84,20.841,0.216,0.061,20.937,20.721
20.832,20.832,0.19,0.056,20.897,20.707
20.829,20.829,0.188,0.052,20.895,20.707
20.802,20.802,0.212,0.064,20.909,20.697
20.818,20.818,0.212,0.075,20.909,20.697
20.839,20.839,0.223,0.069,20.935,20.712
20.825,20.825,0.223,0.071,20.935,20.712
20.826,20.826,0.198,0.055,20.922,20.724
20.808,20.808,0.21,0.062,20.918,20.708
20.811,20.811,0.231,0.076,20.939,20.708
20.841,20.841,0.225,0.064,20.939,20.714
20.841,20.841,0.217,0.066,20.93,20.713
20.823,20.823,0.26,0.086,20.933,20.673
20.826,20.826,0.26,0.079,20.933,20.673
20.82,20.821,0.238,0.062,20.924,20.686
20.81,20.81,0.238,0.074,20.925,20.687
20.798,20.798,0.238,0.075,20.925,20.687
20.813,20.813,0.24,0.07,20.925,20.685
20.849,20.849,0.252,0.061,20.937,20.685
20.846,20.846,0.239,0.064,20.941,20.702
20.814,20.814,0.239,0.071,20.941,20.702
20.819,20.82,0.215,0.075,20.927,20.712
20.844,20.844,0.216,0.074,20.927,20.711
20.824,20.824,0.242,0.075,20.936,20.694
20.821,20.821,0.259,0.077,20.953,20.694
20.854,20.854,0.246,0.071,20.953,20.707
20.87,20.87,0.196,0.062,20.956,20.76
20.826,20.826,0.242,0.074,20.956,20.714
20.81,20.811,0.279,0.076,20.993,20.714
20.832,20.832,0.283,0.078,20.993,20.71
20.831,20.831,0.242,0.068,20.952,20.71
20.828,20.829,0.228,0.066,20.952,20.724
20.839,20.839,0.245,0.075,20.969,20.724
20.857,20.857,0.233,0.077,20.969,20.736
20.851,20.851,0.215,0.076,20.958,20.743
20.84,20.84,0.221,0.073,20.958,20.737
20.872,20.872,0.245,0.074,20.982,20.737
20.897,20.897,0.209,0.066,20.982,20.773
20.851,20.851,0.22,0.071,20.954,20.734
20.848,20.848,0.217,0.062,20.951,20.734
20.848,20.848,0.222,0.069,20.982,20.76
20.85,20.85,0.222,0.078,20.982,20.76
20.882,20.882,0.208,0.066,20.97,20.762
20.894,20.894,0.206,0.062,20.962,20.756
20.891,20.891,0.213,0.065,20.969,20.756
20.87,20.87,0.208,0.073,20.969,20.761
20.866,20.866,0.227,0.073,20.988,20.761
20.858,20.858,0.224,0.056,20.988,20.764
20.865,20.865,0.241,0.061,21.001,20.76
20.894,20.895,0.263,0.075,21.002,20.739
20.907,20.907,0.271,0.071,21.01,20.739
20.894,20.894,0.229,0.069,21.01,20.781
20.879,20.879,0.219,0.074,20.971,20.752
20.875,20.876,0.232,0.077,20.984,20.752
20.887,20.888,0.211,0.069,20.984,20.773
20.906,20.906,0.197,0.06,20.989,20.792
20.9,20.9,0.232,0.079,20.991,20.759
20.895,20.895,0.232,0.075,20.991,20.759
20.898,20.898,0.242,0.065,20.998,20.756
20.907,20.907,0.253,0.076,20.998,20.745
20.932,20.932,0.259,0.063,21.004,20.745
20.908,20.908,0.21,0.067,21.004,20.794
20.912,20.912,0.246,0.076,21.039,20.793
20.946,20.946,0.246,0.064,21.039,20.793
20.951,20.951,0.196,0.059,21.039,20.843
20.928,20.928,0.247,0.08,21.046,20.799
20.912,20.912,0.256,0.081,21.046,20.79
20.918,20.918,0.271,0.078,21.047,20.776
20.925,20.925,0.271,0.069,21.047,20.776
20.94,20.94,0.218,0.059,21.035,20.817
20.946,20.946,0.227,0.063,21.044,20.817
20.951,20.951,0.221,0.062,21.057,20.836
20.966,20.966,0.219,0.062,21.057,20.838
20.958,20.959,0.214,0.055,21.055,20.841
20.946,20.946,0.21,0.061,21.051,20.841
20.96,20.96,0.213,0.062,21.062,20.849
20.971,20.971,0.206,0.05,21.079,20.873
20.968,20.968,0.246,0.058,21.079,20.833
20.955,20.955,0.241,0.057,21.074,20.833
20.95,20.95,0.186,0.054,21.054,20.868
20.95,20.951,0.196,0.062,21.054,20.858
20.951,20.951,0.204,0.059,21.062,20.858
20.957,20.957,0.215,0.064,21.08,20.865
20.956,20.956,0.219,0.06,21.08,20.861
20.963,20.963,0.196,0.055,21.057,20.861
20.962,20.962,0.211,0.067,21.057,20.846
20.948,20.948,0.208,0.059,21.054,20.846
20.948,20.948,0.204,0.048,21.072,20.868
20.951,20.951,0.207,0.05,21.072,20.865
20.942,20.942,0.195,0.061,21.042,20.847
20.925,20.926,0.185,0.05,21.032,20.847
20.944,20.944,0.173,0.051,21.039,20.866
20.983,20.983,0.185,0.055,21.051,20.866
20.978,20.978,0.19,0.051,21.051,20.861
20.955,20.955,0.19,0.051,21.051,20.861
20.98,20.981,0.218,0.056,21.083,20.865
21.005,21.006,0.187,0.052,21.083,20.896
21.003,21.003,0.181,0.054,21.077,20.896
20.993,20.993,0.182,0.054,21.077,20.895
20.978,20.978,0.184,0.052,21.074,20.89
20.988,20.988,0.19,0.053,21.08,20.89
21.007,21.007,0.179,0.053,21.08,20.901
21.027,21.027,0.195,0.056,21.096,20.901
21.018,21.019,0.187,0.054,21.096,20.909
20.989,20.989,0.222,0.055,21.117,20.895
20.998,20.998,0.222,0.064,21.117,20.895
21.01,21.011,0.22,0.066,21.106,20.886
21.002,21.002,0.22,0.06,21.106,20.886
20.995,20.995,0.195,0.05,21.107,20.912
21.025,21.025,0.21,0.06,21.122,20.912
21.034,21.034,0.204,0.054,21.122,20.918
21.009,21.009,0.212,0.063,21.092,20.88
21.018,21.018,0.238,0.064,21.118,20.88
21.024,21.024,0.225,0.053,21.136,20.911
21.022,21.022,0.225,0.054,21.136,20.911
21.031,21.031,0.195,0.056,21.128,20.933
21.047,21.047,0.204,0.059,21.137,20.933
21.04,21.04,0.186,0.053,21.137,20.951
21.046,21.046,0.234,0.063,21.17,20.936
21.068,21.068,0.234,0.061,21.17,20.936
21.063,21.063,0.173,0.05,21.147,20.974
21.076,21.076,0.17,0.051,21.144,20.974
21.086,21.086,0.256,0.057,21.203,20.947
21.057,21.057,0.256,0.066,21.203,20.947
21.064,21.064,0.201,0.054,21.151,20.95
21.082,21.082,0.148,0.037,21.151,21.003
21.069,21.069,0.209,0.055,21.159,20.95
21.069,21.069,0.209,0.061,21.159,20.95
21.076,21.076,0.168,0.046,21.154,20.986
21.082,21.082,0.183,0.051,21.151,20.968
21.102,21.102,0.202,0.057,21.17,20.968
21.112,21.112,0.143,0.045,21.185,21.042
21.104,21.104,0.143,0.041,21.185,21.042
21.104,21.104,0.194,0.048,21.186,20.992
21.078,21.078,0.214,0.057,21.186,20.972
21.067,21.067,0.215,0.053,21.187,20.972
21.083,21.083,0.273,0.063,21.242,20.969
21.097,21.097,0.273,0.066,21.242,20.969
21.118,21.118,0.209,0.053,21.187,20.978
21.114,21.114,0.161,0.05,21.183,21.022
21.106,21.106,0.237,0.063,21.216,20.979
21.108,21.108,0.237,0.063,21.216,20.979
21.094,21.094,0.181,0.048,21.189,21.008
21.082,21.082,0.231,0.055,21.206,20.975
21.111,21.112,0.231,0.068,21.206,20.975
21.124,21.124,0.234,0.069,21.239,21.005
21.103,21.103,0.243,0.076,21.239,20.996
21.101,21.101,0.207,0.071,21.203,20.996
21.12,21.12,0.203,0.058,21.209,21.006
21.122,21.122,0.183,0.056,21.211,21.028
21.117,21.117,0.183,0.058,21.211,21.028
21.137,21.137,0.233,0.06,21.243,21.01
21.112,21.112,0.242,0.076,21.243,21.001
21.091,21.091,0.218,0.065,21.219,21.001
21.107,21.108,0.192,0.061,21.194,21.002
21.134,21.134,0.223,0.061,21.233,21.01
21.128,21.128,0.227,0.057,21.233,21.006
21.094,21.094,0.187,0.056,21.184,20.997
21.117,21.117,0.204,0.069,21.201,20.997
21.139,21.139,0.196,0.058,21.203,21.007
21.142,21.142,0.193,0.05,21.235,21.042
21.14,21.14,0.228,0.057,21.235,21.007
21.134,21.134,0.243,0.064,21.239,20.996
21.139,21.139,0.243,0.06,21.239,20.996
21.129,21.129,0.196,0.055,21.217,21.021
21.132,21.132,0.167,0.047,21.217,21.05
21.146,21.146,0.21,0.051,21.239,21.029
21.134,21.134,0.21,0.057,21.239,21.029
21.121,21.121,0.187,0.049,21.213,21.026
21.123,21.123,0.192,0.052,21.213,21.021
21.117,21.117,0.173,0.052,21.194,21.021
21.117,21.117,0.192,0.057,21.188,20.996
21.114,21.114,0.19,0.06,21.186,20.996
21.101,21.102,0.231,0.065,21.216,20.985
21.125,21.125,0.231,0.067,21.216,20.985
21.146,21.146,0.127,0.04,21.197,21.07
21.139,21.139,0.173,0.046,21.194,21.021
21.129,21.129,0.189,0.058,21.203,21.014
21.12,21.12,0.203,0.057,21.203,21.0
21.112,21.113,0.192,0.051,21.192,21.0
21.107,21.107,0.2,0.054,21.197,20.997
21.086,21.086,0.2,0.059,21.197,20.997
21.083,21.084,0.17,0.049,21.167,20.997
21.103,21.103,0.169,0.052,21.168,20.999
21.089,21.089,0.169,0.056,21.168,20.999
21.096,21.096,0.21,0.059,21.19,20.98
21.086,21.086,0.21,0.068,21.19,20.98
21.058,21.058,0.223,0.061,21.182,20.959
21.065,21.065,0.198,0.061,21.157,20.959
21.08,21.08,0.225,0.07,21.188,20.963
21.093,21.093,0.225,0.067,21.188,20.963
21.097,21.097,0.188,0.053,21.176,20.988
21.108,21.108,0.158,0.044,21.164,21.006
21.087,21.087,0.199,0.06,21.156,20.957
21.06,21.06,0.199,0.063,21.156,20.957
21.084,21.085,0.204,0.071,21.177,20.973
21.1,21.101,0.209,0.068,21.182,20.973
21.087,21.087,0.216,0.058,21.182,20.966
21.095,21.095,0.181,0.055,21.147,20.966
21.112,21.112,0.195,0.046,21.164,20.969
21.108,21.108,0.185,0.048,21.164,20.979
21.085,21.085,0.189,0.056,21.161,20.972
21.103,21.103,0.191,0.056,21.163,20.972
21.128,21.128,0.123,0.036,21.163,21.04
21.115,21.115,0.187,0.045,21.15,20.963
21.087,21.087,0.197,0.071,21.16,20.963
21.071,21.071,0.208,0.078,21.164,20.956
21.091,21.091,0.221,0.074,21.177,20.956
21.088,21.088,0.221,0.073,21.177,20.956
21.083,21.083,0.2,0.07,21.156,20.956
21.107,21.107,0.195,0.06,21.16,20.965
21.118,21.118,0.123,0.04,21.16,21.037
21.114,21.114,0.203,0.046,21.165,20.962
21.106,21.106,0.203,0.056,21.165,20.962
21.094,21.094,0.208,0.064,21.158,20.95
21.076,21.076,0.201,0.076,21.151,20.95
21.074,21.074,0.206,0.069,21.153,20.947
21.07,21.07,0.217,0.066,21.153,20.936
21.081,21.081,0.217,0.063,21.153,20.936
21.092,21.092,0.176,0.049,21.153,20.977
21.087,21.087,0.168,0.048,21.145,20.977
21.101,21.101,0.174,0.047,21.19,21.016
21.104,21.104,0.241,0.057,21.204,20.963
21.094,21.094,0.245,0.067,21.204,20.959
21.092,21.092,0.209,0.059,21.168,20.959
21.1,21.1,0.213,0.056,21.176,20.963
21.086,21.086,0.214,0.063,21.177,20.963
21.086,21.086,0.242,0.061,21.212,20.97
21.101,21.102,0.242,0.054,21.212,20.97
21.107,21.107,0.176,0.042,21.17,20.994
21.088,21.088,0.206,0.057,21.17,20.964
21.079,21.08,0.21,0.067,21.174,20.964
21.077,21.077,0.217,0.065,21.174,20.957
21.066,21.066,0.2,0.063,21.157,20.957
21.083,21.083,0.182,0.06,21.157,20.975
21.102,21.102,0.163,0.042,21.154,20.991
21.106,21.106,0.167,0.044,21.155,20.988
21.101,21.101,0.174,0.056,21.155,20.981
21.098,21.099,0.187,0.054,21.168,20.981
21.091,21.091,0.215,0.063,21.182,20.967
21.088,21.089,0.22,0.071,21.187,20.967
21.119,21.119,0.241,0.077,21.232,20.991
21.149,21.149,0.221,0.068,21.232,21.011
21.146,21.146,0.217,0.064,21.231,21.014
21.148,21.148,0.193,0.06,21.207,21.014
21.134,21.134,0.181,0.059,21.207,21.026
21.118,21.119,0.195,0.058,21.202,21.007
21.137,21.137,0.197,0.055,21.202,21.005
21.149,21.149,0.196,0.045,21.201,21.005
21.134,21.134,0.175,0.047,21.213,21.038
21.12,21.12,0.232,0.062,21.221,20.989
21.124,21.124,0.232,0.057,21.221,20.989
21.133,21.133,0.24,0.068,21.223,20.983
21.143,21.143,0.244,0.07,21.227,20.983
21.125,21.125,0.21,0.06,21.227,21.017
21.118,21.118,0.199,0.061,21.216,21.017
21.132,21.132,0.19,0.05,21.211,21.021
21.138,21.138,0.18,0.05,21.211,21.031
21.154,21.154,0.196,0.055,21.227,21.031
21.144,21.144,0.216,0.06,21.227,21.011
21.151,21.151,0.207,0.064,21.218,21.011
21.139,21.139,0.219,0.078,21.226,21.007
21.118,21.118,0.219,0.079,21.226,21.007
21.141,21.141,0.242,0.075,21.254,21.012
21.145,21.145,0.235,0.073,21.254,21.019
21.137,21.138,0.197,0.066,21.227,21.03
21.151,21.151,0.2,0.064,21.236,21.036
21.147,21.147,0.226,0.074,21.236,21.01
21.128,21.128,0.227,0.069,21.237,21.01
21.136,21.136,0.222,0.06,21.237,21.015
21.131,21.131,0.204,0.071,21.208,21.004
21.128,21.128,0.202,0.063,21.206,21.004
21.132,21.132,0.2,0.055,21.209,21.009
21.134,21.134,0.236,0.069,21.245,21.009
21.156,21.156,0.235,0.072,21.248,21.013
21.165,21.165,0.199,0.056,21.248,21.049
21.143,21.143,0.181,0.053,21.239,21.058
21.15,21.15,0.211,0.066,21.263,21.052
21.144,21.144,0.211,0.064,21.263,21.052
21.146,21.146,0.204,0.059,21.242,21.038
21.159,21.16,0.248,0.069,21.242,20.994
21.129,21.129,0.252,0.075,21.246,20.994
21.125,21.125,0.239,0.063,21.246,21.007
21.145,21.145,0.231,0.061,21.27,21.039
21.136,21.136,0.234,0.069,21.27,21.036
21.125,21.125,0.221,0.066,21.243,21.022
21.137,21.137,0.221,0.07,21.243,21.022
21.132,21.132,0.2,0.064,21.227,21.027
21.126,21.126,0.19,0.058,21.216,21.026
21.112,21.112,0.199,0.066,21.21,21.011
21.097,21.097,0.199,0.061,21.21,21.011
21.102,21.102,0.228,0.065,21.215,20.987
21.119,21.119,0.228,0.061,21.215,20.987
21.134,21.134,0.21,0.052,21.218,21.008
21.123,21.123,0.21,0.059,21.218,21.008
21.119,21.119,0.203,0.059,21.2,20.997
21.122,21.122,0.221,0.065,21.218,20.997
21.114,21.114,0.23,0.068,21.218,20.988
21.11,21.11,0.21,0.069,21.198,20.988
21.116,21.117,0.209,0.073,21.199,20.99
21.095,21.095,0.218,0.076,21.199,20.981
21.075,21.075,0.188,0.059,21.169,20.981
21.13,21.13,0.241,0.074,21.257,21.016
21.163,21.163,0.202,0.062,21.257,21.055
21.127,21.128,0.205,0.066,21.248,21.043
21.127,21.127,0.217,0.073,21.243,21.026
21.133,21.133,0.217,0.07,21.241,21.024
21.12,21.12,0.204,0.059,21.224,21.02
21.129,21.129,0.224,0.06,21.221,20.997
21.125,21.125,0.224,0.059,21.221,20.997
21.125,21.125,0.258,0.061,21.252,20.994
21.146,21.146,0.258,0.057,21.252,20.994
21.128,21.128,0.246,0.059,21.22,20.974
21.103,21.104,0.248,0.068,21.215,20.967
21.124,21.124,0.248,0.064,21.215,20.967
21.134,21.134,0.231,0.061,21.226,20.995
21.112,21.112,0.231,0.066,21.226,20.995
21.116,21.116,0.195,0.053,21.229,21.034
21.112,21.112,0.232,0.059,21.229,20.997
21.094,21.094,0.213,0.063,21.21,20.997
21.111,21.111,0.224,0.068,21.226,21.002
21.104,21.104,0.231,0.065,21.226,20.995
21.095,21.095,0.196,0.05,21.191,20.995
21.109,21.109,0.224,0.055,21.203,20.979
21.086,21.086,0.224,0.065,21.203,20.979
21.082,21.082,0.189,0.053,21.18,20.991
21.1,21.1,0.165,0.047,21.18,21.015
21.1,21.1,0.182,0.053,21.199,21.017
21.104,21.104,0.223,0.065,21.208,20.985
21.112,21.112,0.223,0.073,21.208,20.985
21.095,21.095,0.233,0.079,21.202,20.969
21.084,21.084,0.23,0.074,21.199,20.969
21.101,21.102,0.223,0.07,21.199,20.976
21.108,21.109,0.221,0.066,21.197,20.976
21.107,21.107,0.196,0.049,21.197,21.001
21.083,21.083,0.207,0.053,21.173,20.966
21.073,21.073,0.227,0.06,21.193,20.966
21.07,21.07,0.214,0.064,21.193,20.979
21.095,21.095,0.221,0.072,21.2,20.979
21.106,21.106,0.23,0.068,21.2,20.97
21.114,21.114,0.258,0.076,21.228,20.97
21.122,21.122,0.225,0.07,21.228,21.003
21.131,21.131,0.186,0.065,21.219,21.033
21.16,21.16,0.193,0.055,21.233,21.04
21.123,21.124,0.228,0.069,21.233,21.005
21.087,21.087,0.244,0.061,21.205,20.961
21.102,21.102,0.274,0.077,21.235,20.961
21.106,21.106,0.285,0.08,21.235,20.95
21.11,21.11,0.261,0.071,21.211,20.95
21.14,21.14,0.176,0.058,21.213,21.037
21.121,21.121,0.21,0.059,21.213,21.003
21.127,21.127,0.216,0.058,21.219,21.003
21.137,21.137,0.244,0.068,21.225,20.981
21.106,21.106,0.244,0.078,21.225,20.981
21.098,21.098,0.233,0.071,21.218,20.985
21.101,21.101,0.249,0.074,21.218,20.969
21.092,21.092,0.242,0.068,21.211,20.969
21.086,21.087,0.24,0.066,21.198,20.958
21.097,21.097,0.267,0.068,21.225,20.958
21.086,21.086,0.285,0.067,21.225,20.94
21.065,21.065,0.249,0.068,21.189,20.94
21.067,21.067,0.224,0.064,21.196,20.972
21.09,21.09,0.196,0.06,21.198,21.002
21.082,21.083,0.245,0.061,21.198,20.953
21.042,21.042,0.196,0.057,21.149,20.953
21.045,21.045,0.243,0.064,21.201,20.958
21.067,21.067,0.241,0.069,21.201,20.96
21.046,21.046,0.217,0.075,21.166,20.949
21.048,21.048,0.238,0.075,21.187,20.949
21.069,21.069,0.214,0.065,21.187,20.973
21.07,21.071,0.214,0.072,21.176,20.962
21.078,21.078,0.225,0.071,21.187,20.962
21.104,21.104,0.183,0.061,21.195,21.012
21.12,21.12,0.176,0.056,21.195,21.019
21.085,21.085,0.188,0.059,21.19,21.002
21.069,21.069,0.216,0.062,21.207,20.991
21.082,21.082,0.216,0.066,21.207,20.991
21.075,21.075,0.228,0.068,21.197,20.969
21.085,21.085,0.251,0.082,21.22,20.969
21.073,21.073,0.28,0.087,21.22,20.94
21.065,21.065,0.274,0.07,21.214,20.94
21.071,21.071,0.205,0.056,21.18,20.975
21.06,21.06,0.228,0.066,21.18,20.952
21.076,21.076,0.217,0.062,21.169,20.952
21.059,21.059,0.218,0.068,21.169,20.951
21.041,21.041,0.209,0.062,21.16,20.951
21.042,21.042,0.179,0.055,21.13,20.951
21.044,21.045,0.226,0.06,21.177,20.951
21.04,21.04,0.221,0.052,21.177,20.956
21.037,21.037,0.155,0.042,21.133,20.978
21.063,21.063,0.197,0.049,21.137,20.94
21.08,21.08,0.207,0.049,21.147,20.94
21.085,21.085,0.161,0.035,21.162,21.001
21.09,21.09,0.186,0.046,21.193,21.007
21.083,21.083,0.186,0.048,21.193,21.007
21.057,21.057,0.153,0.036,21.13,20.977
21.047,21.047,0.194,0.047,21.171,20.977
21.056,21.056,0.184,0.047,21.171,20.987
21.063,21.063,0.148,0.04,21.139,20.991
21.06,21.06,0.147,0.041,21.138,20.991
21.065,21.065,0.143,0.043,21.153,21.01
21.069,21.069,0.143,0.042,21.153,21.01
21.045,21.045,0.121,0.033,21.124,21.003
21.043,21.044,0.182,0.047,21.159,20.977
21.054,21.054,0.182,0.052,21.159,20.977
21.038,21.038,0.161,0.035,21.147,20.986
21.044,21.044,0.143,0.036,21.129,20.986
21.066,21.066,0.159,0.046,21.14,20.981
21.059,21.059,0.174,0.057,21.14,20.966
21.045,21.045,0.172,0.052,21.135,20.963
21.049,21.049,0.207,0.049,21.17,20.963
21.044,21.044,0.201,0.048,21.17,20.969
21.034,21.034,0.162,0.042,21.131,20.969
21.039,21.039,0.151,0.042,21.132,20.981
21.022,21.022,0.197,0.047,21.132,20.935
21.013,21.013,0.182,0.043,21.117,20.935
21.044,21.044,0.161,0.049,21.138,20.977
21.032,21.032,0.196,0.057,21.138,20.942
21.025,21.025,0.179,0.05,21.121,20.942
21.029,21.029,0.157,0.046,21.121,20.964
21.018,21.018,0.156,0.045,21.114,20.958
21.014,21.014,0.168,0.048,21.105,20.937
21.008,21.008,0.133,0.043,21.07,20.937
21.004,21.005,0.172,0.046,21.101,20.929
21.0,21.0,0.172,0.045,21.101,20.929
21.009,21.009,0.204,0.056,21.116,20.912
21.023,21.023,0.204,0.058,21.116,20.912
21.02,21.02,0.161,0.048,21.104,20.943
21.012,21.012,0.186,0.052,21.097,20.911
20.991,20.991,0.222,0.06,21.105,20.883
20.977,20.977,0.222,0.053,21.105,20.883
20.98,20.98,0.182,0.054,21.072,20.89
20.975,20.976,0.178,0.049,21.068,20.89
20.979,20.979,0.208,0.048,21.058,20.85
20.961,20.961,0.18,0.052,21.03,20.85
20.962,20.962,0.18,0.052,21.051,20.871
20.974,20.974,0.18,0.053,21.051,20.871
20.963,20.963,0.178,0.052,21.04,20.862
20.964,20.964,0.183,0.054,21.045,20.862
20.959,20.959,0.181,0.058,21.045,20.864
20.958,20.958,0.18,0.059,21.044,20.864
20.97,20.97,0.193,0.056,21.064,20.871
20.974,20.974,0.198,0.06,21.069,20.871
20.998,20.998,0.183,0.053,21.069,20.886
21.008,21.008,0.153,0.043,21.067,20.914
20.999,20.999,0.166,0.05,21.065,20.899
21.001,21.001,0.16,0.045,21.059,20.899
20.995,20.995,0.128,0.039,21.059,20.931
20.988,20.988,0.156,0.045,21.056,20.9
20.97,20.97,0.183,0.066,21.056,20.873
20.963,20.963,0.177,0.062,21.05,20.873
20.971,20.971,0.193,0.049,21.05,20.857
20.961,20.961,0.207,0.062,21.039,20.832
20.935,20.935,0.186,0.068,21.018,20.832
20.939,20.939,0.196,0.064,21.032,20.836
20.945,20.945,0.165,0.052,21.032,20.867
20.943,20.943,0.151,0.042,21.021,20.87
20.958,20.958,0.112,0.034,21.011,20.899
20.959,20.959,0.15,0.034,21.011,20.861
20.949,20.949,0.147,0.042,21.008,20.861
20.957,20.957,0.192,0.05,21.059,20.867
20.967,20.967,0.171,0.044,21.059,20.888
20.975,20.975,0.16,0.051,21.052,20.892
20.987,20.987,0.187,0.055,21.079,20.892
20.977,20.977,0.23,0.054,21.079,20.849
20.977,20.977,0.203,0.053,21.052,20.849
20.969,20.969,0.195,0.056,21.052,20.857
20.946,20.946,0.195,0.057,21.052,20.857
20.946,20.946,0.162,0.055,21.033,20.871
20.945,20.945,0.167,0.052,21.019,20.852
20.944,20.944,0.223,0.057,21.075,20.852
20.956,20.956,0.213,0.054,21.075,20.862
20.963,20.963,0.199,0.057,21.06,20.861
20.943,20.943,0.199,0.062,21.06,20.861
20.941,20.941,0.168,0.046,21.038,20.87
20.954,20.955,0.2,0.053,21.038,20.838
20.953,20.953,0.224,0.067,21.058,20.834
20.972,20.972,0.224,0.069,21.058,20.834
20.994,20.994,0.213,0.064,21.062,20.849
20.982,20.982,0.229,0.066,21.078,20.849
20.961,20.961,0.206,0.055,21.078,20.872
20.963,20.963,0.163,0.044,21.037,20.874
20.969,20.969,0.24,0.066,21.089,20.849
20.983,20.984,0.253,0.08,21.089,20.836
20.977,20.978,0.239,0.071,21.075,20.836
20.981,20.981,0.239,0.067,21.083,20.844
21.01,21.01,0.234,0.061,21.083,20.849
20.986,20.986,0.234,0.076,21.083,20.849
20.973,20.973,0.229,0.071,21.083,20.854
20.951,20.951,0.187,0.063,21.056,20.869
20.933,20.933,0.201,0.065,21.046,20.845
20.932,20.932,0.201,0.068,21.046,20.845
20.925,20.925,0.239,0.067,21.079,20.84
20.921,20.921,0.239,0.06,21.079,20.84
20.946,20.946,0.182,0.059,21.045,20.863
20.989,20.989,0.171,0.054,21.046,20.875
20.963,20.963,0.191,0.057,21.046,20.855
20.956,20.957,0.197,0.059,21.048,20.851
20.968,20.968,0.243,0.073,21.091,20.848
20.978,20.978,0.243,0.071,21.091,20.848
21.003,21.003,0.184,0.057,21.09,20.906
21.004,21.005,0.183,0.063,21.089,20.906
20.996,20.997,0.198,0.062,21.086,20.888
21.002,21.002,0.194,0.061,21.082,20.888
20.995,20.995,0.203,0.064,21.106,20.903
20.983,20.983,0.211,0.066,21.106,20.895
20.988,20.988,0.2,0.071,21.083,20.883
20.97,20.971,0.202,0.068,21.071,20.869
20.942,20.942,0.208,0.062,21.064,20.856
20.954,20.954,0.214,0.07,21.069,20.855
20.973,20.973,0.215,0.07,21.069,20.854
20.982,20.982,0.22,0.075,21.074,20.854
20.983,20.983,0.209,0.073,21.091,20.882
20.969,20.97,0.229,0.07,21.108,20.879
20.972,20.972,0.23,0.062,21.108,20.878
20.967,20.967,0.229,0.058,21.101,20.872
20.968,20.968,0.229,0.062,21.101,20.872
20.973,20.973,0.188,0.05,21.072,20.884
20.986,20.986,0.218,0.057,21.107,20.889
20.992,20.992,0.238,0.065,21.107,20.869
20.99,20.99,0.251,0.066,21.12,20.869
21.009,21.009,0.222,0.064,21.12,20.898
21.016,21.016,0.213,0.066,21.116,20.903
21.012,21.012,0.213,0.072,21.116,20.903
21.012,21.012,0.205,0.062,21.115,20.91
21.016,21.016,0.166,0.055,21.081,20.915
21.014,21.014,0.193,0.061,21.086,20.893
21.002,21.002,0.193,0.065,21.086,20.893
20.982,20.982,0.212,0.064,21.084,20.872
20.993,20.993,0.216,0.064,21.088,20.872
21.016,21.016,0.199,0.063,21.095,20.896
21.003,21.003,0.199,0.065,21.095,20.896
20.996,20.996,0.188,0.063,21.079,20.891
20.989,20.989,0.189,0.063,21.08,20.891
21.0,21.0,0.204,0.064,21.118,20.914
21.005,21.005,0.199,0.059,21.118,20.919
21.015,21.015,0.195,0.061,21.114,20.919
21.013,21.013,0.22,0.071,21.116,20.896
21.001,21.001,0.22,0.064,21.116,20.896
21.043,21.043,0.233,0.062,21.138,20.905
21.037,21.037,0.26,0.067,21.138,20.878
21.001,21.002,0.28,0.067,21.148,20.868
21.018,21.018,0.28,0.076,21.148,20.868
21.009,21.009,0.239,0.073,21.113,20.874
21.018,21.018,0.243,0.069,21.117,20.874
21.042,21.043,0.186,0.057,21.126,20.94
21.025,21.025,0.204,0.057,21.126,20.922
21.017,21.017,0.225,0.065,21.123,20.898
21.024,21.025,0.225,0.057,21.123,20.898
21.031,21.031,0.165,0.052,21.104,20.939
21.022,21.022,0.185,0.065,21.104,20.919
21.005,21.006,0.192,0.058,21.104,20.912
21.016,21.017,0.178,0.052,21.09,20.912
21.024,21.024,0.158,0.049,21.094,20.936
21.002,21.002,0.2,0.053,21.094,20.894
20.976,20.976,0.159,0.06,21.051,20.892
20.978,20.978,0.184,0.062,21.074,20.89
20.981,20.981,0.187,0.061,21.074,20.887
20.962,20.963,0.213,0.062,21.064,20.851
20.966,20.967,0.219,0.067,21.052,20.833
20.971,20.972,0.219,0.071,21.052,20.833
20.961,20.961,0.211,0.067,21.052,20.841
20.938,20.938,0.178,0.067,21.023,20.845
20.948,20.948,0.226,0.072,21.069,20.843
20.965,20.965,0.226,0.063,21.069,20.843
20.952,20.952,0.197,0.067,21.029,20.832
20.96,20.96,0.206,0.072,21.038,20.832
20.965,20.965,0.237,0.075,21.072,20.835
20.947,20.947,0.236,0.077,21.072,20.836
20.941,20.941,0.201,0.066,21.038,20.837
20.954,20.954,0.183,0.053,21.022,20.839
20.943,20.943,0.201,0.069,21.018,20.817
20.933,20.934,0.199,0.072,21.016,20.817
20.932,20.933,0.217,0.072,21.013,20.796
20.936,20.936,0.23,0.073,21.026,20.796
20.941,20.941,0.216,0.064,21.026,20.81
20.931,20.931,0.216,0.066,21.026,20.81
20.929,20.929,0.225,0.07,21.026,20.801
20.936,20.936,0.228,0.072,21.029,20.801
20.945,20.945,0.189,0.065,21.031,20.842
20.941,20.941,0.218,0.064,21.036,20.818
20.909,20.909,0.247,0.069,21.036,20.789
20.912,20.912,0.228,0.064,21.017,20.789
20.911,20.911,0.247,0.071,21.017,20.77
20.903,20.904,0.23,0.066,21.0,20.77
20.92,20.92,0.158,0.045,20.99,20.832
20.919,20.919,0.154,0.044,20.986,20.832
20.936,20.936,0.217,0.052,21.005,20.788
20.913,20.913,0.223,0.069,21.008,20.785
20.904,20.904,0.223,0.076,21.008,20.785
20.925,20.925,0.207,0.075,21.002,20.795
20.919,20.919,0.19,0.06,21.002,20.812
20.912,20.913,0.194,0.059,21.008,20.814
20.914,20.914,0.194,0.061,21.008,20.814
20.912,20.912,0.228,0.069,21.019,20.791
20.906,20.906,0.254,0.077,21.019,20.765
20.897,20.897,0.234,0.073,20.999,20.765
20.905,20.905,0.24,0.077,21.019,20.779
20.906,20.906,0.24,0.072,21.019,20.779
20.914,20.914,0.182,0.057,20.99,20.808
20.934,20.934,0.221,0.051,21.004,20.783
20.92,20.921,0.236,0.071,21.017,20.781
20.906,20.906,0.236,0.072,21.017,20.781
20.913,20.913,0.254,0.067,21.036,20.782
20.906,20.906,0.281,0.074,21.036,20.755
20.885,20.885,0.25,0.069,21.005,20.755
20.896,20.896,0.238,0.066,21.008,20.77
20.889,20.889,0.248,0.063,21.008,20.76
20.898,20.898,0.239,0.064,20.999,20.76
20.908,20.908,0.212,0.06,20.999,20.787
20.887,20.888,0.218,0.057,20.977,20.759
20.877,20.877,0.2,0.057,20.959,20.759
20.853,20.854,0.217,0.066,20.959,20.742
20.863,20.863,0.237,0.068,20.979,20.742
20.869,20.869,0.234,0.06,20.979,20.745
20.851,20.851,0.249,0.066,20.963,20.714
20.839,20.839,0.249,0.064,20.963,20.714
20.827,20.827,0.202,0.055,20.952,20.75
20.842,20.842,0.219,0.062,20.952,20.733
20.841,20.841,0.276,0.076,20.978,20.702
20.828,20.828,0.276,0.081,20.978,20.702
20.841,20.842,0.24,0.07,20.971,20.731
20.849,20.85,0.206,0.068,20.917,20.711
20.833,20.833,0.216,0.077,20.922,20.706
20.823,20.824,0.239,0.074,20.922,20.683
20.842,20.842,0.249,0.059,20.932,20.683
20.851,20.852,0.211,0.053,20.932,20.721
20.837,20.837,0.21,0.059,20.931,20.721
20.806,20.806,0.234,0.075,20.9,20.666
20.801,20.801,0.252,0.092,20.918,20.666
20.826,20.826,0.222,0.083,20.918,20.696
20.825,20.825,0.217,0.067,20.928,20.711
20.825,20.825,0.235,0.065,20.928,20.693
20.824,20.824,0.226,0.062,20.919,20.693
20.821,20.821,0.223,0.063,20.919,20.696
20.812,20.812,0.223,0.063,20.919,20.696
20.798,20.798,0.217,0.066,20.892,20.675
20.803,20.803,0.23,0.075,20.905,20.675
20.832,20.832,0.237,0.071,20.927,20.69
20.804,20.804,0.224,0.078,20.927,20.703
20.791,20.791,0.212,0.069,20.918,20.706
20.799,20.799,0.219,0.067,20.915,20.696
20.783,20.783,0.251,0.076,20.919,20.668
20.786,20.786,0.262,0.084,20.919,20.657
20.776,20.776,0.236,0.077,20.893,20.657
20.805,20.805,0.264,0.084,20.943,20.679
20.83,20.83,0.26,0.069,20.943,20.683
20.802,20.802,0.212,0.061,20.895,20.683
20.794,20.794,0.177,0.055,20.86,20.683
20.79,20.79,0.141,0.046,20.855,20.714
20.785,20.785,0.227,0.064,20.898,20.671
20.822,20.822,0.264,0.069,20.935,20.671
20.827,20.827,0.246,0.074,20.935,20.689
20.789,20.79,0.247,0.086,20.923,20.676
20.791,20.791,0.208,0.068,20.884,20.676
20.816,20.816,0.193,0.06,20.894,20.701
20.821,20.821,0.203,0.064,20.894,20.691
20.797,20.797,0.215,0.067,20.905,20.69
20.767,20.767,0.245,0.062,20.905,20.66
20.793,20.793,0.242,0.069,20.902,20.66
20.82,20.82,0.23,0.064,20.907,20.677
20.816,20.816,0.255,0.061,20.932,20.677
20.79,20.79,0.253,0.075,20.937,20.684
20.786,20.787,0.253,0.081,20.937,20.684
20.803,20.803,0.219,0.064,20.908,20.689
20.785,20.785,0.171,0.053,20.873,20.702
20.787,20.787,0.21,0.069,20.904,20.694
20.793,20.793,0.232,0.073,20.904,20.672
20.783,20.783,0.208,0.064,20.88,20.672
20.773,20.773,0.213,0.073,20.885,20.672
20.778,20.778,0.213,0.074,20.885,20.672
20.78,20.78,0.211,0.067,20.882,20.671
20.778,20.778,0.216,0.079,20.886,20.67
20.793,20.794,0.217,0.08,20.887,20.67
20.778,20.778,0.216,0.077,20.887,20.671
20.751,20.751,0.209,0.067,20.88,20.671
20.776,20.776,0.191,0.06,20.868,20.677
20.81,20.81,0.195,0.06,20.89,20.695
20.816,20.816,0.196,0.069,20.89,20.694
20.827,20.828,0.196,0.062,20.89,20.694
20.837,20.837,0.178,0.053,20.9,20.722
20.842,20.842,0.161,0.049,20.9,20.739
20.839,20.839,0.171,0.057,20.897,20.726
20.823,20.823,0.223,0.066,20.948,20.725
20.83,20.83,0.257,0.067,20.948,20.691
20.832,20.833,0.234,0.07,20.925,20.691
20.824,20.824,0.247,0.073,20.947,20.7
20.838,20.838,0.246,0.066,20.947,20.701
20.834,20.834,0.199,0.059,20.922,20.723
20.834,20.834,0.221,0.066,20.944,20.723
20.843,20.843,0.213,0.059,20.944,20.731
20.826,20.826,0.223,0.062,20.913,20.69
20.814,20.814,0.207,0.065,20.897,20.69
20.82,20.82,0.187,0.059,20.897,20.71
20.83,20.83,0.195,0.058,20.909,20.714
20.829,20.829,0.209,0.062,20.909,20.7
20.828,20.828,0.227,0.064,20.927,20.7
20.841,20.841,0.237,0.066,20.927,20.69
20.838,20.838,0.235,0.065,20.925,20.69
20.821,20.821,0.186,0.052,20.89,20.704
20.81,20.81,0.216,0.061,20.901,20.685
20.818,20.818,0.216,0.063,20.901,20.685
20.84,20.84,0.186,0.048,20.908,20.722
20.835,20.835,0.204,0.05,20.912,20.708
20.809,20.809,0.243,0.077,20.912,20.669
20.798,20.798,0.231,0.076,20.9,20.669
20.822,20.822,0.187,0.052,20.9,20.713
20.833,20.833,0.209,0.047,20.912,20.703
20.839,20.84,0.209,0.047,20.912,20.703
20.845,20.845,0.132,0.041,20.904,20.772
20.828,20.828,0.193,0.057,20.902,20.709
20.82,20.82,0.237,0.063,20.946,20.709
20.831,20.831,0.229,0.063,20.946,20.717
20.832,20.832,0.238,0.069,20.946,20.708
20.826,20.826,0.215,0.064,20.922,20.707
20.836,20.836,0.241,0.052,20.948,20.707
20.855,20.855,0.166,0.048,20.948,20.782
20.857,20.858,0.163,0.053,20.938,20.775
20.847,20.847,0.172,0.055,20.937,20.765
20.826,20.826,0.243,0.07,20.931,20.688
20.821,20.822,0.272,0.071,20.96,20.688
20.815,20.815,0.265,0.065,20.96,20.695
20.805,20.805,0.195,0.064,20.89,20.695
20.823,20.823,0.192,0.064,20.905,20.713
20.829,20.829,0.234,0.064,20.952,20.718
20.805,20.805,0.246,0.062,20.952,20.706
20.799,20.799,0.194,0.056,20.9,20.706
20.835,20.835,0.195,0.056,20.912,20.717
20.824,20.824,0.197,0.058,20.912,20.715
20.793,20.793,0.194,0.053,20.899,20.705
20.811,20.811,0.185,0.05,20.89,20.705
20.835,20.835,0.105,0.037,20.89,20.785
20.824,20.824,0.207,0.057,20.896,20.689
20.822,20.822,0.22,0.062,20.909,20.689
20.825,20.825,0.206,0.053,20.909,20.703
20.833,20.833,0.244,0.062,20.925,20.681
20.852,20.852,0.244,0.059,20.925,20.681
20.88,20.88,0.176,0.047,20.944,20.768
20.894,20.894,0.19,0.05,20.945,20.755
20.868,20.868,0.207,0.066,20.959,20.752
20.848,20.848,0.241,0.074,20.959,20.718
20.842,20.842,0.236,0.071,20.954,20.718
20.829,20.829,0.22,0.061,20.927,20.707
20.82,20.82,0.213,0.062,20.92,20.707
20.825,20.825,0.226,0.068,20.927,20.701
20.821,20.821,0.268,0.069,20.927,20.659
20.811,20.811,0.242,0.06,20.901,20.659
20.806,20.806,0.205,0.054,20.881,20.676
20.81,20.81,0.221,0.064,20.897,20.676
20.796,20.797,0.227,0.072,20.897,20.67
20.757,20.757,0.243,0.067,20.893,20.65
20.756,20.756,0.215,0.072,20.86,20.645
20.758,20.758,0.218,0.073,20.863,20.645
20.766,20.766,0.204,0.069,20.863,20.659
20.797,20.797,0.238,0.064,20.9,20.662
20.823,20.823,0.209,0.066,20.901,20.692
20.824,20.824,0.233,0.07,20.908,20.675
20.781,20.781,0.279,0.08,20.908,20.629
20.761,20.761,0.24,0.073,20.863,20.623
20.762,20.763,0.268,0.073,20.891,20.623
20.735,20.735,0.248,0.074,20.891,20.643
20.73,20.73,0.185,0.06,20.822,20.637
20.753,20.753,0.202,0.063,20.838,20.636
20.741,20.741,0.219,0.069,20.838,20.619
20.714,20.714,0.207,0.057,20.814,20.607
20.738,20.738,0.242,0.066,20.849,20.607
20.773,20.773,0.235,0.068,20.861,20.626
20.764,20.764,0.222,0.071,20.861,20.639
20.742,20.743,0.227,0.069,20.865,20.638
20.757,20.757,0.227,0.071,20.865,20.638
20.759,20.759,0.213,0.071,20.846,20.633
20.712,20.713,0.27,0.07,20.844,20.574
20.695,20.695,0.247,0.071,20.817,20.57
20.703,20.703,0.247,0.079,20.817,20.57
20.696,20.696,0.208,0.068,20.783,20.575
20.706,20.706,0.197,0.055,20.772,20.575
20.692,20.692,0.215,0.065,20.772,20.557
20.659,20.659,0.198,0.052,20.755,20.557
20.673,20.673,0.15,0.043,20.771,20.621
20.68,20.68,0.206,0.053,20.771,20.565
20.677,20.677,0.214,0.057,20.779,20.565
20.684,20.684,0.178,0.054,20.779,20.601
20.701,20.701,0.217,0.056,20.818,20.601
20.705,20.705,0.201,0.056,20.818,20.617
20.675,20.675,0.195,0.054,20.782,20.587
20.65,20.65,0.18,0.049,20.742,20.562
20.656,20.656,0.189,0.054,20.751,20.562
20.637,20.637,0.215,0.054,20.751,20.536
20.627,20.627,0.203,0.052,20.739,20.536
20.639,20.639,0.232,0.066,20.739,20.507
20.628,20.628,0.221,0.067,20.728,20.507
20.603,20.603,0.224,0.065,20.723,20.499
20.61,20.61,0.258,0.068,20.757,20.499
20.621,20.621,0.267,0.065,20.757,20.49
20.597,20.597,0.236,0.06,20.709,20.473
20.582,20.582,0.213,0.062,20.665,20.452
20.584,20.584,0.215,0.058,20.667,20.452
20.591,20.591,0.201,0.05,20.676,20.475
20.592,20.592,0.23,0.051,20.705,20.475
20.605,20.605,0.179,0.051,20.705,20.526
20.615,20.615,0.195,0.059,20.702,20.507
20.623,20.623,0.219,0.071,20.722,20.503
20.616,20.617,0.219,0.063,20.722,20.503
20.579,20.579,0.222,0.057,20.689,20.467
20.574,20.574,0.224,0.061,20.691,20.467
20.596,20.596,0.21,0.055,20.691,20.481
20.596,20.597,0.182,0.051,20.686,20.504
20.579,20.579,0.234,0.056,20.686,20.452
20.555,20.555,0.19,0.053,20.642,20.452
20.543,20.543,0.2,0.057,20.656,20.456
20.527,20.527,0.204,0.059,20.656,20.452
20.547,20.547,0.221,0.059,20.673,20.452
20.568,20.568,0.209,0.056,20.673,20.464
20.558,20.558,0.254,0.063,20.666,20.412
20.549,20.549,0.241,0.062,20.644,20.403
20.536,20.536,0.202,0.057,20.603,20.401
20.54,20.54,0.217,0.05,20.618,20.401
20.533,20.533,0.198,0.056,20.618,20.42
20.483,20.483,0.219,0.064,20.603,20.384
20.495,20.495,0.194,0.06,20.578,20.384
20.535,20.535,0.116,0.041,20.587,20.471
20.506,20.506,0.174,0.046,20.587,20.413
20.492,20.492,0.157,0.032,20.57,20.413
20.503,20.503,0.131,0.027,20.581,20.45
20.535,20.535,0.163,0.044,20.647,20.484
20.554,20.554,0.189,0.045,20.647,20.458
20.545,20.545,0.188,0.05,20.645,20.457
20.531,20.531,0.239,0.06,20.645,20.406
20.521,20.521,0.233,0.064,20.639,20.406
20.532,20.532,0.186,0.055,20.639,20.453
20.519,20.519,0.195,0.05,20.617,20.422
20.51,20.51,0.173,0.053,20.595,20.422
20.5,20.5,0.238,0.063,20.622,20.384
20.497,20.498,0.286,0.07,20.622,20.336
20.506,20.506,0.273,0.069,20.609,20.336
20.497,20.497,0.221,0.058,20.584,20.363
20.502,20.502,0.227,0.054,20.61,20.383
20.495,20.495,0.199,0.052,20.61,20.411
20.487,20.487,0.14,0.046,20.578,20.438
20.482,20.482,0.184,0.052,20.606,20.422
20.476,20.476,0.21,0.051,20.606,20.396
20.466,20.466,0.168,0.047,20.564,20.396
20.452,20.452,0.157,0.039,20.564,20.407
20.447,20.447,0.081,0.02,20.499,20.418
20.468,20.468,0.201,0.05,20.607,20.406
20.466,20.466,0.209,0.056,20.607,20.398
20.44,20.44,0.127,0.035,20.519,20.392
20.439,20.439,0.127,0.038,20.519,20.392
20.443,20.443,0.133,0.041,20.519,20.386
20.453,20.453,0.149,0.04,20.535,20.386
20.478,20.478,0.155,0.041,20.559,20.404
20.492,20.492,0.122,0.039,20.559,20.437
20.498,20.498,0.124,0.04,20.569,20.445
20.509,20.509,0.176,0.049,20.643,20.467
20.489,20.489,0.229,0.051,20.643,20.414
20.463,20.463,0.129,0.035,20.532,20.403
20.466,20.466,0.161,0.048,20.547,20.386
20.462,20.463,0.161,0.045,20.547,20.386
20.456,20.456,0.123,0.036,20.53,20.407
20.459,20.459,0.158,0.042,20.546,20.388
20.454,20.454,0.158,0.041,20.546,20.388
20.453,20.453,0.205,0.049,20.613,20.408
20.471,20.471,0.213,0.064,20.623,20.41
20.611,20.612,0.463,0.174,20.875,20.412
20.684,20.685,0.439,0.162,20.875,20.436
20.542,20.543,0.494,0.148,20.87,20.376
20.456,20.456,0.207,0.06,20.583,20.376
20.451,20.451,0.192,0.048,20.583,20.391
20.446,20.447,0.171,0.049,20.557,20.386
20.453,20.453,0.167,0.046,20.553,20.386
20.47,20.47,0.142,0.042,20.548,20.406
20.455,20.455,0.157,0.044,20.548,20.391
20.442,20.442,0.161,0.04,20.552,20.391
20.458,20.458,0.218,0.053,20.609,20.391
20.559,20.56,0.401,0.149,20.79,20.389
20.713,20.714,0.446,0.122,20.835,20.389
20.779,20.779,0.15,0.037,20.88,20.73
20.78,20.78,0.167,0.042,20.88,20.713
20.747,20.747,0.376,0.074,20.839,20.463
20.565,20.566,0.393,0.167,20.779,20.386
20.434,20.434,0.222,0.053,20.608,20.386
20.441,20.441,0.227,0.051,20.608,20.381
20.433,20.433,0.196,0.044,20.577,20.381
20.435,20.435,0.188,0.045,20.577,20.389
20.487,20.488,0.467,0.142,20.854,20.387
20.649,20.65,0.467,0.168,20.854,20.387
20.758,20.758,0.121,0.041,20.833,20.712
20.778,20.778,0.164,0.051,20.866,20.702
20.768,20.768,0.164,0.049,20.866,20.702
20.741,20.741,0.101,0.028,20.804,20.703
20.745,20.745,0.404,0.077,20.893,20.489
20.582,20.582,0.523,0.188,20.893,20.37
20.421,20.421,0.163,0.04,20.533,20.37
20.424,20.424,0.137,0.031,20.511,20.374
20.518,20.518,0.416,0.152,20.769,20.353
20.683,20.683,0.475,0.138,20.828,20.353
20.751,20.751,0.187,0.047,20.828,20.641
20.76,20.76,0.145,0.039,20.839,20.694
20.764,20.764,0.145,0.042,20.839,20.694
20.75,20.75,0.186,0.043,20.832,20.646
20.692,20.692,0.424,0.12,20.806,20.382
20.689,20.69,0.462,0.119,20.844,20.382
20.739,20.739,0.198,0.048,20.844,20.646
20.738,20.738,0.181,0.049,20.827,20.646
20.728,20.729,0.135,0.042,20.809,20.674
20.729,20.729,0.135,0.035,20.809,20.674
20.729,20.729,0.147,0.039,20.804,20.657
20.742,20.742,0.157,0.046,20.814,20.657
20.741,20.741,0.164,0.045,20.814,20.65
20.725,20.725,0.149,0.036,20.799,20.65
20.734,20.734,0.175,0.043,20.829,20.654
20.736,20.736,0.183,0.048,20.829,20.646
20.734,20.734,0.16,0.051,20.806,20.646
20.74,20.74,0.195,0.061,20.848,20.653
20.732,20.732,0.194,0.055,20.848,20.654
20.721,20.721,0.187,0.045,20.821,20.634
20.72,20.72,0.157,0.046,20.791,20.634
20.733,20.733,0.171,0.046,20.809,20.638
20.747,20.747,0.155,0.044,20.832,20.677
20.739,20.739,0.162,0.049,20.832,20.67
20.739,20.739,0.183,0.052,20.829,20.646
20.728,20.728,0.179,0.055,20.825,20.646
20.704,20.704,0.216,0.05,20.825,20.609
20.707,20.708,0.215,0.062,20.824,20.609
20.723,20.724,0.208,0.062,20.824,20.616
20.723,20.723,0.156,0.049,20.812,20.656
20.715,20.715,0.204,0.054,20.816,20.612
20.724,20.724,0.207,0.059,20.819,20.612
20.745,20.745,0.193,0.054,20.819,20.626
20.742,20.743,0.197,0.062,20.821,20.624
20.735,20.735,0.202,0.063,20.821,20.619
20.732,20.732,0.185,0.052,20.804,20.619
20.723,20.723,0.19,0.054,20.814,20.624
20.712,20.712,0.225,0.059,20.814,20.589
20.709,20.709,0.211,0.05,20.8,20.589
20.703,20.703,0.182,0.049,20.8,20.618
20.673,20.673,0.206,0.056,20.793,20.587
20.677,20.677,0.228,0.065,20.799,20.571
20.691,20.691,0.229,0.072,20.799,20.57
20.67,20.67,0.211,0.066,20.781,20.57
20.667,20.667,0.199,0.058,20.779,20.58
20.665,20.665,0.209,0.062,20.779,20.57
20.664,20.664,0.198,0.066,20.768,20.57
20.682,20.682,0.208,0.063,20.779,20.571
20.689,20.689,0.192,0.064,20.779,20.587
20.69,20.69,0.183,0.064,20.762,20.579
20.681,20.681,0.197,0.061,20.762,20.565
