mean,RMS,ptp,std,max,min
23.244,23.244,0.108,0.034,23.317,23.209
23.263,23.263,0.113,0.039,23.332,23.219
23.24,23.24,0.071,0.021,23.291,23.22
23.265,23.265,0.1,0.032,23.337,23.237
23.247,23.247,0.051,0.017,23.281,23.23
23.263,23.263,0.124,0.043,23.346,23.222
23.258,23.258,0.1,0.026,23.329,23.229
23.271,23.272,0.134,0.048,23.361,23.227
23.257,23.257,0.086,0.023,23.319,23.233
23.264,23.264,0.127,0.044,23.355,23.228
23.266,23.267,0.125,0.036,23.347,23.222
23.277,23.277,0.117,0.046,23.35,23.233
23.259,23.259,0.092,0.027,23.333,23.241
23.252,23.253,0.096,0.025,23.327,23.231
23.265,23.265,0.083,0.025,23.324,23.241
23.257,23.257,0.105,0.028,23.335,23.23
23.29,23.29,0.125,0.044,23.354,23.229
23.276,23.276,0.112,0.036,23.351,23.239
23.275,23.275,0.094,0.032,23.338,23.244
23.267,23.267,0.099,0.026,23.335,23.236
23.296,23.296,0.094,0.034,23.358,23.264
23.283,23.284,0.112,0.034,23.362,23.25
23.302,23.302,0.102,0.043,23.359,23.257
23.3,23.3,0.11,0.041,23.355,23.245
23.309,23.309,0.099,0.039,23.362,23.263
23.29,23.29,0.107,0.037,23.369,23.262
23.287,23.287,0.1,0.029,23.365,23.265
23.335,23.335,0.104,0.037,23.373,23.269
23.295,23.295,0.128,0.039,23.382,23.254
23.307,23.307,0.102,0.038,23.37,23.268
23.323,23.323,0.103,0.039,23.384,23.281
23.321,23.321,0.126,0.04,23.398,23.272
23.327,23.327,0.106,0.043,23.394,23.288
23.316,23.316,0.103,0.035,23.383,23.28
23.32,23.32,0.134,0.036,23.401,23.267
23.332,23.332,0.116,0.041,23.402,23.286
23.331,23.331,0.096,0.036,23.391,23.295
23.347,23.347,0.123,0.043,23.4,23.277
23.304,23.304,0.037,0.013,23.324,23.287
23.338,23.338,0.136,0.047,23.415,23.279
23.312,23.312,0.114,0.028,23.393,23.279
23.338,23.338,0.102,0.037,23.398,23.296
23.35,23.35,0.11,0.039,23.423,23.313
23.341,23.341,0.089,0.031,23.404,23.315
23.323,23.323,0.046,0.013,23.341,23.295
23.337,23.337,0.095,0.031,23.396,23.301
23.334,23.334,0.102,0.028,23.412,23.31
23.343,23.343,0.105,0.031,23.4,23.295
23.346,23.346,0.1,0.034,23.409,23.309
23.357,23.357,0.11,0.038,23.423,23.313
23.361,23.361,0.109,0.041,23.428,23.319
23.363,23.363,0.124,0.04,23.437,23.313
23.357,23.357,0.14,0.049,23.441,23.301
23.351,23.351,0.122,0.04,23.432,23.31
23.351,23.351,0.106,0.037,23.426,23.32
23.366,23.366,0.118,0.048,23.434,23.316
23.372,23.372,0.1,0.041,23.431,23.331
23.366,23.366,0.121,0.039,23.442,23.321
23.362,23.362,0.095,0.032,23.428,23.333
23.368,23.368,0.135,0.045,23.46,23.325
23.342,23.342,0.035,0.008,23.359,23.324
23.362,23.362,0.103,0.036,23.431,23.328
23.372,23.372,0.083,0.029,23.428,23.345
23.382,23.382,0.133,0.036,23.483,23.35
23.403,23.403,0.119,0.043,23.475,23.356
23.371,23.371,0.099,0.024,23.434,23.335
23.385,23.385,0.12,0.039,23.465,23.345
23.393,23.393,0.144,0.042,23.484,23.34
23.382,23.382,0.122,0.032,23.461,23.339
23.374,23.374,0.096,0.026,23.446,23.35
23.378,23.378,0.062,0.019,23.423,23.361
23.383,23.383,0.113,0.035,23.463,23.35
23.386,23.386,0.096,0.032,23.452,23.356
23.379,23.379,0.101,0.029,23.457,23.356
23.398,23.398,0.102,0.037,23.469,23.367
23.384,23.384,0.108,0.037,23.456,23.348
23.37,23.37,0.041,0.014,23.384,23.343
23.384,23.384,0.086,0.03,23.445,23.359
23.399,23.399,0.111,0.041,23.463,23.352
23.394,23.394,0.101,0.034,23.461,23.36
23.37,23.37,0.112,0.03,23.453,23.341
23.39,23.39,0.094,0.029,23.448,23.354
23.399,23.399,0.119,0.041,23.465,23.346
23.411,23.411,0.115,0.044,23.473,23.358
23.39,23.39,0.121,0.041,23.475,23.354
23.378,23.378,0.048,0.014,23.409,23.361
23.414,23.415,0.113,0.043,23.49,23.377
23.422,23.422,0.109,0.04,23.481,23.372
23.384,23.385,0.106,0.029,23.468,23.362
23.399,23.399,0.109,0.039,23.465,23.356
23.405,23.405,0.125,0.037,23.489,23.364
23.385,23.385,0.046,0.016,23.409,23.363
23.4,23.4,0.117,0.039,23.472,23.355
23.39,23.39,0.127,0.04,23.488,23.361
23.395,23.395,0.114,0.034,23.477,23.363
23.378,23.378,0.126,0.034,23.47,23.344
23.384,23.385,0.118,0.037,23.463,23.345
23.374,23.374,0.097,0.026,23.449,23.352
23.391,23.391,0.124,0.039,23.469,23.345
23.379,23.379,0.1,0.028,23.454,23.354
23.376,23.376,0.094,0.027,23.439,23.345
23.383,23.383,0.104,0.029,23.466,23.362
23.381,23.381,0.112,0.034,23.463,23.351
23.359,23.359,0.033,0.011,23.374,23.341
23.355,23.355,0.079,0.022,23.414,23.335
23.374,23.374,0.127,0.047,23.458,23.331
23.369,23.369,0.108,0.027,23.441,23.333
23.377,23.377,0.104,0.035,23.449,23.345
23.354,23.355,0.037,0.01,23.373,23.336
23.363,23.363,0.116,0.036,23.448,23.332
23.364,23.364,0.108,0.032,23.441,23.333
23.354,23.354,0.1,0.032,23.422,23.322
23.339,23.339,0.024,0.008,23.352,23.328
23.343,23.343,0.034,0.01,23.357,23.323
23.36,23.36,0.093,0.032,23.424,23.331
23.352,23.352,0.116,0.037,23.435,23.319
23.345,23.345,0.089,0.024,23.411,23.322
23.331,23.331,0.029,0.009,23.341,23.312
23.348,23.348,0.111,0.03,23.428,23.317
23.333,23.333,0.09,0.023,23.394,23.304
23.342,23.342,0.091,0.03,23.406,23.315
23.34,23.34,0.091,0.024,23.407,23.316
23.331,23.331,0.038,0.01,23.346,23.308
23.344,23.344,0.102,0.027,23.41,23.308
23.333,23.333,0.064,0.023,23.373,23.309
23.328,23.328,0.096,0.026,23.401,23.305
23.332,23.332,0.062,0.017,23.37,23.308
23.354,23.354,0.111,0.038,23.435,23.324
23.331,23.331,0.072,0.018,23.378,23.306
23.337,23.337,0.057,0.016,23.373,23.316
23.342,23.342,0.143,0.046,23.437,23.294
23.33,23.33,0.123,0.035,23.427,23.304
23.337,23.337,0.1,0.032,23.399,23.299
23.342,23.343,0.111,0.039,23.421,23.31
23.33,23.33,0.028,0.009,23.345,23.317
23.334,23.334,0.123,0.033,23.427,23.304
23.327,23.327,0.031,0.01,23.343,23.312
23.34,23.34,0.108,0.028,23.418,23.31
23.322,23.322,0.044,0.013,23.342,23.298
23.331,23.331,0.12,0.031,23.414,23.294
23.332,23.332,0.089,0.024,23.395,23.306
23.327,23.327,0.116,0.031,23.414,23.298
23.327,23.327,0.117,0.032,23.414,23.297
23.318,23.318,0.043,0.012,23.337,23.294
23.318,23.318,0.053,0.015,23.342,23.289
23.351,23.351,0.099,0.037,23.404,23.305
23.315,23.315,0.044,0.013,23.337,23.293
23.319,23.319,0.045,0.014,23.338,23.293
23.314,23.314,0.034,0.011,23.326,23.292
23.325,23.325,0.103,0.028,23.395,23.292
23.333,23.333,0.112,0.038,23.413,23.301
23.315,23.315,0.051,0.018,23.338,23.287
23.314,23.315,0.062,0.019,23.339,23.277
23.33,23.33,0.111,0.038,23.404,23.293
23.333,23.333,0.126,0.035,23.435,23.309
23.328,23.328,0.103,0.028,23.407,23.304
23.308,23.308,0.049,0.014,23.333,23.284
23.307,23.307,0.045,0.014,23.325,23.28
23.322,23.322,0.119,0.031,23.391,23.272
23.325,23.325,0.096,0.027,23.382,23.286
23.313,23.314,0.039,0.011,23.329,23.29
23.319,23.319,0.072,0.02,23.367,23.295
23.317,23.317,0.106,0.037,23.394,23.288
23.309,23.309,0.115,0.031,23.392,23.277
23.32,23.321,0.089,0.024,23.391,23.302
23.316,23.316,0.088,0.025,23.38,23.292
23.319,23.319,0.088,0.023,23.382,23.294
23.306,23.306,0.07,0.021,23.357,23.287
23.309,23.309,0.101,0.028,23.385,23.284
23.307,23.307,0.039,0.012,23.326,23.287
23.305,23.305,0.04,0.011,23.328,23.288
23.285,23.285,0.061,0.015,23.311,23.25
23.318,23.318,0.113,0.036,23.388,23.275
23.306,23.306,0.03,0.01,23.319,23.289
23.323,23.323,0.111,0.039,23.39,23.279
23.311,23.311,0.114,0.038,23.393,23.279
23.322,23.322,0.108,0.038,23.403,23.295
23.303,23.303,0.032,0.011,23.319,23.287
23.314,23.314,0.097,0.027,23.388,23.291
23.325,23.326,0.127,0.035,23.408,23.281
23.315,23.315,0.107,0.029,23.392,23.285
23.31,23.31,0.052,0.014,23.342,23.29
23.312,23.312,0.077,0.021,23.37,23.293
23.324,23.324,0.128,0.039,23.412,23.284
23.345,23.345,0.116,0.047,23.416,23.3
23.303,23.303,0.049,0.018,23.328,23.279
23.308,23.308,0.103,0.026,23.376,23.273
23.336,23.336,0.107,0.043,23.391,23.284
23.326,23.326,0.108,0.03,23.389,23.281
23.323,23.323,0.128,0.041,23.392,23.264
23.322,23.322,0.102,0.034,23.398,23.296
23.308,23.308,0.106,0.029,23.39,23.284
23.309,23.309,0.081,0.022,23.367,23.286
23.317,23.317,0.105,0.032,23.391,23.286
23.301,23.301,0.029,0.008,23.312,23.283
23.314,23.314,0.109,0.035,23.377,23.268
23.316,23.316,0.109,0.032,23.393,23.284
23.313,23.313,0.112,0.031,23.387,23.275
23.331,23.331,0.105,0.039,23.399,23.294
23.326,23.326,0.122,0.044,23.396,23.274
23.304,23.304,0.029,0.009,23.32,23.291
23.308,23.308,0.121,0.033,23.401,23.28
23.322,23.322,0.1,0.033,23.386,23.286
23.301,23.301,0.038,0.012,23.319,23.281
23.328,23.328,0.117,0.041,23.394,23.277
23.302,23.302,0.026,0.007,23.313,23.287
23.332,23.332,0.099,0.037,23.396,23.297
23.325,23.325,0.121,0.04,23.413,23.292
23.33,23.33,0.11,0.044,23.405,23.295
23.328,23.328,0.111,0.037,23.403,23.292
23.342,23.342,0.127,0.046,23.413,23.286
23.328,23.328,0.113,0.041,23.388,23.275
23.33,23.33,0.141,0.048,23.403,23.262
23.319,23.319,0.101,0.029,23.395,23.294
23.32,23.32,0.117,0.028,23.395,23.278
23.316,23.316,0.128,0.032,23.403,23.275
23.355,23.355,0.109,0.043,23.409,23.3
23.318,23.319,0.05,0.014,23.34,23.29
23.323,23.323,0.129,0.042,23.413,23.284
23.336,23.336,0.125,0.04,23.42,23.295
23.353,23.353,0.109,0.047,23.404,23.295
23.333,23.333,0.116,0.032,23.416,23.3
23.352,23.352,0.094,0.035,23.405,23.311
23.346,23.346,0.107,0.039,23.418,23.311
23.339,23.339,0.102,0.036,23.415,23.313
23.328,23.328,0.104,0.026,23.39,23.286
23.337,23.337,0.086,0.023,23.401,23.315
23.341,23.341,0.124,0.031,23.43,23.306
23.344,23.344,0.108,0.033,23.425,23.317
23.369,23.369,0.123,0.045,23.419,23.296
23.352,23.353,0.106,0.038,23.432,23.326
23.36,23.36,0.118,0.036,23.43,23.312
23.352,23.352,0.099,0.031,23.416,23.317
23.364,23.365,0.096,0.034,23.434,23.338
23.361,23.361,0.083,0.024,23.424,23.341
23.351,23.351,0.124,0.04,23.427,23.303
23.372,23.372,0.115,0.043,23.444,23.329
23.359,23.359,0.108,0.036,23.436,23.328
23.352,23.352,0.097,0.03,23.411,23.314
23.366,23.366,0.093,0.03,23.429,23.336
23.369,23.369,0.091,0.032,23.433,23.342
23.369,23.369,0.098,0.026,23.432,23.334
23.369,23.369,0.097,0.029,23.434,23.337
23.4,23.4,0.109,0.044,23.457,23.348
23.374,23.374,0.086,0.029,23.431,23.345
23.382,23.382,0.12,0.041,23.462,23.342
23.383,23.383,0.115,0.038,23.462,23.347
23.382,23.382,0.095,0.029,23.447,23.352
23.38,23.381,0.083,0.031,23.441,23.358
23.382,23.382,0.105,0.033,23.458,23.353
23.367,23.367,0.036,0.011,23.386,23.35
23.408,23.408,0.124,0.051,23.479,23.355
23.396,23.396,0.113,0.044,23.467,23.354
23.373,23.373,0.041,0.012,23.391,23.35
23.393,23.393,0.083,0.023,23.454,23.371
23.392,23.392,0.093,0.025,23.461,23.368
23.408,23.409,0.112,0.043,23.485,23.373
23.41,23.41,0.108,0.042,23.481,23.373
23.416,23.416,0.089,0.034,23.464,23.375
23.411,23.411,0.132,0.042,23.5,23.368
23.397,23.397,0.033,0.01,23.412,23.379
23.412,23.412,0.106,0.036,23.48,23.374
23.419,23.419,0.097,0.038,23.478,23.381
23.41,23.41,0.107,0.034,23.482,23.375
23.406,23.406,0.086,0.027,23.465,23.379
23.395,23.395,0.061,0.017,23.424,23.363
23.431,23.431,0.116,0.041,23.491,23.375
23.431,23.431,0.115,0.035,23.493,23.378
23.43,23.43,0.122,0.047,23.504,23.382
23.413,23.413,0.114,0.033,23.502,23.388
23.436,23.436,0.098,0.039,23.498,23.4
23.418,23.418,0.136,0.044,23.513,23.377
23.435,23.435,0.114,0.043,23.513,23.399
23.432,23.433,0.099,0.031,23.498,23.399
23.433,23.433,0.099,0.026,23.503,23.404
23.463,23.463,0.11,0.041,23.517,23.407
23.44,23.44,0.121,0.039,23.532,23.411
23.443,23.443,0.105,0.032,23.515,23.41
23.439,23.439,0.143,0.047,23.541,23.398
23.445,23.445,0.102,0.038,23.514,23.412
23.454,23.454,0.095,0.036,23.511,23.416
23.454,23.454,0.123,0.036,23.514,23.391
23.454,23.454,0.098,0.034,23.509,23.411
23.451,23.451,0.091,0.027,23.511,23.42
23.472,23.472,0.159,0.053,23.553,23.394
23.464,23.464,0.118,0.042,23.535,23.417
23.481,23.481,0.114,0.044,23.533,23.419
23.482,23.482,0.143,0.052,23.569,23.426
23.467,23.467,0.082,0.031,23.52,23.438
23.328,23.328,0.255,0.084,23.496,23.241
23.272,23.272,0.091,0.026,23.339,23.248
23.294,23.294,0.111,0.037,23.351,23.24
23.294,23.294,0.126,0.04,23.373,23.247
23.413,23.413,0.286,0.094,23.533,23.247
23.309,23.309,0.188,0.053,23.425,23.237
23.278,23.278,0.118,0.041,23.364,23.246
23.301,23.301,0.119,0.048,23.364,23.245
23.29,23.29,0.095,0.031,23.358,23.263
23.275,23.275,0.148,0.037,23.379,23.231
23.299,23.299,0.148,0.048,23.383,23.235
23.306,23.306,0.111,0.042,23.374,23.263
23.313,23.313,0.093,0.039,23.368,23.275
23.3,23.3,0.125,0.033,23.393,23.268
23.31,23.31,0.126,0.042,23.384,23.258
23.322,23.322,0.103,0.035,23.38,23.277
23.345,23.345,0.083,0.023,23.385,23.302
23.362,23.362,0.115,0.036,23.444,23.329
23.374,23.374,0.14,0.04,23.464,23.324
23.391,23.391,0.12,0.042,23.456,23.336
23.394,23.394,0.104,0.043,23.459,23.355
23.387,23.387,0.122,0.041,23.464,23.342
23.396,23.396,0.11,0.037,23.461,23.351
23.412,23.412,0.139,0.049,23.476,23.337
23.411,23.411,0.11,0.041,23.479,23.369
23.41,23.411,0.097,0.033,23.469,23.372
23.4,23.4,0.117,0.038,23.481,23.364
23.396,23.396,0.119,0.033,23.481,23.362
23.418,23.418,0.126,0.042,23.491,23.365
23.43,23.43,0.094,0.036,23.475,23.381
23.411,23.411,0.1,0.031,23.484,23.384
23.396,23.396,0.032,0.011,23.413,23.381
23.409,23.409,0.125,0.042,23.491,23.366
23.426,23.426,0.11,0.038,23.482,23.372
23.416,23.416,0.11,0.041,23.486,23.376
23.42,23.42,0.128,0.04,23.513,23.385
23.413,23.413,0.113,0.036,23.491,23.378
23.432,23.432,0.125,0.04,23.507,23.382
23.41,23.41,0.107,0.029,23.49,23.383
23.448,23.448,0.118,0.044,23.501,23.383
23.427,23.427,0.133,0.045,23.513,23.38
23.42,23.42,0.092,0.035,23.482,23.39
23.425,23.425,0.132,0.045,23.495,23.363
23.419,23.419,0.101,0.034,23.481,23.38
23.443,23.443,0.109,0.044,23.511,23.402
23.42,23.42,0.092,0.025,23.486,23.394
23.452,23.452,0.108,0.041,23.509,23.401
23.445,23.445,0.115,0.041,23.508,23.393
23.456,23.456,0.115,0.044,23.514,23.399
23.436,23.436,0.097,0.038,23.493,23.396
23.455,23.455,0.135,0.051,23.518,23.383
23.441,23.441,0.097,0.039,23.49,23.393
23.441,23.441,0.107,0.042,23.505,23.398
23.463,23.463,0.107,0.039,23.512,23.405
23.451,23.451,0.107,0.039,23.512,23.405
23.44,23.44,0.122,0.047,23.512,23.39
23.441,23.441,0.097,0.033,23.507,23.41
23.464,23.464,0.12,0.047,23.525,23.405
23.464,23.464,0.105,0.045,23.517,23.412
23.466,23.466,0.102,0.037,23.512,23.41
23.466,23.466,0.126,0.045,23.528,23.402
23.456,23.456,0.092,0.035,23.505,23.413
23.465,23.465,0.104,0.042,23.515,23.411
23.484,23.484,0.119,0.039,23.534,23.415
23.444,23.444,0.112,0.031,23.518,23.406
23.449,23.449,0.113,0.038,23.522,23.409
23.466,23.466,0.1,0.041,23.524,23.424
23.484,23.484,0.099,0.039,23.538,23.439
23.453,23.453,0.113,0.033,23.533,23.42
23.45,23.45,0.107,0.032,23.525,23.418
23.47,23.47,0.105,0.04,23.527,23.422
23.501,23.501,0.081,0.033,23.531,23.45
23.469,23.469,0.129,0.039,23.547,23.418
23.48,23.48,0.1,0.034,23.531,23.431
23.492,23.492,0.094,0.036,23.543,23.449
23.499,23.499,0.118,0.04,23.557,23.439
23.491,23.491,0.111,0.041,23.556,23.445
23.485,23.485,0.115,0.04,23.558,23.443
23.513,23.513,0.11,0.039,23.564,23.454
23.482,23.482,0.104,0.041,23.534,23.43
23.491,23.491,0.112,0.045,23.56,23.448
23.517,23.517,0.131,0.042,23.57,23.439
23.518,23.518,0.125,0.042,23.564,23.439
23.498,23.498,0.108,0.037,23.555,23.447
23.517,23.517,0.118,0.038,23.566,23.448
23.486,23.486,0.121,0.032,23.571,23.45
23.505,23.505,0.112,0.037,23.577,23.465
23.506,23.506,0.129,0.043,23.57,23.441
23.491,23.491,0.133,0.038,23.59,23.457
23.509,23.509,0.107,0.037,23.572,23.465
23.519,23.519,0.096,0.038,23.568,23.472
23.516,23.517,0.104,0.042,23.558,23.454
23.504,23.504,0.087,0.036,23.552,23.465
23.518,23.518,0.1,0.037,23.567,23.467
23.509,23.509,0.095,0.04,23.553,23.458
23.53,23.53,0.104,0.035,23.563,23.459
23.518,23.518,0.099,0.037,23.57,23.471
23.526,23.526,0.1,0.036,23.576,23.476
23.516,23.516,0.075,0.029,23.563,23.488
23.527,23.527,0.102,0.041,23.582,23.48
23.522,23.522,0.122,0.04,23.584,23.462
23.525,23.525,0.135,0.044,23.596,23.461
23.516,23.516,0.073,0.029,23.562,23.489
23.534,23.534,0.104,0.033,23.592,23.488
23.553,23.553,0.102,0.034,23.586,23.484
23.556,23.556,0.126,0.044,23.612,23.486
23.55,23.55,0.111,0.038,23.595,23.484
23.563,23.563,0.111,0.031,23.614,23.503
23.532,23.532,0.104,0.036,23.587,23.483
23.568,23.568,0.101,0.035,23.61,23.509
23.53,23.53,0.109,0.034,23.607,23.498
23.582,23.582,0.097,0.026,23.609,23.512
23.572,23.572,0.102,0.036,23.612,23.51
23.569,23.569,0.083,0.033,23.6,23.517
23.557,23.557,0.108,0.035,23.613,23.505
23.568,23.568,0.093,0.037,23.622,23.529
23.584,23.584,0.112,0.036,23.635,23.523
23.579,23.579,0.113,0.039,23.622,23.509
23.586,23.586,0.098,0.03,23.622,23.524
23.577,23.577,0.117,0.039,23.62,23.503
23.586,23.586,0.088,0.026,23.613,23.525
23.593,23.593,0.095,0.032,23.628,23.533
23.58,23.58,0.107,0.038,23.632,23.525
23.567,23.567,0.123,0.049,23.637,23.514
23.592,23.592,0.099,0.035,23.623,23.524
23.603,23.603,0.092,0.028,23.632,23.54
23.576,23.576,0.09,0.032,23.628,23.538
23.604,23.605,0.088,0.026,23.633,23.545
23.579,23.579,0.106,0.036,23.634,23.528
23.58,23.58,0.107,0.044,23.637,23.53
23.62,23.62,0.108,0.03,23.641,23.533
23.586,23.586,0.1,0.04,23.643,23.543
23.591,23.591,0.094,0.034,23.642,23.548
23.591,23.591,0.103,0.032,23.643,23.54
23.598,23.598,0.105,0.04,23.646,23.541
23.597,23.597,0.082,0.031,23.634,23.552
23.621,23.621,0.119,0.037,23.669,23.55
23.612,23.612,0.114,0.036,23.667,23.553
23.619,23.619,0.094,0.036,23.659,23.565
23.62,23.62,0.086,0.031,23.652,23.566
23.618,23.618,0.115,0.043,23.665,23.55
23.622,23.622,0.108,0.041,23.665,23.557
23.623,23.623,0.114,0.038,23.675,23.561
23.619,23.619,0.088,0.039,23.657,23.569
23.624,23.624,0.113,0.044,23.683,23.57
23.637,23.637,0.084,0.026,23.667,23.583
23.638,23.638,0.098,0.034,23.674,23.576
23.619,23.619,0.112,0.04,23.663,23.551
23.644,23.645,0.117,0.032,23.681,23.564
23.636,23.636,0.102,0.032,23.674,23.572
23.609,23.609,0.099,0.035,23.662,23.563
23.631,23.631,0.098,0.034,23.675,23.577
23.634,23.634,0.121,0.046,23.685,23.564
23.635,23.635,0.076,0.026,23.657,23.581
23.616,23.616,0.09,0.032,23.658,23.568
23.648,23.648,0.095,0.027,23.672,23.577
23.648,23.648,0.13,0.04,23.699,23.569
23.614,23.614,0.088,0.033,23.666,23.578
23.623,23.623,0.128,0.037,23.697,23.569
23.636,23.636,0.09,0.033,23.678,23.588
23.63,23.63,0.113,0.036,23.683,23.57
23.65,23.65,0.094,0.036,23.682,23.588
23.632,23.632,0.083,0.035,23.666,23.583
23.645,23.645,0.106,0.037,23.696,23.59
23.645,23.645,0.096,0.041,23.685,23.589
23.653,23.653,0.093,0.035,23.687,23.594
23.634,23.634,0.077,0.032,23.68,23.603
23.666,23.667,0.1,0.034,23.709,23.609
23.628,23.628,0.088,0.024,23.684,23.596
23.642,23.642,0.109,0.038,23.699,23.59
23.654,23.654,0.096,0.037,23.703,23.607
23.65,23.65,0.083,0.03,23.689,23.606
23.637,23.637,0.11,0.04,23.696,23.586
23.653,23.653,0.113,0.042,23.711,23.598
23.669,23.669,0.129,0.043,23.704,23.575
23.674,23.674,0.109,0.036,23.704,23.595
23.658,23.658,0.115,0.041,23.704,23.589
23.666,23.666,0.124,0.037,23.721,23.597
23.647,23.647,0.093,0.035,23.696,23.603
23.663,23.663,0.1,0.036,23.704,23.604
23.646,23.646,0.096,0.035,23.692,23.596
23.667,23.667,0.105,0.037,23.709,23.604
23.641,23.641,0.112,0.037,23.718,23.606
23.657,23.657,0.096,0.036,23.699,23.603
23.657,23.657,0.086,0.029,23.698,23.612
23.652,23.652,0.093,0.033,23.696,23.603
23.67,23.67,0.093,0.032,23.711,23.618
23.654,23.654,0.096,0.039,23.702,23.606
23.659,23.659,0.101,0.035,23.709,23.608
23.697,23.697,0.082,0.027,23.722,23.64
23.657,23.657,0.102,0.038,23.71,23.608
23.668,23.668,0.123,0.046,23.725,23.602
23.67,23.67,0.13,0.047,23.721,23.591
23.672,23.672,0.103,0.038,23.712,23.609
23.686,23.686,0.098,0.034,23.718,23.62
23.657,23.657,0.075,0.025,23.706,23.631
23.664,23.664,0.099,0.039,23.722,23.623
23.695,23.695,0.085,0.025,23.721,23.636
23.652,23.653,0.09,0.034,23.705,23.615
23.674,23.674,0.088,0.03,23.705,23.617
23.685,23.685,0.094,0.033,23.71,23.616
23.679,23.679,0.118,0.042,23.72,23.602
23.687,23.687,0.085,0.026,23.727,23.642
23.692,23.692,0.102,0.037,23.731,23.629
23.666,23.666,0.132,0.039,23.731,23.599
23.654,23.654,0.117,0.043,23.724,23.607
23.682,23.682,0.118,0.044,23.734,23.616
23.68,23.68,0.09,0.034,23.714,23.624
23.662,23.662,0.108,0.035,23.729,23.621
23.685,23.685,0.112,0.044,23.736,23.624
23.655,23.655,0.117,0.042,23.72,23.603
23.647,23.647,0.112,0.032,23.726,23.614
23.693,23.693,0.114,0.04,23.731,23.617
23.661,23.661,0.107,0.033,23.722,23.615
23.688,23.688,0.119,0.039,23.728,23.609
23.693,23.693,0.106,0.035,23.725,23.619
23.659,23.659,0.097,0.031,23.733,23.636
23.668,23.668,0.102,0.036,23.73,23.628
23.678,23.679,0.122,0.044,23.736,23.614
23.682,23.682,0.092,0.038,23.735,23.643
23.674,23.674,0.119,0.042,23.737,23.618
23.702,23.702,0.101,0.033,23.734,23.633
23.701,23.701,0.08,0.028,23.726,23.646
23.687,23.687,0.125,0.045,23.736,23.611
23.677,23.677,0.108,0.038,23.735,23.627
23.697,23.697,0.085,0.032,23.729,23.644
23.691,23.692,0.105,0.04,23.74,23.635
23.685,23.685,0.11,0.038,23.731,23.621
23.697,23.697,0.104,0.039,23.751,23.647
23.675,23.675,0.102,0.036,23.738,23.636
23.684,23.684,0.086,0.034,23.724,23.638
23.7,23.7,0.113,0.042,23.754,23.641
23.687,23.687,0.1,0.041,23.743,23.643
23.71,23.71,0.09,0.029,23.749,23.659
23.688,23.688,0.096,0.03,23.746,23.65
23.712,23.712,0.118,0.042,23.748,23.63
23.674,23.674,0.091,0.032,23.724,23.633
23.693,23.693,0.103,0.041,23.739,23.636
23.703,23.703,0.11,0.043,23.75,23.64
23.681,23.681,0.103,0.036,23.746,23.643
23.699,23.699,0.103,0.039,23.751,23.648
23.701,23.701,0.107,0.037,23.751,23.644
23.704,23.704,0.108,0.033,23.736,23.628
23.686,23.686,0.119,0.045,23.754,23.635
23.689,23.689,0.102,0.038,23.749,23.647
23.72,23.72,0.084,0.022,23.743,23.659
23.693,23.693,0.099,0.036,23.735,23.636
23.69,23.69,0.091,0.033,23.735,23.644
23.701,23.701,0.097,0.035,23.747,23.65
23.703,23.703,0.103,0.036,23.757,23.654
23.685,23.685,0.108,0.037,23.75,23.642
23.712,23.712,0.092,0.034,23.756,23.664
23.713,23.713,0.101,0.035,23.758,23.657
23.697,23.697,0.09,0.037,23.741,23.651
23.718,23.718,0.105,0.041,23.768,23.663
23.72,23.72,0.091,0.03,23.758,23.667
23.712,23.712,0.108,0.036,23.766,23.658
23.718,23.718,0.09,0.03,23.758,23.668
23.714,23.714,0.114,0.039,23.774,23.66
23.714,23.714,0.091,0.031,23.764,23.673
23.731,23.731,0.109,0.038,23.77,23.661
23.732,23.732,0.107,0.038,23.772,23.665
23.739,23.739,0.108,0.039,23.773,23.665
23.707,23.707,0.123,0.042,23.78,23.657
23.688,23.688,0.094,0.03,23.746,23.652
23.734,23.734,0.097,0.031,23.771,23.674
23.738,23.738,0.087,0.023,23.764,23.677
23.703,23.703,0.102,0.034,23.762,23.66
23.72,23.72,0.124,0.047,23.783,23.659
23.736,23.736,0.101,0.029,23.773,23.672
23.731,23.731,0.093,0.034,23.769,23.676
23.727,23.727,0.111,0.041,23.763,23.652
23.723,23.723,0.089,0.035,23.766,23.677
23.737,23.738,0.121,0.037,23.789,23.668
23.745,23.745,0.077,0.021,23.762,23.685
23.739,23.739,0.093,0.028,23.773,23.68
23.728,23.728,0.1,0.036,23.771,23.671
23.729,23.729,0.093,0.035,23.768,23.675
23.728,23.728,0.099,0.036,23.777,23.678
23.736,23.736,0.11,0.042,23.787,23.677
23.737,23.737,0.103,0.036,23.783,23.68
23.727,23.727,0.097,0.033,23.777,23.68
23.733,23.733,0.09,0.034,23.772,23.682
23.736,23.736,0.087,0.035,23.775,23.688
23.737,23.737,0.12,0.034,23.782,23.662
23.749,23.749,0.11,0.035,23.786,23.676
23.75,23.75,0.089,0.031,23.778,23.689
23.748,23.748,0.086,0.034,23.783,23.697
23.752,23.752,0.137,0.041,23.793,23.656
23.749,23.749,0.117,0.046,23.794,23.677
23.741,23.741,0.107,0.043,23.784,23.677
23.774,23.774,0.115,0.028,23.816,23.701
23.748,23.749,0.112,0.044,23.786,23.674
23.736,23.736,0.115,0.042,23.798,23.683
23.745,23.745,0.13,0.046,23.794,23.664
23.75,23.75,0.098,0.036,23.783,23.685
23.758,23.758,0.098,0.032,23.794,23.696
23.766,23.766,0.113,0.029,23.797,23.684
23.754,23.754,0.124,0.037,23.799,23.675
23.764,23.764,0.079,0.023,23.796,23.717
23.767,23.767,0.098,0.028,23.795,23.697
23.743,23.743,0.106,0.04,23.792,23.686
23.752,23.752,0.12,0.039,23.799,23.679
23.765,23.765,0.091,0.031,23.791,23.7
23.766,23.766,0.112,0.038,23.804,23.692
23.759,23.759,0.114,0.029,23.81,23.696
23.752,23.752,0.093,0.037,23.791,23.698
23.752,23.752,0.119,0.05,23.81,23.691
23.765,23.765,0.111,0.033,23.8,23.689
23.77,23.77,0.099,0.036,23.805,23.706
23.76,23.76,0.129,0.047,23.804,23.675
23.753,23.753,0.088,0.033,23.797,23.709
23.773,23.773,0.094,0.033,23.8,23.706
23.756,23.756,0.102,0.036,23.804,23.702
23.774,23.774,0.096,0.03,23.809,23.713
23.775,23.775,0.122,0.039,23.819,23.697
23.755,23.755,0.125,0.047,23.813,23.688
23.765,23.765,0.122,0.048,23.807,23.685
23.766,23.766,0.096,0.036,23.806,23.71
23.739,23.739,0.102,0.041,23.797,23.695
23.768,23.769,0.096,0.039,23.803,23.707
23.786,23.786,0.135,0.04,23.825,23.69
23.773,23.773,0.118,0.044,23.815,23.697
23.789,23.789,0.101,0.034,23.817,23.716
23.772,23.772,0.106,0.038,23.814,23.708
23.789,23.789,0.089,0.03,23.819,23.73
23.773,23.773,0.102,0.034,23.805,23.703
23.777,23.778,0.072,0.019,23.798,23.726
23.784,23.784,0.038,0.011,23.796,23.758
23.789,23.789,0.116,0.031,23.818,23.702
23.762,23.762,0.096,0.038,23.803,23.707
23.784,23.784,0.086,0.029,23.811,23.725
23.774,23.774,0.107,0.039,23.809,23.702
23.786,23.786,0.093,0.031,23.818,23.725
23.78,23.78,0.102,0.033,23.804,23.702
23.782,23.782,0.089,0.029,23.805,23.716
23.784,23.784,0.097,0.027,23.801,23.704
23.792,23.792,0.074,0.021,23.814,23.74
23.792,23.792,0.136,0.036,23.823,23.687
23.775,23.775,0.095,0.031,23.807,23.712
23.776,23.776,0.108,0.034,23.807,23.699
23.757,23.757,0.121,0.043,23.818,23.697
23.786,23.786,0.105,0.036,23.823,23.718
23.743,23.743,0.112,0.042,23.818,23.706
23.774,23.774,0.085,0.032,23.811,23.726
23.778,23.778,0.108,0.045,23.827,23.719
23.788,23.788,0.102,0.039,23.83,23.728
23.775,23.775,0.097,0.041,23.813,23.716
23.787,23.787,0.107,0.042,23.827,23.72
23.78,23.78,0.12,0.046,23.829,23.709
23.783,23.783,0.116,0.044,23.835,23.719
23.8,23.8,0.101,0.027,23.827,23.726
23.782,23.782,0.111,0.035,23.82,23.709
23.791,23.791,0.094,0.032,23.816,23.722
23.788,23.788,0.135,0.039,23.829,23.694
23.788,23.788,0.107,0.032,23.82,23.713
23.788,23.788,0.111,0.032,23.819,23.708
23.794,23.794,0.079,0.022,23.812,23.733
23.784,23.784,0.119,0.04,23.834,23.715
23.774,23.774,0.112,0.042,23.827,23.715
23.784,23.784,0.1,0.038,23.821,23.721
23.768,23.768,0.112,0.041,23.817,23.705
23.802,23.802,0.044,0.015,23.823,23.779
23.791,23.791,0.108,0.039,23.829,23.721
23.78,23.78,0.112,0.038,23.827,23.715
23.808,23.808,0.08,0.021,23.83,23.75
23.776,23.776,0.106,0.034,23.827,23.721
23.804,23.804,0.05,0.015,23.82,23.77
23.78,23.78,0.111,0.039,23.83,23.719
23.796,23.796,0.099,0.026,23.829,23.73
23.802,23.802,0.098,0.027,23.831,23.733
23.793,23.793,0.099,0.025,23.824,23.725
23.776,23.776,0.104,0.04,23.82,23.716
23.802,23.802,0.088,0.029,23.83,23.742
23.799,23.799,0.096,0.04,23.833,23.737
23.803,23.803,0.087,0.025,23.833,23.746
23.809,23.809,0.109,0.028,23.839,23.73
23.803,23.803,0.124,0.041,23.838,23.714
23.816,23.816,0.113,0.03,23.841,23.728
23.82,23.82,0.104,0.029,23.854,23.75
23.772,23.772,0.113,0.045,23.821,23.708
23.811,23.811,0.102,0.027,23.838,23.736
23.617,23.617,0.102,0.032,23.652,23.55
23.614,23.614,0.136,0.044,23.659,23.523
23.628,23.628,0.097,0.026,23.669,23.572
23.604,23.604,0.128,0.042,23.661,23.533
23.626,23.626,0.091,0.026,23.661,23.57
23.608,23.609,0.126,0.039,23.649,23.523
23.633,23.633,0.04,0.014,23.651,23.611
23.633,23.633,0.103,0.027,23.673,23.57
23.627,23.627,0.122,0.031,23.665,23.543
23.612,23.612,0.097,0.034,23.653,23.556
23.613,23.613,0.123,0.044,23.649,23.526
23.626,23.626,0.107,0.029,23.654,23.547
23.638,23.638,0.114,0.029,23.667,23.553
23.629,23.629,0.081,0.021,23.652,23.571
23.615,23.615,0.11,0.037,23.657,23.547
23.64,23.64,0.033,0.011,23.659,23.626
23.616,23.616,0.115,0.041,23.65,23.535
23.635,23.635,0.089,0.024,23.662,23.573
23.613,23.613,0.123,0.04,23.67,23.547
23.627,23.627,0.098,0.032,23.662,23.564
23.639,23.639,0.105,0.028,23.678,23.573
23.639,23.639,0.116,0.042,23.671,23.555
23.656,23.656,0.05,0.014,23.683,23.633
23.659,23.659,0.088,0.025,23.677,23.589
23.669,23.669,0.102,0.027,23.697,23.595
23.641,23.641,0.106,0.034,23.678,23.572
23.632,23.632,0.128,0.043,23.68,23.552
23.638,23.638,0.12,0.045,23.685,23.565
23.636,23.636,0.096,0.039,23.676,23.58
23.639,23.639,0.132,0.041,23.699,23.567
23.65,23.65,0.119,0.04,23.689,23.57
23.631,23.631,0.112,0.041,23.685,23.573
23.655,23.655,0.088,0.029,23.687,23.599
23.648,23.649,0.093,0.025,23.68,23.587
23.658,23.658,0.081,0.023,23.678,23.597
23.644,23.644,0.121,0.041,23.688,23.567
23.66,23.66,0.092,0.025,23.682,23.59
23.633,23.633,0.1,0.04,23.677,23.577
23.667,23.667,0.035,0.01,23.683,23.648
23.667,23.667,0.031,0.012,23.683,23.652
23.649,23.649,0.114,0.039,23.698,23.584
23.65,23.65,0.121,0.038,23.706,23.585
23.668,23.668,0.104,0.035,23.7,23.596
23.676,23.676,0.079,0.027,23.702,23.623
23.665,23.665,0.127,0.039,23.711,23.584
23.64,23.64,0.116,0.043,23.699,23.583
23.666,23.666,0.116,0.038,23.721,23.605
23.663,23.663,0.093,0.035,23.698,23.605
23.687,23.687,0.045,0.014,23.706,23.661
23.661,23.661,0.101,0.031,23.711,23.61
23.664,23.664,0.112,0.039,23.704,23.592
23.665,23.665,0.123,0.036,23.714,23.591
23.668,23.668,0.105,0.03,23.692,23.587
23.64,23.64,0.093,0.035,23.689,23.596
23.674,23.674,0.11,0.029,23.702,23.592
23.636,23.636,0.105,0.039,23.685,23.58
23.65,23.65,0.117,0.045,23.701,23.584
23.656,23.657,0.096,0.035,23.693,23.597
23.649,23.649,0.109,0.042,23.695,23.586
23.657,23.657,0.111,0.042,23.703,23.592
23.673,23.673,0.101,0.036,23.705,23.604
23.689,23.689,0.075,0.027,23.713,23.638
23.653,23.653,0.104,0.042,23.698,23.594
23.682,23.682,0.1,0.032,23.711,23.611
23.674,23.674,0.104,0.039,23.717,23.613
23.683,23.683,0.083,0.026,23.714,23.631
23.672,23.672,0.117,0.041,23.717,23.6
23.68,23.68,0.102,0.033,23.719,23.617
23.687,23.687,0.085,0.029,23.719,23.634
23.669,23.669,0.115,0.038,23.731,23.616
23.681,23.681,0.12,0.038,23.732,23.612
23.657,23.657,0.096,0.035,23.712,23.616
23.665,23.665,0.091,0.036,23.705,23.614
23.65,23.65,0.122,0.048,23.713,23.591
23.656,23.656,0.103,0.037,23.698,23.595
23.679,23.679,0.091,0.034,23.714,23.623
23.686,23.686,0.118,0.035,23.725,23.607
23.661,23.661,0.116,0.044,23.728,23.612
23.667,23.668,0.12,0.04,23.719,23.599
23.672,23.672,0.107,0.037,23.721,23.614
23.663,23.663,0.101,0.038,23.71,23.609
23.682,23.682,0.117,0.045,23.725,23.608
23.686,23.686,0.09,0.035,23.73,23.64
23.683,23.683,0.105,0.041,23.737,23.632
23.667,23.667,0.095,0.035,23.71,23.615
23.676,23.676,0.096,0.035,23.716,23.62
23.671,23.671,0.097,0.037,23.71,23.613
23.691,23.691,0.04,0.015,23.707,23.667
23.668,23.668,0.113,0.038,23.717,23.604
23.676,23.676,0.123,0.048,23.724,23.601
23.664,23.664,0.104,0.038,23.71,23.606
23.684,23.685,0.107,0.037,23.712,23.605
23.657,23.657,0.108,0.045,23.714,23.606
23.668,23.668,0.131,0.048,23.729,23.598
23.667,23.667,0.139,0.045,23.718,23.579
23.682,23.682,0.111,0.032,23.724,23.613
23.684,23.685,0.109,0.04,23.714,23.605
23.7,23.7,0.128,0.034,23.741,23.613
23.682,23.682,0.121,0.046,23.735,23.614
23.696,23.696,0.097,0.036,23.735,23.638
23.664,23.664,0.127,0.052,23.718,23.591
23.679,23.679,0.138,0.049,23.725,23.587
23.654,23.654,0.152,0.06,23.726,23.574
23.652,23.652,0.135,0.053,23.728,23.593
23.672,23.672,0.109,0.041,23.712,23.603
23.676,23.676,0.14,0.049,23.722,23.582
23.645,23.645,0.114,0.042,23.692,23.578
23.674,23.674,0.13,0.035,23.71,23.58
23.651,23.651,0.124,0.046,23.702,23.578
23.664,23.664,0.127,0.042,23.709,23.582
23.69,23.69,0.117,0.033,23.715,23.598
23.688,23.688,0.136,0.033,23.74,23.604
23.676,23.677,0.055,0.018,23.712,23.657
23.675,23.675,0.087,0.023,23.695,23.608
23.662,23.662,0.1,0.032,23.705,23.605
23.661,23.661,0.124,0.033,23.69,23.566
23.658,23.658,0.091,0.026,23.695,23.604
23.637,23.637,0.134,0.043,23.691,23.557
23.631,23.631,0.088,0.036,23.668,23.58
23.632,23.632,0.116,0.04,23.681,23.565
23.649,23.649,0.111,0.028,23.682,23.571
23.641,23.641,0.108,0.036,23.678,23.57
23.644,23.644,0.09,0.025,23.664,23.574
23.636,23.636,0.125,0.04,23.677,23.552
23.631,23.631,0.121,0.039,23.669,23.548
23.652,23.652,0.071,0.02,23.676,23.605
23.658,23.658,0.105,0.036,23.69,23.585
23.65,23.65,0.106,0.032,23.689,23.583
23.645,23.645,0.115,0.029,23.683,23.568
23.632,23.632,0.123,0.043,23.695,23.572
23.636,23.636,0.138,0.041,23.699,23.561
23.638,23.638,0.11,0.042,23.673,23.563
23.631,23.631,0.123,0.042,23.677,23.554
23.646,23.646,0.104,0.034,23.675,23.571
23.638,23.638,0.113,0.038,23.674,23.561
23.638,23.638,0.09,0.028,23.662,23.572
23.62,23.62,0.147,0.049,23.691,23.544
23.628,23.628,0.107,0.039,23.679,23.572
23.628,23.628,0.099,0.038,23.665,23.566
23.611,23.611,0.11,0.038,23.663,23.553
23.609,23.609,0.095,0.036,23.652,23.557
23.627,23.627,0.11,0.028,23.664,23.554
23.647,23.647,0.04,0.011,23.668,23.628
23.611,23.611,0.09,0.035,23.65,23.56
23.61,23.61,0.109,0.036,23.646,23.537
23.589,23.589,0.127,0.045,23.665,23.538
23.627,23.627,0.115,0.034,23.672,23.557
23.625,23.625,0.099,0.031,23.663,23.564
23.633,23.633,0.127,0.035,23.67,23.543
23.634,23.634,0.113,0.038,23.662,23.549
23.635,23.635,0.098,0.033,23.665,23.567
23.614,23.614,0.112,0.05,23.661,23.549
23.611,23.611,0.097,0.038,23.663,23.566
23.627,23.627,0.111,0.037,23.659,23.548
23.635,23.635,0.095,0.032,23.663,23.568
23.62,23.62,0.118,0.043,23.667,23.549
23.613,23.613,0.122,0.041,23.651,23.529
23.618,23.618,0.118,0.045,23.665,23.547
23.613,23.613,0.107,0.042,23.663,23.556
23.599,23.599,0.118,0.041,23.651,23.533
23.6,23.6,0.106,0.043,23.654,23.548
23.615,23.615,0.082,0.031,23.648,23.566
23.628,23.628,0.106,0.033,23.671,23.565
23.614,23.614,0.106,0.038,23.674,23.568
23.614,23.614,0.106,0.039,23.667,23.561
23.614,23.614,0.124,0.044,23.676,23.552
23.614,23.614,0.098,0.036,23.665,23.567
23.639,23.639,0.082,0.022,23.661,23.579
23.605,23.605,0.093,0.032,23.663,23.57
23.615,23.615,0.086,0.031,23.651,23.565
23.634,23.634,0.079,0.025,23.66,23.581
23.624,23.624,0.097,0.032,23.655,23.558
23.637,23.637,0.094,0.025,23.671,23.577
23.62,23.621,0.108,0.033,23.673,23.565
23.617,23.617,0.092,0.033,23.668,23.576
23.622,23.622,0.121,0.035,23.667,23.546
23.629,23.629,0.079,0.026,23.655,23.576
23.644,23.644,0.043,0.015,23.667,23.624
23.63,23.63,0.105,0.033,23.658,23.553
23.624,23.624,0.103,0.033,23.661,23.558
23.601,23.601,0.116,0.042,23.659,23.543
23.607,23.607,0.122,0.042,23.678,23.556
23.633,23.633,0.105,0.029,23.673,23.568
23.619,23.619,0.109,0.037,23.672,23.563
23.628,23.628,0.115,0.031,23.666,23.551
23.614,23.614,0.116,0.037,23.656,23.54
23.641,23.641,0.08,0.024,23.676,23.596
23.61,23.61,0.092,0.03,23.653,23.561
23.608,23.608,0.093,0.037,23.645,23.552
23.614,23.614,0.101,0.04,23.655,23.554
23.627,23.627,0.089,0.028,23.657,23.568
23.635,23.635,0.107,0.03,23.661,23.554
23.615,23.615,0.112,0.04,23.66,23.548
23.628,23.628,0.111,0.044,23.673,23.562
23.606,23.606,0.099,0.033,23.656,23.557
23.629,23.629,0.118,0.033,23.674,23.556
23.605,23.605,0.099,0.034,23.651,23.552
23.626,23.626,0.133,0.035,23.672,23.539
23.622,23.622,0.121,0.041,23.669,23.548
23.627,23.627,0.132,0.043,23.677,23.545
23.597,23.597,0.119,0.04,23.661,23.542
23.621,23.621,0.1,0.028,23.661,23.561
23.601,23.601,0.115,0.038,23.662,23.547
23.61,23.611,0.089,0.035,23.645,23.556
23.627,23.627,0.114,0.03,23.659,23.545
23.588,23.588,0.086,0.032,23.634,23.548
23.607,23.607,0.113,0.039,23.657,23.544
23.6,23.6,0.107,0.039,23.656,23.549
23.583,23.583,0.102,0.035,23.637,23.535
23.607,23.607,0.111,0.037,23.651,23.54
23.604,23.604,0.098,0.04,23.665,23.567
23.598,23.598,0.121,0.041,23.653,23.532
23.585,23.585,0.111,0.039,23.66,23.549
23.622,23.622,0.114,0.03,23.657,23.543
23.607,23.607,0.123,0.039,23.653,23.53
23.582,23.582,0.098,0.035,23.643,23.545
23.613,23.613,0.1,0.034,23.644,23.544
23.595,23.595,0.098,0.035,23.645,23.547
23.604,23.604,0.12,0.04,23.655,23.535
23.587,23.587,0.104,0.037,23.646,23.542
23.612,23.612,0.103,0.032,23.642,23.539
23.598,23.598,0.106,0.037,23.651,23.545
23.599,23.599,0.116,0.04,23.645,23.529
23.604,23.604,0.101,0.034,23.637,23.536
23.615,23.615,0.117,0.033,23.648,23.531
23.601,23.601,0.108,0.034,23.65,23.542
23.612,23.612,0.098,0.031,23.645,23.547
23.601,23.601,0.093,0.032,23.638,23.545
23.613,23.613,0.112,0.035,23.647,23.535
23.627,23.627,0.106,0.027,23.663,23.557
23.607,23.607,0.097,0.027,23.636,23.539
23.601,23.601,0.105,0.038,23.652,23.547
23.621,23.621,0.1,0.028,23.652,23.552
23.592,23.592,0.11,0.039,23.646,23.536
23.619,23.619,0.109,0.029,23.649,23.54
23.603,23.603,0.095,0.034,23.642,23.547
23.596,23.597,0.128,0.051,23.653,23.525
23.589,23.589,0.097,0.037,23.63,23.533
23.575,23.575,0.103,0.04,23.634,23.531
23.575,23.575,0.127,0.048,23.634,23.507
23.577,23.577,0.087,0.034,23.625,23.538
23.588,23.588,0.098,0.037,23.63,23.532
23.577,23.577,0.108,0.039,23.622,23.514
23.579,23.579,0.103,0.038,23.614,23.511
23.574,23.575,0.126,0.048,23.637,23.511
23.591,23.591,0.106,0.039,23.629,23.523
23.58,23.58,0.109,0.04,23.618,23.509
23.586,23.586,0.095,0.04,23.626,23.531
23.601,23.601,0.111,0.036,23.647,23.536
23.591,23.591,0.108,0.044,23.632,23.524
23.592,23.592,0.118,0.035,23.642,23.524
23.593,23.593,0.131,0.036,23.644,23.513
23.59,23.59,0.107,0.032,23.629,23.522
23.592,23.593,0.126,0.044,23.646,23.52
23.585,23.585,0.115,0.047,23.635,23.52
23.571,23.571,0.117,0.038,23.631,23.514
23.57,23.57,0.128,0.042,23.628,23.5
23.597,23.597,0.027,0.009,23.609,23.582
23.595,23.595,0.031,0.01,23.614,23.583
23.582,23.582,0.105,0.033,23.614,23.509
23.569,23.569,0.107,0.037,23.616,23.509
23.591,23.591,0.104,0.034,23.629,23.525
23.576,23.577,0.099,0.035,23.61,23.511
23.56,23.56,0.122,0.044,23.614,23.492
23.584,23.584,0.108,0.036,23.615,23.507
23.584,23.584,0.119,0.035,23.621,23.502
23.588,23.588,0.109,0.028,23.623,23.514
23.584,23.584,0.102,0.037,23.625,23.523
23.585,23.585,0.093,0.032,23.611,23.518
23.579,23.58,0.1,0.036,23.622,23.522
23.569,23.57,0.117,0.039,23.622,23.505
23.569,23.569,0.102,0.038,23.609,23.507
23.527,23.527,0.109,0.041,23.6,23.491
23.596,23.596,0.042,0.011,23.614,23.572
23.585,23.585,0.104,0.027,23.616,23.512
23.589,23.589,0.044,0.012,23.605,23.561
23.566,23.566,0.1,0.036,23.596,23.496
23.576,23.576,0.102,0.031,23.606,23.504
23.58,23.58,0.097,0.026,23.602,23.505
23.575,23.575,0.092,0.026,23.606,23.514
23.59,23.59,0.062,0.018,23.618,23.556
23.561,23.561,0.101,0.04,23.605,23.504
23.585,23.585,0.138,0.038,23.625,23.487
23.585,23.585,0.13,0.035,23.618,23.488
23.573,23.574,0.123,0.041,23.636,23.513
23.591,23.591,0.091,0.027,23.617,23.526
23.574,23.574,0.118,0.032,23.605,23.487
23.572,23.572,0.12,0.036,23.622,23.502
23.567,23.567,0.137,0.048,23.617,23.48
23.583,23.583,0.103,0.029,23.608,23.505
23.579,23.579,0.12,0.039,23.613,23.493
23.572,23.572,0.113,0.039,23.604,23.491
23.568,23.568,0.123,0.044,23.619,23.496
23.571,23.571,0.144,0.053,23.625,23.481
23.576,23.576,0.139,0.046,23.621,23.482
23.562,23.562,0.147,0.06,23.624,23.477
23.58,23.58,0.11,0.028,23.615,23.505
23.569,23.569,0.11,0.04,23.617,23.507
23.572,23.572,0.12,0.039,23.617,23.497
23.577,23.577,0.13,0.046,23.621,23.491
23.582,23.583,0.102,0.033,23.613,23.511
23.567,23.567,0.141,0.047,23.612,23.471
23.548,23.548,0.133,0.051,23.617,23.484
23.58,23.58,0.11,0.035,23.614,23.504
23.582,23.582,0.108,0.037,23.611,23.503
23.56,23.56,0.109,0.046,23.612,23.503
23.572,23.572,0.096,0.033,23.604,23.508
23.574,23.574,0.14,0.043,23.617,23.477
23.57,23.57,0.111,0.041,23.608,23.497
23.579,23.579,0.111,0.036,23.629,23.518
23.589,23.59,0.1,0.028,23.608,23.508
23.576,23.576,0.124,0.043,23.623,23.499
23.58,23.58,0.095,0.034,23.613,23.518
23.573,23.573,0.109,0.041,23.613,23.504
23.581,23.581,0.121,0.038,23.627,23.506
23.572,23.572,0.109,0.037,23.607,23.498
23.583,23.583,0.102,0.027,23.614,23.512
23.564,23.564,0.103,0.038,23.604,23.501
23.564,23.564,0.118,0.045,23.611,23.493
23.567,23.567,0.123,0.047,23.618,23.495
23.579,23.579,0.101,0.03,23.612,23.511
23.559,23.559,0.106,0.038,23.611,23.505
23.593,23.593,0.036,0.011,23.607,23.571
23.586,23.586,0.064,0.017,23.608,23.544
23.59,23.59,0.028,0.01,23.604,23.576
23.572,23.573,0.108,0.042,23.613,23.505
23.594,23.594,0.11,0.031,23.625,23.515
23.598,23.598,0.091,0.025,23.622,23.531
23.585,23.585,0.095,0.036,23.627,23.532
23.563,23.563,0.112,0.042,23.617,23.505
23.588,23.588,0.101,0.036,23.617,23.516
23.598,23.599,0.032,0.01,23.612,23.58
23.592,23.592,0.105,0.029,23.615,23.51
23.591,23.591,0.093,0.025,23.617,23.524
23.592,23.592,0.101,0.029,23.621,23.52
23.586,23.586,0.075,0.021,23.608,23.533
23.588,23.588,0.108,0.035,23.628,23.52
23.59,23.59,0.08,0.022,23.61,23.53
23.599,23.599,0.031,0.01,23.615,23.584
23.595,23.595,0.033,0.009,23.613,23.58
23.592,23.592,0.077,0.024,23.62,23.543
23.581,23.581,0.1,0.032,23.614,23.514
23.579,23.579,0.101,0.034,23.611,23.51
23.581,23.581,0.109,0.031,23.634,23.525
23.586,23.586,0.107,0.03,23.614,23.507
23.601,23.601,0.033,0.01,23.615,23.582
23.574,23.575,0.098,0.036,23.612,23.514
23.607,23.607,0.052,0.013,23.64,23.588
23.585,23.585,0.105,0.037,23.613,23.508
23.597,23.597,0.107,0.027,23.628,23.521
23.6,23.6,0.058,0.016,23.638,23.58
23.593,23.593,0.078,0.02,23.622,23.544
23.592,23.592,0.094,0.025,23.616,23.522
23.603,23.603,0.028,0.008,23.617,23.589
23.58,23.58,0.109,0.04,23.629,23.52
23.598,23.598,0.119,0.031,23.638,23.519
23.587,23.587,0.119,0.035,23.631,23.512
23.604,23.604,0.101,0.028,23.633,23.532
23.594,23.594,0.107,0.031,23.628,23.521
23.604,23.604,0.096,0.033,23.636,23.54
23.6,23.6,0.12,0.035,23.639,23.519
23.595,23.595,0.086,0.028,23.63,23.544
23.617,23.617,0.032,0.01,23.634,23.602
23.59,23.59,0.111,0.035,23.624,23.513
23.605,23.605,0.131,0.035,23.642,23.511
23.605,23.605,0.119,0.033,23.63,23.511
23.613,23.613,0.067,0.02,23.632,23.565
23.609,23.609,0.065,0.017,23.628,23.563
23.621,23.621,0.103,0.029,23.65,23.547
23.618,23.618,0.039,0.01,23.638,23.599
23.602,23.602,0.087,0.022,23.635,23.548
23.628,23.628,0.045,0.012,23.652,23.607
23.607,23.607,0.105,0.031,23.646,23.541
23.618,23.618,0.106,0.028,23.644,23.538
23.618,23.618,0.115,0.031,23.642,23.527
23.61,23.61,0.116,0.036,23.656,23.54
23.593,23.593,0.115,0.042,23.64,23.525
23.614,23.614,0.073,0.02,23.634,23.561
23.628,23.628,0.11,0.029,23.656,23.546
23.629,23.629,0.041,0.012,23.65,23.609
23.617,23.617,0.105,0.028,23.65,23.545
23.633,23.633,0.049,0.015,23.66,23.611
23.622,23.622,0.119,0.03,23.659,23.54
23.623,23.623,0.067,0.019,23.65,23.583
23.614,23.614,0.108,0.033,23.647,23.539
23.632,23.632,0.034,0.01,23.647,23.613
23.628,23.629,0.111,0.029,23.658,23.547
23.64,23.64,0.039,0.012,23.665,23.626
23.631,23.631,0.047,0.014,23.661,23.614
23.646,23.647,0.032,0.011,23.662,23.63
23.647,23.647,0.032,0.011,23.658,23.626
23.633,23.633,0.105,0.034,23.66,23.555
23.635,23.635,0.035,0.011,23.651,23.616
23.635,23.635,0.095,0.027,23.658,23.563
23.634,23.634,0.072,0.018,23.662,23.59
23.637,23.637,0.041,0.012,23.656,23.615
23.643,23.643,0.024,0.008,23.657,23.633
23.634,23.634,0.015,0.004,23.64,23.625
23.638,23.638,0.021,0.006,23.646,23.625
23.633,23.633,0.044,0.012,23.651,23.607
23.64,23.64,0.023,0.008,23.649,23.626
23.649,23.649,0.039,0.013,23.669,23.63
23.65,23.65,0.031,0.009,23.664,23.633
23.648,23.648,0.088,0.023,23.678,23.59
23.648,23.648,0.038,0.011,23.666,23.628
23.654,23.654,0.034,0.01,23.672,23.638
23.652,23.652,0.047,0.013,23.674,23.627
23.654,23.655,0.025,0.008,23.668,23.643
23.663,23.663,0.045,0.014,23.682,23.637
23.652,23.652,0.044,0.013,23.673,23.629
23.653,23.653,0.127,0.033,23.685,23.558
23.643,23.643,0.116,0.032,23.672,23.556
23.664,23.664,0.035,0.011,23.681,23.646
23.647,23.647,0.088,0.024,23.667,23.579
23.662,23.662,0.034,0.01,23.68,23.646
23.663,23.663,0.047,0.015,23.689,23.642
23.667,23.667,0.037,0.011,23.689,23.652
23.67,23.671,0.029,0.01,23.685,23.656
23.681,23.681,0.036,0.01,23.697,23.661
23.678,23.678,0.033,0.01,23.693,23.66
23.679,23.679,0.038,0.011,23.702,23.664
23.68,23.68,0.085,0.023,23.701,23.616
23.687,23.687,0.037,0.012,23.699,23.662
23.683,23.683,0.041,0.012,23.699,23.658
23.688,23.688,0.109,0.03,23.771,23.662
23.68,23.68,0.049,0.014,23.707,23.658
23.709,23.709,0.11,0.035,23.779,23.669
23.691,23.692,0.093,0.025,23.755,23.662
23.687,23.687,0.046,0.014,23.712,23.666
23.687,23.687,0.056,0.016,23.722,23.666
23.713,23.713,0.117,0.037,23.792,23.675
23.688,23.688,0.044,0.013,23.711,23.667
23.687,23.687,0.048,0.016,23.71,23.662
23.695,23.695,0.059,0.017,23.722,23.663
23.702,23.702,0.053,0.015,23.733,23.68
23.7,23.7,0.019,0.005,23.709,23.69
23.704,23.704,0.048,0.014,23.727,23.679
23.7,23.7,0.032,0.011,23.718,23.686
23.7,23.7,0.052,0.017,23.726,23.674
23.713,23.713,0.099,0.027,23.79,23.691
23.707,23.707,0.041,0.012,23.722,23.681
23.719,23.719,0.09,0.025,23.784,23.694
23.704,23.704,0.04,0.012,23.724,23.684
23.714,23.714,0.037,0.011,23.731,23.694
23.736,23.736,0.135,0.041,23.828,23.693
23.721,23.721,0.103,0.027,23.793,23.69
23.722,23.722,0.028,0.009,23.737,23.709
23.718,23.718,0.045,0.012,23.738,23.693
23.73,23.73,0.094,0.028,23.795,23.701
23.722,23.723,0.038,0.013,23.736,23.698
23.734,23.735,0.097,0.031,23.806,23.709
23.736,23.736,0.071,0.019,23.766,23.695
23.728,23.728,0.031,0.01,23.744,23.713
23.731,23.731,0.033,0.009,23.74,23.707
23.752,23.752,0.104,0.039,23.822,23.718
23.742,23.743,0.086,0.023,23.803,23.717
23.742,23.742,0.096,0.027,23.818,23.722
23.744,23.744,0.1,0.03,23.81,23.71
23.756,23.756,0.074,0.02,23.811,23.737
23.752,23.752,0.12,0.036,23.828,23.708
23.746,23.746,0.105,0.028,23.82,23.715
23.75,23.75,0.022,0.007,23.76,23.738
23.755,23.755,0.039,0.013,23.77,23.731
23.762,23.762,0.111,0.034,23.832,23.721
23.755,23.755,0.121,0.037,23.837,23.716
23.745,23.745,0.106,0.028,23.826,23.72
23.737,23.737,0.028,0.011,23.754,23.726
23.746,23.746,0.031,0.011,23.76,23.729
23.742,23.742,0.038,0.013,23.761,23.723
23.744,23.744,0.04,0.015,23.761,23.721
23.752,23.752,0.1,0.026,23.82,23.72
23.744,23.744,0.036,0.01,23.756,23.72
23.772,23.772,0.1,0.039,23.833,23.733
23.754,23.754,0.028,0.01,23.769,23.741
23.747,23.747,0.03,0.01,23.76,23.73
23.755,23.755,0.036,0.012,23.771,23.735
23.759,23.759,0.107,0.029,23.84,23.733
23.766,23.766,0.032,0.011,23.784,23.752
23.773,23.773,0.105,0.037,23.848,23.743
23.751,23.751,0.06,0.017,23.793,23.733
23.765,23.765,0.103,0.028,23.843,23.74
23.764,23.764,0.11,0.028,23.846,23.736
23.76,23.76,0.094,0.026,23.831,23.737
23.776,23.776,0.112,0.033,23.851,23.739
23.772,23.772,0.097,0.027,23.852,23.755
23.785,23.785,0.101,0.032,23.854,23.753
23.779,23.779,0.084,0.026,23.838,23.754
23.768,23.768,0.081,0.021,23.821,23.74
23.78,23.78,0.12,0.036,23.854,23.734
23.765,23.765,0.041,0.014,23.784,23.743
23.784,23.784,0.11,0.032,23.85,23.74
23.77,23.77,0.108,0.029,23.853,23.745
23.786,23.786,0.105,0.036,23.864,23.759
23.784,23.784,0.082,0.022,23.85,23.768
23.783,23.783,0.057,0.015,23.822,23.765
23.8,23.8,0.1,0.036,23.865,23.765
23.781,23.781,0.034,0.01,23.793,23.759
23.792,23.792,0.124,0.033,23.885,23.761
23.778,23.778,0.024,0.008,23.789,23.765
23.792,23.792,0.108,0.029,23.873,23.765
23.803,23.803,0.111,0.042,23.881,23.77
23.783,23.783,0.093,0.026,23.857,23.764
23.792,23.792,0.115,0.03,23.879,23.764
23.798,23.799,0.037,0.011,23.815,23.778
23.798,23.798,0.025,0.007,23.809,23.784
23.769,23.77,0.275,0.081,23.802,23.527
23.534,23.534,0.03,0.009,23.548,23.518
23.751,23.751,0.265,0.098,23.811,23.546
23.702,23.702,0.284,0.129,23.82,23.536
23.551,23.552,0.07,0.02,23.598,23.528
23.547,23.547,0.102,0.033,23.622,23.52
23.552,23.552,0.095,0.031,23.612,23.517
23.558,23.558,0.104,0.035,23.636,23.532
23.548,23.548,0.117,0.033,23.637,23.52
23.554,23.554,0.092,0.029,23.612,23.52
23.561,23.561,0.105,0.037,23.622,23.517
23.563,23.563,0.106,0.042,23.621,23.515
23.538,23.538,0.089,0.023,23.597,23.508
23.55,23.55,0.11,0.034,23.628,23.518
23.552,23.553,0.116,0.037,23.625,23.509
23.544,23.544,0.095,0.025,23.612,23.517
23.557,23.557,0.114,0.031,23.647,23.533
23.555,23.555,0.086,0.022,23.611,23.525
23.589,23.589,0.106,0.042,23.651,23.545
23.559,23.559,0.107,0.027,23.631,23.524
23.555,23.555,0.094,0.024,23.613,23.519
23.563,23.563,0.088,0.025,23.632,23.544
23.577,23.577,0.109,0.038,23.637,23.528
23.554,23.555,0.032,0.008,23.567,23.535
23.563,23.563,0.12,0.033,23.659,23.539
23.567,23.567,0.109,0.031,23.655,23.546
23.552,23.552,0.029,0.009,23.566,23.537
23.564,23.564,0.102,0.028,23.642,23.54
23.569,23.569,0.106,0.032,23.639,23.533
23.569,23.569,0.094,0.026,23.644,23.55
23.593,23.593,0.112,0.045,23.649,23.537
23.568,23.568,0.036,0.011,23.589,23.553
23.564,23.564,0.086,0.023,23.626,23.54
23.582,23.582,0.105,0.034,23.657,23.552
23.582,23.582,0.119,0.037,23.668,23.549
23.57,23.571,0.029,0.01,23.581,23.552
23.582,23.582,0.114,0.033,23.659,23.545
23.567,23.567,0.041,0.013,23.588,23.547
23.572,23.572,0.12,0.03,23.655,23.535
23.591,23.591,0.107,0.043,23.656,23.549
23.586,23.586,0.101,0.026,23.66,23.559
23.586,23.586,0.113,0.033,23.672,23.559
23.608,23.608,0.099,0.038,23.663,23.564
23.598,23.598,0.102,0.032,23.666,23.564
23.576,23.576,0.045,0.013,23.597,23.552
23.593,23.593,0.132,0.033,23.686,23.554
23.61,23.61,0.106,0.041,23.667,23.561
23.603,23.603,0.095,0.034,23.67,23.575
23.586,23.586,0.036,0.01,23.604,23.568
23.61,23.61,0.103,0.037,23.669,23.566
23.607,23.607,0.109,0.038,23.687,23.578
23.601,23.601,0.031,0.009,23.618,23.587
23.608,23.608,0.128,0.042,23.678,23.55
23.607,23.607,0.1,0.039,23.672,23.572
23.615,23.615,0.106,0.029,23.676,23.57
23.596,23.596,0.055,0.017,23.623,23.568
23.598,23.598,0.123,0.031,23.682,23.559
23.617,23.617,0.112,0.037,23.689,23.577
23.601,23.601,0.12,0.037,23.673,23.553
23.627,23.627,0.119,0.039,23.702,23.583
23.599,23.599,0.09,0.024,23.664,23.574
23.611,23.611,0.094,0.024,23.68,23.586
23.602,23.602,0.039,0.01,23.627,23.588
23.606,23.606,0.047,0.015,23.633,23.586
23.616,23.616,0.123,0.031,23.692,23.569
23.611,23.611,0.107,0.028,23.692,23.585
23.6,23.6,0.049,0.016,23.619,23.57
23.612,23.612,0.094,0.026,23.678,23.584
23.624,23.624,0.108,0.043,23.693,23.585
23.624,23.624,0.088,0.028,23.687,23.599
23.612,23.612,0.102,0.027,23.678,23.576
23.622,23.622,0.106,0.029,23.706,23.6
23.617,23.617,0.099,0.028,23.695,23.596
23.625,23.625,0.102,0.028,23.697,23.595
23.636,23.636,0.108,0.034,23.694,23.586
23.626,23.627,0.102,0.027,23.704,23.602
23.628,23.628,0.098,0.031,23.69,23.592
23.624,23.624,0.104,0.029,23.696,23.592
23.633,23.633,0.112,0.039,23.708,23.596
23.619,23.619,0.117,0.032,23.71,23.593
23.648,23.648,0.128,0.044,23.725,23.597
23.612,23.612,0.031,0.011,23.627,23.596
23.637,23.637,0.112,0.037,23.719,23.607
23.612,23.612,0.051,0.014,23.642,23.591
23.634,23.634,0.124,0.038,23.709,23.585
23.612,23.612,0.097,0.027,23.688,23.591
23.616,23.616,0.078,0.021,23.663,23.585
23.627,23.627,0.051,0.014,23.662,23.611
23.648,23.648,0.103,0.039,23.706,23.603
23.63,23.63,0.122,0.035,23.709,23.587
23.631,23.631,0.109,0.032,23.7,23.591
23.625,23.625,0.099,0.032,23.685,23.586
23.64,23.64,0.103,0.038,23.708,23.605
23.627,23.627,0.074,0.02,23.681,23.607
23.622,23.622,0.093,0.026,23.692,23.599
23.631,23.631,0.117,0.034,23.71,23.593
23.63,23.63,0.095,0.031,23.701,23.606
23.622,23.622,0.087,0.024,23.69,23.603
23.62,23.62,0.044,0.012,23.642,23.598
23.632,23.632,0.095,0.029,23.7,23.605
23.623,23.623,0.098,0.036,23.694,23.596
23.621,23.621,0.081,0.022,23.683,23.602
23.631,23.631,0.101,0.027,23.701,23.6
23.629,23.629,0.095,0.025,23.7,23.605
23.65,23.65,0.104,0.038,23.714,23.61
23.652,23.652,0.1,0.038,23.708,23.608
23.629,23.629,0.095,0.026,23.698,23.603
23.643,23.643,0.124,0.039,23.732,23.608
23.639,23.639,0.107,0.038,23.712,23.605
23.626,23.626,0.099,0.025,23.694,23.595
23.622,23.622,0.035,0.012,23.639,23.604
23.651,23.651,0.103,0.04,23.712,23.609
23.647,23.647,0.093,0.033,23.718,23.625
23.624,23.624,0.044,0.013,23.644,23.6
23.642,23.642,0.106,0.04,23.721,23.615
23.65,23.65,0.105,0.038,23.713,23.608
23.634,23.634,0.087,0.023,23.699,23.612
23.664,23.664,0.099,0.037,23.723,23.624
23.625,23.625,0.034,0.009,23.642,23.608
23.64,23.641,0.104,0.029,23.726,23.622
23.648,23.648,0.108,0.036,23.718,23.61
23.664,23.664,0.118,0.042,23.721,23.603
23.651,23.651,0.12,0.04,23.728,23.608
23.652,23.652,0.111,0.034,23.726,23.615
23.645,23.645,0.099,0.032,23.712,23.613
23.654,23.654,0.103,0.031,23.725,23.622
23.639,23.639,0.045,0.013,23.661,23.616
23.648,23.648,0.086,0.025,23.712,23.626
23.641,23.641,0.05,0.015,23.675,23.625
23.643,23.643,0.026,0.008,23.653,23.627
23.656,23.656,0.09,0.025,23.728,23.638
23.653,23.653,0.111,0.03,23.732,23.621
23.656,23.656,0.119,0.039,23.737,23.618
23.648,23.648,0.062,0.019,23.683,23.621
23.649,23.649,0.031,0.009,23.668,23.637
23.662,23.662,0.121,0.039,23.746,23.625
23.66,23.66,0.105,0.039,23.738,23.633
23.665,23.665,0.101,0.032,23.729,23.628
23.664,23.664,0.106,0.033,23.737,23.631
23.65,23.65,0.124,0.034,23.745,23.621
23.657,23.657,0.112,0.031,23.733,23.621
23.658,23.658,0.114,0.032,23.743,23.629
23.679,23.679,0.115,0.038,23.745,23.63
23.669,23.669,0.104,0.039,23.734,23.63
23.657,23.657,0.109,0.029,23.741,23.632
23.663,23.663,0.099,0.028,23.743,23.644
23.652,23.652,0.081,0.022,23.708,23.627
23.67,23.67,0.106,0.031,23.746,23.64
23.68,23.68,0.09,0.039,23.733,23.643
23.652,23.652,0.114,0.03,23.737,23.623
23.656,23.656,0.093,0.025,23.728,23.635
23.656,23.656,0.1,0.028,23.738,23.638
23.666,23.666,0.126,0.036,23.759,23.633
23.668,23.668,0.098,0.035,23.731,23.633
23.697,23.697,0.113,0.04,23.748,23.635
23.678,23.678,0.084,0.022,23.735,23.651
23.677,23.677,0.124,0.047,23.751,23.627
23.652,23.653,0.096,0.025,23.721,23.625
23.672,23.672,0.124,0.045,23.75,23.626
23.671,23.671,0.116,0.038,23.75,23.634
23.648,23.648,0.115,0.032,23.73,23.615
23.654,23.654,0.03,0.009,23.671,23.641
23.648,23.648,0.03,0.01,23.665,23.635
23.648,23.648,0.037,0.01,23.665,23.628
23.67,23.67,0.1,0.032,23.739,23.639
23.643,23.643,0.04,0.012,23.667,23.627
23.656,23.656,0.11,0.029,23.742,23.632
23.649,23.649,0.105,0.028,23.725,23.62
23.669,23.669,0.101,0.04,23.734,23.633
23.657,23.657,0.092,0.024,23.725,23.633
23.678,23.678,0.102,0.037,23.738,23.636
23.655,23.655,0.107,0.036,23.729,23.622
23.642,23.642,0.098,0.023,23.699,23.601
23.64,23.64,0.05,0.013,23.667,23.617
23.653,23.653,0.121,0.036,23.726,23.605
23.626,23.626,0.024,0.008,23.636,23.612
23.64,23.64,0.103,0.028,23.713,23.61
23.629,23.629,0.088,0.023,23.692,23.604
23.625,23.625,0.038,0.011,23.644,23.606
23.628,23.628,0.111,0.03,23.712,23.601
23.621,23.621,0.073,0.02,23.676,23.603
23.616,23.616,0.026,0.008,23.632,23.606
23.633,23.633,0.083,0.024,23.697,23.614
23.62,23.62,0.03,0.01,23.636,23.606
23.617,23.617,0.114,0.031,23.695,23.581
23.611,23.611,0.12,0.044,23.699,23.579
23.59,23.591,0.05,0.015,23.615,23.565
23.592,23.592,0.051,0.015,23.612,23.561
23.603,23.603,0.115,0.041,23.686,23.571
23.603,23.603,0.115,0.037,23.684,23.569
23.576,23.576,0.046,0.014,23.602,23.556
23.574,23.574,0.058,0.015,23.609,23.551
23.569,23.569,0.038,0.011,23.587,23.549
23.579,23.579,0.115,0.036,23.659,23.544
23.551,23.551,0.04,0.012,23.565,23.525
23.56,23.56,0.097,0.025,23.627,23.53
23.56,23.56,0.104,0.032,23.629,23.525
23.561,23.561,0.111,0.029,23.641,23.53
23.57,23.57,0.036,0.011,23.585,23.549
23.575,23.575,0.036,0.01,23.594,23.558
23.559,23.559,0.04,0.012,23.58,23.54
23.555,23.555,0.036,0.011,23.577,23.541
23.548,23.548,0.035,0.012,23.568,23.533
23.546,23.546,0.093,0.026,23.612,23.519
23.55,23.55,0.095,0.025,23.621,23.526
23.798,23.799,0.043,0.014,23.821,23.778
23.807,23.807,0.121,0.032,23.892,23.771
23.794,23.794,0.035,0.01,23.816,23.781
23.789,23.789,0.028,0.008,23.801,23.773
23.776,23.776,0.029,0.009,23.788,23.759
23.79,23.79,0.099,0.025,23.86,23.761
23.774,23.774,0.03,0.008,23.787,23.757
23.773,23.773,0.032,0.01,23.786,23.754
23.768,23.768,0.035,0.01,23.783,23.748
23.773,23.773,0.093,0.026,23.849,23.756
23.759,23.76,0.033,0.009,23.773,23.74
23.757,23.757,0.032,0.012,23.774,23.742
23.759,23.759,0.032,0.01,23.774,23.742
23.752,23.752,0.029,0.008,23.764,23.735
23.752,23.753,0.028,0.008,23.767,23.739
23.751,23.751,0.026,0.007,23.765,23.739
23.751,23.751,0.042,0.013,23.771,23.729
23.744,23.744,0.042,0.013,23.762,23.72
23.73,23.73,0.039,0.012,23.755,23.716
23.724,23.724,0.076,0.022,23.743,23.667
23.733,23.733,0.047,0.016,23.758,23.711
23.732,23.732,0.023,0.006,23.744,23.721
23.724,23.724,0.04,0.011,23.743,23.703
23.731,23.731,0.027,0.008,23.744,23.717
23.719,23.719,0.022,0.007,23.731,23.709
23.734,23.734,0.038,0.013,23.753,23.715
23.721,23.721,0.104,0.028,23.746,23.642
23.724,23.724,0.025,0.009,23.737,23.712
23.728,23.728,0.036,0.012,23.743,23.707
23.729,23.729,0.044,0.013,23.746,23.702
23.716,23.716,0.058,0.015,23.745,23.687
23.708,23.708,0.14,0.035,23.749,23.609
23.707,23.707,0.104,0.028,23.732,23.628
23.714,23.714,0.044,0.012,23.733,23.689
23.702,23.702,0.082,0.023,23.718,23.636
23.701,23.702,0.024,0.008,23.71,23.686
23.704,23.704,0.037,0.012,23.722,23.685
23.7,23.7,0.017,0.006,23.706,23.689
23.704,23.704,0.042,0.011,23.725,23.683
23.687,23.687,0.125,0.033,23.72,23.595
23.694,23.694,0.041,0.014,23.714,23.673
23.679,23.679,0.086,0.024,23.695,23.609
23.691,23.691,0.032,0.011,23.703,23.671
23.689,23.689,0.029,0.01,23.705,23.676
23.692,23.692,0.036,0.011,23.712,23.676
23.678,23.678,0.041,0.012,23.7,23.659
23.673,23.673,0.027,0.009,23.687,23.66
23.679,23.679,0.033,0.009,23.699,23.666
23.673,23.673,0.02,0.006,23.684,23.664
23.675,23.675,0.038,0.013,23.692,23.654
23.673,23.673,0.023,0.007,23.685,23.662
23.668,23.668,0.031,0.009,23.683,23.652
23.658,23.658,0.107,0.029,23.682,23.575
23.662,23.662,0.096,0.026,23.688,23.592
23.665,23.665,0.113,0.03,23.69,23.577
23.675,23.675,0.025,0.008,23.689,23.664
23.676,23.676,0.041,0.012,23.694,23.653
23.658,23.658,0.09,0.026,23.677,23.587
23.663,23.663,0.092,0.026,23.684,23.592
23.655,23.655,0.097,0.027,23.679,23.582
23.667,23.668,0.027,0.009,23.68,23.653
23.661,23.661,0.029,0.01,23.678,23.649
23.661,23.661,0.118,0.031,23.695,23.577
23.663,23.663,0.04,0.012,23.685,23.645
23.657,23.657,0.031,0.01,23.671,23.64
23.661,23.661,0.035,0.011,23.681,23.646
23.658,23.658,0.06,0.018,23.672,23.612
23.659,23.659,0.043,0.013,23.672,23.629
23.643,23.643,0.111,0.038,23.672,23.561
23.655,23.655,0.117,0.041,23.683,23.566
23.655,23.655,0.035,0.011,23.676,23.641
23.646,23.646,0.099,0.027,23.669,23.57
23.661,23.661,0.035,0.01,23.678,23.643
23.632,23.632,0.122,0.038,23.669,23.547
23.647,23.647,0.099,0.028,23.67,23.571
23.653,23.653,0.074,0.02,23.67,23.596
23.664,23.664,0.044,0.012,23.689,23.645
23.664,23.664,0.058,0.016,23.703,23.645
23.658,23.658,0.095,0.026,23.684,23.589
23.663,23.663,0.049,0.016,23.684,23.635
23.65,23.65,0.078,0.021,23.683,23.605
23.653,23.653,0.076,0.023,23.674,23.598
23.638,23.638,0.093,0.034,23.667,23.574
23.646,23.646,0.099,0.026,23.68,23.581
23.651,23.651,0.086,0.024,23.673,23.587
23.656,23.656,0.02,0.006,23.666,23.646
23.645,23.645,0.103,0.027,23.67,23.567
23.649,23.649,0.058,0.014,23.673,23.615
23.643,23.643,0.111,0.029,23.676,23.565
23.646,23.646,0.109,0.029,23.669,23.56
23.641,23.641,0.084,0.024,23.657,23.573
23.644,23.644,0.024,0.006,23.653,23.629
23.638,23.638,0.032,0.012,23.656,23.624
23.643,23.643,0.074,0.02,23.669,23.595
23.633,23.633,0.097,0.026,23.656,23.559
23.636,23.636,0.033,0.012,23.656,23.623
23.645,23.645,0.071,0.019,23.671,23.6
23.646,23.646,0.041,0.012,23.668,23.627
23.637,23.637,0.03,0.008,23.656,23.626
23.642,23.642,0.03,0.009,23.659,23.629
23.642,23.642,0.035,0.01,23.661,23.626
23.647,23.647,0.027,0.009,23.663,23.636
23.634,23.634,0.048,0.014,23.667,23.619
23.632,23.632,0.03,0.011,23.649,23.619
23.636,23.636,0.046,0.014,23.648,23.602
23.637,23.637,0.032,0.009,23.656,23.624
23.638,23.638,0.032,0.009,23.652,23.62
23.64,23.64,0.034,0.011,23.658,23.624
23.642,23.642,0.035,0.014,23.661,23.626
23.648,23.648,0.049,0.015,23.673,23.624
23.646,23.647,0.041,0.012,23.664,23.623
23.647,23.647,0.031,0.01,23.662,23.631
23.654,23.654,0.037,0.012,23.673,23.636
23.647,23.647,0.038,0.012,23.671,23.633
23.646,23.646,0.05,0.015,23.671,23.621
23.635,23.635,0.116,0.032,23.659,23.543
23.644,23.644,0.036,0.011,23.667,23.631
23.641,23.641,0.052,0.014,23.668,23.616
23.646,23.646,0.046,0.013,23.672,23.626
23.643,23.643,0.043,0.013,23.668,23.625
23.642,23.642,0.025,0.006,23.656,23.631
23.642,23.642,0.033,0.01,23.659,23.626
23.636,23.636,0.035,0.012,23.652,23.617
23.645,23.645,0.037,0.014,23.663,23.626
23.643,23.643,0.052,0.017,23.666,23.614
23.648,23.648,0.064,0.016,23.679,23.615
23.64,23.64,0.037,0.01,23.66,23.623
23.633,23.633,0.031,0.01,23.649,23.618
23.647,23.647,0.041,0.012,23.668,23.627
23.643,23.643,0.052,0.016,23.668,23.616
23.634,23.634,0.04,0.01,23.65,23.61
23.632,23.632,0.026,0.008,23.648,23.622
23.644,23.645,0.1,0.029,23.728,23.628
23.643,23.643,0.025,0.006,23.657,23.632
23.632,23.632,0.027,0.008,23.647,23.62
23.637,23.637,0.029,0.008,23.655,23.626
23.638,23.638,0.037,0.009,23.656,23.619
23.636,23.636,0.026,0.008,23.653,23.627
23.633,23.633,0.039,0.012,23.652,23.613
23.639,23.639,0.029,0.009,23.649,23.62
23.634,23.634,0.038,0.013,23.657,23.619
23.625,23.625,0.037,0.01,23.643,23.606
23.623,23.623,0.035,0.012,23.645,23.61
23.638,23.638,0.119,0.034,23.729,23.61
23.635,23.635,0.035,0.011,23.649,23.614
23.639,23.639,0.025,0.008,23.651,23.626
23.64,23.64,0.031,0.009,23.653,23.622
23.643,23.643,0.097,0.027,23.722,23.625
23.629,23.629,0.042,0.012,23.649,23.607
23.638,23.638,0.033,0.011,23.655,23.622
23.64,23.64,0.039,0.012,23.663,23.624
23.64,23.64,0.024,0.008,23.65,23.626
23.637,23.637,0.022,0.007,23.65,23.628
23.644,23.644,0.036,0.012,23.662,23.626
23.637,23.637,0.044,0.014,23.656,23.612
23.64,23.64,0.058,0.017,23.67,23.612
23.637,23.637,0.047,0.011,23.662,23.615
23.637,23.637,0.083,0.025,23.693,23.61
23.633,23.633,0.042,0.014,23.65,23.608
23.664,23.664,0.118,0.045,23.738,23.62
23.638,23.638,0.049,0.015,23.663,23.614
23.635,23.635,0.038,0.011,23.651,23.613
23.638,23.638,0.049,0.017,23.658,23.609
23.639,23.639,0.047,0.013,23.658,23.611
23.639,23.639,0.06,0.018,23.668,23.608
23.644,23.644,0.115,0.033,23.741,23.626
23.637,23.637,0.048,0.016,23.66,23.612
23.647,23.647,0.095,0.026,23.72,23.625
23.632,23.632,0.031,0.009,23.646,23.615
23.64,23.64,0.042,0.015,23.659,23.617
23.638,23.638,0.05,0.014,23.669,23.619
23.635,23.635,0.041,0.014,23.658,23.617
23.632,23.632,0.026,0.007,23.64,23.614
23.629,23.629,0.038,0.011,23.647,23.609
23.649,23.649,0.122,0.039,23.74,23.618
23.628,23.628,0.028,0.009,23.643,23.615
23.627,23.627,0.115,0.032,23.72,23.605
23.627,23.627,0.021,0.008,23.635,23.614
23.633,23.633,0.041,0.013,23.657,23.616
23.655,23.655,0.046,0.016,23.68,23.634
23.652,23.652,0.034,0.011,23.668,23.634
23.634,23.634,0.031,0.01,23.651,23.62
23.631,23.631,0.077,0.02,23.651,23.574
23.64,23.64,0.025,0.009,23.653,23.628
23.631,23.631,0.049,0.015,23.659,23.61
23.622,23.622,0.05,0.016,23.647,23.597
23.619,23.619,0.041,0.014,23.64,23.599
23.617,23.617,0.032,0.011,23.63,23.598
23.609,23.609,0.097,0.028,23.631,23.534
23.612,23.612,0.043,0.012,23.628,23.585
23.61,23.61,0.03,0.01,23.624,23.594
23.611,23.611,0.025,0.009,23.621,23.596
23.641,23.641,0.043,0.013,23.662,23.619
23.624,23.624,0.035,0.012,23.643,23.608
23.614,23.614,0.056,0.016,23.639,23.583
23.606,23.606,0.036,0.012,23.619,23.583
23.607,23.607,0.049,0.015,23.629,23.58
23.593,23.593,0.13,0.04,23.632,23.502
23.593,23.593,0.09,0.026,23.613,23.523
23.596,23.596,0.141,0.036,23.638,23.497
23.573,23.573,0.126,0.039,23.617,23.491
23.581,23.581,0.091,0.025,23.604,23.513
23.578,23.579,0.1,0.028,23.602,23.502
23.576,23.576,0.027,0.008,23.59,23.563
23.574,23.574,0.035,0.01,23.595,23.56
23.576,23.576,0.055,0.015,23.598,23.543
23.571,23.572,0.031,0.01,23.584,23.553
23.575,23.575,0.041,0.013,23.594,23.553
23.571,23.571,0.062,0.018,23.59,23.528
23.589,23.589,0.055,0.016,23.616,23.561
23.568,23.568,0.039,0.011,23.586,23.547
23.559,23.559,0.057,0.017,23.58,23.523
23.555,23.555,0.037,0.012,23.572,23.535
23.552,23.552,0.056,0.017,23.58,23.524
23.537,23.537,0.108,0.027,23.582,23.474
23.547,23.547,0.027,0.008,23.56,23.533
23.54,23.54,0.069,0.019,23.584,23.515
23.549,23.549,0.03,0.01,23.564,23.534
23.545,23.545,0.049,0.013,23.565,23.516
23.53,23.531,0.039,0.011,23.549,23.51
23.533,23.533,0.04,0.012,23.553,23.513
23.525,23.525,0.075,0.02,23.546,23.471
23.534,23.534,0.027,0.009,23.546,23.519
23.522,23.522,0.029,0.009,23.536,23.507
23.522,23.522,0.05,0.014,23.544,23.494
23.506,23.506,0.118,0.032,23.544,23.426
23.513,23.513,0.023,0.007,23.528,23.505
23.507,23.507,0.107,0.029,23.536,23.429
23.488,23.488,0.107,0.032,23.531,23.424
23.608,23.608,0.274,0.104,23.713,23.439
23.693,23.693,0.037,0.013,23.714,23.677
23.697,23.697,0.048,0.014,23.73,23.682
23.681,23.681,0.096,0.026,23.7,23.604
23.701,23.701,0.117,0.033,23.73,23.613
23.684,23.684,0.099,0.033,23.711,23.612
23.683,23.683,0.106,0.03,23.713,23.607
23.674,23.674,0.094,0.025,23.701,23.607
23.679,23.679,0.111,0.031,23.712,23.601
23.664,23.664,0.144,0.044,23.698,23.554
23.657,23.657,0.109,0.039,23.686,23.577
23.664,23.664,0.084,0.025,23.689,23.605
23.667,23.667,0.074,0.02,23.699,23.625
23.671,23.671,0.04,0.011,23.692,23.652
23.665,23.665,0.031,0.012,23.679,23.648
23.649,23.649,0.131,0.04,23.682,23.551
23.635,23.635,0.115,0.041,23.674,23.559
23.646,23.646,0.105,0.028,23.671,23.566
23.624,23.624,0.09,0.027,23.646,23.556
23.626,23.626,0.109,0.031,23.671,23.562
23.624,23.624,0.113,0.028,23.659,23.546
23.602,23.602,0.095,0.034,23.639,23.544
23.618,23.619,0.111,0.029,23.646,23.535
23.61,23.611,0.071,0.022,23.629,23.558
23.612,23.612,0.086,0.024,23.635,23.549
23.625,23.625,0.041,0.011,23.638,23.597
23.595,23.595,0.081,0.028,23.617,23.536
23.593,23.593,0.139,0.054,23.643,23.504
23.621,23.621,0.119,0.03,23.656,23.537
23.607,23.607,0.095,0.027,23.635,23.54
23.582,23.583,0.113,0.034,23.622,23.509
23.604,23.604,0.095,0.026,23.632,23.537
23.587,23.587,0.054,0.014,23.602,23.548
23.568,23.568,0.127,0.044,23.608,23.481
23.578,23.579,0.101,0.025,23.615,23.514
23.576,23.576,0.13,0.033,23.616,23.486
23.559,23.559,0.108,0.032,23.591,23.483
23.538,23.538,0.12,0.037,23.582,23.462
23.544,23.544,0.121,0.034,23.566,23.445
23.545,23.545,0.141,0.038,23.577,23.436
23.548,23.548,0.132,0.032,23.592,23.46
23.523,23.523,0.152,0.052,23.57,23.418
23.542,23.542,0.15,0.04,23.579,23.429
23.541,23.541,0.042,0.013,23.556,23.514
23.523,23.523,0.102,0.027,23.555,23.453
23.505,23.505,0.128,0.042,23.545,23.417
23.517,23.517,0.123,0.044,23.554,23.431
23.545,23.545,0.053,0.016,23.578,23.525
23.542,23.542,0.059,0.016,23.559,23.5
23.527,23.527,0.037,0.01,23.54,23.503
23.509,23.509,0.102,0.027,23.536,23.434
23.512,23.512,0.036,0.012,23.527,23.491
23.506,23.506,0.035,0.01,23.522,23.487
23.503,23.503,0.034,0.01,23.517,23.483
23.495,23.495,0.042,0.014,23.518,23.476
23.496,23.496,0.055,0.017,23.519,23.464
23.494,23.494,0.035,0.012,23.51,23.475
23.477,23.477,0.107,0.028,23.503,23.396
23.475,23.475,0.085,0.023,23.499,23.414
23.473,23.474,0.045,0.013,23.495,23.45
23.476,23.477,0.028,0.009,23.487,23.459
23.482,23.482,0.022,0.008,23.492,23.47
23.467,23.467,0.035,0.013,23.482,23.447
23.479,23.479,0.03,0.011,23.494,23.464
23.473,23.473,0.097,0.026,23.497,23.4
23.494,23.494,0.035,0.01,23.508,23.473
23.468,23.468,0.1,0.028,23.503,23.403
23.467,23.467,0.035,0.01,23.487,23.452
23.468,23.468,0.101,0.027,23.498,23.397
23.465,23.465,0.061,0.015,23.493,23.432
23.469,23.469,0.082,0.022,23.495,23.413
23.46,23.46,0.039,0.013,23.481,23.442
23.463,23.463,0.042,0.014,23.489,23.447
23.45,23.45,0.101,0.031,23.482,23.381
23.458,23.458,0.135,0.036,23.497,23.362
23.449,23.449,0.048,0.016,23.481,23.433
23.455,23.455,0.035,0.01,23.476,23.441
23.449,23.449,0.039,0.012,23.464,23.425
23.456,23.456,0.045,0.012,23.484,23.439
23.443,23.443,0.042,0.012,23.458,23.416
23.521,23.521,0.269,0.093,23.631,23.362
23.575,23.575,0.225,0.08,23.635,23.41
23.442,23.442,0.054,0.016,23.463,23.409
23.452,23.452,0.053,0.016,23.486,23.433
23.57,23.571,0.193,0.08,23.635,23.442
23.598,23.598,0.047,0.013,23.625,23.578
23.613,23.613,0.041,0.012,23.637,23.596
23.602,23.602,0.095,0.026,23.626,23.531
23.605,23.605,0.094,0.025,23.629,23.535
23.597,23.597,0.029,0.009,23.61,23.581
23.6,23.6,0.079,0.022,23.618,23.539
23.599,23.599,0.048,0.014,23.628,23.58
23.591,23.591,0.129,0.033,23.63,23.501
23.589,23.59,0.114,0.036,23.631,23.517
23.596,23.596,0.032,0.011,23.612,23.58
23.583,23.583,0.111,0.03,23.616,23.505
23.595,23.595,0.02,0.006,23.604,23.584
23.584,23.584,0.038,0.01,23.6,23.562
23.589,23.589,0.113,0.03,23.615,23.502
23.59,23.59,0.053,0.016,23.618,23.565
23.582,23.582,0.052,0.015,23.606,23.554
23.587,23.587,0.049,0.015,23.617,23.568
23.574,23.574,0.121,0.034,23.598,23.477
23.579,23.579,0.036,0.012,23.601,23.565
23.581,23.581,0.046,0.015,23.604,23.558
23.566,23.566,0.12,0.031,23.599,23.479
23.576,23.576,0.03,0.009,23.594,23.564
23.583,23.583,0.041,0.014,23.596,23.555
23.577,23.577,0.116,0.029,23.612,23.496
23.569,23.569,0.112,0.03,23.599,23.487
23.584,23.584,0.049,0.014,23.604,23.555
23.582,23.582,0.042,0.011,23.607,23.565
23.575,23.575,0.029,0.01,23.592,23.563
23.591,23.591,0.05,0.015,23.618,23.568
23.585,23.585,0.041,0.013,23.605,23.564
23.582,23.582,0.052,0.015,23.609,23.557
23.572,23.572,0.114,0.031,23.601,23.487
23.582,23.583,0.027,0.01,23.594,23.567
23.578,23.578,0.036,0.012,23.594,23.558
23.573,23.573,0.035,0.01,23.591,23.556
23.553,23.553,0.104,0.036,23.588,23.484
23.573,23.573,0.03,0.009,23.59,23.56
23.574,23.574,0.047,0.014,23.604,23.557
23.569,23.569,0.027,0.008,23.584,23.557
23.564,23.564,0.037,0.011,23.585,23.548
23.55,23.551,0.125,0.037,23.596,23.471
23.558,23.558,0.042,0.013,23.579,23.537
23.572,23.572,0.042,0.012,23.589,23.547
23.567,23.567,0.122,0.032,23.596,23.474
23.549,23.549,0.114,0.034,23.58,23.466
23.562,23.562,0.044,0.012,23.591,23.547
23.552,23.552,0.112,0.029,23.581,23.469
23.561,23.561,0.042,0.013,23.581,23.539
23.571,23.571,0.032,0.01,23.588,23.556
23.559,23.559,0.124,0.036,23.6,23.476
23.578,23.578,0.035,0.012,23.593,23.558
23.565,23.565,0.127,0.033,23.6,23.473
23.564,23.564,0.09,0.029,23.599,23.509
23.566,23.566,0.105,0.028,23.596,23.491
23.569,23.569,0.032,0.011,23.584,23.552
23.569,23.569,0.044,0.014,23.594,23.55
23.578,23.578,0.048,0.015,23.6,23.552
23.56,23.561,0.023,0.008,23.572,23.549
23.559,23.559,0.104,0.027,23.587,23.483
23.562,23.562,0.053,0.016,23.591,23.538
23.572,23.572,0.04,0.011,23.586,23.546
23.568,23.568,0.126,0.031,23.607,23.481
23.559,23.559,0.027,0.009,23.574,23.547
23.566,23.566,0.055,0.018,23.592,23.537
23.565,23.565,0.128,0.035,23.601,23.473
23.562,23.562,0.138,0.037,23.593,23.455
23.578,23.578,0.058,0.021,23.608,23.55
23.583,23.583,0.053,0.014,23.616,23.563
23.545,23.545,0.143,0.046,23.599,23.456
23.577,23.577,0.059,0.018,23.605,23.546
23.583,23.583,0.065,0.017,23.609,23.544
23.566,23.566,0.138,0.038,23.599,23.461
23.566,23.566,0.146,0.044,23.625,23.479
23.565,23.565,0.106,0.032,23.588,23.482
23.559,23.559,0.127,0.047,23.604,23.477
23.551,23.552,0.128,0.045,23.588,23.46
23.585,23.585,0.029,0.009,23.601,23.572
23.564,23.564,0.123,0.033,23.605,23.482
23.561,23.561,0.11,0.031,23.585,23.475
23.558,23.558,0.075,0.024,23.586,23.511
23.58,23.58,0.021,0.006,23.593,23.572
23.552,23.552,0.116,0.032,23.578,23.462
23.561,23.561,0.044,0.013,23.581,23.537
23.58,23.58,0.026,0.008,23.594,23.568
23.556,23.557,0.132,0.046,23.598,23.466
23.557,23.557,0.117,0.032,23.581,23.464
23.578,23.578,0.044,0.013,23.604,23.56
23.562,23.562,0.128,0.043,23.598,23.47
23.555,23.555,0.116,0.04,23.599,23.483
23.558,23.558,0.131,0.041,23.604,23.473
23.578,23.578,0.074,0.02,23.618,23.544
23.584,23.584,0.106,0.031,23.61,23.504
23.583,23.583,0.093,0.026,23.607,23.514
23.571,23.571,0.096,0.025,23.596,23.5
23.574,23.574,0.111,0.035,23.608,23.497
23.585,23.585,0.09,0.025,23.61,23.52
23.563,23.564,0.106,0.04,23.605,23.499
23.576,23.576,0.079,0.021,23.601,23.522
23.583,23.583,0.048,0.014,23.607,23.559
23.582,23.582,0.087,0.023,23.608,23.521
23.568,23.568,0.094,0.03,23.6,23.506
23.576,23.576,0.111,0.031,23.603,23.492
23.565,23.565,0.13,0.041,23.618,23.488
23.585,23.585,0.121,0.032,23.615,23.494
23.59,23.59,0.106,0.028,23.623,23.517
23.577,23.577,0.103,0.03,23.609,23.506
23.561,23.561,0.119,0.038,23.606,23.487
23.588,23.588,0.099,0.028,23.609,23.51
23.588,23.589,0.061,0.016,23.613,23.552
23.575,23.575,0.114,0.036,23.618,23.504
23.596,23.596,0.043,0.014,23.618,23.575
23.577,23.577,0.089,0.029,23.617,23.528
23.602,23.602,0.037,0.012,23.62,23.583
23.578,23.578,0.116,0.036,23.621,23.505
23.595,23.595,0.028,0.009,23.606,23.578
23.597,23.597,0.044,0.013,23.614,23.57
23.586,23.586,0.037,0.01,23.602,23.565
23.582,23.582,0.095,0.026,23.603,23.508
23.595,23.595,0.038,0.012,23.615,23.577
23.586,23.586,0.1,0.03,23.615,23.515
23.586,23.586,0.044,0.012,23.606,23.562
23.59,23.59,0.037,0.009,23.609,23.572
23.583,23.583,0.107,0.031,23.602,23.495
23.594,23.594,0.031,0.008,23.615,23.584
23.589,23.589,0.039,0.012,23.612,23.573
23.604,23.604,0.057,0.018,23.628,23.571
23.601,23.601,0.045,0.014,23.621,23.576
23.6,23.6,0.048,0.015,23.629,23.581
23.606,23.606,0.046,0.012,23.631,23.585
23.601,23.601,0.024,0.009,23.613,23.589
23.594,23.595,0.031,0.01,23.614,23.583
23.612,23.612,0.136,0.033,23.702,23.566
23.6,23.6,0.037,0.012,23.62,23.583
23.602,23.602,0.091,0.025,23.674,23.583
23.606,23.606,0.039,0.01,23.631,23.592
23.614,23.614,0.12,0.032,23.701,23.581
23.603,23.603,0.036,0.013,23.617,23.581
23.604,23.604,0.034,0.009,23.616,23.582
23.595,23.595,0.034,0.011,23.613,23.579
23.634,23.634,0.111,0.042,23.694,23.583
23.612,23.612,0.098,0.027,23.684,23.586
23.608,23.608,0.037,0.009,23.628,23.591
23.598,23.598,0.04,0.011,23.624,23.584
23.603,23.603,0.048,0.012,23.626,23.578
23.614,23.614,0.112,0.034,23.693,23.581
23.607,23.608,0.096,0.024,23.673,23.577
23.637,23.637,0.117,0.042,23.72,23.603
23.609,23.609,0.08,0.02,23.667,23.587
23.618,23.618,0.117,0.031,23.706,23.589
23.612,23.612,0.08,0.022,23.675,23.595
23.619,23.619,0.118,0.039,23.706,23.588
23.534,23.534,0.183,0.079,23.623,23.44
23.44,23.44,0.076,0.02,23.494,23.418
23.452,23.452,0.08,0.023,23.512,23.432
23.466,23.467,0.125,0.039,23.545,23.42
23.46,23.46,0.113,0.037,23.532,23.419
23.449,23.449,0.063,0.016,23.477,23.414
23.459,23.459,0.114,0.028,23.533,23.419
23.454,23.454,0.11,0.027,23.528,23.418
23.599,23.599,0.234,0.079,23.683,23.449
23.58,23.58,0.245,0.083,23.678,23.433
23.476,23.476,0.104,0.033,23.545,23.441
23.464,23.464,0.086,0.03,23.518,23.432
23.462,23.462,0.082,0.027,23.515,23.433
23.476,23.476,0.097,0.033,23.542,23.445
23.474,23.474,0.099,0.038,23.537,23.438
23.474,23.474,0.098,0.028,23.539,23.441
23.476,23.476,0.102,0.033,23.537,23.435
23.457,23.457,0.11,0.031,23.543,23.433
23.484,23.484,0.138,0.043,23.568,23.43
23.479,23.479,0.111,0.04,23.546,23.435
23.468,23.468,0.117,0.035,23.541,23.424
23.465,23.465,0.093,0.025,23.531,23.438
23.461,23.461,0.1,0.026,23.529,23.429
23.49,23.49,0.094,0.04,23.54,23.446
23.467,23.468,0.086,0.024,23.539,23.453
23.463,23.463,0.036,0.012,23.478,23.442
23.455,23.455,0.042,0.015,23.478,23.436
23.469,23.469,0.088,0.034,23.526,23.438
23.477,23.477,0.101,0.035,23.549,23.448
23.462,23.462,0.04,0.012,23.476,23.436
23.482,23.482,0.102,0.035,23.553,23.451
23.464,23.464,0.052,0.014,23.493,23.441
23.457,23.457,0.043,0.014,23.485,23.442
23.489,23.489,0.113,0.045,23.556,23.443
23.475,23.475,0.117,0.032,23.559,23.442
23.486,23.486,0.119,0.042,23.565,23.446
23.478,23.478,0.124,0.041,23.562,23.438
23.492,23.492,0.129,0.049,23.563,23.434
23.487,23.487,0.099,0.032,23.556,23.457
23.48,23.48,0.088,0.025,23.547,23.459
23.482,23.482,0.118,0.032,23.576,23.458
23.468,23.468,0.024,0.008,23.478,23.454
23.492,23.492,0.094,0.035,23.561,23.467
23.477,23.477,0.063,0.019,23.521,23.458
23.482,23.482,0.091,0.026,23.555,23.464
23.486,23.487,0.12,0.031,23.575,23.455
23.501,23.501,0.093,0.032,23.556,23.463
23.496,23.496,0.103,0.031,23.569,23.466
23.501,23.501,0.111,0.037,23.578,23.467
23.473,23.473,0.028,0.007,23.489,23.461
23.495,23.495,0.112,0.04,23.569,23.457
23.508,23.508,0.106,0.038,23.573,23.467
23.506,23.506,0.116,0.035,23.577,23.461
23.498,23.498,0.078,0.022,23.561,23.483
23.504,23.504,0.104,0.037,23.58,23.476
23.5,23.5,0.115,0.037,23.582,23.467
23.499,23.499,0.109,0.029,23.582,23.473
23.506,23.506,0.099,0.027,23.581,23.482
23.495,23.495,0.031,0.009,23.516,23.485
23.517,23.517,0.11,0.029,23.602,23.492
23.523,23.523,0.104,0.031,23.593,23.489
23.515,23.515,0.102,0.027,23.593,23.491
23.531,23.531,0.094,0.035,23.587,23.493
23.518,23.518,0.137,0.036,23.619,23.482
23.505,23.505,0.037,0.01,23.519,23.482
23.51,23.51,0.104,0.029,23.592,23.488
23.515,23.515,0.022,0.007,23.524,23.502
23.522,23.522,0.097,0.034,23.593,23.496
23.519,23.519,0.092,0.024,23.583,23.491
23.516,23.517,0.093,0.024,23.582,23.489
23.519,23.519,0.116,0.03,23.6,23.484
23.538,23.538,0.112,0.037,23.618,23.506
23.532,23.532,0.108,0.036,23.607,23.499
23.544,23.544,0.117,0.039,23.617,23.5
23.524,23.524,0.038,0.011,23.545,23.507
23.535,23.535,0.113,0.031,23.618,23.505
23.522,23.522,0.033,0.011,23.538,23.505
23.548,23.548,0.115,0.04,23.62,23.505
23.534,23.534,0.106,0.029,23.613,23.507
23.539,23.539,0.102,0.036,23.612,23.51
23.553,23.553,0.121,0.047,23.623,23.502
23.562,23.562,0.103,0.036,23.615,23.512
23.544,23.544,0.124,0.034,23.635,23.511
23.554,23.554,0.104,0.034,23.624,23.52
23.566,23.566,0.126,0.05,23.648,23.522
23.558,23.558,0.12,0.046,23.64,23.52
23.57,23.571,0.116,0.043,23.633,23.517
23.556,23.556,0.119,0.036,23.636,23.517
23.541,23.541,0.034,0.012,23.563,23.529
23.542,23.542,0.049,0.014,23.567,23.518
23.577,23.577,0.122,0.047,23.647,23.525
23.574,23.574,0.073,0.024,23.624,23.551
23.57,23.57,0.141,0.042,23.665,23.524
23.591,23.591,0.105,0.037,23.657,23.552
23.571,23.571,0.135,0.044,23.658,23.523
23.581,23.581,0.146,0.048,23.672,23.526
23.565,23.565,0.109,0.036,23.648,23.539
23.584,23.584,0.11,0.037,23.658,23.548
23.573,23.573,0.109,0.034,23.641,23.532
23.576,23.576,0.122,0.039,23.653,23.531
23.58,23.58,0.105,0.038,23.645,23.54
23.582,23.582,0.115,0.033,23.649,23.534
23.589,23.589,0.12,0.038,23.666,23.546
23.563,23.563,0.033,0.011,23.585,23.552
23.589,23.589,0.101,0.038,23.65,23.549
23.588,23.588,0.092,0.031,23.648,23.556
23.578,23.578,0.037,0.011,23.602,23.565
23.585,23.585,0.083,0.022,23.647,23.564
23.6,23.6,0.107,0.038,23.67,23.563
23.594,23.594,0.127,0.041,23.683,23.556
23.588,23.588,0.109,0.034,23.667,23.558
23.596,23.596,0.112,0.033,23.675,23.563
23.623,23.623,0.122,0.044,23.692,23.57
23.622,23.623,0.101,0.038,23.682,23.581
23.598,23.598,0.119,0.033,23.687,23.568
23.605,23.605,0.1,0.029,23.667,23.567
23.603,23.603,0.111,0.033,23.679,23.568
23.619,23.619,0.112,0.042,23.689,23.577
23.617,23.617,0.122,0.043,23.691,23.569
23.618,23.618,0.093,0.035,23.687,23.594
23.62,23.62,0.101,0.032,23.679,23.578
23.635,23.635,0.091,0.034,23.693,23.602
23.642,23.642,0.117,0.042,23.713,23.596
23.642,23.642,0.11,0.044,23.704,23.594
23.65,23.65,0.107,0.037,23.698,23.591
23.643,23.643,0.114,0.041,23.697,23.583
23.649,23.649,0.119,0.045,23.713,23.594
23.631,23.631,0.099,0.028,23.709,23.61
23.623,23.623,0.12,0.033,23.704,23.584
23.635,23.635,0.108,0.035,23.708,23.6
23.626,23.627,0.029,0.008,23.644,23.615
23.626,23.626,0.03,0.009,23.639,23.609
23.655,23.655,0.097,0.038,23.723,23.626
23.649,23.649,0.107,0.036,23.719,23.612
23.657,23.657,0.161,0.049,23.765,23.604
23.656,23.656,0.108,0.033,23.724,23.616
23.671,23.671,0.097,0.036,23.722,23.625
23.665,23.665,0.137,0.047,23.744,23.607
23.652,23.652,0.128,0.035,23.754,23.626
23.648,23.648,0.102,0.033,23.713,23.611
23.655,23.655,0.116,0.031,23.743,23.627
23.684,23.684,0.13,0.041,23.762,23.632
23.682,23.682,0.141,0.044,23.767,23.626
23.7,23.7,0.105,0.043,23.746,23.641
23.688,23.688,0.105,0.04,23.744,23.639
23.677,23.677,0.103,0.037,23.744,23.641
23.679,23.679,0.137,0.04,23.759,23.622
23.664,23.664,0.04,0.012,23.68,23.64
23.688,23.688,0.12,0.044,23.762,23.642
23.665,23.665,0.132,0.037,23.768,23.636
23.69,23.691,0.093,0.033,23.75,23.657
23.694,23.694,0.1,0.033,23.761,23.661
23.711,23.711,0.12,0.044,23.779,23.659
23.672,23.672,0.079,0.023,23.724,23.645
23.707,23.707,0.109,0.037,23.768,23.659
23.684,23.684,0.111,0.031,23.767,23.656
23.697,23.697,0.11,0.037,23.764,23.654
23.711,23.711,0.122,0.049,23.782,23.66
23.7,23.7,0.097,0.037,23.758,23.661
23.699,23.699,0.082,0.033,23.753,23.671
23.689,23.689,0.098,0.034,23.756,23.658
23.705,23.705,0.095,0.036,23.751,23.656
23.713,23.713,0.11,0.041,23.776,23.666
23.722,23.722,0.146,0.048,23.794,23.648
23.731,23.731,0.1,0.039,23.774,23.674
23.687,23.687,0.081,0.022,23.751,23.67
23.709,23.709,0.128,0.049,23.775,23.647
23.702,23.702,0.107,0.036,23.773,23.666
23.697,23.697,0.106,0.034,23.776,23.67
23.734,23.734,0.111,0.042,23.782,23.671
23.697,23.697,0.109,0.03,23.777,23.668
23.699,23.699,0.08,0.021,23.758,23.678
23.708,23.708,0.103,0.033,23.775,23.672
23.696,23.696,0.092,0.026,23.767,23.675
23.741,23.741,0.118,0.045,23.813,23.695
23.752,23.752,0.093,0.032,23.798,23.705
23.708,23.708,0.104,0.028,23.784,23.68
23.742,23.742,0.113,0.038,23.796,23.683
23.729,23.729,0.101,0.037,23.792,23.691
23.712,23.713,0.116,0.033,23.795,23.679
23.711,23.711,0.041,0.015,23.732,23.691
23.744,23.744,0.117,0.043,23.808,23.691
23.744,23.744,0.102,0.038,23.805,23.703
23.724,23.724,0.105,0.028,23.8,23.695
23.713,23.713,0.038,0.01,23.727,23.689
23.724,23.724,0.116,0.033,23.804,23.688
23.739,23.739,0.115,0.042,23.805,23.69
23.727,23.727,0.103,0.027,23.802,23.699
23.753,23.753,0.119,0.044,23.811,23.692
23.771,23.771,0.126,0.043,23.824,23.698
23.76,23.76,0.114,0.036,23.829,23.715
23.747,23.747,0.085,0.023,23.813,23.728
23.75,23.75,0.108,0.034,23.822,23.714
23.758,23.758,0.114,0.039,23.827,23.713
23.739,23.739,0.099,0.027,23.813,23.714
23.742,23.742,0.084,0.024,23.801,23.717
23.746,23.746,0.109,0.028,23.808,23.699
23.767,23.767,0.116,0.04,23.824,23.708
23.748,23.749,0.122,0.039,23.838,23.716
23.747,23.747,0.108,0.03,23.829,23.721
23.741,23.741,0.109,0.033,23.817,23.708
23.746,23.746,0.115,0.04,23.823,23.708
23.745,23.745,0.112,0.031,23.83,23.718
23.759,23.759,0.111,0.039,23.834,23.723
23.744,23.745,0.103,0.028,23.825,23.722
23.776,23.776,0.102,0.038,23.832,23.73
23.75,23.75,0.101,0.029,23.821,23.72
23.761,23.761,0.097,0.032,23.819,23.722
23.795,23.795,0.097,0.036,23.858,23.761
23.758,23.758,0.122,0.033,23.853,23.731
23.763,23.763,0.119,0.034,23.854,23.735
23.768,23.768,0.103,0.033,23.834,23.731
23.754,23.755,0.066,0.021,23.796,23.73
23.76,23.76,0.041,0.013,23.778,23.737
23.759,23.759,0.041,0.012,23.78,23.739
23.776,23.776,0.09,0.027,23.828,23.738
23.764,23.764,0.05,0.015,23.781,23.731
23.796,23.796,0.095,0.036,23.856,23.761
23.772,23.772,0.118,0.029,23.845,23.727
23.77,23.77,0.11,0.03,23.851,23.741
23.779,23.779,0.099,0.029,23.844,23.745
23.776,23.776,0.112,0.04,23.858,23.746
23.793,23.793,0.106,0.039,23.848,23.742
23.771,23.771,0.11,0.029,23.848,23.738
23.804,23.804,0.115,0.041,23.871,23.756
23.768,23.768,0.049,0.014,23.792,23.743
23.79,23.79,0.132,0.038,23.875,23.743
23.779,23.779,0.112,0.03,23.862,23.75
23.781,23.781,0.112,0.035,23.863,23.751
23.791,23.791,0.12,0.041,23.862,23.742
23.767,23.767,0.031,0.01,23.782,23.751
23.761,23.761,0.019,0.007,23.768,23.749
23.787,23.787,0.086,0.03,23.843,23.757
23.782,23.782,0.106,0.034,23.849,23.743
23.781,23.781,0.092,0.027,23.849,23.757
23.781,23.781,0.117,0.031,23.864,23.747
23.77,23.77,0.023,0.008,23.778,23.755
23.773,23.773,0.042,0.013,23.791,23.749
23.774,23.774,0.025,0.009,23.786,23.761
23.784,23.784,0.026,0.008,23.798,23.772
23.802,23.802,0.113,0.039,23.882,23.769
23.797,23.797,0.114,0.037,23.876,23.762
23.784,23.784,0.031,0.01,23.797,23.766
23.794,23.794,0.143,0.049,23.89,23.747
23.803,23.803,0.123,0.041,23.884,23.761
23.789,23.789,0.038,0.014,23.809,23.771
23.782,23.782,0.048,0.015,23.806,23.758
23.783,23.783,0.037,0.011,23.8,23.763
23.785,23.785,0.047,0.015,23.814,23.767
23.794,23.794,0.054,0.015,23.829,23.775
23.794,23.794,0.038,0.011,23.806,23.768
23.799,23.799,0.031,0.011,23.813,23.782
23.792,23.793,0.033,0.009,23.81,23.777
23.809,23.809,0.104,0.033,23.877,23.773
23.802,23.802,0.108,0.03,23.883,23.775
23.8,23.8,0.034,0.01,23.815,23.781
23.804,23.804,0.04,0.014,23.822,23.782
23.803,23.804,0.102,0.028,23.884,23.782
23.797,23.797,0.11,0.031,23.886,23.776
23.796,23.796,0.101,0.027,23.865,23.764
23.806,23.806,0.117,0.03,23.889,23.772
23.807,23.807,0.117,0.033,23.901,23.784
23.794,23.794,0.04,0.013,23.815,23.775
23.802,23.802,0.028,0.009,23.816,23.788
23.798,23.799,0.114,0.032,23.893,23.779
23.8,23.8,0.103,0.028,23.874,23.771
23.807,23.807,0.107,0.029,23.889,23.782
23.799,23.799,0.032,0.009,23.814,23.782
23.798,23.798,0.019,0.006,23.808,23.789
23.796,23.796,0.039,0.013,23.814,23.775
23.796,23.796,0.049,0.015,23.821,23.772
23.8,23.8,0.033,0.009,23.817,23.784
23.801,23.801,0.04,0.012,23.819,23.779
23.799,23.799,0.038,0.011,23.821,23.783
23.801,23.801,0.036,0.011,23.819,23.783
23.796,23.796,0.033,0.01,23.816,23.783
23.808,23.808,0.037,0.011,23.823,23.786
23.818,23.818,0.099,0.032,23.887,23.788
23.814,23.814,0.054,0.017,23.844,23.79
23.808,23.808,0.03,0.01,23.824,23.794
23.81,23.81,0.046,0.012,23.828,23.782
23.811,23.811,0.078,0.02,23.867,23.789
23.825,23.825,0.072,0.024,23.874,23.802
23.831,23.831,0.109,0.034,23.895,23.786
23.822,23.822,0.107,0.028,23.893,23.786
23.813,23.813,0.03,0.009,23.832,23.802
23.814,23.814,0.045,0.012,23.839,23.794
23.816,23.816,0.099,0.027,23.889,23.79
23.813,23.813,0.035,0.011,23.832,23.797
23.824,23.825,0.088,0.022,23.885,23.797
23.812,23.812,0.032,0.011,23.829,23.797
23.824,23.824,0.084,0.024,23.889,23.805
23.81,23.81,0.037,0.01,23.83,23.793
23.818,23.819,0.084,0.023,23.884,23.8
23.833,23.833,0.121,0.036,23.91,23.789
23.815,23.815,0.045,0.013,23.846,23.801
23.828,23.828,0.118,0.038,23.912,23.794
23.813,23.813,0.047,0.013,23.834,23.787
23.821,23.821,0.03,0.011,23.838,23.808
23.823,23.823,0.047,0.014,23.839,23.792
23.817,23.817,0.028,0.009,23.834,23.806
23.815,23.815,0.037,0.011,23.832,23.795
23.839,23.839,0.109,0.029,23.919,23.81
23.828,23.828,0.034,0.011,23.846,23.812
23.824,23.825,0.025,0.008,23.837,23.812
23.833,23.833,0.039,0.013,23.852,23.813
23.83,23.831,0.035,0.011,23.845,23.81
23.825,23.825,0.044,0.013,23.853,23.809
23.85,23.85,0.086,0.033,23.903,23.817
23.827,23.827,0.038,0.013,23.843,23.805
23.832,23.832,0.039,0.012,23.854,23.815
23.835,23.835,0.067,0.018,23.885,23.818
23.846,23.846,0.081,0.026,23.904,23.823
23.866,23.866,0.092,0.034,23.915,23.823
