mean,RMS,ptp,std,max,min
16.471,16.471,0.148,0.047,16.529,16.381
16.473,16.473,0.193,0.051,16.571,16.378
16.481,16.481,0.193,0.046,16.571,16.378
16.478,16.478,0.193,0.046,16.571,16.378
16.478,16.478,0.193,0.047,16.571,16.378
16.477,16.477,0.168,0.045,16.557,16.389
16.475,16.475,0.173,0.049,16.562,16.389
16.472,16.472,0.173,0.049,16.562,16.389
16.474,16.474,0.197,0.055,16.595,16.398
16.481,16.481,0.197,0.054,16.595,16.398
16.481,16.481,0.197,0.054,16.595,16.398
16.494,16.495,0.197,0.053,16.595,16.398
16.488,16.488,0.184,0.049,16.595,16.411
16.484,16.484,0.169,0.042,16.585,16.416
16.489,16.489,0.162,0.042,16.578,16.416
16.483,16.483,0.162,0.035,16.578,16.416
16.483,16.483,0.162,0.032,16.578,16.416
16.49,16.49,0.161,0.027,16.578,16.417
16.493,16.493,0.106,0.023,16.556,16.45
16.499,16.499,0.101,0.02,16.556,16.455
16.501,16.501,0.097,0.02,16.556,16.459
16.496,16.496,0.121,0.023,16.556,16.435
16.497,16.497,0.105,0.024,16.537,16.432
16.495,16.495,0.105,0.023,16.537,16.432
16.498,16.498,0.105,0.024,16.537,16.432
16.502,16.502,0.106,0.024,16.538,16.432
16.503,16.503,0.102,0.023,16.538,16.436
16.505,16.505,0.126,0.028,16.556,16.43
16.506,16.506,0.138,0.032,16.556,16.418
16.506,16.506,0.138,0.036,16.556,16.418
16.511,16.511,0.138,0.033,16.556,16.418
16.504,16.504,0.138,0.035,16.556,16.418
16.494,16.494,0.134,0.037,16.552,16.418
16.488,16.488,0.143,0.037,16.552,16.409
16.489,16.489,0.133,0.037,16.542,16.409
16.486,16.486,0.133,0.039,16.542,16.409
16.495,16.495,0.145,0.041,16.554,16.409
16.499,16.499,0.145,0.041,16.554,16.409
16.493,16.493,0.155,0.044,16.554,16.399
16.491,16.492,0.158,0.048,16.554,16.396
16.492,16.492,0.152,0.047,16.548,16.396
16.485,16.485,0.152,0.049,16.548,16.396
16.487,16.487,0.152,0.051,16.548,16.396
16.489,16.489,0.143,0.046,16.548,16.405
16.484,16.484,0.142,0.044,16.548,16.406
16.478,16.478,0.142,0.042,16.548,16.406
16.478,16.478,0.149,0.042,16.555,16.406
16.483,16.484,0.178,0.05,16.57,16.392
16.485,16.485,0.178,0.05,16.57,16.392
16.482,16.482,0.178,0.049,16.57,16.392
16.484,16.484,0.178,0.05,16.57,16.392
16.487,16.487,0.178,0.048,16.57,16.392
16.495,16.495,0.16,0.046,16.579,16.419
16.496,16.497,0.16,0.043,16.579,16.419
16.496,16.496,0.16,0.044,16.579,16.419
16.496,16.496,0.163,0.048,16.579,16.416
16.493,16.493,0.155,0.05,16.571,16.416
16.481,16.481,0.155,0.05,16.571,16.416
16.474,16.474,0.155,0.049,16.571,16.416
16.473,16.473,0.16,0.044,16.569,16.409
16.473,16.473,0.191,0.046,16.591,16.4
16.475,16.475,0.191,0.044,16.591,16.4
16.48,16.48,0.214,0.05,16.614,16.4
16.485,16.485,0.214,0.049,16.614,16.4
16.481,16.481,0.214,0.044,16.614,16.4
16.491,16.491,0.181,0.052,16.614,16.433
16.496,16.496,0.181,0.052,16.614,16.433
16.492,16.492,0.176,0.047,16.609,16.433
16.497,16.497,0.181,0.049,16.609,16.428
16.488,16.488,0.181,0.046,16.609,16.428
16.478,16.478,0.17,0.038,16.598,16.428
16.482,16.482,0.17,0.035,16.598,16.428
16.487,16.487,0.17,0.04,16.603,16.433
16.491,16.491,0.17,0.038,16.603,16.433
16.496,16.496,0.167,0.037,16.603,16.436
16.5,16.5,0.162,0.034,16.603,16.441
16.497,16.497,0.164,0.033,16.603,16.439
16.488,16.488,0.119,0.027,16.557,16.438
16.487,16.487,0.13,0.03,16.568,16.438
16.486,16.486,0.13,0.032,16.568,16.438
16.482,16.482,0.13,0.032,16.568,16.438
16.487,16.487,0.13,0.031,16.568,16.438
16.482,16.482,0.122,0.028,16.558,16.436
16.48,16.48,0.122,0.026,16.558,16.436
16.484,16.484,0.122,0.023,16.558,16.436
16.481,16.481,0.136,0.026,16.558,16.422
16.472,16.472,0.092,0.023,16.514,16.422
16.473,16.473,0.092,0.022,16.514,16.422
16.472,16.472,0.093,0.024,16.515,16.422
16.475,16.475,0.084,0.023,16.515,16.431
16.473,16.473,0.078,0.022,16.515,16.437
16.47,16.47,0.079,0.024,16.515,16.436
16.471,16.471,0.081,0.024,16.513,16.432
16.471,16.471,0.152,0.034,16.584,16.432
16.472,16.472,0.152,0.034,16.584,16.432
16.479,16.479,0.152,0.034,16.584,16.432
16.485,16.485,0.148,0.033,16.584,16.436
16.483,16.483,0.086,0.025,16.522,16.436
16.489,16.489,0.08,0.02,16.522,16.442
16.492,16.493,0.078,0.021,16.522,16.444
16.492,16.492,0.126,0.025,16.532,16.406
16.486,16.487,0.126,0.024,16.532,16.406
16.484,16.484,0.126,0.024,16.532,16.406
16.482,16.482,0.126,0.024,16.532,16.406
16.48,16.48,0.111,0.023,16.517,16.406
16.482,16.482,0.084,0.021,16.517,16.433
16.48,16.48,0.084,0.024,16.517,16.433
16.477,16.477,0.083,0.025,16.517,16.434
16.475,16.475,0.096,0.025,16.53,16.434
16.476,16.476,0.123,0.03,16.534,16.411
16.48,16.48,0.126,0.03,16.537,16.411
16.482,16.482,0.126,0.03,16.537,16.411
16.48,16.48,0.137,0.03,16.537,16.4
16.48,16.48,0.137,0.029,16.537,16.4
16.478,16.478,0.124,0.025,16.524,16.4
16.482,16.482,0.124,0.024,16.524,16.4
16.482,16.482,0.124,0.025,16.524,16.4
16.486,16.486,0.101,0.024,16.543,16.442
16.491,16.491,0.101,0.028,16.543,16.442
16.496,16.496,0.101,0.026,16.543,16.442
16.496,16.496,0.101,0.027,16.543,16.442
16.497,16.497,0.159,0.031,16.543,16.384
16.495,16.495,0.153,0.028,16.537,16.384
16.492,16.492,0.153,0.029,16.537,16.384
16.495,16.495,0.158,0.03,16.542,16.384
16.497,16.497,0.111,0.024,16.542,16.431
16.496,16.496,0.158,0.039,16.543,16.385
16.49,16.49,0.158,0.041,16.543,16.385
16.487,16.487,0.158,0.041,16.543,16.385
16.478,16.478,0.179,0.042,16.543,16.364
16.479,16.479,0.179,0.042,16.543,16.364
16.483,16.483,0.161,0.033,16.525,16.364
16.481,16.481,0.176,0.044,16.54,16.364
16.482,16.482,0.18,0.049,16.544,16.364
16.489,16.489,0.18,0.043,16.544,16.364
16.482,16.483,0.18,0.049,16.544,16.364
16.488,16.488,0.165,0.046,16.544,16.379
16.495,16.495,0.138,0.039,16.544,16.406
16.498,16.498,0.138,0.037,16.544,16.406
16.503,16.503,0.134,0.03,16.54,16.406
16.507,16.507,0.125,0.029,16.552,16.427
16.497,16.497,0.155,0.036,16.552,16.397
16.496,16.496,0.157,0.038,16.552,16.395
16.499,16.499,0.157,0.04,16.552,16.395
16.497,16.497,0.152,0.04,16.547,16.395
16.495,16.495,0.152,0.038,16.547,16.395
16.496,16.496,0.152,0.037,16.547,16.395
16.489,16.489,0.155,0.038,16.555,16.4
16.476,16.476,0.16,0.044,16.555,16.395
16.471,16.471,0.16,0.045,16.555,16.395
16.469,16.469,0.16,0.045,16.555,16.395
16.469,16.469,0.16,0.052,16.555,16.395
16.481,16.481,0.166,0.051,16.561,16.395
16.483,16.483,0.163,0.049,16.561,16.398
16.488,16.488,0.163,0.049,16.561,16.398
16.493,16.493,0.163,0.045,16.561,16.398
16.49,16.49,0.15,0.041,16.552,16.402
16.495,16.495,0.142,0.035,16.552,16.41
16.493,16.493,0.157,0.039,16.552,16.395
16.481,16.482,0.179,0.049,16.552,16.373
16.481,16.481,0.177,0.048,16.55,16.373
16.479,16.479,0.198,0.051,16.571,16.373
16.466,16.466,0.198,0.055,16.571,16.373
16.481,16.481,0.187,0.047,16.571,16.384
16.48,16.48,0.187,0.051,16.571,16.384
16.48,16.48,0.187,0.051,16.571,16.384
16.483,16.483,0.18,0.044,16.564,16.384
16.483,16.483,0.173,0.04,16.564,16.391
16.476,16.476,0.173,0.042,16.564,16.391
16.477,16.477,0.15,0.037,16.56,16.41
16.475,16.475,0.15,0.04,16.56,16.41
16.477,16.477,0.15,0.041,16.56,16.41
16.474,16.475,0.15,0.039,16.56,16.41
16.479,16.479,0.164,0.039,16.582,16.418
16.486,16.486,0.164,0.041,16.582,16.418
16.489,16.489,0.151,0.039,16.582,16.431
16.495,16.495,0.196,0.046,16.582,16.386
16.489,16.489,0.176,0.048,16.562,16.386
16.48,16.48,0.176,0.049,16.562,16.386
16.475,16.475,0.176,0.051,16.562,16.386
16.467,16.468,0.164,0.049,16.55,16.386
16.475,16.475,0.162,0.046,16.55,16.388
16.47,16.47,0.162,0.045,16.55,16.388
16.477,16.477,0.167,0.044,16.555,16.388
16.477,16.477,0.171,0.047,16.555,16.384
16.465,16.465,0.171,0.047,16.555,16.384
16.471,16.471,0.171,0.048,16.555,16.384
16.469,16.469,0.168,0.048,16.552,16.384
16.467,16.467,0.168,0.046,16.552,16.384
16.477,16.477,0.159,0.042,16.552,16.393
16.478,16.478,0.159,0.043,16.552,16.393
16.481,16.481,0.152,0.034,16.549,16.397
16.484,16.484,0.149,0.037,16.533,16.384
16.485,16.485,0.149,0.042,16.533,16.384
16.489,16.489,0.149,0.036,16.533,16.384
16.486,16.487,0.149,0.042,16.533,16.384
16.479,16.479,0.136,0.042,16.526,16.39
16.476,16.476,0.14,0.042,16.53,16.39
16.474,16.474,0.14,0.043,16.53,16.39
16.478,16.478,0.165,0.047,16.564,16.399
16.491,16.491,0.167,0.046,16.566,16.399
16.49,16.49,0.167,0.051,16.566,16.399
16.498,16.498,0.16,0.049,16.566,16.406
16.487,16.487,0.16,0.05,16.566,16.406
16.481,16.481,0.159,0.05,16.553,16.394
16.474,16.474,0.156,0.045,16.55,16.394
16.469,16.469,0.143,0.043,16.537,16.394
16.474,16.475,0.173,0.048,16.567,16.394
16.479,16.479,0.173,0.046,16.567,16.394
16.474,16.474,0.162,0.049,16.567,16.405
16.475,16.475,0.162,0.049,16.567,16.405
16.478,16.478,0.162,0.049,16.567,16.405
16.465,16.465,0.162,0.043,16.567,16.405
16.482,16.482,0.152,0.045,16.567,16.415
16.485,16.485,0.159,0.047,16.554,16.395
16.494,16.494,0.159,0.046,16.554,16.395
16.493,16.493,0.159,0.047,16.554,16.395
16.487,16.487,0.159,0.048,16.554,16.395
16.487,16.487,0.158,0.049,16.554,16.396
16.485,16.485,0.16,0.049,16.556,16.396
16.482,16.482,0.166,0.052,16.562,16.396
16.495,16.495,0.18,0.051,16.577,16.397
16.504,16.504,0.18,0.05,16.577,16.397
16.51,16.511,0.18,0.05,16.577,16.397
16.508,16.508,0.171,0.051,16.577,16.406
16.502,16.502,0.171,0.051,16.577,16.406
16.498,16.498,0.17,0.05,16.576,16.406
16.485,16.485,0.171,0.052,16.576,16.405
16.473,16.473,0.199,0.049,16.56,16.361
16.466,16.466,0.199,0.048,16.56,16.361
16.469,16.469,0.199,0.05,16.56,16.361
16.466,16.466,0.19,0.05,16.551,16.361
16.475,16.475,0.19,0.053,16.551,16.361
16.484,16.484,0.163,0.05,16.551,16.388
16.481,16.481,0.185,0.053,16.578,16.393
16.477,16.477,0.185,0.05,16.578,16.393
16.475,16.475,0.185,0.048,16.578,16.393
16.471,16.471,0.185,0.047,16.578,16.393
16.468,16.468,0.171,0.046,16.556,16.385
16.479,16.479,0.185,0.049,16.57,16.385
16.482,16.482,0.185,0.051,16.57,16.385
16.486,16.486,0.185,0.052,16.57,16.385
16.502,16.502,0.174,0.046,16.57,16.396
16.5,16.5,0.174,0.046,16.57,16.396
16.5,16.5,0.147,0.042,16.568,16.421
16.491,16.491,0.169,0.048,16.558,16.389
16.484,16.484,0.175,0.045,16.564,16.389
16.482,16.482,0.175,0.049,16.564,16.389
16.481,16.481,0.175,0.049,16.564,16.389
16.487,16.487,0.165,0.051,16.575,16.41
16.489,16.489,0.16,0.051,16.575,16.415
16.491,16.491,0.182,0.051,16.575,16.393
16.494,16.494,0.185,0.049,16.578,16.393
16.485,16.485,0.185,0.049,16.578,16.393
16.486,16.486,0.185,0.048,16.578,16.393
16.479,16.479,0.18,0.05,16.578,16.398
16.475,16.475,0.148,0.05,16.546,16.398
16.479,16.479,0.156,0.055,16.554,16.398
16.482,16.482,0.161,0.056,16.559,16.398
16.476,16.476,0.168,0.054,16.566,16.398
16.487,16.487,0.155,0.054,16.566,16.411
16.487,16.487,0.182,0.055,16.566,16.384
16.494,16.494,0.183,0.052,16.567,16.384
16.498,16.498,0.183,0.049,16.567,16.384
16.497,16.497,0.183,0.044,16.567,16.384
16.487,16.487,0.183,0.047,16.567,16.384
16.482,16.482,0.178,0.049,16.564,16.386
16.481,16.481,0.185,0.05,16.564,16.379
16.469,16.469,0.185,0.052,16.564,16.379
16.467,16.467,0.185,0.053,16.564,16.379
16.459,16.459,0.181,0.055,16.56,16.379
16.461,16.461,0.18,0.052,16.56,16.38
16.469,16.469,0.186,0.06,16.566,16.38
16.477,16.477,0.186,0.057,16.566,16.38
16.477,16.477,0.165,0.051,16.566,16.401
16.479,16.479,0.159,0.052,16.566,16.407
16.481,16.481,0.159,0.046,16.566,16.407
16.469,16.469,0.167,0.044,16.561,16.394
16.466,16.466,0.185,0.046,16.561,16.376
16.468,16.468,0.185,0.048,16.561,16.376
16.467,16.467,0.162,0.047,16.538,16.376
16.469,16.469,0.162,0.047,16.538,16.376
16.476,16.476,0.149,0.046,16.538,16.389
16.476,16.476,0.145,0.043,16.538,16.393
16.472,16.472,0.155,0.041,16.553,16.398
16.466,16.466,0.155,0.042,16.553,16.398
16.475,16.475,0.166,0.045,16.565,16.399
16.477,16.477,0.166,0.047,16.565,16.399
16.482,16.482,0.155,0.047,16.565,16.41
16.485,16.485,0.169,0.054,16.565,16.396
16.491,16.491,0.169,0.051,16.565,16.396
16.475,16.475,0.158,0.047,16.554,16.396
16.473,16.473,0.158,0.046,16.554,16.396
16.465,16.465,0.162,0.044,16.543,16.381
16.467,16.467,0.162,0.044,16.543,16.381
16.462,16.462,0.164,0.046,16.542,16.378
16.464,16.465,0.164,0.046,16.542,16.378
16.461,16.461,0.169,0.049,16.547,16.378
16.464,16.464,0.169,0.046,16.547,16.378
16.46,16.461,0.155,0.046,16.547,16.392
16.462,16.462,0.155,0.047,16.547,16.392
16.466,16.466,0.161,0.049,16.553,16.392
16.468,16.468,0.161,0.049,16.553,16.392
16.475,16.475,0.161,0.048,16.553,16.392
16.48,16.48,0.181,0.047,16.572,16.391
16.475,16.475,0.181,0.048,16.572,16.391
16.474,16.474,0.181,0.045,16.572,16.391
16.473,16.473,0.181,0.047,16.572,16.391
16.464,16.464,0.186,0.05,16.572,16.386
16.465,16.465,0.152,0.045,16.538,16.386
16.463,16.463,0.16,0.045,16.546,16.386
16.466,16.466,0.187,0.048,16.569,16.382
16.472,16.472,0.187,0.048,16.569,16.382
16.482,16.482,0.187,0.046,16.569,16.382
16.487,16.487,0.195,0.048,16.577,16.382
16.494,16.494,0.166,0.046,16.577,16.411
16.486,16.486,0.174,0.046,16.577,16.403
16.489,16.489,0.174,0.048,16.577,16.403
16.488,16.488,0.174,0.045,16.577,16.403
16.485,16.485,0.218,0.049,16.575,16.357
16.481,16.481,0.218,0.049,16.575,16.357
16.471,16.471,0.192,0.048,16.549,16.357
16.473,16.473,0.214,0.05,16.571,16.357
16.48,16.48,0.207,0.047,16.571,16.364
16.47,16.47,0.207,0.048,16.571,16.364
16.472,16.472,0.194,0.047,16.571,16.377
16.468,16.468,0.194,0.047,16.571,16.377
16.461,16.461,0.179,0.046,16.556,16.377
16.464,16.464,0.179,0.046,16.556,16.377
16.479,16.479,0.156,0.042,16.556,16.4
16.472,16.472,0.163,0.049,16.556,16.393
16.471,16.471,0.158,0.05,16.551,16.393
16.471,16.471,0.152,0.048,16.545,16.393
16.466,16.466,0.151,0.048,16.544,16.393
16.469,16.469,0.151,0.047,16.538,16.387
16.472,16.472,0.151,0.047,16.538,16.387
16.471,16.471,0.151,0.046,16.538,16.387
16.468,16.468,0.15,0.045,16.537,16.387
16.476,16.476,0.165,0.045,16.541,16.376
16.481,16.481,0.165,0.04,16.541,16.376
16.49,16.491,0.179,0.037,16.555,16.376
16.491,16.491,0.18,0.042,16.555,16.375
16.486,16.486,0.18,0.047,16.555,16.375
16.485,16.485,0.18,0.05,16.555,16.375
16.485,16.485,0.192,0.054,16.567,16.375
16.473,16.473,0.192,0.053,16.567,16.375
16.479,16.479,0.174,0.049,16.567,16.393
16.481,16.481,0.174,0.049,16.567,16.393
16.471,16.471,0.142,0.045,16.539,16.397
16.465,16.465,0.154,0.046,16.539,16.385
16.469,16.469,0.148,0.045,16.533,16.385
16.466,16.466,0.164,0.043,16.549,16.385
16.456,16.456,0.164,0.045,16.549,16.385
16.465,16.465,0.168,0.048,16.559,16.391
16.468,16.468,0.168,0.047,16.559,16.391
16.472,16.472,0.168,0.049,16.559,16.391
16.482,16.482,0.159,0.047,16.559,16.4
16.49,16.49,0.159,0.046,16.559,16.4
16.482,16.482,0.152,0.045,16.548,16.396
16.486,16.486,0.153,0.046,16.549,16.396
16.475,16.475,0.181,0.05,16.549,16.368
16.472,16.472,0.181,0.05,16.549,16.368
16.47,16.47,0.181,0.052,16.549,16.368
16.462,16.462,0.181,0.056,16.549,16.368
16.457,16.457,0.181,0.051,16.549,16.368
16.456,16.456,0.189,0.054,16.549,16.36
16.46,16.46,0.189,0.051,16.549,16.36
16.462,16.462,0.189,0.049,16.549,16.36
16.458,16.458,0.194,0.048,16.554,16.36
16.468,16.468,0.184,0.047,16.554,16.37
16.472,16.472,0.184,0.048,16.554,16.37
16.479,16.479,0.161,0.044,16.554,16.393
16.49,16.49,0.15,0.041,16.554,16.404
16.485,16.485,0.15,0.04,16.562,16.412
16.489,16.489,0.171,0.042,16.562,16.391
16.473,16.473,0.174,0.048,16.562,16.388
16.466,16.466,0.174,0.049,16.562,16.388
16.462,16.462,0.157,0.046,16.545,16.388
16.46,16.461,0.161,0.047,16.545,16.384
16.465,16.465,0.157,0.045,16.541,16.384
16.47,16.47,0.157,0.045,16.541,16.384
16.462,16.462,0.185,0.05,16.56,16.375
16.466,16.466,0.191,0.048,16.566,16.375
16.468,16.468,0.191,0.052,16.566,16.375
16.469,16.47,0.191,0.052,16.566,16.375
16.478,16.478,0.169,0.049,16.566,16.397
16.478,16.478,0.169,0.047,16.566,16.397
16.481,16.481,0.161,0.045,16.56,16.399
16.478,16.478,0.161,0.046,16.56,16.399
16.483,16.483,0.16,0.043,16.559,16.399
16.479,16.479,0.175,0.046,16.559,16.384
16.478,16.478,0.175,0.046,16.559,16.384
16.483,16.483,0.181,0.048,16.565,16.384
16.481,16.481,0.181,0.048,16.565,16.384
16.483,16.483,0.172,0.048,16.565,16.393
16.474,16.474,0.174,0.052,16.565,16.391
16.474,16.474,0.174,0.05,16.565,16.391
16.47,16.47,0.164,0.049,16.555,16.391
16.475,16.475,0.199,0.05,16.59,16.391
16.484,16.484,0.174,0.044,16.59,16.416
16.481,16.481,0.174,0.043,16.59,16.416
16.488,16.488,0.174,0.043,16.59,16.416
16.496,16.496,0.159,0.039,16.59,16.431
16.488,16.488,0.158,0.042,16.563,16.405
16.482,16.482,0.158,0.046,16.563,16.405
16.482,16.482,0.158,0.044,16.563,16.405
16.479,16.479,0.158,0.044,16.563,16.405
16.483,16.483,0.159,0.046,16.564,16.405
16.491,16.491,0.144,0.041,16.564,16.42
16.492,16.492,0.144,0.044,16.564,16.42
16.497,16.497,0.144,0.045,16.564,16.42
16.496,16.496,0.169,0.045,16.59,16.421
16.5,16.5,0.169,0.042,16.59,16.421
16.503,16.503,0.156,0.043,16.59,16.434
16.498,16.498,0.181,0.045,16.59,16.409
16.498,16.498,0.181,0.045,16.59,16.409
16.501,16.501,0.189,0.049,16.598,16.409
16.499,16.499,0.191,0.049,16.598,16.407
16.501,16.501,0.191,0.048,16.598,16.407
16.504,16.504,0.191,0.049,16.598,16.407
16.5,16.5,0.191,0.052,16.598,16.407
16.487,16.487,0.181,0.049,16.588,16.407
16.49,16.49,0.176,0.049,16.588,16.412
16.491,16.491,0.173,0.047,16.585,16.412
16.491,16.491,0.173,0.047,16.585,16.412
16.492,16.492,0.155,0.043,16.58,16.425
16.488,16.488,0.155,0.044,16.58,16.425
16.49,16.49,0.153,0.043,16.58,16.427
16.489,16.489,0.148,0.04,16.576,16.428
16.488,16.488,0.171,0.04,16.576,16.405
16.492,16.492,0.171,0.041,16.576,16.405
16.49,16.49,0.147,0.042,16.551,16.404
16.49,16.49,0.147,0.045,16.551,16.404
16.492,16.492,0.155,0.044,16.551,16.396
16.49,16.49,0.159,0.048,16.551,16.392
16.491,16.491,0.156,0.045,16.548,16.392
16.49,16.49,0.188,0.047,16.58,16.392
16.497,16.497,0.188,0.047,16.58,16.392
16.503,16.503,0.188,0.045,16.58,16.392
16.506,16.506,0.167,0.042,16.587,16.42
16.509,16.509,0.156,0.039,16.587,16.431
16.507,16.507,0.156,0.04,16.587,16.431
16.5,16.5,0.156,0.043,16.587,16.431
16.494,16.494,0.154,0.041,16.585,16.431
16.494,16.494,0.168,0.042,16.585,16.417
16.5,16.5,0.178,0.047,16.585,16.407
16.499,16.5,0.168,0.047,16.575,16.407
16.503,16.503,0.167,0.047,16.574,16.407
16.506,16.506,0.167,0.047,16.574,16.407
16.509,16.509,0.167,0.048,16.574,16.407
16.509,16.509,0.141,0.045,16.568,16.427
16.508,16.508,0.151,0.048,16.568,16.417
16.5,16.5,0.151,0.049,16.568,16.417
16.497,16.497,0.179,0.051,16.596,16.417
16.498,16.498,0.179,0.049,16.596,16.417
16.49,16.49,0.195,0.049,16.596,16.401
16.495,16.495,0.195,0.05,16.596,16.401
16.505,16.505,0.195,0.051,16.596,16.401
16.51,16.51,0.186,0.05,16.587,16.401
16.506,16.506,0.186,0.05,16.587,16.401
16.505,16.505,0.177,0.049,16.583,16.406
16.507,16.507,0.184,0.051,16.583,16.399
16.502,16.502,0.179,0.051,16.578,16.399
16.498,16.498,0.177,0.049,16.576,16.399
16.512,16.512,0.173,0.044,16.572,16.399
16.507,16.507,0.173,0.045,16.572,16.399
16.516,16.516,0.167,0.047,16.599,16.432
16.514,16.514,0.164,0.048,16.599,16.435
16.522,16.522,0.164,0.05,16.599,16.435
16.522,16.522,0.176,0.051,16.611,16.435
16.525,16.525,0.176,0.051,16.611,16.435
16.519,16.519,0.176,0.046,16.611,16.435
16.512,16.513,0.174,0.048,16.611,16.437
16.503,16.503,0.186,0.05,16.611,16.425
16.497,16.497,0.181,0.047,16.606,16.425
16.503,16.503,0.181,0.052,16.606,16.425
16.511,16.511,0.181,0.05,16.606,16.425
16.517,16.517,0.164,0.046,16.606,16.442
16.524,16.524,0.191,0.048,16.606,16.415
16.523,16.523,0.186,0.049,16.601,16.415
16.52,16.52,0.193,0.051,16.608,16.415
16.519,16.519,0.193,0.049,16.608,16.415
16.514,16.514,0.162,0.044,16.608,16.446
16.507,16.507,0.17,0.046,16.608,16.438
16.507,16.507,0.17,0.044,16.608,16.438
16.507,16.507,0.167,0.044,16.605,16.438
16.515,16.515,0.167,0.047,16.605,16.438
16.517,16.517,0.16,0.044,16.605,16.445
16.521,16.521,0.148,0.041,16.593,16.445
16.525,16.525,0.154,0.041,16.599,16.445
16.528,16.528,0.164,0.039,16.599,16.435
16.527,16.527,0.164,0.038,16.599,16.435
16.522,16.523,0.164,0.04,16.599,16.435
16.517,16.517,0.166,0.039,16.601,16.435
16.516,16.516,0.161,0.043,16.601,16.44
16.515,16.515,0.161,0.045,16.601,16.44
16.522,16.522,0.149,0.047,16.601,16.452
16.52,16.52,0.154,0.049,16.601,16.447
16.515,16.515,0.142,0.045,16.589,16.447
16.521,16.521,0.143,0.044,16.589,16.446
16.524,16.524,0.161,0.042,16.598,16.437
16.523,16.523,0.161,0.038,16.598,16.437
16.523,16.523,0.161,0.042,16.598,16.437
16.52,16.52,0.161,0.045,16.598,16.437
16.516,16.516,0.162,0.05,16.598,16.436
16.513,16.513,0.191,0.047,16.597,16.406
16.514,16.514,0.191,0.05,16.597,16.406
16.517,16.517,0.205,0.052,16.611,16.406
16.515,16.515,0.205,0.051,16.611,16.406
16.528,16.528,0.189,0.045,16.611,16.422
16.53,16.53,0.186,0.043,16.611,16.425
16.53,16.53,0.178,0.043,16.604,16.426
16.537,16.537,0.156,0.039,16.604,16.448
16.534,16.534,0.156,0.04,16.604,16.448
16.524,16.524,0.175,0.048,16.604,16.429
16.524,16.524,0.175,0.046,16.604,16.429
16.525,16.525,0.156,0.044,16.585,16.429
16.523,16.523,0.154,0.045,16.583,16.429
16.526,16.526,0.138,0.041,16.583,16.445
16.53,16.531,0.138,0.038,16.583,16.445
16.534,16.534,0.142,0.041,16.587,16.445
16.534,16.534,0.141,0.037,16.59,16.449
16.533,16.533,0.141,0.036,16.59,16.449
16.546,16.546,0.165,0.038,16.61,16.445
16.536,16.536,0.17,0.046,16.61,16.44
16.538,16.538,0.17,0.049,16.61,16.44
16.539,16.539,0.17,0.049,16.61,16.44
16.534,16.534,0.15,0.046,16.59,16.44
16.538,16.538,0.151,0.043,16.591,16.44
16.545,16.545,0.137,0.036,16.591,16.454
16.542,16.542,0.137,0.036,16.591,16.454
16.539,16.539,0.138,0.039,16.591,16.453
16.532,16.532,0.138,0.04,16.591,16.453
16.53,16.53,0.137,0.04,16.59,16.453
16.535,16.535,0.126,0.034,16.579,16.453
16.541,16.541,0.131,0.033,16.588,16.457
16.544,16.544,0.151,0.037,16.588,16.437
16.546,16.546,0.151,0.038,16.588,16.437
16.541,16.541,0.151,0.042,16.588,16.437
16.541,16.541,0.151,0.041,16.588,16.437
16.542,16.542,0.163,0.046,16.588,16.425
16.537,16.537,0.164,0.044,16.588,16.424
16.54,16.54,0.158,0.039,16.582,16.424
16.536,16.536,0.158,0.038,16.582,16.424
16.531,16.531,0.158,0.038,16.582,16.424
16.536,16.536,0.201,0.04,16.625,16.424
16.541,16.541,0.188,0.036,16.625,16.437
16.534,16.534,0.188,0.039,16.625,16.437
16.536,16.536,0.188,0.039,16.625,16.437
16.536,16.536,0.185,0.035,16.625,16.44
16.533,16.533,0.145,0.034,16.585,16.44
16.535,16.535,0.151,0.033,16.591,16.44
16.539,16.539,0.151,0.033,16.591,16.44
16.542,16.542,0.138,0.033,16.591,16.453
16.539,16.54,0.151,0.037,16.594,16.443
16.539,16.539,0.151,0.038,16.594,16.443
16.542,16.542,0.155,0.037,16.598,16.443
16.539,16.539,0.156,0.039,16.598,16.442
16.532,16.532,0.169,0.038,16.598,16.429
16.533,16.533,0.169,0.039,16.598,16.429
16.531,16.531,0.169,0.041,16.598,16.429
16.534,16.534,0.162,0.04,16.591,16.429
16.531,16.531,0.165,0.046,16.594,16.429
16.533,16.533,0.148,0.044,16.594,16.446
16.538,16.538,0.154,0.045,16.6,16.446
16.532,16.532,0.154,0.044,16.6,16.446
16.538,16.538,0.154,0.04,16.6,16.446
16.541,16.541,0.142,0.038,16.6,16.458
16.541,16.541,0.141,0.035,16.6,16.459
16.539,16.539,0.134,0.034,16.593,16.459
16.539,16.539,0.131,0.034,16.593,16.462
16.531,16.531,0.137,0.034,16.599,16.462
16.526,16.526,0.16,0.038,16.62,16.46
16.522,16.522,0.181,0.042,16.62,16.439
16.524,16.524,0.181,0.042,16.62,16.439
16.525,16.525,0.188,0.045,16.62,16.432
16.524,16.524,0.159,0.044,16.591,16.432
16.528,16.528,0.171,0.044,16.603,16.432
16.531,16.531,0.171,0.045,16.603,16.432
16.534,16.534,0.157,0.041,16.603,16.446
16.537,16.537,0.157,0.042,16.603,16.446
16.541,16.541,0.148,0.038,16.594,16.446
16.531,16.531,0.147,0.042,16.594,16.447
16.527,16.527,0.135,0.042,16.582,16.447
16.517,16.517,0.132,0.042,16.579,16.447
16.509,16.509,0.131,0.041,16.578,16.447
16.513,16.513,0.136,0.043,16.583,16.447
16.516,16.516,0.141,0.045,16.588,16.447
16.512,16.512,0.141,0.045,16.588,16.447
16.511,16.511,0.153,0.048,16.588,16.435
16.507,16.507,0.153,0.046,16.588,16.435
16.52,16.52,0.164,0.05,16.599,16.435
16.52,16.52,0.164,0.048,16.599,16.435
16.524,16.524,0.159,0.046,16.599,16.44
16.537,16.537,0.143,0.043,16.599,16.456
16.523,16.523,0.166,0.045,16.599,16.433
16.513,16.513,0.161,0.044,16.594,16.433
16.522,16.522,0.209,0.054,16.611,16.402
16.515,16.515,0.209,0.053,16.611,16.402
16.508,16.508,0.209,0.053,16.611,16.402
16.511,16.512,0.209,0.052,16.611,16.402
16.507,16.507,0.209,0.05,16.611,16.402
16.514,16.514,0.156,0.048,16.601,16.445
16.518,16.518,0.166,0.053,16.611,16.445
16.525,16.526,0.166,0.05,16.611,16.445
16.537,16.538,0.151,0.049,16.611,16.46
16.53,16.53,0.151,0.047,16.611,16.46
16.532,16.532,0.146,0.04,16.609,16.463
16.529,16.529,0.141,0.042,16.609,16.468
16.519,16.519,0.128,0.039,16.596,16.468
16.51,16.51,0.162,0.041,16.59,16.428
16.512,16.512,0.162,0.045,16.59,16.428
16.512,16.512,0.152,0.046,16.58,16.428
16.511,16.511,0.152,0.047,16.58,16.428
16.519,16.519,0.146,0.047,16.58,16.434
16.513,16.513,0.145,0.045,16.579,16.434
16.514,16.514,0.141,0.046,16.578,16.437
16.516,16.517,0.141,0.047,16.578,16.437
16.521,16.521,0.16,0.047,16.597,16.437
16.512,16.512,0.148,0.046,16.597,16.449
16.513,16.513,0.162,0.049,16.597,16.435
16.507,16.507,0.17,0.051,16.597,16.427
16.499,16.499,0.185,0.054,16.597,16.412
16.497,16.497,0.18,0.052,16.592,16.412
16.505,16.506,0.188,0.051,16.6,16.412
16.504,16.504,0.188,0.052,16.6,16.412
16.506,16.506,0.177,0.045,16.6,16.423
16.506,16.506,0.158,0.043,16.6,16.442
16.496,16.496,0.158,0.042,16.6,16.442
16.497,16.497,0.133,0.036,16.575,16.442
16.505,16.505,0.151,0.04,16.593,16.442
16.504,16.504,0.151,0.039,16.593,16.442
16.512,16.512,0.143,0.041,16.593,16.45
16.525,16.525,0.152,0.047,16.61,16.458
16.523,16.523,0.148,0.048,16.61,16.462
16.518,16.518,0.148,0.048,16.61,16.462
16.518,16.518,0.163,0.049,16.61,16.447
16.509,16.509,0.156,0.045,16.603,16.447
16.506,16.506,0.17,0.046,16.603,16.433
16.503,16.503,0.17,0.049,16.603,16.433
16.499,16.5,0.17,0.05,16.603,16.433
16.491,16.491,0.156,0.048,16.589,16.433
16.484,16.484,0.156,0.043,16.589,16.433
16.495,16.495,0.176,0.049,16.619,16.443
16.495,16.495,0.176,0.045,16.619,16.443
16.499,16.499,0.17,0.043,16.619,16.449
16.498,16.498,0.189,0.047,16.619,16.43
16.494,16.494,0.159,0.039,16.589,16.43
16.494,16.494,0.163,0.041,16.589,16.426
16.494,16.494,0.173,0.049,16.599,16.426
16.499,16.499,0.173,0.052,16.599,16.426
16.495,16.495,0.183,0.05,16.609,16.426
16.489,16.489,0.2,0.055,16.609,16.409
16.489,16.489,0.2,0.049,16.609,16.409
16.484,16.485,0.2,0.045,16.609,16.409
16.477,16.477,0.181,0.04,16.59,16.409
16.483,16.483,0.181,0.042,16.59,16.409
16.483,16.483,0.167,0.039,16.59,16.423
16.485,16.485,0.167,0.044,16.59,16.423
16.475,16.475,0.139,0.037,16.562,16.423
16.473,16.473,0.151,0.038,16.574,16.423
16.473,16.473,0.151,0.036,16.574,16.423
16.473,16.473,0.145,0.029,16.574,16.429
16.478,16.478,0.167,0.04,16.584,16.417
16.486,16.486,0.167,0.037,16.584,16.417
16.491,16.491,0.167,0.043,16.584,16.417
16.496,16.496,0.167,0.045,16.584,16.417
16.489,16.489,0.155,0.043,16.584,16.429
16.485,16.485,0.151,0.041,16.58,16.429
16.476,16.477,0.151,0.036,16.58,16.429
16.475,16.475,0.148,0.034,16.577,16.429
16.473,16.473,0.144,0.031,16.577,16.433
16.484,16.484,0.141,0.034,16.577,16.436
16.492,16.492,0.133,0.03,16.577,16.444
16.485,16.485,0.123,0.027,16.563,16.44
16.482,16.482,0.132,0.03,16.563,16.431
16.483,16.483,0.132,0.03,16.563,16.431
16.476,16.476,0.09,0.023,16.521,16.431
16.48,16.48,0.09,0.023,16.521,16.431
16.481,16.481,0.103,0.023,16.534,16.431
16.478,16.478,0.102,0.025,16.534,16.432
16.472,16.472,0.105,0.026,16.534,16.429
16.463,16.463,0.105,0.024,16.534,16.429
16.459,16.459,0.091,0.02,16.52,16.429
16.457,16.457,0.091,0.02,16.52,16.429
16.462,16.462,0.106,0.024,16.534,16.428
16.466,16.466,0.12,0.026,16.534,16.414
16.468,16.468,0.12,0.028,16.534,16.414
16.475,16.475,0.12,0.03,16.534,16.414
16.474,16.474,0.108,0.028,16.522,16.414
16.476,16.476,0.086,0.026,16.522,16.436
16.474,16.474,0.092,0.025,16.521,16.429
16.468,16.468,0.093,0.024,16.518,16.425
16.464,16.464,0.099,0.025,16.518,16.419
16.461,16.461,0.134,0.027,16.553,16.419
16.461,16.461,0.134,0.027,16.553,16.419
16.461,16.461,0.134,0.027,16.553,16.419
16.465,16.465,0.134,0.027,16.553,16.419
16.467,16.467,0.079,0.023,16.512,16.433
16.465,16.465,0.1,0.024,16.512,16.412
16.462,16.462,0.093,0.022,16.505,16.412
16.464,16.464,0.103,0.024,16.515,16.412
16.467,16.467,0.103,0.023,16.515,16.412
16.472,16.472,0.084,0.02,16.515,16.431
16.474,16.474,0.084,0.019,16.515,16.431
16.475,16.475,0.076,0.017,16.515,16.439
16.471,16.471,0.081,0.018,16.506,16.425
16.468,16.468,0.084,0.02,16.509,16.425
16.468,16.468,0.091,0.022,16.51,16.419
16.466,16.466,0.091,0.023,16.51,16.419
16.467,16.467,0.1,0.024,16.51,16.41
16.465,16.465,0.1,0.023,16.51,16.41
16.464,16.464,0.1,0.021,16.51,16.41
16.462,16.462,0.091,0.018,16.501,16.41
16.464,16.464,0.065,0.017,16.501,16.436
16.461,16.461,0.074,0.016,16.495,16.421
16.46,16.46,0.074,0.016,16.495,16.421
16.459,16.459,0.084,0.017,16.505,16.421
16.46,16.46,0.084,0.016,16.505,16.421
16.463,16.463,0.091,0.02,16.525,16.434
16.461,16.461,0.099,0.022,16.525,16.426
16.462,16.462,0.162,0.029,16.579,16.417
16.465,16.465,0.162,0.03,16.579,16.417
16.465,16.465,0.171,0.037,16.579,16.408
16.462,16.462,0.171,0.036,16.579,16.408
16.474,16.474,0.173,0.047,16.581,16.408
16.472,16.472,0.173,0.045,16.581,16.408
16.466,16.466,0.173,0.042,16.581,16.408
16.469,16.469,0.168,0.041,16.581,16.413
16.465,16.465,0.17,0.04,16.581,16.411
16.461,16.461,0.119,0.029,16.53,16.411
16.46,16.46,0.119,0.028,16.53,16.411
16.462,16.462,0.119,0.028,16.53,16.411
16.464,16.464,0.119,0.028,16.53,16.411
16.469,16.469,0.145,0.035,16.569,16.424
16.46,16.46,0.157,0.035,16.569,16.412
16.456,16.456,0.157,0.037,16.569,16.412
16.45,16.45,0.172,0.039,16.569,16.397
16.452,16.452,0.172,0.041,16.569,16.397
16.46,16.46,0.174,0.043,16.571,16.397
16.464,16.464,0.174,0.043,16.571,16.397
16.47,16.47,0.154,0.041,16.571,16.417
16.474,16.474,0.156,0.039,16.571,16.415
16.464,16.464,0.156,0.036,16.571,16.415
16.464,16.464,0.131,0.033,16.546,16.415
16.467,16.467,0.145,0.035,16.56,16.415
16.471,16.471,0.145,0.043,16.56,16.415
16.481,16.481,0.145,0.045,16.562,16.417
16.479,16.479,0.141,0.047,16.562,16.421
16.482,16.482,0.158,0.048,16.579,16.421
16.477,16.477,0.168,0.045,16.579,16.411
16.47,16.47,0.168,0.037,16.579,16.411
16.473,16.473,0.17,0.041,16.579,16.409
16.472,16.472,0.17,0.039,16.579,16.409
16.466,16.466,0.143,0.038,16.54,16.397
16.459,16.459,0.143,0.033,16.54,16.397
16.464,16.464,0.165,0.038,16.562,16.397
16.463,16.463,0.166,0.041,16.563,16.397
16.466,16.466,0.152,0.04,16.563,16.411
16.469,16.47,0.152,0.043,16.563,16.411
16.471,16.471,0.157,0.048,16.563,16.406
16.47,16.47,0.157,0.046,16.563,16.406
16.469,16.469,0.155,0.045,16.561,16.406
16.468,16.468,0.163,0.05,16.561,16.398
16.461,16.462,0.154,0.046,16.552,16.398
16.466,16.466,0.154,0.049,16.552,16.398
16.467,16.467,0.154,0.049,16.552,16.398
16.464,16.464,0.15,0.047,16.549,16.399
16.459,16.459,0.159,0.047,16.549,16.39
16.452,16.452,0.159,0.044,16.549,16.39
16.447,16.447,0.154,0.039,16.544,16.39
16.447,16.448,0.152,0.039,16.542,16.39
16.45,16.45,0.148,0.04,16.542,16.394
16.462,16.462,0.145,0.041,16.542,16.397
16.466,16.466,0.146,0.042,16.543,16.397
16.465,16.465,0.157,0.049,16.554,16.397
16.468,16.468,0.176,0.05,16.573,16.397
16.467,16.467,0.176,0.051,16.573,16.397
16.469,16.469,0.176,0.049,16.573,16.397
16.471,16.471,0.169,0.046,16.573,16.404
16.47,16.47,0.155,0.046,16.557,16.402
16.468,16.468,0.155,0.046,16.557,16.402
16.465,16.465,0.154,0.047,16.556,16.402
16.462,16.462,0.154,0.046,16.556,16.402
16.467,16.467,0.148,0.042,16.556,16.408
16.461,16.462,0.146,0.036,16.556,16.41
16.457,16.457,0.127,0.03,16.537,16.41
16.457,16.457,0.127,0.034,16.537,16.41
16.455,16.455,0.127,0.032,16.537,16.41
16.454,16.454,0.156,0.034,16.566,16.41
16.463,16.463,0.17,0.037,16.566,16.396
16.467,16.467,0.17,0.038,16.566,16.396
16.469,16.469,0.17,0.037,16.566,16.396
16.466,16.466,0.165,0.034,16.561,16.396
16.457,16.457,0.136,0.03,16.526,16.39
16.457,16.457,0.136,0.028,16.526,16.39
16.456,16.456,0.139,0.028,16.529,16.39
16.453,16.453,0.139,0.027,16.529,16.39
16.457,16.457,0.168,0.034,16.558,16.39
16.46,16.46,0.163,0.034,16.558,16.395
16.467,16.467,0.163,0.038,16.558,16.395
16.477,16.477,0.147,0.038,16.558,16.411
16.475,16.475,0.136,0.036,16.547,16.411
16.471,16.471,0.143,0.04,16.554,16.411
16.462,16.462,0.139,0.036,16.554,16.415
16.456,16.456,0.139,0.032,16.554,16.415
16.456,16.456,0.139,0.035,16.554,16.415
16.454,16.455,0.113,0.031,16.528,16.415
16.454,16.454,0.113,0.03,16.528,16.415
16.462,16.462,0.113,0.033,16.528,16.415
16.465,16.465,0.113,0.035,16.528,16.415
16.465,16.465,0.113,0.034,16.533,16.42
16.477,16.477,0.125,0.039,16.546,16.421
16.478,16.479,0.125,0.039,16.546,16.421
16.48,16.48,0.124,0.042,16.546,16.422
16.476,16.477,0.141,0.042,16.546,16.405
16.472,16.472,0.14,0.036,16.545,16.405
16.463,16.463,0.14,0.031,16.545,16.405
16.462,16.462,0.14,0.03,16.545,16.405
16.463,16.463,0.135,0.03,16.54,16.405
16.461,16.461,0.13,0.031,16.54,16.41
16.457,16.457,0.141,0.036,16.551,16.41
16.457,16.457,0.153,0.037,16.551,16.398
16.456,16.456,0.153,0.037,16.551,16.398
16.463,16.463,0.153,0.038,16.551,16.398
16.474,16.474,0.153,0.038,16.551,16.398
16.476,16.476,0.14,0.036,16.535,16.395
16.471,16.471,0.14,0.036,16.535,16.395
16.463,16.463,0.134,0.034,16.529,16.395
16.458,16.459,0.134,0.03,16.529,16.395
16.452,16.452,0.113,0.026,16.508,16.395
16.461,16.461,0.116,0.029,16.53,16.414
16.467,16.467,0.126,0.031,16.54,16.414
16.463,16.463,0.131,0.033,16.54,16.409
16.457,16.457,0.14,0.036,16.54,16.4
16.446,16.446,0.142,0.035,16.54,16.398
16.435,16.435,0.098,0.028,16.496,16.398
16.44,16.44,0.137,0.038,16.527,16.39
16.441,16.441,0.137,0.037,16.527,16.39
16.441,16.441,0.137,0.036,16.527,16.39
16.447,16.447,0.137,0.036,16.527,16.39
16.45,16.45,0.132,0.033,16.522,16.39
16.456,16.456,0.144,0.038,16.534,16.39
16.456,16.456,0.144,0.037,16.534,16.39
16.456,16.456,0.143,0.043,16.537,16.394
16.454,16.454,0.143,0.043,16.537,16.394
16.451,16.451,0.143,0.04,16.537,16.394
16.452,16.452,0.143,0.041,16.537,16.394
16.468,16.468,0.162,0.048,16.556,16.394
16.461,16.461,0.162,0.046,16.556,16.394
16.451,16.451,0.178,0.048,16.556,16.378
16.455,16.456,0.178,0.052,16.556,16.378
16.454,16.454,0.178,0.052,16.556,16.378
16.456,16.456,0.173,0.049,16.551,16.378
16.467,16.467,0.158,0.049,16.551,16.393
16.471,16.471,0.194,0.05,16.592,16.398
16.482,16.482,0.194,0.052,16.592,16.398
16.48,16.48,0.194,0.049,16.592,16.398
16.477,16.477,0.194,0.046,16.592,16.398
16.484,16.484,0.145,0.036,16.574,16.429
16.48,16.48,0.145,0.039,16.574,16.429
16.465,16.466,0.164,0.038,16.561,16.397
16.471,16.471,0.172,0.045,16.561,16.389
16.468,16.468,0.172,0.048,16.561,16.389
16.467,16.467,0.167,0.048,16.556,16.389
16.47,16.47,0.167,0.049,16.556,16.389
16.46,16.46,0.167,0.045,16.556,16.389
16.458,16.458,0.163,0.045,16.556,16.393
16.46,16.46,0.153,0.045,16.549,16.396
16.455,16.455,0.153,0.043,16.549,16.396
16.461,16.461,0.145,0.045,16.549,16.404
16.464,16.464,0.142,0.043,16.549,16.407
16.46,16.46,0.142,0.039,16.549,16.407
16.459,16.459,0.131,0.039,16.538,16.407
16.456,16.456,0.138,0.04,16.538,16.4
16.456,16.456,0.161,0.041,16.561,16.4
16.459,16.459,0.161,0.042,16.561,16.4
16.459,16.459,0.161,0.044,16.561,16.4
16.465,16.465,0.158,0.042,16.561,16.403
16.462,16.462,0.158,0.039,16.561,16.403
16.462,16.462,0.17,0.04,16.573,16.403
16.467,16.467,0.163,0.046,16.573,16.41
16.467,16.467,0.159,0.044,16.573,16.414
16.471,16.471,0.153,0.044,16.573,16.42
16.476,16.476,0.153,0.046,16.573,16.42
16.476,16.476,0.144,0.043,16.564,16.42
16.487,16.487,0.159,0.046,16.581,16.422
16.494,16.494,0.198,0.052,16.581,16.383
16.497,16.497,0.198,0.054,16.581,16.383
16.498,16.498,0.198,0.053,16.581,16.383
16.491,16.491,0.198,0.054,16.581,16.383
16.483,16.483,0.185,0.052,16.568,16.383
16.48,16.48,0.166,0.044,16.569,16.403
16.49,16.49,0.174,0.048,16.577,16.403
16.49,16.49,0.174,0.048,16.577,16.403
16.491,16.491,0.174,0.049,16.577,16.403
16.49,16.49,0.187,0.053,16.582,16.395
16.482,16.483,0.187,0.052,16.582,16.395
16.484,16.485,0.187,0.052,16.582,16.395
16.485,16.485,0.228,0.056,16.623,16.395
16.48,16.48,0.228,0.05,16.623,16.395
16.492,16.492,0.21,0.047,16.623,16.413
16.487,16.487,0.21,0.044,16.623,16.413
16.477,16.477,0.169,0.036,16.585,16.416
16.478,16.478,0.169,0.035,16.585,16.416
16.474,16.474,0.135,0.035,16.551,16.416
16.461,16.461,0.146,0.038,16.549,16.403
16.461,16.462,0.136,0.039,16.539,16.403
16.467,16.467,0.161,0.045,16.564,16.403
16.454,16.454,0.167,0.045,16.564,16.397
16.467,16.467,0.167,0.051,16.564,16.397
16.479,16.479,0.173,0.052,16.57,16.397
16.482,16.482,0.173,0.051,16.57,16.397
16.485,16.485,0.161,0.05,16.571,16.41
16.487,16.487,0.162,0.044,16.571,16.409
16.477,16.477,0.172,0.041,16.571,16.399
16.476,16.476,0.172,0.041,16.571,16.399
16.475,16.475,0.172,0.042,16.571,16.399
16.47,16.47,0.165,0.041,16.564,16.399
16.482,16.482,0.157,0.044,16.571,16.414
16.478,16.478,0.157,0.045,16.571,16.414
16.475,16.475,0.164,0.045,16.571,16.407
16.472,16.472,0.164,0.045,16.571,16.407
16.469,16.469,0.146,0.042,16.553,16.407
16.479,16.479,0.186,0.047,16.593,16.407
16.482,16.482,0.186,0.044,16.593,16.407
16.491,16.491,0.17,0.039,16.593,16.423
16.497,16.497,0.16,0.044,16.593,16.433
16.499,16.499,0.166,0.049,16.599,16.433
16.498,16.498,0.18,0.051,16.599,16.419
16.497,16.497,0.18,0.052,16.599,16.419
16.498,16.498,0.18,0.054,16.599,16.419
16.49,16.49,0.18,0.048,16.599,16.419
16.485,16.485,0.146,0.04,16.579,16.433
16.488,16.488,0.162,0.043,16.579,16.417
16.489,16.49,0.162,0.041,16.579,16.417
16.49,16.49,0.146,0.04,16.563,16.417
16.49,16.491,0.146,0.042,16.563,16.417
16.491,16.491,0.126,0.041,16.563,16.437
16.5,16.5,0.133,0.046,16.57,16.437
16.501,16.502,0.172,0.052,16.586,16.414
16.504,16.504,0.172,0.052,16.586,16.414
16.499,16.499,0.172,0.054,16.586,16.414
16.496,16.496,0.172,0.054,16.586,16.414
16.488,16.488,0.166,0.05,16.582,16.416
16.476,16.476,0.176,0.048,16.592,16.416
16.477,16.477,0.176,0.049,16.592,16.416
16.471,16.471,0.178,0.047,16.592,16.414
16.478,16.478,0.178,0.049,16.592,16.414
16.48,16.48,0.178,0.048,16.592,16.414
16.487,16.487,0.166,0.053,16.578,16.412
16.493,16.493,0.188,0.05,16.6,16.412
16.496,16.496,0.188,0.048,16.6,16.412
16.499,16.499,0.188,0.046,16.6,16.412
16.502,16.502,0.172,0.041,16.6,16.428
16.498,16.498,0.172,0.042,16.6,16.428
16.507,16.507,0.161,0.045,16.595,16.434
16.503,16.503,0.161,0.046,16.595,16.434
16.505,16.505,0.161,0.045,16.595,16.434
16.498,16.498,0.187,0.044,16.595,16.408
16.502,16.502,0.185,0.043,16.593,16.408
16.498,16.498,0.163,0.038,16.571,16.408
16.494,16.494,0.17,0.043,16.578,16.408
16.496,16.496,0.146,0.042,16.578,16.432
16.493,16.493,0.146,0.036,16.578,16.432
16.498,16.498,0.146,0.038,16.578,16.432
16.503,16.503,0.142,0.036,16.578,16.436
16.503,16.503,0.139,0.038,16.575,16.436
16.498,16.498,0.144,0.042,16.575,16.431
16.492,16.492,0.144,0.041,16.575,16.431
16.488,16.488,0.146,0.042,16.577,16.431
16.496,16.496,0.189,0.045,16.62,16.431
16.505,16.505,0.189,0.048,16.62,16.431
16.506,16.506,0.172,0.05,16.62,16.448
16.516,16.516,0.171,0.051,16.62,16.449
16.522,16.522,0.154,0.045,16.603,16.449
16.521,16.521,0.159,0.045,16.603,16.444
16.52,16.52,0.159,0.041,16.603,16.444
16.518,16.518,0.172,0.044,16.603,16.431
16.509,16.509,0.159,0.046,16.577,16.418
16.506,16.506,0.168,0.048,16.586,16.418
16.503,16.504,0.168,0.047,16.586,16.418
16.511,16.511,0.177,0.05,16.595,16.418
16.51,16.51,0.177,0.048,16.595,16.418
16.525,16.525,0.164,0.043,16.595,16.431
16.515,16.515,0.164,0.046,16.595,16.431
16.516,16.516,0.158,0.046,16.595,16.437
16.514,16.514,0.148,0.046,16.58,16.432
16.507,16.507,0.18,0.052,16.589,16.409
16.502,16.503,0.18,0.048,16.589,16.409
16.514,16.515,0.18,0.045,16.589,16.409
16.502,16.503,0.18,0.047,16.589,16.409
16.501,16.501,0.18,0.047,16.589,16.409
16.509,16.509,0.147,0.043,16.575,16.428
16.504,16.504,0.147,0.044,16.575,16.428
16.504,16.504,0.147,0.044,16.575,16.428
16.509,16.51,0.154,0.042,16.575,16.421
16.498,16.499,0.148,0.043,16.567,16.419
16.496,16.496,0.148,0.039,16.567,16.419
16.494,16.494,0.154,0.042,16.567,16.413
16.493,16.493,0.147,0.043,16.56,16.413
16.495,16.495,0.147,0.04,16.56,16.413
16.498,16.498,0.16,0.042,16.573,16.413
16.503,16.503,0.152,0.044,16.573,16.421
16.504,16.504,0.152,0.042,16.573,16.421
16.499,16.499,0.152,0.047,16.573,16.421
16.504,16.504,0.16,0.045,16.584,16.424
16.504,16.504,0.16,0.044,16.584,16.424
16.498,16.498,0.175,0.045,16.584,16.409
16.506,16.506,0.175,0.043,16.584,16.409
16.504,16.504,0.161,0.045,16.57,16.409
16.497,16.497,0.175,0.047,16.57,16.395
16.498,16.498,0.18,0.05,16.575,16.395
16.497,16.497,0.18,0.05,16.575,16.395
16.49,16.49,0.18,0.046,16.575,16.395
16.489,16.489,0.147,0.043,16.575,16.428
16.493,16.493,0.144,0.042,16.574,16.43
16.498,16.499,0.138,0.044,16.574,16.436
16.498,16.498,0.138,0.049,16.574,16.436
16.502,16.502,0.14,0.049,16.575,16.435
16.504,16.504,0.14,0.048,16.575,16.435
16.497,16.497,0.158,0.048,16.575,16.417
16.494,16.494,0.158,0.045,16.575,16.417
16.493,16.493,0.148,0.041,16.565,16.417
16.487,16.487,0.148,0.043,16.565,16.417
16.493,16.493,0.157,0.047,16.583,16.426
16.494,16.494,0.163,0.049,16.589,16.426
16.493,16.493,0.175,0.049,16.589,16.414
16.5,16.5,0.175,0.047,16.589,16.414
16.489,16.489,0.175,0.049,16.589,16.414
16.482,16.482,0.135,0.041,16.549,16.414
16.475,16.475,0.145,0.043,16.549,16.404
16.483,16.483,0.174,0.045,16.578,16.404
16.493,16.493,0.174,0.049,16.578,16.404
16.505,16.505,0.193,0.053,16.597,16.404
16.512,16.512,0.159,0.049,16.597,16.438
16.519,16.519,0.159,0.045,16.597,16.438
16.513,16.513,0.167,0.049,16.597,16.43
16.51,16.51,0.151,0.046,16.581,16.43
16.506,16.506,0.151,0.047,16.581,16.43
16.496,16.496,0.151,0.047,16.581,16.43
16.496,16.496,0.161,0.048,16.591,16.43
16.49,16.49,0.159,0.044,16.591,16.432
16.495,16.495,0.168,0.048,16.6,16.432
16.492,16.492,0.168,0.047,16.6,16.432
16.492,16.492,0.181,0.05,16.6,16.419
16.482,16.482,0.181,0.046,16.6,16.419
16.48,16.48,0.181,0.049,16.6,16.419
16.479,16.479,0.171,0.04,16.59,16.419
16.482,16.482,0.171,0.044,16.59,16.419
16.48,16.48,0.16,0.039,16.587,16.427
16.48,16.48,0.148,0.034,16.575,16.427
16.48,16.48,0.136,0.032,16.563,16.427
16.484,16.484,0.137,0.04,16.564,16.427
16.483,16.483,0.139,0.037,16.572,16.433
16.485,16.486,0.165,0.041,16.583,16.418
16.481,16.482,0.165,0.042,16.583,16.418
16.478,16.478,0.165,0.041,16.583,16.418
16.478,16.478,0.165,0.044,16.583,16.418
16.477,16.477,0.156,0.04,16.574,16.418
16.472,16.472,0.154,0.04,16.574,16.42
16.474,16.474,0.148,0.042,16.574,16.426
16.475,16.475,0.141,0.038,16.567,16.426
16.476,16.476,0.146,0.04,16.572,16.426
16.484,16.484,0.146,0.039,16.572,16.426
16.489,16.489,0.152,0.04,16.582,16.43
16.497,16.497,0.168,0.043,16.598,16.43
16.494,16.494,0.159,0.04,16.598,16.439
16.493,16.493,0.159,0.041,16.598,16.439
16.494,16.494,0.174,0.044,16.598,16.424
16.492,16.492,0.175,0.042,16.599,16.424
16.488,16.488,0.175,0.042,16.599,16.424
16.489,16.489,0.175,0.046,16.599,16.424
16.481,16.481,0.175,0.043,16.599,16.424
16.47,16.47,0.17,0.036,16.59,16.42
16.472,16.472,0.161,0.035,16.581,16.42
16.471,16.471,0.154,0.028,16.574,16.42
16.475,16.475,0.154,0.027,16.574,16.42
16.478,16.478,0.153,0.026,16.574,16.421
16.479,16.479,0.08,0.018,16.509,16.429
16.477,16.477,0.08,0.019,16.509,16.429
16.481,16.481,0.07,0.019,16.509,16.439
16.473,16.473,0.154,0.033,16.509,16.355
16.476,16.476,0.167,0.034,16.522,16.355
16.476,16.476,0.167,0.034,16.522,16.355
16.473,16.473,0.167,0.035,16.522,16.355
16.472,16.472,0.158,0.028,16.522,16.364
16.474,16.474,0.095,0.022,16.521,16.426
16.472,16.472,0.097,0.024,16.523,16.426
16.475,16.475,0.091,0.024,16.523,16.432
16.477,16.477,0.097,0.025,16.523,16.426
16.467,16.467,0.165,0.039,16.523,16.358
16.46,16.46,0.165,0.041,16.523,16.358
16.459,16.459,0.184,0.045,16.542,16.358
16.462,16.462,0.184,0.046,16.542,16.358
16.466,16.466,0.174,0.044,16.542,16.368
16.471,16.471,0.174,0.042,16.542,16.368
16.482,16.482,0.163,0.034,16.542,16.379
16.478,16.478,0.16,0.034,16.539,16.379
16.48,16.48,0.102,0.024,16.531,16.429
16.478,16.478,0.148,0.029,16.531,16.383
16.478,16.478,0.148,0.03,16.531,16.383
16.472,16.472,0.134,0.027,16.517,16.383
16.475,16.475,0.144,0.028,16.527,16.383
16.483,16.483,0.082,0.023,16.527,16.445
16.48,16.48,0.099,0.027,16.527,16.428
16.48,16.48,0.099,0.027,16.527,16.428
16.487,16.487,0.143,0.03,16.571,16.428
16.484,16.484,0.143,0.028,16.571,16.428
16.481,16.481,0.143,0.027,16.571,16.428
16.487,16.487,0.141,0.023,16.571,16.43
16.484,16.484,0.141,0.024,16.571,16.43
16.478,16.478,0.1,0.023,16.516,16.416
16.477,16.477,0.1,0.023,16.516,16.416
16.474,16.474,0.1,0.024,16.516,16.416
16.474,16.474,0.101,0.026,16.517,16.416
16.477,16.477,0.101,0.022,16.517,16.416
16.476,16.476,0.091,0.018,16.517,16.426
16.48,16.48,0.095,0.021,16.52,16.425
16.48,16.48,0.095,0.021,16.52,16.425
16.474,16.474,0.099,0.025,16.52,16.421
16.473,16.473,0.099,0.026,16.52,16.421
16.476,16.476,0.099,0.026,16.52,16.421
16.472,16.472,0.093,0.023,16.514,16.421
16.473,16.473,0.089,0.022,16.52,16.431
16.479,16.479,0.089,0.02,16.52,16.431
16.477,16.477,0.089,0.021,16.52,16.431
16.481,16.481,0.089,0.021,16.52,16.431
16.47,16.47,0.109,0.027,16.516,16.407
16.47,16.47,0.119,0.029,16.516,16.397
16.471,16.471,0.138,0.035,16.535,16.397
16.469,16.469,0.138,0.036,16.535,16.397
16.47,16.47,0.138,0.035,16.535,16.397
16.477,16.477,0.134,0.03,16.535,16.401
16.472,16.472,0.114,0.027,16.535,16.421
16.468,16.468,0.092,0.023,16.513,16.421
16.47,16.47,0.092,0.022,16.513,16.421
16.469,16.469,0.1,0.026,16.515,16.415
16.475,16.475,0.1,0.028,16.515,16.415
16.476,16.476,0.104,0.028,16.519,16.415
16.472,16.472,0.104,0.029,16.519,16.415
16.468,16.468,0.102,0.029,16.519,16.417
16.466,16.466,0.102,0.027,16.519,16.417
16.469,16.469,0.09,0.025,16.519,16.429
16.465,16.465,0.101,0.028,16.519,16.418
16.464,16.464,0.101,0.028,16.519,16.418
16.465,16.465,0.101,0.025,16.519,16.418
16.463,16.463,0.101,0.023,16.519,16.418
16.463,16.463,0.097,0.019,16.515,16.418
16.468,16.468,0.087,0.018,16.515,16.428
16.467,16.467,0.081,0.018,16.515,16.434
16.469,16.469,0.146,0.027,16.58,16.434
16.467,16.467,0.154,0.028,16.58,16.426
16.47,16.47,0.154,0.029,16.58,16.426
16.473,16.473,0.154,0.029,16.58,16.426
16.472,16.472,0.154,0.028,16.58,16.426
16.471,16.471,0.103,0.021,16.514,16.411
16.467,16.467,0.104,0.021,16.515,16.411
16.468,16.468,0.177,0.028,16.588,16.411
16.473,16.473,0.177,0.035,16.588,16.411
16.476,16.476,0.177,0.038,16.588,16.411
16.48,16.48,0.16,0.037,16.588,16.428
16.477,16.477,0.161,0.037,16.58,16.419
16.48,16.481,0.152,0.035,16.571,16.419
16.474,16.474,0.152,0.032,16.571,16.419
16.476,16.476,0.152,0.036,16.571,16.419
16.476,16.476,0.129,0.035,16.548,16.419
16.48,16.48,0.13,0.035,16.568,16.438
16.478,16.478,0.131,0.034,16.568,16.437
16.478,16.478,0.136,0.034,16.568,16.432
16.475,16.475,0.136,0.03,16.568,16.432
16.47,16.47,0.113,0.027,16.545,16.432
16.482,16.482,0.159,0.038,16.591,16.432
16.484,16.484,0.159,0.038,16.591,16.432
16.492,16.492,0.145,0.036,16.591,16.446
16.488,16.488,0.155,0.038,16.591,16.436
16.486,16.486,0.155,0.038,16.591,16.436
16.482,16.482,0.142,0.036,16.578,16.436
16.485,16.485,0.142,0.037,16.578,16.436
16.486,16.486,0.132,0.033,16.578,16.446
16.491,16.491,0.139,0.033,16.578,16.439
16.492,16.492,0.139,0.033,16.578,16.439
16.484,16.484,0.112,0.025,16.551,16.439
16.481,16.481,0.112,0.026,16.551,16.439
16.474,16.474,0.123,0.029,16.528,16.405
16.47,16.47,0.123,0.027,16.528,16.405
16.467,16.467,0.123,0.027,16.528,16.405
16.465,16.465,0.123,0.027,16.528,16.405
16.471,16.471,0.142,0.028,16.547,16.405
16.478,16.478,0.131,0.026,16.547,16.416
16.481,16.481,0.112,0.024,16.547,16.435
16.493,16.493,0.189,0.043,16.633,16.444
16.502,16.502,0.198,0.049,16.633,16.435
16.498,16.498,0.198,0.05,16.633,16.435
16.496,16.496,0.202,0.05,16.633,16.431
16.485,16.485,0.187,0.042,16.607,16.42
16.477,16.477,0.149,0.031,16.569,16.42
16.471,16.471,0.131,0.029,16.551,16.42
16.47,16.47,0.131,0.029,16.551,16.42
16.474,16.475,0.127,0.029,16.551,16.424
16.479,16.479,0.127,0.031,16.551,16.424
16.477,16.477,0.117,0.027,16.541,16.424
16.485,16.485,0.136,0.033,16.56,16.424
16.485,16.485,0.164,0.04,16.588,16.424
16.487,16.487,0.173,0.044,16.588,16.415
16.48,16.48,0.173,0.044,16.588,16.415
16.486,16.486,0.173,0.046,16.588,16.415
16.48,16.48,0.173,0.041,16.588,16.415
16.477,16.477,0.167,0.037,16.582,16.415
16.475,16.475,0.125,0.028,16.564,16.439
16.478,16.478,0.151,0.033,16.581,16.43
16.478,16.478,0.166,0.035,16.596,16.43
16.478,16.478,0.166,0.037,16.596,16.43
16.484,16.484,0.17,0.039,16.596,16.426
16.484,16.484,0.17,0.041,16.596,16.426
16.476,16.476,0.159,0.033,16.585,16.426
16.475,16.475,0.165,0.033,16.585,16.42
16.469,16.469,0.168,0.034,16.585,16.417
16.472,16.472,0.158,0.036,16.575,16.417
16.469,16.47,0.169,0.042,16.575,16.406
16.48,16.48,0.176,0.045,16.582,16.406
16.488,16.488,0.207,0.05,16.613,16.406
16.489,16.489,0.207,0.048,16.613,16.406
16.49,16.49,0.185,0.043,16.613,16.428
16.48,16.48,0.216,0.042,16.613,16.397
16.469,16.469,0.216,0.038,16.613,16.397
16.466,16.466,0.164,0.036,16.561,16.397
16.466,16.466,0.172,0.037,16.569,16.397
16.468,16.468,0.172,0.037,16.569,16.397
16.472,16.472,0.143,0.034,16.569,16.426
16.48,16.48,0.143,0.034,16.569,16.426
16.478,16.478,0.111,0.027,16.537,16.426
16.478,16.478,0.103,0.028,16.537,16.434
16.482,16.483,0.137,0.032,16.571,16.434
16.487,16.487,0.137,0.034,16.571,16.434
16.486,16.486,0.137,0.034,16.571,16.434
16.488,16.488,0.128,0.032,16.571,16.443
16.478,16.478,0.133,0.032,16.56,16.427
16.483,16.483,0.183,0.037,16.61,16.427
16.481,16.481,0.183,0.034,16.61,16.427
16.484,16.484,0.183,0.038,16.61,16.427
16.483,16.483,0.183,0.035,16.61,16.427
16.494,16.494,0.178,0.039,16.61,16.432
16.494,16.494,0.163,0.041,16.595,16.432
16.493,16.493,0.165,0.045,16.597,16.432
16.491,16.491,0.171,0.049,16.597,16.426
16.489,16.49,0.171,0.047,16.597,16.426
16.484,16.484,0.171,0.044,16.597,16.426
16.486,16.486,0.171,0.043,16.597,16.426
16.483,16.483,0.151,0.035,16.577,16.426
16.483,16.483,0.121,0.034,16.556,16.435
16.475,16.475,0.136,0.034,16.562,16.426
16.472,16.472,0.138,0.037,16.562,16.424
16.471,16.471,0.152,0.039,16.576,16.424
16.475,16.475,0.152,0.041,16.576,16.424
16.479,16.48,0.157,0.042,16.581,16.424
16.477,16.477,0.163,0.042,16.581,16.418
16.482,16.483,0.176,0.049,16.594,16.418
16.476,16.476,0.181,0.05,16.599,16.418
16.468,16.468,0.181,0.047,16.599,16.418
16.471,16.471,0.179,0.045,16.599,16.42
16.472,16.472,0.179,0.039,16.599,16.42
16.479,16.479,0.179,0.036,16.599,16.42
16.49,16.49,0.147,0.039,16.591,16.444
16.488,16.488,0.159,0.044,16.591,16.432
16.484,16.484,0.159,0.045,16.591,16.432
16.483,16.483,0.175,0.049,16.591,16.416
16.475,16.475,0.175,0.046,16.591,16.416
16.469,16.469,0.141,0.036,16.557,16.416
16.469,16.469,0.137,0.034,16.553,16.416
16.473,16.473,0.141,0.035,16.557,16.416
16.476,16.476,0.125,0.031,16.557,16.432
16.487,16.487,0.177,0.044,16.601,16.424
16.497,16.497,0.177,0.047,16.601,16.424
16.501,16.501,0.177,0.048,16.601,16.424
16.498,16.498,0.177,0.049,16.601,16.424
16.495,16.495,0.159,0.048,16.601,16.442
16.487,16.487,0.159,0.041,16.601,16.442
16.474,16.474,0.192,0.038,16.601,16.409
16.477,16.477,0.192,0.041,16.601,16.409
16.474,16.474,0.152,0.037,16.561,16.409
16.483,16.483,0.159,0.044,16.568,16.409
16.487,16.487,0.158,0.044,16.585,16.427
16.486,16.486,0.158,0.044,16.585,16.427
16.488,16.488,0.158,0.043,16.585,16.427
16.494,16.494,0.178,0.048,16.605,16.427
16.494,16.494,0.174,0.046,16.605,16.431
16.489,16.489,0.174,0.042,16.605,16.431
16.488,16.488,0.174,0.042,16.605,16.431
16.49,16.49,0.142,0.038,16.583,16.441
16.486,16.486,0.126,0.035,16.563,16.437
16.488,16.488,0.13,0.037,16.563,16.433
16.492,16.492,0.14,0.036,16.573,16.433
16.493,16.493,0.186,0.043,16.619,16.433
16.486,16.486,0.186,0.041,16.619,16.433
16.481,16.481,0.216,0.042,16.619,16.403
16.48,16.48,0.216,0.045,16.619,16.403
16.478,16.479,0.191,0.038,16.594,16.403
16.489,16.489,0.191,0.047,16.594,16.403
16.497,16.497,0.165,0.046,16.594,16.429
16.501,16.501,0.166,0.047,16.594,16.428
16.498,16.498,0.166,0.046,16.594,16.428
16.49,16.49,0.181,0.04,16.609,16.428
16.485,16.485,0.181,0.037,16.609,16.428
16.488,16.488,0.171,0.038,16.609,16.438
16.484,16.484,0.167,0.037,16.609,16.442
16.485,16.485,0.131,0.032,16.575,16.444
16.483,16.483,0.143,0.033,16.575,16.432
16.483,16.483,0.143,0.036,16.575,16.432
16.481,16.481,0.16,0.036,16.566,16.406
16.479,16.479,0.16,0.037,16.566,16.406
16.475,16.476,0.16,0.036,16.566,16.406
16.472,16.472,0.16,0.039,16.566,16.406
16.476,16.476,0.19,0.043,16.596,16.406
16.485,16.485,0.178,0.043,16.596,16.418
16.494,16.494,0.179,0.048,16.597,16.418
16.491,16.491,0.179,0.047,16.597,16.418
16.491,16.491,0.177,0.045,16.597,16.42
16.488,16.488,0.177,0.038,16.597,16.42
16.48,16.48,0.162,0.035,16.582,16.42
16.493,16.493,0.154,0.043,16.595,16.441
16.498,16.498,0.167,0.044,16.595,16.428
16.496,16.496,0.172,0.047,16.595,16.423
16.49,16.49,0.172,0.047,16.595,16.423
16.489,16.489,0.18,0.045,16.595,16.415
16.483,16.483,0.176,0.039,16.591,16.415
16.481,16.481,0.176,0.039,16.591,16.415
16.482,16.482,0.176,0.037,16.591,16.415
16.472,16.472,0.151,0.029,16.566,16.415
16.473,16.473,0.131,0.027,16.566,16.435
16.475,16.475,0.131,0.028,16.566,16.435
16.481,16.481,0.089,0.025,16.528,16.439
16.486,16.486,0.125,0.027,16.564,16.439
16.49,16.49,0.123,0.024,16.564,16.441
16.489,16.489,0.123,0.023,16.564,16.441
16.493,16.493,0.15,0.032,16.591,16.441
16.497,16.497,0.146,0.032,16.591,16.445
16.492,16.492,0.167,0.032,16.591,16.424
16.491,16.491,0.167,0.032,16.591,16.424
16.489,16.489,0.137,0.025,16.561,16.424
16.49,16.49,0.156,0.028,16.58,16.424
16.492,16.493,0.156,0.032,16.58,16.424
16.501,16.501,0.133,0.031,16.58,16.447
16.51,16.51,0.18,0.036,16.627,16.447
16.517,16.517,0.18,0.04,16.627,16.447
16.517,16.517,0.169,0.039,16.627,16.458
16.517,16.517,0.162,0.037,16.627,16.465
16.514,16.514,0.162,0.039,16.627,16.465
16.5,16.5,0.14,0.029,16.595,16.455
16.499,16.499,0.189,0.039,16.622,16.433
16.5,16.5,0.189,0.044,16.622,16.433
16.496,16.496,0.189,0.045,16.622,16.433
16.497,16.497,0.189,0.045,16.622,16.433
16.502,16.502,0.149,0.042,16.593,16.444
16.503,16.503,0.144,0.039,16.588,16.444
16.496,16.496,0.183,0.043,16.604,16.421
16.502,16.502,0.183,0.044,16.604,16.421
16.499,16.499,0.183,0.043,16.604,16.421
16.499,16.499,0.183,0.042,16.604,16.421
16.498,16.498,0.183,0.041,16.604,16.421
16.498,16.498,0.166,0.034,16.593,16.427
16.498,16.498,0.166,0.033,16.593,16.427
16.492,16.492,0.166,0.034,16.593,16.427
16.481,16.481,0.142,0.026,16.569,16.427
16.486,16.486,0.164,0.035,16.595,16.431
16.484,16.484,0.164,0.033,16.595,16.431
16.485,16.485,0.164,0.033,16.595,16.431
16.492,16.492,0.158,0.037,16.595,16.437
16.498,16.498,0.165,0.039,16.595,16.43
16.499,16.499,0.151,0.039,16.581,16.43
16.499,16.499,0.151,0.04,16.581,16.43
16.497,16.497,0.151,0.04,16.581,16.43
16.499,16.499,0.156,0.04,16.6,16.444
16.495,16.495,0.156,0.039,16.6,16.444
16.498,16.498,0.156,0.038,16.6,16.444
16.504,16.504,0.145,0.037,16.6,16.455
16.498,16.498,0.133,0.034,16.588,16.455
16.504,16.504,0.139,0.043,16.594,16.455
16.507,16.507,0.136,0.042,16.594,16.458
16.505,16.505,0.146,0.042,16.594,16.448
16.507,16.507,0.146,0.045,16.594,16.448
16.503,16.503,0.148,0.042,16.589,16.441
16.504,16.504,0.148,0.043,16.589,16.441
16.493,16.493,0.141,0.042,16.582,16.441
16.493,16.493,0.162,0.045,16.582,16.42
16.488,16.488,0.158,0.038,16.578,16.42
16.483,16.483,0.152,0.034,16.572,16.42
16.485,16.485,0.156,0.033,16.576,16.42
16.491,16.491,0.156,0.031,16.576,16.42
16.495,16.495,0.143,0.036,16.592,16.449
16.5,16.5,0.187,0.044,16.636,16.449
16.496,16.496,0.187,0.043,16.636,16.449
16.494,16.494,0.187,0.045,16.636,16.449
16.491,16.491,0.184,0.04,16.636,16.452
16.485,16.485,0.135,0.031,16.58,16.445
16.487,16.487,0.135,0.033,16.58,16.445
16.49,16.49,0.142,0.036,16.587,16.445
16.495,16.495,0.143,0.037,16.587,16.444
16.498,16.498,0.151,0.042,16.587,16.436
16.503,16.503,0.168,0.045,16.604,16.436
16.505,16.505,0.168,0.045,16.604,16.436
16.507,16.507,0.184,0.044,16.62,16.436
16.509,16.509,0.182,0.045,16.62,16.438
16.499,16.499,0.168,0.04,16.62,16.452
16.496,16.496,0.181,0.041,16.62,16.439
16.495,16.495,0.203,0.045,16.62,16.417
16.493,16.493,0.169,0.044,16.586,16.417
16.499,16.499,0.169,0.047,16.586,16.417
16.499,16.499,0.169,0.048,16.586,16.417
16.499,16.499,0.16,0.045,16.586,16.426
16.492,16.492,0.159,0.042,16.585,16.426
16.491,16.491,0.139,0.039,16.589,16.45
16.491,16.491,0.139,0.035,16.589,16.45
16.493,16.493,0.138,0.035,16.589,16.451
16.494,16.494,0.138,0.033,16.589,16.451
16.503,16.503,0.138,0.037,16.589,16.451
16.504,16.504,0.133,0.037,16.579,16.446
16.508,16.508,0.157,0.041,16.588,16.431
16.505,16.505,0.157,0.042,16.588,16.431
16.506,16.506,0.157,0.042,16.588,16.431
16.503,16.503,0.161,0.04,16.592,16.431
16.5,16.5,0.151,0.038,16.592,16.441
16.501,16.501,0.14,0.035,16.592,16.452
16.5,16.501,0.142,0.038,16.592,16.45
16.503,16.503,0.142,0.039,16.592,16.45
16.496,16.496,0.151,0.037,16.573,16.422
16.497,16.497,0.173,0.04,16.595,16.422
16.496,16.496,0.173,0.04,16.595,16.422
16.49,16.49,0.173,0.041,16.595,16.422
16.495,16.495,0.173,0.045,16.595,16.422
16.5,16.5,0.176,0.046,16.6,16.424
16.506,16.506,0.176,0.05,16.6,16.424
16.505,16.505,0.167,0.045,16.6,16.433
16.505,16.505,0.151,0.043,16.6,16.449
16.503,16.504,0.149,0.04,16.598,16.449
16.504,16.504,0.14,0.037,16.598,16.458
16.497,16.497,0.173,0.037,16.598,16.425
16.495,16.495,0.153,0.034,16.578,16.425
16.491,16.491,0.169,0.032,16.594,16.425
16.487,16.487,0.182,0.034,16.594,16.412
16.485,16.485,0.182,0.031,16.594,16.412
16.482,16.482,0.182,0.034,16.594,16.412
16.48,16.48,0.182,0.034,16.594,16.412
16.481,16.481,0.162,0.032,16.574,16.412
16.483,16.483,0.152,0.031,16.574,16.422
16.485,16.485,0.145,0.032,16.574,16.429
16.487,16.487,0.155,0.035,16.574,16.419
16.483,16.483,0.16,0.033,16.579,16.419
16.481,16.481,0.16,0.036,16.579,16.419
16.487,16.487,0.176,0.037,16.595,16.419
16.484,16.484,0.176,0.035,16.595,16.419
16.482,16.483,0.17,0.033,16.595,16.425
16.488,16.488,0.17,0.033,16.595,16.425
16.491,16.491,0.17,0.031,16.595,16.425
16.498,16.498,0.155,0.034,16.58,16.425
16.506,16.506,0.172,0.037,16.597,16.425
16.505,16.505,0.15,0.035,16.597,16.447
16.504,16.504,0.15,0.036,16.597,16.447
16.498,16.499,0.161,0.033,16.597,16.436
16.49,16.49,0.161,0.031,16.597,16.436
16.487,16.487,0.133,0.028,16.569,16.436
16.486,16.486,0.133,0.028,16.569,16.436
16.485,16.485,0.133,0.026,16.569,16.436
16.487,16.487,0.131,0.026,16.569,16.438
16.492,16.492,0.152,0.031,16.59,16.438
16.493,16.493,0.152,0.032,16.59,16.438
16.493,16.493,0.152,0.031,16.59,16.438
16.497,16.497,0.147,0.031,16.59,16.443
16.493,16.493,0.147,0.029,16.59,16.443
16.49,16.49,0.087,0.023,16.532,16.445
16.491,16.491,0.087,0.024,16.532,16.445
16.488,16.488,0.083,0.021,16.528,16.445
16.486,16.486,0.079,0.02,16.526,16.447
16.485,16.485,0.077,0.021,16.516,16.439
16.488,16.488,0.151,0.029,16.59,16.439
16.485,16.485,0.151,0.03,16.59,16.439
16.492,16.492,0.151,0.033,16.59,16.439
16.492,16.492,0.143,0.034,16.59,16.447
16.492,16.492,0.126,0.031,16.573,16.447
16.491,16.491,0.126,0.028,16.573,16.447
16.486,16.486,0.125,0.028,16.553,16.428
16.488,16.488,0.113,0.025,16.541,16.428
16.481,16.481,0.123,0.027,16.541,16.418
16.482,16.482,0.164,0.03,16.582,16.418
16.481,16.481,0.164,0.031,16.582,16.418
16.476,16.476,0.164,0.03,16.582,16.418
16.481,16.481,0.152,0.029,16.582,16.43
16.474,16.474,0.101,0.026,16.531,16.43
16.472,16.472,0.112,0.024,16.531,16.419
16.477,16.477,0.112,0.024,16.531,16.419
16.478,16.478,0.112,0.024,16.531,16.419
16.48,16.48,0.098,0.022,16.517,16.419
16.479,16.479,0.109,0.028,16.522,16.413
16.478,16.478,0.109,0.028,16.522,16.413
16.476,16.476,0.109,0.03,16.522,16.413
16.483,16.483,0.116,0.032,16.529,16.413
16.488,16.488,0.12,0.029,16.533,16.413
16.491,16.491,0.161,0.033,16.541,16.38
16.488,16.488,0.161,0.039,16.541,16.38
16.488,16.488,0.161,0.04,16.541,16.38
16.482,16.482,0.161,0.043,16.541,16.38
16.476,16.476,0.148,0.04,16.528,16.38
16.486,16.486,0.162,0.033,16.542,16.38
16.486,16.486,0.162,0.032,16.542,16.38
16.486,16.486,0.162,0.029,16.542,16.38
16.489,16.489,0.105,0.023,16.542,16.437
16.487,16.487,0.075,0.018,16.533,16.458
16.486,16.486,0.101,0.02,16.533,16.432
16.478,16.478,0.114,0.026,16.53,16.416
16.481,16.481,0.171,0.034,16.587,16.416
16.481,16.481,0.171,0.039,16.587,16.416
16.474,16.474,0.171,0.042,16.587,16.416
16.481,16.481,0.162,0.039,16.587,16.425
16.478,16.478,0.162,0.036,16.587,16.425
16.473,16.473,0.1,0.025,16.525,16.425
16.481,16.481,0.121,0.027,16.549,16.428
16.491,16.491,0.158,0.034,16.586,16.428
16.486,16.486,0.191,0.04,16.586,16.395
16.491,16.491,0.191,0.043,16.586,16.395
16.483,16.484,0.191,0.044,16.586,16.395
16.477,16.477,0.16,0.035,16.555,16.395
16.479,16.479,0.13,0.029,16.555,16.425
16.476,16.476,0.135,0.03,16.56,16.425
16.479,16.479,0.129,0.023,16.56,16.431
16.48,16.48,0.129,0.025,16.56,16.431
16.483,16.483,0.129,0.027,16.56,16.431
16.485,16.485,0.126,0.025,16.558,16.432
16.486,16.486,0.126,0.026,16.558,16.432
16.482,16.482,0.126,0.029,16.558,16.432
16.481,16.481,0.126,0.029,16.558,16.432
16.479,16.479,0.094,0.026,16.521,16.427
16.479,16.479,0.092,0.024,16.519,16.427
16.478,16.478,0.174,0.029,16.542,16.368
16.488,16.488,0.174,0.031,16.542,16.368
16.486,16.486,0.174,0.033,16.542,16.368
16.49,16.49,0.174,0.032,16.542,16.368
16.49,16.49,0.113,0.026,16.537,16.424
16.482,16.482,0.123,0.029,16.537,16.414
16.479,16.479,0.119,0.026,16.533,16.414
16.474,16.474,0.106,0.023,16.52,16.414
16.472,16.472,0.089,0.024,16.503,16.414
16.473,16.473,0.089,0.025,16.503,16.414
16.477,16.477,0.072,0.022,16.503,16.431
16.477,16.477,0.097,0.025,16.528,16.431
16.48,16.48,0.097,0.025,16.528,16.431
16.476,16.476,0.107,0.027,16.528,16.421
16.474,16.474,0.107,0.028,16.528,16.421
16.47,16.47,0.093,0.026,16.514,16.421
16.463,16.463,0.092,0.025,16.513,16.421
16.461,16.461,0.092,0.022,16.513,16.421
16.461,16.461,0.09,0.023,16.513,16.423
16.458,16.458,0.082,0.021,16.502,16.42
16.46,16.46,0.109,0.024,16.522,16.413
16.456,16.456,0.112,0.025,16.522,16.41
16.455,16.455,0.112,0.024,16.522,16.41
16.455,16.455,0.154,0.027,16.522,16.368
16.452,16.452,0.154,0.027,16.522,16.368
16.451,16.451,0.13,0.023,16.498,16.368
16.448,16.448,0.132,0.026,16.5,16.368
16.453,16.453,0.105,0.025,16.5,16.395
16.459,16.459,0.122,0.03,16.517,16.395
16.467,16.467,0.125,0.032,16.52,16.395
16.472,16.472,0.108,0.03,16.52,16.412
16.475,16.475,0.126,0.03,16.535,16.409
16.468,16.468,0.202,0.042,16.535,16.333
16.469,16.469,0.202,0.043,16.535,16.333
16.465,16.465,0.202,0.039,16.535,16.333
16.467,16.467,0.193,0.039,16.526,16.333
16.462,16.462,0.193,0.038,16.526,16.333
16.474,16.475,0.1,0.028,16.532,16.432
16.472,16.472,0.117,0.03,16.532,16.415
16.465,16.465,0.181,0.038,16.532,16.351
16.462,16.462,0.181,0.037,16.532,16.351
16.458,16.458,0.164,0.033,16.515,16.351
16.456,16.456,0.159,0.03,16.51,16.351
16.467,16.467,0.186,0.035,16.537,16.351
16.471,16.471,0.11,0.025,16.537,16.427
16.471,16.471,0.114,0.024,16.537,16.423
16.474,16.474,0.114,0.027,16.537,16.423
16.472,16.472,0.114,0.024,16.537,16.423
16.467,16.468,0.089,0.023,16.512,16.423
16.466,16.466,0.082,0.023,16.512,16.43
16.459,16.459,0.122,0.024,16.511,16.389
16.455,16.455,0.117,0.023,16.506,16.389
16.449,16.449,0.117,0.024,16.506,16.389
16.448,16.448,0.117,0.025,16.506,16.389
16.45,16.45,0.128,0.027,16.517,16.389
16.447,16.447,0.12,0.025,16.517,16.397
16.45,16.45,0.115,0.026,16.517,16.402
16.454,16.454,0.115,0.026,16.517,16.402
16.456,16.456,0.115,0.027,16.517,16.402
16.46,16.46,0.163,0.034,16.565,16.402
16.468,16.468,0.168,0.038,16.578,16.41
16.472,16.472,0.156,0.039,16.578,16.422
16.478,16.478,0.149,0.037,16.578,16.429
16.474,16.474,0.146,0.035,16.578,16.432
16.463,16.463,0.156,0.033,16.578,16.422
16.462,16.462,0.159,0.033,16.572,16.413
16.456,16.456,0.159,0.034,16.572,16.413
16.456,16.456,0.159,0.033,16.572,16.413
16.457,16.457,0.159,0.033,16.572,16.413
16.457,16.457,0.159,0.032,16.572,16.413
16.46,16.46,0.121,0.031,16.531,16.41
16.466,16.466,0.153,0.035,16.563,16.41
16.468,16.468,0.153,0.033,16.563,16.41
16.466,16.466,0.153,0.035,16.563,16.41
16.47,16.47,0.157,0.038,16.563,16.406
16.463,16.463,0.157,0.038,16.563,16.406
16.461,16.461,0.171,0.039,16.577,16.406
16.469,16.469,0.171,0.045,16.577,16.406
16.465,16.465,0.169,0.042,16.577,16.408
16.462,16.462,0.163,0.038,16.577,16.414
16.464,16.464,0.155,0.037,16.558,16.403
16.458,16.458,0.155,0.033,16.558,16.403
16.455,16.455,0.155,0.032,16.558,16.403
16.459,16.459,0.165,0.038,16.558,16.393
16.46,16.46,0.165,0.037,16.558,16.393
16.458,16.458,0.151,0.036,16.544,16.393
16.459,16.459,0.151,0.039,16.544,16.393
16.467,16.467,0.155,0.042,16.562,16.407
16.474,16.474,0.163,0.046,16.57,16.407
16.475,16.475,0.163,0.046,16.57,16.407
16.472,16.473,0.157,0.043,16.57,16.413
16.476,16.477,0.156,0.043,16.57,16.414
16.469,16.47,0.156,0.037,16.57,16.414
16.464,16.464,0.128,0.03,16.542,16.414
16.463,16.463,0.128,0.029,16.542,16.414
16.466,16.466,0.128,0.029,16.542,16.414
16.463,16.463,0.092,0.024,16.52,16.428
16.467,16.467,0.092,0.023,16.52,16.428
16.467,16.467,0.101,0.025,16.52,16.419
16.471,16.471,0.111,0.026,16.53,16.419
16.472,16.472,0.111,0.024,16.53,16.419
16.468,16.468,0.111,0.024,16.53,16.419
16.472,16.472,0.111,0.026,16.53,16.419
16.475,16.475,0.099,0.022,16.53,16.431
16.473,16.473,0.096,0.021,16.527,16.431
16.478,16.478,0.097,0.021,16.529,16.432
16.473,16.473,0.09,0.019,16.529,16.439
16.47,16.47,0.098,0.021,16.529,16.431
16.471,16.471,0.098,0.024,16.529,16.431
16.463,16.463,0.109,0.023,16.525,16.416
16.467,16.467,0.109,0.027,16.525,16.416
16.476,16.476,0.134,0.032,16.55,16.416
16.476,16.476,0.134,0.031,16.55,16.416
16.482,16.482,0.116,0.029,16.55,16.434
16.487,16.487,0.114,0.027,16.55,16.436
16.481,16.481,0.114,0.028,16.55,16.436
16.48,16.48,0.1,0.025,16.536,16.436
16.48,16.48,0.1,0.025,16.536,16.436
16.479,16.479,0.098,0.024,16.538,16.44
16.474,16.475,0.112,0.025,16.538,16.426
16.473,16.473,0.112,0.027,16.538,16.426
16.467,16.467,0.112,0.026,16.538,16.426
16.462,16.462,0.152,0.03,16.567,16.415
16.467,16.467,0.176,0.038,16.591,16.415
16.471,16.471,0.18,0.039,16.591,16.411
16.473,16.473,0.18,0.037,16.591,16.411
16.477,16.477,0.18,0.036,16.591,16.411
16.473,16.473,0.18,0.037,16.591,16.411
16.47,16.47,0.141,0.031,16.562,16.421
16.465,16.465,0.141,0.034,16.562,16.421
16.476,16.476,0.184,0.048,16.605,16.421
16.483,16.483,0.185,0.052,16.605,16.42
16.478,16.478,0.195,0.05,16.605,16.41
16.479,16.48,0.195,0.049,16.605,16.41
16.472,16.472,0.184,0.038,16.594,16.41
16.47,16.47,0.184,0.036,16.594,16.41
16.469,16.469,0.123,0.027,16.552,16.429
16.475,16.475,0.132,0.031,16.558,16.426
16.479,16.479,0.149,0.039,16.575,16.426
16.48,16.48,0.149,0.038,16.575,16.426
16.486,16.486,0.182,0.042,16.608,16.426
16.494,16.494,0.176,0.043,16.608,16.432
16.495,16.495,0.172,0.044,16.608,16.436
16.489,16.489,0.185,0.043,16.608,16.423
16.493,16.493,0.185,0.043,16.608,16.423
16.484,16.484,0.141,0.04,16.564,16.423
16.476,16.476,0.134,0.034,16.557,16.423
16.479,16.479,0.149,0.036,16.575,16.426
16.478,16.478,0.149,0.039,16.575,16.426
16.485,16.485,0.149,0.039,16.575,16.426
16.496,16.497,0.138,0.04,16.575,16.437
16.498,16.498,0.142,0.043,16.579,16.437
16.499,16.499,0.168,0.043,16.605,16.437
16.506,16.506,0.168,0.043,16.605,16.437
16.501,16.501,0.192,0.047,16.629,16.437
16.503,16.503,0.192,0.048,16.629,16.437
16.513,16.513,0.187,0.047,16.629,16.442
16.51,16.51,0.189,0.051,16.629,16.44
16.504,16.504,0.168,0.052,16.6,16.432
16.509,16.509,0.171,0.053,16.603,16.432
16.499,16.499,0.171,0.052,16.603,16.432
16.496,16.496,0.171,0.051,16.603,16.432
16.5,16.5,0.171,0.047,16.603,16.432
16.496,16.496,0.168,0.044,16.603,16.435
16.496,16.496,0.15,0.04,16.585,16.435
16.494,16.494,0.15,0.039,16.585,16.435
16.493,16.493,0.164,0.039,16.599,16.435
16.499,16.499,0.174,0.045,16.607,16.433
16.495,16.495,0.174,0.045,16.607,16.433
16.496,16.496,0.174,0.043,16.607,16.433
16.5,16.5,0.174,0.042,16.607,16.433
16.5,16.5,0.174,0.041,16.607,16.433
16.491,16.491,0.156,0.04,16.579,16.423
16.491,16.491,0.171,0.046,16.587,16.416
16.487,16.487,0.171,0.048,16.587,16.416
16.492,16.492,0.171,0.052,16.587,16.416
16.492,16.492,0.172,0.055,16.587,16.415
16.492,16.492,0.157,0.047,16.572,16.415
16.495,16.495,0.157,0.043,16.572,16.415
16.489,16.489,0.157,0.039,16.572,16.415
16.494,16.494,0.157,0.046,16.572,16.415
16.492,16.492,0.159,0.048,16.576,16.417
16.494,16.494,0.159,0.049,16.576,16.417
16.495,16.495,0.159,0.053,16.576,16.417
16.497,16.497,0.153,0.049,16.582,16.429
16.491,16.491,0.153,0.047,16.582,16.429
16.491,16.491,0.153,0.046,16.582,16.429
16.492,16.492,0.145,0.045,16.582,16.437
16.493,16.493,0.162,0.044,16.582,16.42
16.504,16.504,0.175,0.049,16.591,16.416
16.506,16.506,0.175,0.05,16.591,16.416
16.506,16.506,0.175,0.05,16.591,16.416
16.506,16.506,0.175,0.048,16.591,16.416
16.516,16.517,0.159,0.049,16.591,16.432
16.508,16.509,0.165,0.048,16.593,16.428
16.512,16.512,0.165,0.046,16.593,16.428
16.51,16.51,0.184,0.048,16.612,16.428
16.513,16.513,0.184,0.047,16.612,16.428
16.499,16.499,0.173,0.045,16.612,16.439
16.493,16.493,0.173,0.046,16.612,16.439
16.492,16.492,0.173,0.048,16.612,16.439
16.49,16.49,0.173,0.045,16.612,16.439
16.496,16.496,0.168,0.048,16.612,16.444
16.497,16.497,0.168,0.044,16.612,16.444
16.502,16.502,0.174,0.044,16.612,16.438
16.501,16.501,0.145,0.037,16.583,16.438
16.505,16.506,0.178,0.039,16.616,16.438
16.496,16.496,0.178,0.036,16.616,16.438
16.497,16.497,0.173,0.038,16.616,16.443
16.493,16.493,0.176,0.039,16.616,16.44
16.485,16.485,0.14,0.034,16.58,16.44
16.491,16.491,0.151,0.043,16.591,16.44
16.5,16.5,0.179,0.05,16.613,16.434
16.502,16.502,0.179,0.051,16.613,16.434
16.503,16.503,0.179,0.05,16.613,16.434
16.504,16.504,0.179,0.048,16.613,16.434
16.497,16.497,0.157,0.04,16.591,16.434
16.504,16.504,0.19,0.043,16.623,16.433
16.504,16.504,0.19,0.046,16.623,16.433
16.502,16.503,0.201,0.048,16.623,16.422
16.497,16.497,0.201,0.049,16.623,16.422
16.49,16.49,0.194,0.045,16.616,16.422
16.487,16.487,0.173,0.038,16.595,16.422
16.491,16.491,0.159,0.04,16.581,16.422
16.5,16.5,0.172,0.04,16.601,16.429
16.494,16.494,0.177,0.044,16.601,16.424
16.501,16.501,0.177,0.048,16.601,16.424
16.496,16.496,0.177,0.047,16.601,16.424
16.496,16.496,0.167,0.046,16.591,16.424
16.494,16.494,0.171,0.045,16.595,16.424
16.489,16.489,0.187,0.044,16.595,16.408
16.49,16.49,0.187,0.044,16.595,16.408
16.487,16.487,0.187,0.045,16.595,16.408
16.489,16.489,0.187,0.044,16.595,16.408
16.484,16.484,0.142,0.037,16.568,16.426
16.482,16.482,0.142,0.035,16.568,16.426
16.487,16.487,0.15,0.037,16.576,16.426
16.487,16.487,0.15,0.034,16.576,16.426
16.487,16.487,0.15,0.034,16.576,16.426
16.485,16.485,0.138,0.032,16.576,16.438
16.487,16.487,0.116,0.031,16.554,16.438
16.49,16.49,0.116,0.034,16.554,16.438
16.489,16.489,0.12,0.035,16.554,16.434
16.49,16.49,0.163,0.038,16.584,16.421
16.482,16.482,0.163,0.038,16.584,16.421
16.475,16.475,0.168,0.037,16.584,16.416
16.476,16.476,0.17,0.037,16.586,16.416
16.477,16.477,0.17,0.032,16.586,16.416
16.481,16.481,0.2,0.038,16.616,16.416
16.49,16.49,0.194,0.046,16.616,16.422
16.497,16.497,0.194,0.043,16.616,16.422
16.499,16.499,0.194,0.041,16.616,16.422
16.502,16.502,0.169,0.042,16.591,16.422
16.495,16.495,0.169,0.038,16.591,16.422
16.496,16.496,0.157,0.039,16.591,16.434
16.497,16.497,0.157,0.04,16.591,16.434
16.491,16.491,0.183,0.038,16.617,16.434
16.5,16.5,0.175,0.041,16.617,16.442
16.503,16.503,0.175,0.041,16.617,16.442
16.5,16.5,0.186,0.047,16.617,16.431
16.496,16.496,0.165,0.043,16.596,16.431
16.497,16.497,0.178,0.045,16.609,16.431
16.494,16.494,0.179,0.048,16.609,16.43
16.502,16.502,0.179,0.048,16.609,16.43
16.504,16.504,0.181,0.052,16.611,16.43
16.505,16.505,0.191,0.052,16.611,16.42
16.504,16.504,0.191,0.049,16.611,16.42
16.5,16.5,0.191,0.047,16.611,16.42
16.489,16.489,0.182,0.034,16.602,16.42
16.492,16.492,0.172,0.04,16.602,16.43
16.493,16.493,0.182,0.045,16.602,16.42
16.481,16.481,0.168,0.042,16.588,16.42
16.483,16.483,0.168,0.045,16.588,16.42
16.478,16.478,0.161,0.042,16.581,16.42
16.488,16.488,0.195,0.048,16.616,16.421
16.484,16.484,0.204,0.046,16.616,16.412
16.484,16.484,0.204,0.046,16.616,16.412
16.484,16.484,0.204,0.043,16.616,16.412
16.482,16.482,0.204,0.041,16.616,16.412
16.478,16.478,0.158,0.036,16.57,16.412
16.476,16.476,0.154,0.037,16.57,16.416
16.481,16.481,0.154,0.041,16.57,16.416
16.474,16.474,0.151,0.036,16.567,16.416
16.479,16.479,0.151,0.039,16.567,16.416
16.477,16.477,0.151,0.038,16.567,16.416
16.47,16.47,0.122,0.032,16.544,16.422
16.472,16.472,0.122,0.031,16.544,16.422
16.472,16.472,0.142,0.033,16.564,16.422
16.475,16.475,0.144,0.036,16.564,16.42
16.481,16.481,0.149,0.037,16.569,16.42
16.484,16.484,0.149,0.04,16.569,16.42
16.48,16.48,0.149,0.039,16.569,16.42
16.482,16.482,0.171,0.04,16.598,16.427
16.488,16.488,0.177,0.043,16.604,16.427
16.495,16.495,0.177,0.045,16.604,16.427
16.505,16.505,0.167,0.043,16.604,16.437
16.501,16.501,0.171,0.044,16.604,16.433
16.495,16.495,0.165,0.044,16.598,16.433
16.484,16.484,0.157,0.042,16.586,16.429
16.476,16.476,0.148,0.036,16.577,16.429
16.48,16.48,0.159,0.038,16.577,16.418
16.479,16.479,0.156,0.038,16.574,16.418
16.478,16.478,0.156,0.037,16.574,16.418
16.486,16.486,0.156,0.036,16.574,16.418
16.492,16.492,0.156,0.043,16.574,16.418
16.499,16.499,0.137,0.038,16.574,16.437
16.497,16.497,0.136,0.036,16.573,16.437
16.498,16.498,0.136,0.036,16.573,16.437
16.489,16.489,0.134,0.03,16.571,16.437
16.488,16.488,0.172,0.034,16.618,16.446
16.489,16.489,0.172,0.035,16.618,16.446
16.488,16.488,0.19,0.042,16.618,16.428
16.491,16.491,0.19,0.044,16.618,16.428
16.487,16.487,0.19,0.045,16.618,16.428
16.488,16.489,0.174,0.044,16.602,16.428
16.49,16.49,0.172,0.045,16.6,16.428
16.49,16.49,0.171,0.044,16.6,16.429
16.491,16.491,0.171,0.046,16.6,16.429
16.489,16.489,0.171,0.045,16.6,16.429
16.495,16.495,0.188,0.045,16.628,16.44
16.497,16.497,0.188,0.039,16.628,16.44
16.492,16.492,0.195,0.038,16.628,16.433
16.499,16.499,0.195,0.036,16.628,16.433
16.502,16.503,0.195,0.04,16.628,16.433
16.495,16.495,0.181,0.035,16.614,16.433
16.498,16.498,0.172,0.036,16.614,16.442
16.498,16.498,0.173,0.04,16.614,16.441
16.494,16.494,0.198,0.044,16.624,16.426
16.492,16.492,0.198,0.047,16.624,16.426
16.486,16.486,0.198,0.046,16.624,16.426
16.485,16.485,0.198,0.04,16.624,16.426
16.483,16.483,0.142,0.033,16.587,16.445
16.478,16.478,0.11,0.024,16.552,16.442
16.478,16.478,0.11,0.023,16.552,16.442
16.483,16.483,0.108,0.025,16.55,16.442
16.488,16.488,0.153,0.032,16.595,16.442
16.491,16.491,0.153,0.039,16.595,16.442
16.497,16.497,0.185,0.043,16.627,16.442
16.5,16.5,0.196,0.043,16.627,16.431
16.493,16.493,0.196,0.042,16.627,16.431
16.49,16.491,0.201,0.043,16.627,16.426
16.48,16.48,0.166,0.038,16.592,16.426
16.479,16.479,0.166,0.038,16.592,16.426
16.475,16.475,0.166,0.04,16.592,16.426
16.482,16.482,0.175,0.045,16.601,16.426
16.483,16.483,0.172,0.038,16.601,16.429
16.482,16.482,0.171,0.036,16.601,16.43
16.49,16.49,0.171,0.034,16.601,16.43
16.487,16.487,0.157,0.03,16.595,16.438
16.486,16.486,0.162,0.031,16.595,16.433
16.49,16.49,0.162,0.029,16.595,16.433
16.488,16.488,0.162,0.03,16.595,16.433
16.485,16.485,0.17,0.033,16.595,16.425
16.487,16.487,0.165,0.034,16.59,16.425
16.485,16.485,0.165,0.035,16.59,16.425
16.486,16.486,0.165,0.035,16.59,16.425
16.485,16.485,0.149,0.034,16.59,16.441
16.48,16.48,0.136,0.026,16.569,16.433
16.486,16.486,0.136,0.032,16.569,16.433
16.479,16.479,0.119,0.029,16.552,16.433
16.48,16.48,0.129,0.032,16.559,16.43
16.485,16.485,0.139,0.035,16.569,16.43
16.486,16.487,0.157,0.04,16.587,16.43
16.482,16.482,0.157,0.037,16.587,16.43
16.483,16.483,0.157,0.037,16.587,16.43
16.48,16.48,0.14,0.031,16.587,16.447
16.487,16.487,0.14,0.034,16.587,16.447
16.49,16.491,0.109,0.032,16.559,16.45
16.493,16.493,0.163,0.039,16.591,16.428
16.502,16.502,0.163,0.042,16.591,16.428
16.51,16.51,0.177,0.047,16.605,16.428
16.508,16.508,0.197,0.051,16.605,16.408
16.512,16.512,0.197,0.05,16.605,16.408
16.513,16.513,0.197,0.047,16.605,16.408
16.503,16.503,0.189,0.046,16.597,16.408
16.503,16.503,0.165,0.043,16.605,16.44
16.5,16.5,0.165,0.041,16.605,16.44
16.491,16.491,0.165,0.041,16.605,16.44
16.491,16.491,0.166,0.045,16.605,16.439
16.488,16.488,0.164,0.04,16.603,16.439
16.491,16.491,0.164,0.039,16.603,16.439
16.493,16.494,0.172,0.042,16.603,16.431
16.49,16.49,0.148,0.035,16.579,16.431
16.493,16.493,0.156,0.037,16.587,16.431
16.497,16.497,0.156,0.039,16.587,16.431
16.503,16.503,0.143,0.039,16.587,16.444
16.499,16.499,0.162,0.04,16.606,16.444
16.5,16.5,0.162,0.043,16.606,16.444
16.499,16.499,0.162,0.042,16.606,16.444
16.493,16.493,0.162,0.037,16.606,16.444
16.484,16.485,0.141,0.032,16.582,16.441
16.495,16.495,0.166,0.04,16.607,16.441
16.487,16.487,0.166,0.037,16.607,16.441
16.484,16.484,0.166,0.038,16.607,16.441
16.483,16.483,0.168,0.039,16.607,16.439
16.482,16.482,0.172,0.036,16.607,16.435
16.479,16.479,0.167,0.036,16.602,16.435
16.484,16.484,0.167,0.036,16.602,16.435
16.486,16.486,0.174,0.038,16.602,16.428
16.488,16.488,0.174,0.042,16.602,16.428
16.493,16.493,0.174,0.043,16.602,16.428
16.5,16.5,0.154,0.045,16.582,16.428
16.505,16.505,0.139,0.042,16.582,16.443
16.509,16.509,0.129,0.039,16.579,16.45
16.506,16.506,0.129,0.038,16.579,16.45
16.506,16.506,0.133,0.036,16.587,16.454
16.505,16.505,0.133,0.035,16.587,16.454
16.498,16.498,0.132,0.033,16.587,16.455
16.495,16.496,0.132,0.032,16.587,16.455
16.496,16.496,0.143,0.033,16.582,16.439
16.489,16.489,0.145,0.035,16.579,16.434
16.487,16.487,0.145,0.037,16.579,16.434
16.486,16.486,0.145,0.036,16.579,16.434
16.479,16.479,0.143,0.034,16.573,16.43
16.483,16.483,0.143,0.032,16.573,16.43
16.494,16.494,0.167,0.041,16.597,16.43
16.496,16.496,0.17,0.046,16.6,16.43
16.491,16.491,0.17,0.044,16.6,16.43
16.498,16.498,0.16,0.042,16.6,16.44
16.498,16.498,0.16,0.041,16.6,16.44
16.494,16.494,0.163,0.035,16.603,16.44
16.495,16.495,0.161,0.032,16.603,16.442
16.497,16.497,0.155,0.032,16.603,16.448
16.494,16.494,0.155,0.033,16.603,16.448
16.492,16.492,0.155,0.035,16.603,16.448
16.491,16.491,0.135,0.033,16.587,16.452
16.493,16.493,0.148,0.034,16.587,16.439
16.496,16.496,0.16,0.042,16.599,16.439
16.498,16.498,0.16,0.042,16.599,16.439
16.493,16.493,0.16,0.041,16.599,16.439
16.49,16.49,0.16,0.04,16.599,16.439
16.49,16.49,0.166,0.04,16.599,16.433
16.487,16.487,0.129,0.032,16.562,16.433
16.487,16.487,0.139,0.038,16.572,16.433
16.49,16.49,0.139,0.039,16.572,16.433
16.493,16.493,0.148,0.042,16.581,16.433
16.496,16.496,0.146,0.041,16.581,16.435
16.489,16.489,0.146,0.038,16.581,16.435
16.494,16.494,0.143,0.035,16.581,16.438
16.503,16.503,0.16,0.04,16.598,16.438
16.505,16.505,0.16,0.04,16.598,16.438
16.503,16.503,0.142,0.034,16.598,16.456
16.512,16.512,0.152,0.04,16.608,16.456
16.514,16.514,0.178,0.044,16.608,16.43
16.509,16.509,0.178,0.041,16.608,16.43
16.512,16.512,0.178,0.042,16.608,16.43
16.503,16.503,0.164,0.044,16.592,16.428
16.502,16.502,0.164,0.038,16.592,16.428
16.5,16.5,0.142,0.031,16.57,16.428
16.496,16.496,0.14,0.029,16.568,16.428
16.498,16.498,0.117,0.023,16.545,16.428
16.498,16.498,0.094,0.021,16.545,16.451
16.501,16.501,0.095,0.022,16.546,16.451
16.502,16.502,0.128,0.028,16.579,16.451
16.498,16.499,0.141,0.033,16.579,16.438
16.498,16.499,0.153,0.033,16.579,16.426
16.494,16.494,0.17,0.036,16.579,16.409
16.492,16.492,0.17,0.036,16.579,16.409
16.498,16.498,0.184,0.042,16.593,16.409
16.502,16.502,0.184,0.039,16.593,16.409
16.508,16.508,0.184,0.041,16.593,16.409
16.51,16.51,0.146,0.039,16.593,16.447
16.508,16.508,0.149,0.036,16.596,16.447
16.51,16.51,0.135,0.038,16.596,16.461
16.512,16.512,0.138,0.037,16.596,16.458
16.51,16.51,0.155,0.04,16.601,16.446
16.505,16.505,0.155,0.039,16.601,16.446
16.501,16.501,0.155,0.04,16.601,16.446
16.492,16.492,0.155,0.035,16.601,16.446
16.487,16.487,0.145,0.032,16.589,16.444
16.482,16.482,0.145,0.027,16.589,16.444
16.487,16.487,0.145,0.031,16.589,16.444
16.49,16.49,0.138,0.033,16.582,16.444
16.502,16.502,0.142,0.037,16.586,16.444
16.5,16.5,0.157,0.037,16.586,16.429
16.507,16.507,0.17,0.042,16.599,16.429
16.499,16.499,0.176,0.042,16.599,16.423
16.493,16.493,0.176,0.043,16.599,16.423
16.487,16.487,0.176,0.039,16.599,16.423
16.484,16.484,0.176,0.035,16.599,16.423
16.48,16.48,0.137,0.028,16.561,16.424
16.483,16.483,0.145,0.03,16.561,16.416
16.48,16.48,0.139,0.027,16.555,16.416
16.475,16.475,0.139,0.028,16.555,16.416
16.473,16.473,0.141,0.028,16.55,16.409
16.48,16.48,0.182,0.036,16.591,16.409
16.482,16.482,0.182,0.038,16.591,16.409
16.484,16.484,0.182,0.037,16.591,16.409
16.486,16.486,0.182,0.038,16.591,16.409
16.486,16.486,0.134,0.032,16.553,16.419
16.494,16.494,0.177,0.038,16.596,16.419
16.497,16.497,0.177,0.037,16.596,16.419
16.496,16.496,0.187,0.039,16.596,16.409
16.497,16.497,0.187,0.037,16.596,16.409
16.495,16.495,0.164,0.031,16.573,16.409
16.495,16.495,0.153,0.032,16.562,16.409
16.497,16.497,0.109,0.029,16.562,16.453
16.503,16.503,0.153,0.038,16.61,16.457
16.503,16.504,0.153,0.038,16.61,16.457
16.504,16.504,0.162,0.038,16.61,16.448
16.5,16.5,0.162,0.035,16.61,16.448
16.499,16.499,0.126,0.031,16.574,16.448
16.499,16.499,0.126,0.032,16.574,16.448
16.495,16.495,0.126,0.032,16.574,16.448
16.491,16.491,0.132,0.031,16.574,16.442
16.49,16.49,0.159,0.038,16.587,16.428
16.481,16.481,0.159,0.028,16.587,16.428
16.482,16.482,0.159,0.031,16.587,16.428
16.484,16.484,0.159,0.031,16.587,16.428
16.485,16.485,0.154,0.034,16.587,16.433
16.479,16.479,0.159,0.031,16.563,16.404
16.476,16.476,0.159,0.033,16.563,16.404
16.475,16.475,0.145,0.036,16.549,16.404
16.479,16.479,0.145,0.034,16.549,16.404
16.479,16.479,0.193,0.039,16.597,16.404
16.484,16.484,0.177,0.039,16.597,16.42
16.476,16.476,0.177,0.04,16.597,16.42
16.478,16.478,0.18,0.038,16.597,16.417
16.481,16.481,0.18,0.041,16.597,16.417
16.481,16.481,0.141,0.035,16.558,16.417
16.491,16.491,0.197,0.042,16.614,16.417
16.494,16.494,0.197,0.041,16.614,16.417
16.494,16.494,0.186,0.038,16.614,16.428
16.495,16.495,0.186,0.035,16.614,16.428
16.486,16.486,0.186,0.031,16.614,16.428
16.486,16.486,0.169,0.027,16.596,16.427
16.483,16.483,0.169,0.027,16.596,16.427
16.484,16.484,0.169,0.028,16.596,16.427
16.487,16.487,0.169,0.031,16.596,16.427
16.49,16.491,0.156,0.028,16.596,16.44
16.489,16.489,0.104,0.022,16.544,16.44
16.488,16.488,0.112,0.023,16.544,16.432
16.479,16.479,0.1,0.021,16.532,16.432
16.478,16.478,0.1,0.022,16.532,16.432
16.475,16.475,0.1,0.022,16.532,16.432
16.472,16.472,0.102,0.023,16.532,16.43
16.468,16.468,0.088,0.024,16.503,16.415
16.465,16.465,0.086,0.022,16.501,16.415
16.465,16.465,0.083,0.02,16.498,16.415
16.472,16.472,0.09,0.02,16.505,16.415
16.471,16.471,0.144,0.026,16.505,16.361
16.474,16.474,0.15,0.027,16.511,16.361
16.478,16.478,0.156,0.03,16.517,16.361
16.48,16.48,0.156,0.03,16.517,16.361
16.486,16.486,0.156,0.03,16.517,16.361
16.483,16.483,0.161,0.031,16.517,16.356
16.477,16.477,0.161,0.035,16.517,16.356
16.474,16.475,0.158,0.034,16.514,16.356
16.469,16.47,0.157,0.035,16.513,16.356
16.468,16.468,0.157,0.033,16.513,16.356
16.472,16.472,0.098,0.023,16.513,16.415
16.473,16.473,0.098,0.022,16.513,16.415
16.467,16.467,0.179,0.029,16.513,16.334
16.467,16.467,0.179,0.028,16.513,16.334
16.466,16.466,0.179,0.029,16.513,16.334
16.469,16.469,0.184,0.03,16.518,16.334
16.463,16.463,0.184,0.033,16.518,16.334
16.469,16.469,0.158,0.026,16.518,16.36
16.477,16.477,0.163,0.027,16.523,16.36
16.48,16.48,0.179,0.029,16.539,16.36
16.484,16.484,0.179,0.029,16.539,16.36
16.487,16.487,0.098,0.023,16.539,16.441
16.479,16.479,0.116,0.025,16.539,16.423
16.477,16.477,0.1,0.024,16.519,16.419
16.473,16.473,0.097,0.023,16.516,16.419
16.473,16.473,0.097,0.026,16.516,16.419
16.478,16.478,0.097,0.025,16.516,16.419
16.47,16.47,0.154,0.034,16.516,16.362
16.472,16.472,0.154,0.034,16.516,16.362
16.467,16.467,0.153,0.032,16.515,16.362
16.468,16.468,0.153,0.031,16.515,16.362
16.466,16.466,0.153,0.03,16.515,16.362
16.469,16.469,0.094,0.02,16.515,16.421
16.466,16.466,0.094,0.021,16.515,16.421
16.458,16.458,0.157,0.027,16.497,16.34
16.457,16.457,0.185,0.034,16.525,16.34
16.462,16.462,0.185,0.036,16.525,16.34
16.458,16.458,0.185,0.036,16.525,16.34
16.463,16.463,0.171,0.032,16.525,16.354
16.468,16.468,0.102,0.024,16.519,16.417
16.468,16.468,0.138,0.029,16.527,16.389
16.469,16.469,0.138,0.03,16.527,16.389
16.47,16.471,0.138,0.031,16.527,16.389
16.469,16.469,0.138,0.028,16.527,16.389
16.464,16.464,0.136,0.026,16.527,16.391
16.463,16.463,0.146,0.025,16.524,16.378
16.461,16.461,0.172,0.033,16.52,16.348
16.461,16.461,0.172,0.033,16.52,16.348
16.465,16.465,0.172,0.035,16.52,16.348
16.475,16.475,0.184,0.033,16.532,16.348
16.476,16.476,0.184,0.03,16.532,16.348
16.476,16.476,0.116,0.023,16.532,16.416
16.474,16.474,0.116,0.027,16.532,16.416
16.464,16.464,0.094,0.027,16.51,16.416
16.461,16.461,0.109,0.028,16.516,16.407
16.458,16.458,0.109,0.028,16.516,16.407
16.459,16.459,0.109,0.026,16.516,16.407
16.464,16.464,0.109,0.026,16.516,16.407
16.468,16.468,0.072,0.022,16.502,16.43
16.472,16.472,0.094,0.024,16.524,16.43
16.477,16.477,0.094,0.02,16.524,16.43
16.472,16.472,0.106,0.024,16.524,16.418
16.473,16.473,0.106,0.022,16.524,16.418
16.472,16.472,0.099,0.024,16.502,16.403
16.47,16.47,0.099,0.023,16.502,16.403
16.468,16.468,0.108,0.025,16.511,16.403
16.467,16.467,0.108,0.024,16.511,16.403
16.467,16.467,0.08,0.02,16.511,16.431
16.464,16.464,0.095,0.022,16.511,16.416
16.456,16.456,0.162,0.034,16.517,16.355
16.457,16.457,0.162,0.039,16.517,16.355
16.456,16.456,0.162,0.043,16.517,16.355
16.458,16.458,0.18,0.046,16.535,16.355
16.467,16.467,0.18,0.043,16.535,16.355
16.469,16.469,0.163,0.037,16.535,16.372
16.473,16.473,0.163,0.032,16.535,16.372
16.465,16.465,0.151,0.033,16.523,16.372
16.465,16.465,0.109,0.029,16.523,16.414
16.466,16.466,0.102,0.028,16.516,16.414
16.462,16.462,0.101,0.026,16.515,16.414
16.471,16.471,0.094,0.025,16.515,16.421
16.474,16.474,0.094,0.023,16.515,16.421
16.471,16.471,0.093,0.022,16.514,16.421
16.474,16.474,0.083,0.021,16.514,16.431
16.473,16.473,0.074,0.019,16.514,16.44
16.467,16.467,0.091,0.021,16.507,16.416
16.464,16.464,0.091,0.023,16.507,16.416
16.46,16.46,0.124,0.026,16.54,16.416
16.459,16.459,0.124,0.028,16.54,16.416
16.454,16.454,0.124,0.026,16.54,16.416
16.453,16.453,0.141,0.029,16.54,16.399
16.452,16.452,0.141,0.029,16.54,16.399
16.445,16.445,0.103,0.025,16.502,16.399
16.456,16.456,0.169,0.036,16.568,16.399
16.46,16.46,0.169,0.036,16.568,16.399
16.47,16.47,0.157,0.032,16.568,16.411
16.473,16.473,0.157,0.035,16.568,16.411
16.467,16.467,0.126,0.025,16.543,16.417
16.466,16.466,0.132,0.03,16.549,16.417
16.461,16.461,0.144,0.03,16.549,16.405
16.461,16.461,0.144,0.029,16.549,16.405
16.46,16.46,0.172,0.032,16.577,16.405
16.466,16.466,0.172,0.038,16.577,16.405
16.47,16.47,0.172,0.035,16.577,16.405
16.48,16.48,0.15,0.035,16.577,16.427
16.485,16.485,0.133,0.032,16.577,16.444
16.479,16.479,0.072,0.02,16.517,16.445
16.481,16.481,0.131,0.024,16.555,16.424
16.478,16.478,0.146,0.029,16.57,16.424
16.475,16.475,0.146,0.03,16.57,16.424
16.482,16.482,0.16,0.036,16.584,16.424
16.485,16.485,0.16,0.039,16.584,16.424
16.489,16.489,0.148,0.035,16.584,16.436
16.485,16.485,0.251,0.044,16.584,16.333
16.481,16.481,0.252,0.046,16.585,16.333
16.48,16.48,0.253,0.046,16.586,16.333
16.472,16.472,0.253,0.049,16.586,16.333
16.469,16.469,0.182,0.04,16.586,16.404
16.46,16.46,0.182,0.032,16.586,16.404
16.455,16.455,0.128,0.026,16.532,16.404
16.465,16.465,0.14,0.033,16.551,16.411
16.472,16.472,0.165,0.037,16.576,16.411
16.481,16.481,0.149,0.038,16.576,16.427
16.491,16.491,0.139,0.038,16.576,16.437
16.492,16.492,0.139,0.037,16.576,16.437
16.491,16.491,0.128,0.036,16.565,16.437
16.491,16.491,0.128,0.035,16.565,16.437
16.484,16.484,0.126,0.034,16.565,16.439
16.485,16.485,0.153,0.035,16.565,16.412
16.481,16.481,0.145,0.032,16.557,16.412
16.483,16.483,0.145,0.031,16.557,16.412
16.485,16.485,0.145,0.03,16.557,16.412
16.48,16.48,0.131,0.028,16.55,16.419
16.471,16.471,0.093,0.027,16.512,16.419
16.459,16.459,0.137,0.028,16.509,16.372
16.453,16.453,0.137,0.026,16.509,16.372
16.452,16.452,0.137,0.027,16.509,16.372
16.454,16.454,0.137,0.028,16.509,16.372
16.461,16.461,0.19,0.032,16.562,16.372
16.464,16.464,0.155,0.03,16.562,16.407
16.469,16.469,0.14,0.027,16.562,16.422
16.468,16.468,0.147,0.027,16.562,16.415
16.47,16.47,0.147,0.025,16.562,16.415
16.473,16.473,0.1,0.023,16.515,16.415
16.471,16.471,0.1,0.025,16.515,16.415
16.476,16.476,0.089,0.023,16.515,16.426
16.476,16.476,0.089,0.023,16.515,16.426
16.478,16.478,0.103,0.025,16.529,16.426
16.481,16.481,0.162,0.031,16.601,16.439
16.485,16.485,0.162,0.033,16.601,16.439
16.486,16.486,0.188,0.038,16.601,16.413
16.492,16.492,0.188,0.041,16.601,16.413
16.495,16.495,0.188,0.044,16.601,16.413
16.495,16.495,0.167,0.041,16.58,16.413
16.482,16.483,0.167,0.041,16.58,16.413
16.48,16.48,0.159,0.038,16.58,16.421
16.47,16.47,0.138,0.029,16.546,16.408
16.468,16.468,0.173,0.035,16.581,16.408
16.468,16.468,0.173,0.035,16.581,16.408
16.467,16.467,0.173,0.038,16.581,16.408
16.467,16.467,0.155,0.039,16.581,16.426
16.463,16.463,0.167,0.041,16.581,16.414
16.459,16.459,0.171,0.037,16.572,16.401
16.458,16.459,0.171,0.035,16.572,16.401
16.456,16.456,0.171,0.034,16.572,16.401
16.449,16.449,0.122,0.025,16.523,16.401
16.452,16.452,0.154,0.029,16.573,16.419
16.453,16.453,0.154,0.029,16.573,16.419
16.458,16.458,0.154,0.034,16.573,16.419
16.459,16.459,0.158,0.034,16.573,16.415
16.463,16.463,0.158,0.035,16.573,16.415
16.47,16.47,0.13,0.037,16.545,16.415
16.468,16.468,0.13,0.038,16.545,16.415
16.467,16.467,0.13,0.036,16.545,16.415
16.471,16.471,0.129,0.034,16.545,16.416
16.465,16.465,0.129,0.031,16.545,16.416
16.466,16.466,0.136,0.032,16.552,16.416
16.47,16.47,0.165,0.04,16.581,16.416
16.47,16.47,0.165,0.041,16.581,16.416
16.475,16.475,0.152,0.041,16.581,16.429
16.48,16.48,0.159,0.04,16.581,16.422
16.486,16.486,0.159,0.043,16.581,16.422
16.486,16.486,0.156,0.041,16.578,16.422
16.489,16.489,0.156,0.043,16.578,16.422
16.484,16.485,0.151,0.042,16.578,16.427
16.474,16.474,0.146,0.036,16.566,16.42
16.479,16.479,0.146,0.036,16.566,16.42
16.472,16.472,0.152,0.031,16.558,16.406
16.474,16.474,0.133,0.032,16.539,16.406
16.481,16.481,0.148,0.036,16.554,16.406
16.484,16.484,0.187,0.043,16.593,16.406
16.484,16.484,0.187,0.044,16.593,16.406
16.487,16.487,0.178,0.047,16.593,16.415
16.492,16.492,0.178,0.048,16.593,16.415
16.478,16.478,0.147,0.041,16.562,16.415
16.484,16.484,0.147,0.041,16.562,16.415
16.484,16.484,0.127,0.037,16.551,16.424
16.477,16.477,0.124,0.034,16.551,16.427
16.469,16.47,0.137,0.037,16.551,16.414
16.471,16.471,0.153,0.039,16.567,16.414
16.47,16.47,0.155,0.04,16.569,16.414
16.465,16.465,0.155,0.037,16.569,16.414
16.471,16.471,0.155,0.037,16.569,16.414
16.462,16.462,0.157,0.033,16.569,16.412
16.46,16.46,0.142,0.032,16.554,16.412
16.461,16.461,0.142,0.033,16.554,16.412
16.458,16.458,0.142,0.031,16.554,16.412
16.464,16.464,0.152,0.036,16.554,16.402
16.473,16.473,0.184,0.043,16.586,16.402
16.473,16.474,0.184,0.041,16.586,16.402
16.479,16.479,0.184,0.043,16.586,16.402
16.484,16.484,0.166,0.041,16.586,16.42
16.477,16.477,0.153,0.037,16.565,16.412
16.475,16.475,0.153,0.038,16.565,16.412
16.472,16.472,0.161,0.045,16.568,16.407
16.46,16.46,0.177,0.045,16.568,16.391
16.465,16.465,0.177,0.05,16.568,16.391
16.466,16.466,0.177,0.052,16.568,16.391
16.465,16.465,0.177,0.051,16.568,16.391
16.468,16.469,0.156,0.046,16.564,16.408
16.457,16.457,0.156,0.039,16.564,16.408
16.455,16.455,0.168,0.037,16.576,16.408
16.465,16.465,0.169,0.048,16.577,16.408
16.467,16.467,0.164,0.044,16.577,16.413
16.476,16.476,0.164,0.047,16.577,16.413
16.485,16.485,0.164,0.044,16.577,16.413
16.478,16.478,0.145,0.034,16.577,16.432
16.471,16.471,0.166,0.036,16.573,16.407
16.467,16.467,0.178,0.038,16.573,16.395
16.46,16.46,0.159,0.031,16.554,16.395
16.463,16.463,0.159,0.033,16.554,16.395
16.466,16.466,0.159,0.033,16.554,16.395
16.468,16.468,0.149,0.034,16.563,16.414
16.467,16.467,0.149,0.032,16.563,16.414
16.474,16.474,0.149,0.039,16.563,16.414
16.481,16.481,0.151,0.041,16.565,16.414
16.488,16.488,0.151,0.035,16.565,16.414
16.495,16.495,0.128,0.03,16.565,16.437
16.491,16.491,0.127,0.028,16.565,16.438
16.485,16.485,0.132,0.031,16.565,16.433
16.49,16.491,0.15,0.04,16.583,16.433
16.487,16.487,0.15,0.041,16.583,16.433
16.485,16.485,0.15,0.04,16.583,16.433
16.483,16.484,0.15,0.042,16.583,16.433
16.475,16.475,0.138,0.038,16.558,16.42
16.468,16.468,0.118,0.031,16.538,16.42
16.47,16.47,0.118,0.032,16.538,16.42
16.469,16.469,0.118,0.031,16.538,16.42
16.471,16.471,0.141,0.032,16.561,16.42
16.472,16.472,0.14,0.028,16.561,16.421
16.47,16.47,0.14,0.029,16.561,16.421
16.475,16.475,0.13,0.028,16.561,16.431
16.477,16.477,0.13,0.029,16.561,16.431
16.473,16.473,0.126,0.028,16.552,16.426
16.47,16.47,0.128,0.03,16.552,16.424
16.47,16.47,0.131,0.035,16.542,16.411
16.465,16.465,0.142,0.037,16.553,16.411
16.466,16.466,0.142,0.039,16.553,16.411
16.467,16.467,0.142,0.039,16.553,16.411
16.469,16.469,0.158,0.041,16.574,16.416
16.468,16.468,0.158,0.035,16.574,16.416
16.47,16.47,0.158,0.035,16.574,16.416
16.474,16.474,0.15,0.032,16.574,16.424
16.477,16.477,0.145,0.03,16.574,16.429
16.478,16.478,0.096,0.024,16.525,16.429
16.477,16.477,0.098,0.025,16.525,16.427
16.475,16.475,0.098,0.024,16.525,16.427
16.473,16.473,0.125,0.028,16.552,16.427
16.469,16.469,0.143,0.027,16.552,16.409
16.468,16.468,0.162,0.03,16.571,16.409
16.474,16.474,0.167,0.034,16.576,16.409
16.474,16.474,0.167,0.032,16.576,16.409
16.474,16.474,0.146,0.031,16.576,16.43
16.482,16.482,0.146,0.035,16.576,16.43
16.477,16.477,0.143,0.03,16.563,16.42
16.475,16.475,0.143,0.031,16.563,16.42
16.479,16.479,0.143,0.029,16.563,16.42
16.481,16.481,0.143,0.031,16.563,16.42
16.474,16.474,0.126,0.028,16.546,16.42
16.472,16.472,0.126,0.027,16.546,16.42
16.466,16.467,0.126,0.029,16.546,16.42
16.463,16.463,0.114,0.025,16.534,16.42
16.462,16.462,0.114,0.023,16.534,16.42
16.464,16.464,0.114,0.023,16.534,16.42
16.468,16.468,0.103,0.021,16.534,16.431
16.47,16.47,0.079,0.02,16.519,16.44
16.471,16.471,0.129,0.025,16.537,16.408
16.472,16.472,0.134,0.029,16.537,16.403
16.473,16.473,0.154,0.035,16.557,16.403
16.469,16.469,0.154,0.036,16.557,16.403
16.469,16.469,0.154,0.037,16.557,16.403
16.466,16.466,0.145,0.034,16.557,16.412
16.467,16.467,0.152,0.036,16.557,16.405
16.462,16.462,0.141,0.035,16.546,16.405
16.462,16.462,0.141,0.032,16.546,16.405
16.464,16.464,0.141,0.032,16.546,16.405
16.467,16.467,0.132,0.03,16.546,16.414
16.462,16.462,0.126,0.028,16.536,16.41
16.465,16.465,0.132,0.032,16.542,16.41
16.468,16.468,0.132,0.033,16.542,16.41
16.463,16.463,0.132,0.033,16.542,16.41
16.463,16.463,0.132,0.03,16.542,16.41
16.468,16.468,0.124,0.031,16.542,16.418
16.461,16.461,0.103,0.023,16.521,16.418
16.464,16.464,0.155,0.029,16.573,16.418
16.469,16.469,0.155,0.031,16.573,16.418
16.466,16.466,0.146,0.033,16.573,16.427
16.461,16.461,0.149,0.033,16.573,16.424
16.458,16.458,0.168,0.036,16.573,16.405
16.449,16.449,0.145,0.029,16.55,16.405
16.447,16.447,0.147,0.03,16.552,16.405
16.451,16.451,0.149,0.032,16.554,16.405
16.457,16.457,0.149,0.033,16.554,16.405
16.469,16.47,0.155,0.04,16.576,16.421
16.473,16.473,0.149,0.038,16.576,16.427
16.477,16.477,0.156,0.038,16.586,16.43
16.486,16.486,0.154,0.037,16.586,16.432
16.482,16.482,0.154,0.034,16.586,16.432
16.483,16.483,0.153,0.035,16.586,16.433
16.48,16.48,0.168,0.041,16.586,16.418
16.48,16.48,0.149,0.038,16.567,16.418
16.472,16.472,0.16,0.041,16.567,16.407
16.469,16.469,0.163,0.043,16.567,16.404
16.458,16.458,0.124,0.034,16.528,16.404
